Finger
20
223.37605 1.5730318
227.22017 1.5452127
231.18002 1.5230525
236.78207 1.4978175
242.93246 1.4790888
248.30148 1.4649045
252.97768 1.4540659
257.55496 1.4369917
261.32526 1.4197077
265.06195 1.4031492
268.88824 1.3866773
275.33215 1.3725312
280.65564 1.3581762
288.59012 1.3428549
294.25275 1.3309084
298.52142 1.3195056
304.12457 1.3011259
306.96783 1.2827396
309.14587 1.2685733
311.79715 1.2543802
314.33334 1.2402575
316.02545 1.2249918
317.7762 1.2100108
320.62488 1.1871529
322.46527 1.1732526
321.4166 1.1572379
318.73337 1.1391985
315.074 1.1180402
309.9218 1.1009221
306.61063 1.0886868
302.58838 1.0704122
297.80112 1.0464573
294.8264 1.0287488
291.29385 1.0093572
286.7144 0.9942188
284.23843 0.9763566
283.6185 0.95407003
284.08353 0.9367679
283.9626 0.91106325
284.60303 0.8869865
286.82147 0.87082565
288.82834 0.8573136
290.74884 0.8367966
293.9305 0.8236523
297.35022 0.8100722
301.67856 0.79511553
304.83246 0.7846221
309.28394 0.7703527
314.5284 0.7542973
318.0735 0.7396143
321.21176 0.7307361
326.0916 0.7174034
329.87146 0.707449
335.67477 0.69565666
340.6642 0.68444175
343.85837 0.67688465
348.08585 0.6708232
352.3986 0.6575605
356.55252 0.6450832
360.54294 0.63333815
365.02478 0.62098265
369.51462 0.6040795
372.9416 0.5961317
375.85168 0.57893217
378.3399 0.5682866
381.63257 0.5512894
381.74695 0.5327222
381.93256 0.51663613
381.24423 0.50267917
378.8616 0.49111846
375.61975 0.4747292
373.02408 0.46100587
370.71323 0.44829315
368.9441 0.4382172
366.00443 0.42738292
362.77304 0.41930768
359.98956 0.41046327
355.82385 0.39743432
351.50467 0.38635144
346.69635 0.37110198
342.70703 0.36309415
338.25916 0.3532086
333.47092 0.3396339
327.621 0.32551584
321.68643 0.30962533
314.889 0.29345974
309.514 0.2807281
304.59116 0.27515227
298.27856 0.2578162
293.83636 0.23977771
289.38412 0.21968934
286.96924 0.20175327
285.12073 0.18700416
283.26184 0.17057264
282.41306 0.15213636
282.82236 0.13758224
284.04388 0.11562336
285.50046 0.097488485
287.78427 0.07928632
290.1684 0.060471814
294.9942 0.050167065
299.9171 0.039221734
303.9747 0.028109116
307.67325 0.00976544
310.00766 -0.0043265116
312.9735 -0.023088751
313.42093 -0.044644438
316.20337 -0.06150179
317.87137 -0.079352774
318.61182 -0.09733807
319.25018 -0.11602768
319.9996 -0.13463698
320.02902 -0.15676112
320.7351 -0.17012466
317.84338 -0.18662779
314.74628 -0.20208718
309.72638 -0.21858236
305.19748 -0.23948458
300.2822 -0.2559811
295.85504 -0.26991042
292.15363 -0.28010884
287.95352 -0.29659778
284.619 -0.3148894
280.59872 -0.3309333
275.3546 -0.3421218
270.85376 -0.34804592
266.89783 -0.35342887
262.76828 -0.36329812
258.83902 -0.36907563
253.26456 -0.37760344
247.70532 -0.386521
243.08522 -0.39426866
238.50426 -0.40227324
234.8041 -0.40898776
231.04796 -0.41604483
227.00487 -0.4287625
223.585 -0.44564804
224.00514 -0.47234634
224.34204 -0.4965045
224.67574 -0.51750433
226.6976 -0.5415706
228.4675 -0.56256425
232.8433 -0.5761393
237.36227 -0.5840327
241.95978 -0.5975345
246.31042 -0.6090029
249.73106 -0.6200328
253.9552 -0.63125765
257.46417 -0.6417457
261.10245 -0.65390396
265.30243 -0.66213894
271.7347 -0.6774098
274.23044 -0.6915062
277.45337 -0.70542103
280.8479 -0.71949816
284.8487 -0.73538506
289.42114 -0.752684
293.517 -0.77235484
297.20404 -0.78975
300.83267 -0.8098919
305.1065 -0.82851905
308.7561 -0.8393083
308.22083 -0.85843444
308.599 -0.87890923
307.97678 -0.89893913
307.9314 -0.92027885
306.1731 -0.944406
305.0277 -0.9609956
302.74896 -0.97305226
299.89694 -0.9932416
297.07663 -1.0079767
294.10962 -1.0176743
291.00555 -1.0352006
287.6009 -1.0554967
284.6856 -1.0665641
281.83984 -1.0851771
278.6043 -1.0996981
276.32678 -1.1161461
274.73743 -1.1366963
274.63974 -1.1532929
273.80048 -1.1714157
273.53116 -1.1930959
277.64822 -1.2231591
281.22406 -1.2495675
285.32574 -1.2733825
289.26968 -1.2904897
292.48145 -1.3026005
296.1202 -1.3115706
302.1493 -1.3270903
307.13376 -1.3361418
311.64603 -1.3487525
315.8891 -1.3615072
320.73834 -1.3765137
324.52588 -1.3860177
328.9 -1.3977237
333.9944 -1.4101235
337.64734 -1.4232137
341.85477 -1.434522
343.70392 -1.4496174
347.64954 -1.464299
350.69205 -1.4778166
354.05386 -1.4925685
355.6891 -1.5069923
357.49036 -1.5215673
358.40543 -1.5345619
358.27567 -1.5465268
360.97787 -1.5605338
362.1698 -1.5746613
362.2217 -1.5881629
362.34302 -1.6019561
361.53397 -1.615805
359.00568 -1.6300734
356.26953 -1.6417809
354.44275 -1.6554315
351.94617 -1.6711231
349.60825 -1.6838797
347.4172 -1.6984845
343.92752 -1.7144531
340.56677 -1.7277716
336.29056 -1.7363818
332.4582 -1.7489821
327.32416 -1.7564625
322.84827 -1.7710725
317.80853 -1.7871457
313.59793 -1.7998962
308.4548 -1.811089
303.3211 -1.8248069
299.5795 -1.8321339
295.23746 -1.8424432
292.60666 -1.862672
288.81464 -1.8875993
286.3718 -1.9059001
283.76758 -1.9240856
282.63068 -1.9433318
281.93658 -1.9638277
281.97855 -1.9883794
284.26566 -2.010307
285.62064 -2.0282764
286.15698 -2.043701
289.67072 -2.0632508
292.15463 -2.07887
294.21347 -2.0912988
296.28113 -2.1099524
298.9298 -2.1245842
302.17426 -2.1417122
304.5233 -2.1595478
305.62537 -2.173631
308.54977 -2.1900613
309.86926 -2.2096562
311.05084 -2.2322793
310.37198 -2.2553418
308.4415 -2.2731192
305.20554 -2.290799
301.3908 -2.3064153
298.21368 -2.3244278
293.86603 -2.3392532
289.9398 -2.3524277
286.40854 -2.3647401
282.7574 -2.377965
277.90875 -2.3910818
274.03232 -2.4063768
269.96875 -2.4189303
262.51434 -2.4281628
256.94037 -2.4399984
252.46161 -2.4612615
249.36479 -2.4718287
243.49138 -2.4892612
238.2753 -2.5042005
234.78941 -2.5155497
232.46527 -2.5295117
230.4653 -2.5497074
227.29013 -2.5708199
225.36594 -2.5926945
224.33267 -2.615849
225.56767 -2.6443546
228.03279 -2.6661966
230.9469 -2.6823583
235.90451 -2.69742
240.37967 -2.7143803
243.41992 -2.7290485
248.06807 -2.7469556
253.4339 -2.7600095
257.03387 -2.77309
262.04935 -2.7894661
267.09085 -2.8034737
272.36606 -2.8149927
276.51102 -2.8238723
280.48474 -2.8389413
285.85434 -2.8492374
291.11636 -2.861087
294.8202 -2.8689516
298.51624 -2.8758826
302.44052 -2.8862472
306.68393 -2.8992572
311.24478 -2.9098208
315.40216 -2.923001
319.96814 -2.9341547
324.2611 -2.944802
327.0786 -2.9610193
328.4163 -2.9791906
329.22537 -2.9988081
328.63803 -3.0170448
329.02466 -3.0331275
328.52228 -3.0482166
327.11453 -3.0625176
324.70096 -3.0804844
322.395 -3.0986214
320.19568 -3.1171298
318.10776 -3.1357698
315.61575 3.1335196
311.54474 3.1276467
306.38135 3.1208768
302.273 3.110018
297.64124 3.0932837
292.1109 3.0684774
288.86124 3.0496223
285.8671 3.0317671
284.47797 3.013499
282.3652 2.9954996
281.13297 2.9731388
282.04596 2.9550638
283.01392 2.9377356
284.29477 2.9169822
287.62466 2.8982556
291.5966 2.883902
296.74185 2.8710825
301.28607 2.8545384
305.88022 2.8385415
309.80597 2.8221424
315.3439 2.8078873
319.62015 2.798955
327.68756 2.7920578
334.11786 2.7831075
338.90637 2.7726808
343.8952 2.7595425
347.79987 2.745432
351.29233 2.731021
354.22928 2.7191987
359.43976 2.7074332
362.68304 2.6948636
365.43628 2.679385
368.15253 2.664789
371.8298 2.6516626
373.8326 2.6417093
375.58005 2.6290758
375.82126 2.617157
376.79248 2.6063435
375.5824 2.5916648
373.49466 2.5759406
370.19586 2.559929
366.3232 2.5463877
363.2176 2.5345893
358.36523 2.5210288
353.92667 2.5085387
349.92596 2.500123
344.50302 2.4883146
339.59872 2.477214
335.52493 2.4676695
331.01978 2.456752
327.8497 2.4488294
324.60056 2.4364572
321.39502 2.4204757
316.4484 2.405835
312.62128 2.3946953
308.9774 2.3837209
305.34723 2.3678436
302.50024 2.353936
299.62997 2.3442662
295.56335 2.3259883
292.24106 2.3078985
291.0287 2.2886956
288.66522 2.272974
284.3202 2.2547123
282.34048 2.2360725
280.5724 2.2162511
279.84882 2.1992931
281.20618 2.1784353
283.4333 2.1633925
286.0924 2.1457303
289.41403 2.125003
292.5332 2.1044798
296.5558 2.0771234
299.309 2.062542
301.6287 2.0418775
304.34195 2.0261104
306.2594 2.0049465
308.88644 1.9824429
311.97327 1.9668373
312.40118 1.9490039
315.90988 1.9293575
318.59576 1.9111941
318.4597 1.8931576
317.3764 1.8801179
316.11475 1.867375
313.73178 1.8530829
309.54898 1.8410064
303.16718 1.826357
297.79517 1.8151199
292.3493 1.8038945
285.31467 1.7886355
279.58984 1.7740219
274.93494 1.7643894
269.9935 1.7520417
261.8009 1.7277397
257.22586 1.7139518
251.5888 1.6970925
246.1872 1.6763061
240.34447 1.6496989
233.19789 1.625392
227.93816 1.5948979
226.37524 1.5751215
224.39691 1.5567266
224.39691 1.5567266
