Stilus
24
251.72664 2.397925
251.8675 2.4483774
252.52206 2.4731607
253.85966 2.4925933
254.91463 2.520051
255.28883 2.5441585
255.57869 2.5639122
254.88297 2.5836554
256.64456 2.6061404
255.81415 2.6233401
256.557 2.6462293
259.1349 2.6624906
261.12064 2.6835759
262.55225 2.7050881
263.85324 2.724175
265.7152 2.7441099
267.54794 2.7676296
268.68753 2.7892885
269.9448 2.80675
271.9071 2.8316174
273.45468 2.8533373
275.69278 2.874602
276.03473 2.8944087
275.48053 2.910618
276.36014 2.927423
278.15085 2.9470887
280.35852 2.963165
284.0279 2.9931548
285.62122 3.009847
289.80466 3.0284755
290.50595 3.04453
291.84885 3.0589223
294.12808 3.0778334
294.45453 3.0948064
295.2853 3.1092708
298.04764 3.125948
300.8752 -3.1409242
303.6693 -3.1236584
305.17532 -3.1077569
305.5023 -3.0914683
305.83585 -3.073092
307.9893 -3.0571387
308.67316 -3.0411074
309.38745 -3.0203447
310.0314 -3.0043476
310.73788 -2.9887648
313.26328 -2.9742372
314.21786 -2.9611018
316.0877 -2.9468417
317.35165 -2.9275887
319.0975 -2.9141986
320.78107 -2.8954313
322.03516 -2.8803823
324.32574 -2.863793
326.29446 -2.8456519
327.51392 -2.8336751
328.07077 -2.8186476
328.28296 -2.8001246
329.7867 -2.7856367
331.3567 -2.7731037
333.1066 -2.7597299
332.74353 -2.7404826
332.48306 -2.7263312
334.06418 -2.7149582
336.58737 -2.6987543
337.46313 -2.684003
338.96573 -2.671015
338.91156 -2.652178
339.2901 -2.637755
336.5964 -2.6247668
334.45853 -2.6090353
334.23987 -2.5933387
335.41492 -2.575805
336.59482 -2.5487192
337.736 -2.5360012
340.1425 -2.5232081
340.57532 -2.5064428
340.61594 -2.4891849
340.65338 -2.47341
339.70508 -2.4465933
339.18994 -2.4278522
337.93918 -2.3999748
338.3579 -2.381795
337.62128 -2.3602495
336.865 -2.343705
338.13086 -2.3257682
338.07852 -2.3042736
338.10336 -2.2860172
339.2721 -2.2627218
340.44638 -2.2447412
341.2556 -2.225284
340.34598 -2.2071168
339.14227 -2.1897116
339.11423 -2.1722775
338.2956 -2.1575656
338.0774 -2.1403654
337.95813 -2.123111
337.2532 -2.1052442
337.50375 -2.0901625
338.0722 -2.06894
337.21207 -2.0564702
336.59213 -2.040743
335.4081 -2.0262668
334.62775 -2.007571
333.40646 -1.9923928
331.57053 -1.9722278
330.815 -1.9597335
330.12488 -1.945579
329.97214 -1.9293913
330.30157 -1.9090314
328.24182 -1.894379
326.53674 -1.878429
324.9795 -1.8629705
323.5157 -1.8475304
322.05823 -1.8311223
320.987 -1.8182837
319.79996 -1.8031386
318.7457 -1.7887205
317.85226 -1.7756402
315.662 -1.7569633
314.81567 -1.7421037
314.00317 -1.7264372
314.26834 -1.713058
313.72855 -1.6976709
313.2329 -1.6845963
311.72232 -1.6694168
309.13812 -1.648337
307.7939 -1.6324054
306.76263 -1.6155611
305.36255 -1.6022469
304.26193 -1.5888512
299.45923 -1.5732718
297.35034 -1.5594211
295.3346 -1.5428578
293.80505 -1.5222982
292.79807 -1.5080389
289.4832 -1.4870089
287.9545 -1.469141
286.3955 -1.4509996
284.1607 -1.4332722
282.90552 -1.4094671
281.87308 -1.391291
280.47067 -1.368218
279.2062 -1.3507053
278.1083 -1.334288
277.12976 -1.318484
275.2976 -1.3013341
273.6443 -1.2811434
271.05396 -1.2531288
270.41132 -1.2343526
269.5984 -1.2101297
268.1281 -1.1896205
268.41904 -1.1734761
266.11725 -1.1555088
264.6404 -1.1349688
264.47937 -1.1131631
263.71893 -1.0936751
261.83063 -1.067839
260.48468 -1.0467775
259.59137 -1.0252495
259.1154 -1.0054822
257.5884 -0.97722596
256.3934 -0.9515607
256.0685 -0.93013066
256.1892 -0.9078091
256.9121 -0.883235
255.86903 -0.8504171
256.89188 -0.81987333
256.40244 -0.79714537
256.227 -0.77513
256.52133 -0.7524438
256.91595 -0.72080415
258.31985 -0.70214975
259.44754 -0.6722978
259.551 -0.6524291
260.18546 -0.63076735
260.51123 -0.6069242
261.65335 -0.5808646
262.8587 -0.5508802
263.0712 -0.52822036
263.98657 -0.5055933
265.53903 -0.48362988
266.7724 -0.46069285
267.9392 -0.44193414
269.64487 -0.41559538
270.18506 -0.3895893
273.06992 -0.37450185
276.09668 -0.35317397
279.6702 -0.32624224
281.27505 -0.30651838
281.9399 -0.29006076
282.24182 -0.27128148
282.86404 -0.24875666
285.13693 -0.22961992
285.96466 -0.20664553
288.0037 -0.18392536
288.83817 -0.16583888
290.4443 -0.15096024
291.84723 -0.13634783
293.10532 -0.11598237
295.30502 -0.09809686
298.80573 -0.07938033
300.39313 -0.05988045
301.39093 -0.0421217
302.22034 -0.025461908
304.12463 -0.005596305
305.13635 0.010788403
308.2265 0.026913043
309.39816 0.04288853
311.32706 0.055509206
311.83786 0.06828298
313.23532 0.08479585
313.67264 0.09986308
314.1817 0.114905804
316.56415 0.13074791
318.24686 0.14591487
320.2343 0.16076653
321.09485 0.17652744
322.89075 0.18961325
323.77264 0.20331691
324.73694 0.21724974
325.90814 0.23297104
326.0357 0.24744816
326.4272 0.26413646
327.5315 0.27632818
327.0167 0.2926945
327.4995 0.30777928
328.77615 0.3197687
329.72165 0.33758602
331.0695 0.3489989
331.92017 0.36451137
332.20486 0.38316897
333.57108 0.40094754
333.95685 0.4167899
333.70877 0.43687466
333.72485 0.45258808
333.26135 0.468328
334.1311 0.48633763
334.93835 0.5049747
335.43594 0.51829153
336.7292 0.5366824
338.5303 0.55684394
338.8146 0.5746093
339.68393 0.59058106
340.59778 0.61009854
341.25778 0.6267176
342.4119 0.64601386
344.63657 0.65573674
346.02173 0.6782751
346.1339 0.69581854
345.55145 0.71718454
345.69717 0.7361596
346.34415 0.75309557
346.88577 0.7764184
347.59525 0.79485494
349.65997 0.8135093
348.72598 0.83005565
346.82623 0.8468742
343.9172 0.8587153
343.3868 0.87738216
341.79007 0.89289355
340.58264 0.9073689
341.79013 0.9262134
343.9962 0.94135714
345.3558 0.96463853
345.48706 0.9806425
344.91187 0.9951387
345.08743 1.0104938
343.249 1.0246692
342.31516 1.0391649
340.15173 1.0515605
338.33444 1.0671227
336.01105 1.0798166
333.68622 1.093011
331.6517 1.1049974
329.81387 1.1162074
327.9181 1.1281837
327.03696 1.1466445
326.11584 1.1625578
325.69257 1.1774099
322.57108 1.1909236
319.5801 1.2039561
318.8416 1.2190176
318.30527 1.232985
318.37732 1.2491986
317.0826 1.2643871
316.81924 1.2777537
315.41064 1.2929375
314.04535 1.3086101
313.78687 1.3244326
312.60678 1.3399214
311.50183 1.3555301
310.4747 1.3712245
309.4093 1.389033
306.5372 1.4046065
303.7738 1.4197558
300.94885 1.4384478
300.24344 1.4574536
299.69672 1.4748029
298.43918 1.4945709
297.86072 1.5104042
297.5913 1.5279138
297.42508 1.543929
295.3415 1.5585344
292.32416 1.5749571
289.64777 1.5923253
287.5355 1.609014
283.7915 1.627918
281.42587 1.643613
279.74396 1.6641642
277.979 1.6796376
276.551 1.6974556
275.14322 1.7137341
273.10284 1.7369977
271.2886 1.7567981
269.8636 1.7734057
267.41925 1.7929715
266.96024 1.8101848
267.22076 1.8292092
266.58115 1.8487463
264.58115 1.8696631
263.78494 1.8912735
262.83154 1.9127349
260.94995 1.9347217
260.3362 1.9536344
259.31033 1.9754927
258.58105 1.9977733
257.67484 2.0177002
256.75323 2.042986
257.31122 2.0651927
256.62994 2.0855405
257.0135 2.1092951
256.85852 2.132586
254.97148 2.1535845
254.20927 2.180624
253.81828 2.2021477
253.24004 2.2333844
252.66862 2.260622
252.84454 2.2859192
252.49367 2.30955
251.56984 2.3345985
249.74443 2.354405
249.47638 2.3826318
250.43959 2.4087307
250.43959 2.4087307
