Stilus
32
12.629394 1.4518932
19.202513 1.3985986
24.540672 1.3866166
29.542532 1.3837681
34.83825 1.3540926
39.150696 1.3782812
44.425278 1.3577518
49.321842 1.3281677
54.127483 1.3190455
58.963024 1.3051339
64.47041 1.3123158
69.65215 1.3023083
74.84855 1.2937199
79.85475 1.2724739
85.77865 1.2469218
90.64633 1.2290107
97.06735 1.2188873
103.198944 1.2017283
108.72838 1.2005647
113.78486 1.1979494
119.88744 1.1789784
127.63307 1.1687973
133.09467 1.1494693
138.63405 1.1397238
144.06894 1.1324524
149.10477 1.131455
154.21638 1.1255568
160.92062 1.1248069
166.76831 1.1091388
172.97334 1.097135
179.50291 1.081328
185.57347 1.0743489
191.7379 1.0696127
197.63268 1.0678846
205.29674 1.0606468
210.83218 1.0489519
215.2566 1.0378652
219.39671 1.0239655
223.41655 1.003358
229.08344 0.9970387
235.5249 0.9911729
242.74303 0.9831192
248.88036 0.97421557
253.96545 0.9675668
259.86472 0.96339214
265.05353 0.95509225
270.88153 0.9487718
276.26053 0.9349064
278.87744 0.92297083
283.71518 0.90931624
288.36874 0.89649826
292.6662 0.88972723
298.4478 0.88056815
303.05194 0.874992
310.61163 0.87227345
314.41147 0.86532336
321.11905 0.852886
325.78644 0.8389247
331.81073 0.8267155
335.37946 0.8162828
341.13596 0.8069317
346.3638 0.7954134
352.7314 0.78420115
357.49982 0.7718992
361.36108 0.76155037
364.359 0.7537349
368.3 0.7437382
371.23126 0.73287076
373.78848 0.720568
376.14697 0.7115429
378.8898 0.6996737
381.57068 0.6916183
384.5993 0.6817644
386.8545 0.6704321
389.69736 0.65892375
392.3945 0.6436303
394.52457 0.632938
396.41193 0.61473334
398.32373 0.60293233
398.69388 0.5886705
400.55298 0.5706813
400.38037 0.55654156
398.78357 0.5446954
397.07623 0.5326231
396.57898 0.5165934
394.98773 0.50298554
392.71747 0.49237588
390.03525 0.47939909
388.0382 0.46940276
385.97296 0.4587413
384.0535 0.44851556
382.64255 0.43625966
381.1494 0.42611676
378.86414 0.41262767
375.8708 0.40090406
373.12088 0.39024115
370.6987 0.37403613
368.72614 0.36016142
368.18658 0.3483884
366.10458 0.33237725
364.51953 0.31954104
361.89075 0.30505592
358.05643 0.29391497
353.56543 0.282247
349.83176 0.27084523
342.1948 0.25549942
337.25992 0.24474849
331.49927 0.23055397
327.17627 0.2210239
320.1381 0.20605053
314.09183 0.19138417
307.23737 0.17835562
301.50763 0.16832031
295.22427 0.16164123
290.01358 0.1584266
283.47525 0.14782232
278.08102 0.13896726
273.00757 0.13139401
267.53833 0.11900846
262.87726 0.10580655
257.60083 0.09626374
252.36823 0.08638774
247.46388 0.07902193
240.96162 0.06554453
236.8326 0.05816206
230.84412 0.058685504
225.86194 0.05998156
219.88399 0.06161431
214.8016 0.054900557
207.90692 0.041103687
202.59946 0.032310057
195.57632 0.02835925
189.54161 0.018715933
182.76782 0.019409675
175.52542 0.010165663
169.28935 0.0032462853
162.79503 -0.007383747
157.07579 -0.019587971
151.64392 -0.027506817
146.65785 -0.03544379
141.9448 -0.045420215
136.0004 -0.05476363
131.83289 -0.06225229
127.81321 -0.07394571
121.04771 -0.08636948
114.83279 -0.09105655
110.20235 -0.10400589
105.24148 -0.108927555
100.14734 -0.11449205
94.33273 -0.121583216
89.12691 -0.12872316
84.29735 -0.1361426
79.09429 -0.13240406
74.39491 -0.14082178
68.566154 -0.13815464
64.36456 -0.14723678
60.025127 -0.12636665
53.98807 -0.10575805
48.89198 -0.09107191
42.937164 -0.08037422
38.851334 -0.08884808
34.66297 -0.070683464
29.74597 -0.048726805
23.763569 -0.06100732
19.64828 -0.073806405
15.051159 -0.096411146
9.839223 -0.14779016
6.325736 -0.75168097
8.820564 -1.5568148
14.171099 -1.8935207
20.776814 -2.0998764
26.70098 -2.1440558
34.25572 -2.1755228
40.027878 -2.197351
45.52719 -2.2009575
52.642143 -2.2084913
58.85168 -2.2120292
64.80223 -2.2253256
70.49756 -2.225833
78.04983 -2.2361426
82.98497 -2.2240634
88.27573 -2.2209375
94.072495 -2.220762
98.47154 -2.2059965
104.38438 -2.2043238
110.69876 -2.186366
115.662445 -2.1797907
120.506546 -2.1720586
126.72883 -2.1598945
131.8931 -2.1519654
140.12962 -2.1389945
146.20837 -2.1286936
153.10387 -2.1293683
158.12476 -2.1263394
163.84561 -2.1261888
169.61443 -2.1293411
173.98805 -2.1237955
180.21533 -2.1187563
184.61488 -2.1058173
189.9488 -2.0990906
194.38475 -2.0895731
198.54205 -2.0827608
202.77423 -2.0773373
207.35298 -2.0699177
211.92567 -2.0588617
216.2119 -2.048366
220.01797 -2.0394337
224.93488 -2.028398
230.04865 -2.021732
234.3456 -2.0181491
238.74323 -2.0093298
242.48483 -2.0021055
246.78494 -1.9941012
251.13947 -1.9863029
255.42017 -1.9831847
261.09705 -1.9778544
267.53442 -1.9675033
271.68723 -1.9611086
275.83118 -1.9549353
280.02475 -1.9488893
284.55533 -1.942573
288.6026 -1.9320453
292.19525 -1.9255228
297.16537 -1.9127438
302.4179 -1.9021269
306.598 -1.8940032
311.99503 -1.8798025
317.95367 -1.8688924
323.12244 -1.8575301
326.8865 -1.8455162
330.972 -1.8307359
335.71912 -1.8218341
340.07712 -1.8124951
345.6674 -1.8055383
349.89194 -1.7975081
354.67932 -1.7835933
358.29367 -1.7771404
363.51013 -1.7619216
367.93088 -1.7498794
372.6764 -1.7350099
376.3867 -1.7213722
378.23984 -1.7085387
380.03333 -1.6939418
381.5224 -1.6822839
384.43134 -1.6670709
385.5188 -1.6550928
387.08875 -1.6405172
389.239 -1.6259913
390.38657 -1.6136187
391.32797 -1.6014276
393.1054 -1.5904284
393.15152 -1.5774416
391.383 -1.5650091
390.2276 -1.5502387
389.3389 -1.5393163
387.02057 -1.5269119
385.7909 -1.5131038
384.06366 -1.5018288
383.48563 -1.4873586
381.99167 -1.4754951
381.35864 -1.4632128
378.9514 -1.4492613
374.8663 -1.4343462
371.2637 -1.4239364
368.52316 -1.4105872
364.81458 -1.3963696
360.56897 -1.385538
356.30658 -1.3775862
351.97568 -1.3635939
348.66046 -1.3528011
345.09518 -1.3430912
340.06277 -1.332111
336.60028 -1.324164
332.17883 -1.3142549
328.20755 -1.3019592
323.3098 -1.2906682
319.94107 -1.2778703
315.14386 -1.2640367
310.1201 -1.2513912
305.8961 -1.2433746
301.92654 -1.2389057
298.54126 -1.2285846
293.77905 -1.2184868
290.11356 -1.2101609
284.86902 -1.199449
279.2857 -1.191652
274.10065 -1.1801666
269.4803 -1.1730958
264.24533 -1.1647588
258.4737 -1.1551386
253.00047 -1.1455699
246.82243 -1.1342053
242.32298 -1.1255233
237.83836 -1.1165051
234.09062 -1.1086715
229.57724 -1.098855
225.14583 -1.0887829
218.97446 -1.0739805
213.7171 -1.0605941
209.36266 -1.0489163
204.12872 -1.0426263
200.5148 -1.0291739
195.72646 -1.0203868
188.95955 -1.0170112
184.88976 -1.0097352
180.5445 -1.0063264
175.68105 -0.9968857
171.20389 -0.9868935
166.84908 -0.96954715
162.55946 -0.96453005
157.17851 -0.9581192
151.96246 -0.95003617
145.92867 -0.93723893
140.6948 -0.92642605
136.1626 -0.9116126
132.39136 -0.8990236
126.312485 -0.90869576
117.44335 -0.9119766
111.33296 -0.9061584
106.19167 -0.89193195
100.917336 -0.87845755
95.7872 -0.86100745
89.96526 -0.8343732
83.74978 -0.8273956
79.197975 -0.8130447
72.55768 -0.7973435
66.63007 -0.7758106
60.246166 -0.74111795
54.775734 -0.7333797
46.884956 -0.7132684
41.25188 -0.6990487
33.833836 -0.64844835
26.291994 -0.5813683
21.227184 -0.40907902
16.62216 -0.24802086
13.723801 0.022763731
10.57664 0.43224496
12.001792 1.1634425
16.472443 1.4186301
22.319208 1.6268299
27.144012 1.6629121
32.33813 1.7102287
37.826805 1.7401227
42.23414 1.7702639
48.827557 1.8241787
55.747612 1.8708875
62.300182 1.8845917
67.18914 1.8804489
72.26034 1.872517
79.36926 1.8942872
85.05459 1.9089388
92.04649 1.9282436
96.23585 1.9258795
102.24108 1.9432749
108.90606 1.9488212
116.103874 1.9589692
121.90469 1.9694709
127.799736 1.9881725
133.0567 1.9962214
139.75061 2.0021274
144.9257 2.007518
150.25952 2.0203831
157.32716 2.0312753
164.60239 2.0381916
170.65022 2.0531082
177.11273 2.060323
185.06415 2.073383
190.78008 2.0762978
197.82573 2.088363
203.63957 2.096182
210.35991 2.1038518
214.99483 2.1152718
221.18895 2.1328301
225.41422 2.143867
228.53258 2.1589627
232.88303 2.1693268
237.8118 2.1811032
242.6295 2.1913292
248.77095 2.199001
253.51248 2.205474
257.9145 2.2156825
263.54483 2.224108
268.031 2.232969
273.4567 2.2360885
279.16476 2.243971
283.29587 2.250917
287.14523 2.2585115
293.68765 2.273388
297.94736 2.2843742
300.7452 2.2944598
303.48364 2.304614
306.77155 2.3164217
312.8521 2.328498
316.92593 2.334673
321.81326 2.3459728
325.59503 2.3555882
329.57385 2.363355
333.40216 2.3704412
337.41354 2.3778396
342.4393 2.3878064
345.65326 2.3964992
350.01416 2.404082
354.70282 2.4131653
358.58978 2.4219015
361.7897 2.4296281
366.2595 2.440112
369.53223 2.4510834
372.7783 2.461708
374.84518 2.472971
376.82596 2.4867752
378.9203 2.498025
381.56714 2.512966
384.04196 2.52404
385.33704 2.5390697
386.7193 2.5539963
387.7994 2.5697014
391.44632 2.5862358
393.13467 2.6004732
392.60062 2.613296
394.60577 2.6286693
394.26743 2.6419377
392.1329 2.6520028
390.34668 2.6662214
388.20236 2.677067
386.80142 2.6902316
384.62363 2.702057
384.27585 2.7187788
382.21 2.7285163
379.07245 2.7417893
376.2719 2.7519255
373.74918 2.761438
372.01648 2.773269
370.42126 2.7845938
368.7429 2.7970042
365.46964 2.810062
362.4296 2.822872
360.91196 2.8348916
358.6571 2.8457048
356.5222 2.8559127
351.42993 2.8661468
348.17645 2.8772228
342.80435 2.8850513
337.60754 2.8940754
332.8691 2.9001114
326.9794 2.911047
319.9476 2.9247346
313.61218 2.9377022
308.0583 2.946842
302.68307 2.9538076
296.76895 2.9667633
291.45715 2.9795804
286.62396 2.9856527
280.21222 2.9992743
275.09427 3.0084395
270.25095 3.0205455
265.2634 3.0319448
259.5739 3.0469472
254.2535 3.0607429
249.272 3.0731933
244.0347 3.0851583
238.90712 3.0964856
233.40364 3.100697
227.91519 3.0997117
222.66527 3.0987234
217.87706 3.1057906
212.51167 3.1191452
208.3665 3.1288362
203.24596 3.141347
198.76111 -3.1317894
194.75555 -3.1251032
188.3434 -3.1126747
183.69884 -3.095613
177.79512 -3.0834386
170.77808 -3.0657494
165.34113 -3.0602193
160.18575 -3.0513327
156.29794 -3.0426588
151.55167 -3.0235817
146.8565 -3.022581
140.76733 -3.0102503
136.05319 -3.0056715
132.08606 -3.0015628
126.92649 -2.9958308
120.9926 -2.9886272
116.326584 -2.9824402
112.34602 -2.9767504
106.96891 -2.9683824
102.158005 -2.960137
95.66997 -2.9476795
90.52351 -2.9365025
85.42105 -2.936025
80.53717 -2.9233632
76.310455 -2.924493
71.38031 -2.9203339
65.71602 -2.9044576
61.38991 -2.9041715
56.28949 -2.900507
50.85976 -2.9046042
45.893375 -2.8896394
40.80917 -2.8828454
35.727325 -2.8741176
30.879118 -2.8646307
25.58952 -2.8775558
20.238258 -2.9090292
15.011987 -2.9027624
9.705826 -2.991756
5.511506 -3.0599186
3.2071362 1.8874675
3.2071362 1.8874675
