Mouse
45
129.07657 -2.980783
133.0265 -2.9855976
136.97935 -2.9901345
141.92412 -2.99545
145.88264 -2.9994428
149.84337 -3.0032246
153.80612 -3.0068119
158.76219 -3.0110438
162.729 -3.0142436
166.69737 -3.017291
171.65993 -3.0209024
175.51662 -3.0293024
180.37976 -3.0379174
184.26018 -3.045562
188.15094 -3.052891
192.13553 -3.0547352
197.11716 -3.0569355
202.01967 -3.0639608
207.92918 -3.0709937
212.85048 -3.077337
216.78165 -3.0831254
221.71841 -3.0889456
226.66238 -3.0945122
231.61308 -3.099841
235.57074 -3.1047912
240.53346 -3.1097105
246.53049 -3.1104863
251.49962 -3.115079
255.49823 -3.115494
260.4729 -3.1198328
264.45242 -3.1239424
268.43628 -3.1279302
272.4243 -3.1318011
276.41626 -3.1355603
281.41202 -3.139221
285.4114 3.1404274
289.4143 3.1369882
293.4205 3.133643
297.4299 3.1303878
301.47775 3.120586
306.5533 3.1111443
310.618 3.1051006
315.6929 3.0993474
320.8272 3.090663
324.9288 3.0851424
330.10126 3.0769231
334.22665 3.0717251
339.28488 3.0698137
345.3416 3.0681715
350.40207 3.0663722
354.46658 3.0644069
358.53244 3.0624864
362.6819 3.0578606
367.92426 3.0508718
371.29285 3.040875
374.69788 3.0310585
377.1456 3.0211022
379.76147 3.0086641
382.4353 2.9963982
384.02243 2.9864683
385.64716 2.9766212
386.3242 2.9664075
387.0414 2.9562309
387.79852 2.9460926
385.866 2.931871
382.81577 2.9194753
380.798 2.9074934
377.6226 2.897308
374.74017 2.8843691
371.3923 2.876421
368.0683 2.868329
363.80832 2.8593264
359.57852 2.8501112
356.04086 2.8441925
352.5159 2.8381553
348.35855 2.8283875
343.28717 2.8174593
338.258 2.8062053
333.87576 2.7984478
329.85944 2.787638
326.46228 2.7805178
321.78955 2.7750285
318.42252 2.7675943
314.52042 2.7558668
309.3539 2.7455745
306.05914 2.7375183
302.7847 2.7292876
298.6187 2.7195098
294.9743 2.7139544
290.8546 2.7036965
286.3342 2.6962917
283.1672 2.68702
280.02505 2.6775396
276.90866 2.6678445
273.8189 2.65793
270.75665 2.6477902
267.72287 2.6374192
265.21234 2.6235301
265.4931 2.6067095
265.84885 2.5899293
267.96692 2.5772161
270.12762 2.5647044
272.32993 2.5523932
275.39804 2.5423353
278.49338 2.5325
282.43027 2.5249357
285.57196 2.5155334
290.35062 2.5104241
293.53018 2.5014324
298.32883 2.496686
302.3382 2.4900894
307.7632 2.4830816
311.7988 2.4768605
315.84616 2.4707985
319.1258 2.4629278
321.6519 2.4532475
324.9745 2.4456964
329.0786 2.4402635
331.6736 2.4310498
335.04907 2.4239469
338.44107 2.416986
341.84915 2.4101636
345.27283 2.4034765
349.39014 2.3948162
353.53305 2.386358
357.70065 2.3780966
361.89212 2.370026
365.40445 2.3640873
368.92935 2.3582618
371.76273 2.350638
375.31592 2.3450382
378.18604 2.3376431
381.07657 2.33036
383.3043 2.321282
384.88855 2.3103936
386.51807 2.2995958
387.53503 2.2869468
386.44205 2.2757409
385.39786 2.264473
383.62726 2.254789
381.1123 2.2466543
378.62286 2.238412
376.15955 2.230061
373.11777 2.2194686
369.91342 2.2124846
365.92255 2.2069993
361.94293 2.201393
354.9581 2.1983213
350.9966 2.192442
347.04758 2.1864285
341.9704 2.1754816
338.05786 2.1691105
333.60257 2.1601028
329.7242 2.153389
326.70035 2.144849
322.85675 2.1378095
319.02957 2.1306007
312.99216 2.1238506
307.49005 2.1196146
302.51285 2.118052
297.01862 2.1135592
292.0444 2.1118374
287.0711 2.110056
281.24014 2.1100318
274.8971 2.1068852
270.43686 2.108082
265.46558 2.1060853
260.49536 2.1040123
254.66458 2.1038473
249.69565 2.1016402
245.2338 2.1028647
240.62695 2.0948641
235.66331 2.0923362
230.20697 2.0859275
224.76053 2.0792077
218.44835 2.0743546
213.02051 2.066969
207.60487 2.0591974
202.66635 2.0553863
195.03474 2.0470326
188.31122 2.0356073
183.39297 2.0307615
178.4793 2.0256486
173.1384 2.0150442
168.24023 2.0091615
163.76958 2.0084713
158.8784 2.0020394
152.67197 1.9919274
147.7992 1.9844664
142.5435 1.9700513
138.24748 1.9518279
137.74883 1.922168
139.27113 1.8877811
142.19577 1.8589623
145.23372 1.8313268
148.37799 1.8048432
151.83229 1.785919
155.33852 1.7678429
159.07512 1.7567551
162.83038 1.7461776
166.60304 1.736078
170.54979 1.7322191
175.33322 1.7220063
179.144 1.7131244
182.96834 1.7046131
186.80537 1.6964508
190.53941 1.6834058
194.30463 1.6708642
198.1896 1.6638275
202.99704 1.6517293
206.83524 1.6405277
210.7597 1.6344721
214.69164 1.6286381
218.63058 1.6230141
222.62523 1.6220764
226.62006 1.6211716
230.61508 1.6202983
234.56375 1.6151963
238.51833 1.6102636
242.41737 1.5972464
246.3562 1.5846435
248.33766 1.5643986
244.39648 1.5479267
240.52379 1.5309196
236.66763 1.5175794
231.9266 1.4992093
228.09131 1.4892088
223.19385 1.4829175
219.39734 1.4722365
214.52516 1.4653041
210.54782 1.4633037
205.57738 1.4606943
200.72345 1.4530053
195.882 1.4449358
190.92259 1.4416484
186.1002 1.4328593
180.30383 1.42279
175.51445 1.4129536
170.57841 1.4083462
166.80083 1.3985512
163.03998 1.3883033
159.10805 1.3837408
155.37338 1.3726292
151.87029 1.3545315
148.41927 1.3355857
145.02403 1.3157456
143.20505 1.2834262
147.24602 1.2631481
151.3443 1.2439605
156.10347 1.2339863
160.28099 1.216617
165.4369 1.2023244
169.697 1.1867021
174.53442 1.1793537
178.9952 1.1775513
183.31664 1.1636671
186.75928 1.1482397
191.15108 1.1355902
195.57208 1.1235108
199.12428 1.1097428
203.60301 1.0987031
208.5715 1.0838931
212.22655 1.0716448
216.78517 1.0620687
221.85963 1.0489717
226.82346 1.0462962
231.43161 1.0378273
236.9134 1.0318637
241.37311 1.0332572
246.34564 1.0311106
252.69191 1.0276988
258.1871 1.0224417
261.98972 1.0133917
266.65768 1.0066131
271.33746 1.000068
276.86713 0.9957155
282.4018 0.9915336
288.7764 0.9894197
294.31815 0.98552555
299.86423 0.98177534
304.5854 0.97632754
310.9683 0.9746765
315.7008 0.9695267
321.2637 0.9663028
326.0093 0.9614375
331.33963 0.9542453
335.8752 0.94554275
339.8444 0.9394439
344.63013 0.9352126
348.41995 0.9253681
351.63452 0.9179915
354.8679 0.910749
358.11954 0.90363765
362.014 0.89449656
366.71292 0.88727653
370.0226 0.8806015
373.22598 0.87027085
374.19983 0.85488707
375.34106 0.84334904
375.7933 0.83009034
376.31146 0.8168658
375.48126 0.8037488
373.3018 0.79059553
371.17886 0.7811001
366.97922 0.7694893
363.4844 0.76349914
357.8632 0.7592021
351.521 0.756717
345.91064 0.7521614
339.57492 0.7494574
334.7125 0.74259233
329.7988 0.73980796
325.629 0.7348757
321.54895 0.7254242
318.15546 0.71810246
314.88818 0.7061447
311.66687 0.6939379
307.71698 0.68352526
305.2066 0.6733634
301.9408 0.6650726
298.69617 0.65660113
294.67676 0.6499924
291.47137 0.6411435
288.28928 0.6320985
285.13132 0.6228524
281.18118 0.6154472
278.06836 0.60577774
274.1551 0.59793746
271.0907 0.5878187
268.05472 0.57746965
265.0481 0.56688464
262.92172 0.5540504
263.41547 0.53514373
264.87308 0.51445067
267.79776 0.49550998
270.85547 0.48523995
274.3761 0.4702919
278.39804 0.4589512
281.55374 0.4494731
285.21582 0.43554002
288.84732 0.42969745
292.07846 0.4208796
295.85028 0.4078041
299.13614 0.399432
303.74878 0.39303038
308.37347 0.3868205
311.71017 0.37900835
316.36078 0.37316057
320.0888 0.36860484
323.82333 0.36415407
329.43683 0.35766733
334.12497 0.3524284
337.54193 0.34555733
341.9178 0.3378522
345.36765 0.33128145
349.1526 0.3275552
353.57425 0.3203276
358.01395 0.31327888
362.47095 0.30640316
367.24118 0.30229643
370.76828 0.29650974
374.69858 0.2849535
378.67783 0.27363867
381.2234 0.2581749
384.1007 0.24544692
386.06635 0.23350805
387.111 0.22225982
387.99606 0.20855337
387.18762 0.19844615
386.41895 0.18829767
384.7061 0.17857033
383.02997 0.16875692
380.40363 0.15927404
375.8345 0.15045366
372.14606 0.13837785
367.64838 0.1291025
364.17596 0.11927061
359.63745 0.10678959
355.34967 0.099595025
349.99405 0.08964319
345.83493 0.08491873
341.68372 0.08007936
336.62027 0.07830637
331.55792 0.07647923
326.4237 0.07154044
320.29993 0.066651225
316.18033 0.06118232
312.07047 0.055569198
306.92358 0.046714544
301.8408 0.040869277
296.73553 0.031456023
292.6806 0.025055803
287.63818 0.018540258
283.62186 0.0152765
278.60867 0.011961795
274.60898 0.012136029
268.60944 0.012407108
263.59906 0.008849087
259.59216 0.0051333844
254.58896 0.0013063436
249.58965 -0.0026740702
244.59442 -0.0068171313
238.60365 -0.011179523
234.6174 -0.015632125
229.65869 -0.02468008
223.68813 -0.02981118
218.6904 -0.030492663
211.76619 -0.040940627
206.81482 -0.046761367
201.82042 -0.047919434
196.87794 -0.054209452
191.94368 -0.060823135
186.95317 -0.06244883
181.03247 -0.07003041
177.0425 -0.07161135
172.1322 -0.07948438
167.14847 -0.08185954
162.16573 -0.08438067
158.18031 -0.086511925
153.19962 -0.08933191
149.216 -0.09172343
144.23775 -0.09489857
140.25626 -0.097600944
136.27585 -0.10046121
131.40987 -0.111848876
126.442345 -0.11626259
122.725815 -0.13623121
122.347 -0.1697385
123.08585 -0.2017746
123.949455 -0.23339638
125.90069 -0.2624731
130.55534 -0.27671564
135.91267 -0.28082067
140.31264 -0.2866155
144.43227 -0.2854272
148.83568 -0.29075402
155.15732 -0.2920173
160.23425 -0.2890107
164.35347 -0.28790644
168.47287 -0.28685617
174.7937 -0.2881185
179.87234 -0.2855502
186.1929 -0.28677958
192.80006 -0.29290146
196.91853 -0.29189843
201.62 -0.30043942
207.2885 -0.30712542
213.27621 -0.31791553
219.28741 -0.3281152
222.82953 -0.3464654
227.02615 -0.3585506
230.32274 -0.3717663
233.65843 -0.38460687
237.03154 -0.397084
241.35829 -0.40756065
243.88388 -0.42099363
246.87486 -0.4378238
249.93408 -0.45424652
252.60753 -0.46673888
254.43251 -0.48077905
256.30692 -0.4946166
256.9758 -0.5154377
256.3852 -0.53478116
255.04117 -0.55627006
252.18965 -0.5680127
247.98938 -0.5788593
245.20677 -0.59119767
241.89595 -0.6004143
238.60625 -0.6098858
235.33855 -0.6196213
231.50635 -0.6261387
228.27719 -0.63640743
224.47145 -0.6434151
220.49161 -0.6570199
217.33807 -0.6682609
212.8065 -0.6791311
207.66573 -0.6867605
203.94609 -0.69540423
199.59616 -0.7005506
195.90198 -0.70981085
190.81413 -0.7189375
185.74301 -0.7285634
180.69011 -0.7387287
176.3397 -0.75362897
172.75024 -0.76525265
168.48521 -0.7731375
163.52844 -0.77709013
159.28017 -0.7857474
154.3323 -0.79034036
147.97375 -0.7953315
140.90305 -0.79582995
135.96306 -0.8014102
131.75194 -0.81265855
129.03436 -0.83516973
127.14358 -0.8637767
130.84727 -0.8778239
135.98175 -0.88999814
139.73029 -0.9024552
144.11192 -0.9087631
147.89107 -0.9200564
151.68811 -0.93078566
155.50177 -0.94098973
160.14572 -0.954333
163.99442 -0.96345955
168.6832 -0.9755075
173.39513 -0.9869023
178.12839 -0.9976928
184.26093 -1.0062298
189.5577 -1.0114293
195.18787 -1.0233991
199.12764 -1.0295659
203.0747 -1.0354934
208.7571 -1.0460345
212.22832 -1.0554774
217.56583 -1.0588042
222.03285 -1.0597775
226.0135 -1.0645738
230.8765 -1.0712866
236.22444 -1.0739931
240.2197 -1.0782698
245.57184 -1.0807211
250.9254 -1.083068
255.39627 -1.0834897
259.86716 -1.0838968
264.80713 -1.0809519
269.7493 -1.078115
274.21957 -1.0785884
278.21915 -1.0822151
282.2223 -1.0857388
286.22882 -1.089164
292.47446 -1.0926067
297.37714 -1.0973583
302.2863 -1.1019558
306.3079 -1.104944
311.2272 -1.1092896
317.04977 -1.1148926
321.54663 -1.1217388
327.39032 -1.1269432
331.91278 -1.1334121
336.44876 -1.139707
339.67474 -1.1473024
343.32532 -1.1520902
347.4993 -1.1605695
352.09018 -1.1662332
355.3824 -1.1732503
358.3122 -1.1827189
362.57294 -1.1904904
367.42453 -1.2016066
371.73685 -1.2089692
376.06882 -1.2161626
380.08038 -1.2256655
383.79712 -1.2374289
385.35248 -1.2497853
386.9662 -1.2620406
386.72528 -1.2726808
384.61072 -1.2818586
380.3308 -1.2922127
376.3586 -1.3002392
374.34308 -1.3098221
372.36234 -1.3195077
369.44598 -1.3286488
366.3315 -1.3405906
364.24655 -1.3533293
360.4689 -1.3623691
356.72134 -1.3715996
352.40662 -1.3749166
348.5176 -1.3873136
344.04456 -1.3937658
340.40408 -1.403781
335.96884 -1.410607
331.70374 -1.4146359
327.14725 -1.4248126
322.9019 -1.4291385
318.5275 -1.4366896
313.17975 -1.4440482
308.8425 -1.4520469
304.63745 -1.4570103
298.2403 -1.4680516
294.0605 -1.4734219
290.70923 -1.4861132
285.48492 -1.4951028
281.35022 -1.5011159
277.16437 -1.5109088
272.95792 -1.5246602
268.77463 -1.542558
265.69174 -1.5572888
263.66782 -1.5723561
263.70438 -1.5875251
263.8016 -1.6026865
264.00833 -1.6216168
264.3095 -1.6405107
264.61823 -1.6555907
266.08316 -1.673997
270.38318 -1.6835095
274.70688 -1.6927233
278.79926 -1.6945385
282.89255 -1.6963012
286.9867 -1.6980135
291.08163 -1.6996778
295.17737 -1.7012959
300.67365 -1.7123225
305.21677 -1.7234485
308.80994 -1.7347739
311.45712 -1.7463964
316.111 -1.7566452
320.79712 -1.7665956
326.0922 -1.7696285
330.4105 -1.7731711
334.5299 -1.7736961
339.8317 -1.7764957
344.36664 -1.7826513
347.18057 -1.7927039
350.029 -1.802594
353.88217 -1.8116474
355.8261 -1.8218943
358.77316 -1.8313087
363.67953 -1.8391035
365.7218 -1.8489246
367.79895 -1.8586359
370.20468 -1.8708198
372.66467 -1.8828446
373.91208 -1.8930258
375.198 -1.9031383
376.522 -1.9131807
377.88376 -1.9231517
376.47897 -1.9358741
372.90778 -1.9481761
368.6385 -1.955696
364.93423 -1.9598113
359.38977 -1.9661435
355.70163 -1.9704744
352.02032 -1.974896
348.34604 -1.9794109
343.76343 -1.9851902
340.1058 -1.9899256
334.63406 -1.9972227
330.9964 -2.002221
327.3672 -2.0073307
323.7467 -2.0125544
320.13528 -2.0178964
315.66376 -2.0176618
311.6255 -2.020315
307.58948 -2.0230377
303.5558 -2.0258327
299.08383 -2.025704
295.0525 -2.028616
291.4698 -2.0346818
286.99765 -2.0346856
282.08182 -2.0394459
278.06293 -2.0427349
273.59094 -2.0428705
267.79877 -2.0497332
262.9043 -2.0551217
258.01776 -2.0607147
252.6655 -2.063042
248.19522 -2.0635571
244.20015 -2.067698
239.73053 -2.0683184
235.261 -2.068962
229.91394 -2.0717118
223.21053 -2.0728314
216.50743 -2.0740206
211.16379 -2.0771422
206.6958 -2.0780659
201.35501 -2.081447
196.01663 -2.0850124
190.68088 -2.0887773
184.48183 -2.0954616
179.15419 -2.0997798
174.34084 -2.1093013
169.02487 -2.1143143
165.61421 -2.126805
162.23047 -2.1398191
158.0413 -2.1568663
153.90054 -2.1748364
150.04738 -2.1844926
146.20894 -2.1946566
141.79587 -2.199688
135.78076 -2.2137709
131.198 -2.230522
127.9182 -2.2606602
128.24722 -2.2996154
128.7697 -2.3383129
130.87624 -2.365616
133.76053 -2.3865628
136.70102 -2.406617
141.61206 -2.3998682
146.58879 -2.4032133
150.2328 -2.416212
154.6588 -2.4328227
158.35709 -2.4444704
161.44429 -2.4603777
165.19044 -2.4709241
168.95416 -2.4810019
172.92952 -2.4987435
176.7378 -2.5077827
180.79092 -2.524162
185.21156 -2.5278606
189.6346 -2.5313869
195.45178 -2.533467
199.87836 -2.5366883
204.30692 -2.5397701
208.73734 -2.542721
213.16951 -2.5455494
217.6033 -2.5482624
222.86986 -2.5533662
227.30803 -2.555811
231.1981 -2.5617716
235.09613 -2.567535
238.46483 -2.5766442
241.85278 -2.5854988
244.74013 -2.597597
247.66243 -2.609411
249.13977 -2.6313944
251.20691 -2.6495929
252.01 -2.6692073
252.0106 -2.6869535
250.27986 -2.7013125
244.96404 -2.709125
238.75285 -2.7155592
232.96095 -2.7184162
228.49255 -2.719208
224.43535 -2.715966
219.05579 -2.714857
214.58676 -2.7156262
210.11787 -2.716428
205.74915 -2.7281244
199.17813 -2.7410264
194.49623 -2.758685
190.23663 -2.7722974
184.3873 -2.7948153
178.95729 -2.813496
174.54675 -2.835077
168.02216 -2.8601456
162.83269 -2.882823
158.20932 -2.8946846
153.84482 -2.9009356
149.25795 -2.914069
144.3912 -2.9062579
140.2683 -2.9065413
136.1454 -2.906842
131.79382 -2.9145415
127.671394 -2.9151206
123.328926 -2.9236407
123.328926 -2.9236407
