Finger
13
292.73123 1.6237046
286.91873 1.660023
284.15457 1.676516
281.75406 1.6952255
279.30637 1.7107793
275.31427 1.7357311
271.4486 1.7605574
268.5332 1.7815826
266.92993 1.8059155
266.38934 1.82879
264.15036 1.8544071
262.80066 1.8767662
259.93884 1.904566
257.89795 1.9276972
256.27493 1.9521545
255.21356 1.972936
254.68198 1.992515
254.09016 2.020104
252.50427 2.043063
251.60518 2.0638676
250.03111 2.085551
247.99205 2.1169376
247.47397 2.138498
245.58894 2.1764135
245.38382 2.2032733
245.51903 2.2245293
244.38263 2.2512941
244.58409 2.2733068
244.16754 2.2972152
244.49905 2.3355908
245.15448 2.3605309
245.95602 2.3845406
246.87704 2.4066951
248.5721 2.4347913
250.91547 2.4530983
251.2147 2.4770048
251.36038 2.5024772
253.06007 2.526927
254.7037 2.5469058
256.9038 2.5747855
258.31534 2.5981808
258.83966 2.6223168
261.48273 2.643211
262.78784 2.668475
263.5931 2.6903021
265.83145 2.7213054
267.51193 2.7444518
268.79916 2.7660189
270.01324 2.792023
271.1616 2.815945
273.77158 2.8431904
276.84985 2.8611677
278.97937 2.882431
281.3872 2.9066665
283.5836 2.9261305
285.36066 2.9447618
287.1245 2.9647536
288.4131 2.9847164
290.87936 3.00424
293.72028 3.028678
296.2034 3.0467672
299.67242 3.068851
302.33765 3.0860355
304.15323 3.0995772
307.9492 3.1187387
309.1191 3.1356263
310.9088 -3.1225278
311.42145 -3.0969465
311.62634 -3.0840814
312.9699 -3.06744
313.47 -3.0484033
314.0816 -3.0294821
316.0246 -3.0056415
317.22635 -2.9802942
318.06058 -2.964902
319.17218 -2.9463582
320.5992 -2.9250011
322.402 -2.9009058
323.39105 -2.888746
324.4161 -2.8767936
326.1703 -2.8576357
326.81662 -2.8404562
327.03363 -2.8207452
328.40222 -2.7971544
330.2354 -2.7735014
330.78366 -2.7610142
330.90494 -2.7380981
330.9843 -2.7152092
331.75214 -2.702916
332.89694 -2.6889942
333.88452 -2.675996
334.9038 -2.650626
335.45032 -2.633864
333.84897 -2.6146014
333.8303 -2.5903075
333.76993 -2.5681572
334.82166 -2.5459085
336.531 -2.5240424
336.565 -2.5086336
337.44495 -2.4855013
338.3299 -2.4725232
339.49417 -2.445002
340.563 -2.4321334
342.185 -2.4178205
343.51465 -2.4047418
344.1238 -2.3857107
343.30804 -2.3713386
343.13474 -2.3511117
343.87485 -2.3360229
345.5762 -2.312366
347.46 -2.2881875
348.9419 -2.2657483
349.0347 -2.2469714
347.83112 -2.224942
347.2205 -2.2082896
347.3035 -2.1910253
347.47784 -2.1763198
347.71194 -2.1566706
346.95612 -2.1347954
346.17197 -2.1158948
345.33865 -2.0964496
344.21057 -2.0819404
343.47607 -2.062937
343.27588 -2.0474787
343.345 -2.028499
343.43515 -2.0109074
340.97125 -1.991732
339.85162 -1.9785382
339.36813 -1.9599986
337.61356 -1.9453714
335.40466 -1.9282454
333.8163 -1.9152806
332.73914 -1.8968934
332.39185 -1.8841808
331.52112 -1.8657746
330.223 -1.8525486
328.49542 -1.8337694
327.32758 -1.8201725
325.8586 -1.801809
324.53677 -1.7838022
323.16653 -1.7632176
322.0798 -1.7450513
320.4667 -1.7322924
317.69653 -1.7149534
315.83194 -1.6998545
315.1408 -1.6816838
312.80374 -1.6657313
311.20407 -1.6508405
308.9961 -1.6313436
307.43805 -1.6093179
305.46695 -1.59008
302.40723 -1.5763737
299.46622 -1.557274
297.42645 -1.533334
295.8098 -1.5191
293.97745 -1.4990411
291.75113 -1.477398
290.47162 -1.4536715
289.7273 -1.4392884
288.51703 -1.4196384
286.69388 -1.3993287
284.86627 -1.3758065
282.3536 -1.3496255
282.34225 -1.330588
280.56686 -1.3138856
279.3644 -1.2910304
278.19962 -1.2672389
276.8925 -1.2468116
274.16473 -1.2203203
272.55624 -1.1946162
270.5426 -1.1667285
268.50085 -1.1435728
267.83447 -1.115179
267.09412 -1.0876058
265.57977 -1.0664409
262.961 -1.0323031
261.8629 -1.0029432
260.3617 -0.9751367
259.08746 -0.9435097
259.31253 -0.9215411
260.1803 -0.90453136
260.8438 -0.87694615
259.53754 -0.8474375
258.77863 -0.81216574
257.9942 -0.7767321
257.4739 -0.7465659
259.07626 -0.71863836
261.0472 -0.692035
261.0084 -0.66769344
260.54 -0.6399221
260.65536 -0.60778856
260.0462 -0.5906622
260.96863 -0.5608485
261.3064 -0.5410386
262.24152 -0.50934345
263.78946 -0.48023984
264.20267 -0.45820367
265.22754 -0.4315335
266.0522 -0.40134734
267.3006 -0.38284627
269.79547 -0.35531348
272.39948 -0.32757768
274.354 -0.30211046
275.49347 -0.2782064
275.84775 -0.25526834
277.7303 -0.23770872
281.0962 -0.21019651
282.6733 -0.18374227
283.686 -0.15805764
284.7852 -0.13621289
285.9889 -0.113621734
288.25806 -0.09694714
291.71387 -0.07524297
294.29962 -0.054294106
296.2971 -0.03360133
299.91406 -0.013072355
302.12943 0.0068383147
304.9499 0.023901965
308.35138 0.039170124
310.5934 0.05566368
312.97614 0.074420035
314.47372 0.09320917
315.96817 0.10858145
316.6784 0.1275129
317.354 0.14316265
318.2273 0.1610869
320.2238 0.17902097
321.34277 0.19733787
322.56827 0.21551456
323.96603 0.23440902
325.40604 0.25227305
326.87744 0.26918247
328.53845 0.28693816
330.2821 0.3043181
330.47635 0.32313582
330.98837 0.33937404
331.45712 0.3521986
331.66443 0.37088412
332.17715 0.38865668
333.325 0.40684214
334.26022 0.41889897
335.6198 0.43671978
336.5878 0.4497159
337.60904 0.46767452
337.71436 0.48742032
337.6284 0.5010305
338.5505 0.5162967
339.44455 0.52849185
341.1393 0.5426359
341.69052 0.5558339
341.6677 0.5727561
342.52814 0.59124357
343.016 0.6087046
346.12784 0.6227663
348.24814 0.6395587
348.42593 0.65458596
348.35318 0.6730474
348.5221 0.6878308
349.32977 0.7078155
349.43994 0.7256029
349.30542 0.74277383
350.1953 0.7564807
349.7139 0.77563363
350.42065 0.7947858
349.16632 0.80774367
348.6249 0.8293089
347.4377 0.8422115
346.58176 0.85863286
346.15295 0.87512064
345.3583 0.8933149
344.55627 0.90674174
344.16724 0.93097675
342.82147 0.94602025
342.13757 0.9589664
342.60165 0.9776155
341.54538 0.9935353
341.3345 1.0099822
339.71198 1.0248102
338.34708 1.0413566
337.09607 1.0600694
335.65927 1.0754805
333.8585 1.0920155
332.47665 1.1067557
331.49527 1.1195703
331.00613 1.1359695
329.99884 1.150769
329.22354 1.1695842
328.45468 1.1849943
327.63104 1.1995498
326.7878 1.2149103
326.27368 1.2281762
324.62997 1.2426666
323.36206 1.2543862
322.343 1.2720754
321.07147 1.2878996
320.42117 1.3066592
319.39865 1.3187671
318.9305 1.3377309
318.02966 1.3499801
316.97293 1.3653592
315.80762 1.3838923
314.7471 1.4026399
313.8014 1.4214338
313.23102 1.434065
312.5897 1.4498872
311.37598 1.4623643
309.885 1.4780239
309.1619 1.4965057
308.11444 1.5107927
307.61636 1.5261544
306.4086 1.5455159
303.5809 1.5609053
300.5657 1.5749568
298.42325 1.597485
296.5759 1.6124598
292.88864 1.6330314
290.4955 1.6508467
288.89035 1.6660131
288.89035 1.6660131
