Mouse
30
301.29788 2.304274
303.99023 2.3140488
305.2547 2.3281307
306.57922 2.342094
305.8423 2.3582444
304.46637 2.372189
302.4229 2.3839908
301.1576 2.398204
299.20853 2.410308
298.05707 2.4247785
297.73257 2.4415278
298.89868 2.4578266
299.52548 2.4766164
300.86084 2.4926674
300.87527 2.5092862
300.15695 2.5239747
299.76364 2.5433698
300.8676 2.5618443
299.5383 2.5748453
299.1111 2.5897179
298.23996 2.6075108
297.46378 2.6254022
296.78333 2.6433816
296.66245 2.658448
295.71686 2.6719975
295.7241 2.6871207
294.8942 2.7007968
294.61877 2.7190433
294.8364 2.734199
294.1978 2.74803
294.54477 2.7631764
294.95914 2.7782838
295.4406 2.7933455
295.6633 2.8115509
296.29218 2.8265104
297.9425 2.842396
298.42816 2.8603826
299.01004 2.8783047
298.71762 2.895338
298.7408 2.90914
299.79718 2.923661
299.937 2.937403
300.13342 2.9511297
300.38626 2.9648356
300.6955 2.978516
301.90298 2.9959345
301.3484 3.0090678
300.84598 3.0222476
300.2917 3.0387802
299.90756 3.0520477
298.50452 3.0684319
297.18234 3.0849664
295.9421 3.101644
295.80936 3.115156
294.71948 3.1320264
294.70834 -3.1375864
294.75153 -3.1240153
294.84897 -3.1104507
295.0006 -3.0968976
295.20636 -3.083361
295.53952 -3.0664706
295.8666 -3.0529888
296.24738 -3.039539
296.68155 -3.0261264
296.17728 -3.0123215
296.71942 -2.9989526
296.3266 -2.985111
296.97626 -2.971806
297.67825 -2.9585617
297.45148 -2.9447262
297.49246 -2.9275854
297.39334 -2.9137275
297.35138 -2.899863
297.36658 -2.8859973
297.70667 -2.8688977
297.17545 -2.8508809
295.4851 -2.835001
295.7676 -2.8210866
296.10727 -2.8072016
296.84662 -2.7901843
297.3129 -2.7763944
296.90668 -2.7614045
297.4905 -2.747671
298.13025 -2.7339938
299.73837 -2.7217417
300.48315 -2.708229
301.71594 -2.6917965
301.68713 -2.6769736
302.61224 -2.6636755
303.5905 -2.6504607
304.62146 -2.6373332
303.96783 -2.6210425
303.3952 -2.604686
301.00455 -2.5921793
301.42056 -2.5773964
300.23016 -2.5590127
300.79358 -2.5442495
300.60437 -2.5276332
299.69113 -2.5090332
300.4753 -2.494361
299.74857 -2.4756677
300.67896 -2.461097
301.5483 -2.4419487
301.87018 -2.4254105
301.53177 -2.406694
302.02914 -2.3902075
302.60834 -2.37378
303.9777 -2.3597426
302.57812 -2.3457372
301.9635 -2.3293211
300.69424 -2.31509
301.64423 -2.2987902
302.67383 -2.282597
302.37375 -2.266099
303.56232 -2.2500684
303.42465 -2.2335997
301.77515 -2.2211118
301.7825 -2.2045434
300.47852 -2.187192
299.26578 -2.169695
298.69562 -2.1548588
298.49808 -2.135342
298.934 -2.1186671
300.31537 -2.1003587
300.054 -2.085486
300.73715 -2.0689971
301.5017 -2.0525875
301.89948 -2.0333052
301.93768 -2.0184932
301.624 -2.0006788
300.89325 -1.987209
299.29767 -1.9749862
298.67175 -1.9613556
298.10153 -1.9476702
298.52237 -1.9327451
298.0693 -1.9190065
298.61746 -1.9041295
298.28192 -1.8903601
298.00305 -1.8765624
297.781 -1.8627414
297.61594 -1.8489025
297.5079 -1.8350508
296.24127 -1.8187578
296.25766 -1.8048401
296.1147 -1.787631
296.2594 -1.773719
295.47922 -1.760459
296.7205 -1.7459488
295.89017 -1.7293084
296.1322 -1.7121018
296.58728 -1.6982741
295.99316 -1.6815182
296.57318 -1.6677403
297.2093 -1.654019
296.8355 -1.6372321
297.5954 -1.6235971
297.41113 -1.6101662
297.28055 -1.5967208
297.20377 -1.5832661
298.18347 -1.5664567
298.2471 -1.5496914
298.3583 -1.5362873
299.52194 -1.5230554
299.73947 -1.5097253
300.08612 -1.4930937
300.5156 -1.4765052
300.91855 -1.4632711
301.37405 -1.4500749
301.8819 -1.4369208
302.44177 -1.423813
302.06625 -1.4102284
301.74658 -1.3966125
301.67133 -1.3797137
301.47733 -1.3660568
301.33963 -1.3523848
300.51755 -1.3346992
300.50922 -1.3209789
301.523 -1.3081244
301.62415 -1.2944564
302.73996 -1.2817447
302.94962 -1.2681476
303.21518 -1.2545718
302.91693 -1.2368299
302.7142 -1.2190586
302.60718 -1.2012691
302.59598 -1.1834728
302.28787 -1.168721
301.53906 -1.1495672
301.38254 -1.1347413
301.29233 -1.1199033
301.71887 -1.1020982
301.35718 -1.0827979
301.4992 -1.0679687
301.7075 -1.0531567
301.63098 -1.0338292
301.14038 -1.017319
302.4178 -1.0043285
302.07413 -0.98782456
302.63907 -0.973152
301.05768 -0.9574375
302.34573 -0.94010603
302.32303 -0.92356807
302.383 -0.9070321
303.30365 -0.8925811
304.28726 -0.87822056
303.16342 -0.86217934
304.19388 -0.8432802
303.2412 -0.8271189
304.50757 -0.8130041
303.7041 -0.7967759
302.98102 -0.78046596
302.33893 -0.7640824
303.19153 -0.7478096
302.71176 -0.73138124
303.06982 -0.7127422
302.76498 -0.6962666
301.7654 -0.68184537
301.61514 -0.6652793
301.54767 -0.64870137
302.37048 -0.6301665
302.7234 -0.6090342
303.76694 -0.5906997
304.07184 -0.5742784
303.61063 -0.5596381
304.07028 -0.5432516
303.74738 -0.52857447
304.36127 -0.51225424
304.1768 -0.49756867
304.94397 -0.48134577
304.8976 -0.4666799
304.91687 -0.4520127
303.67264 -0.43576217
302.50925 -0.41938227
302.74014 -0.40462402
301.73227 -0.38808566
302.1028 -0.373324
301.60278 -0.35976538
301.15842 -0.34616426
300.7699 -0.33252543
300.43747 -0.31885388
301.11526 -0.30415687
301.57382 -0.28635108
302.3946 -0.27179334
302.31216 -0.25815925
303.2563 -0.24372195
303.2895 -0.23012692
302.1882 -0.21401644
301.36398 -0.2010459
301.5732 -0.18738668
301.83862 -0.17374893
301.17288 -0.16066712
300.41354 -0.14423701
300.85617 -0.1306015
301.35458 -0.117008574
300.91382 -0.10380624
300.5257 -0.09056749
301.11206 -0.07372927
301.84204 -0.06026886
301.58218 -0.043718975
302.40466 -0.027055342
302.3229 -0.013828913
302.29407 -5.976435E-4
302.3181 0.012633836
302.3951 0.025860893
302.52496 0.039078906
302.70764 0.05228327
302.94302 0.065469414
302.23407 0.0788927
302.5756 0.0920718
301.9751 0.105566695
301.4298 0.119112894
301.07397 0.13599794
300.80417 0.15291809
301.43936 0.16603328
302.30594 0.1823461
302.0759 0.195969
301.90198 0.20961012
301.78433 0.22326443
302.69513 0.23615141
303.65588 0.24895896
302.73465 0.26339278
302.83862 0.27700576
302.9987 0.29060686
301.30713 0.30617926
300.63828 0.3208712
300.97897 0.3345312
300.43588 0.3492933
299.02426 0.36529657
298.06366 0.38456133
297.7437 0.39953503
297.49066 0.41453755
298.2141 0.4281657
298.9927 0.44172537
300.72443 0.45375016
301.60596 0.46712422
301.65466 0.48195004
301.76962 0.4967678
302.82318 0.5099544
302.7017 0.5292097
302.69247 0.5484733
303.6392 0.56596
303.29285 0.5823969
303.8551 0.59701174
302.27054 0.6126598
302.96677 0.6272579
301.52682 0.6431
300.16327 0.65909016
300.28284 0.6757398
299.07748 0.69193244
296.5412 0.70788425
296.07758 0.73169726
295.14658 0.74831575
294.29758 0.76503474
295.65594 0.77947956
294.96103 0.7962469
296.45132 0.8105062
297.32336 0.8270897
298.27667 0.8435717
298.65897 0.86248165
299.14774 0.8813365
298.95975 0.8980443
298.0635 0.91272193
298.8345 0.93149954
298.89737 0.94822836
298.22232 0.9630359
297.88678 0.98256713
297.6651 1.002135
297.2296 1.0170987
299.09067 1.0326636
299.65778 1.0492574
300.30707 1.0657841
300.15543 1.0806713
300.07034 1.0955703
299.15628 1.1089895
299.19794 1.123937
297.98004 1.1405201
296.84476 1.1572345
296.18085 1.1709585
295.573 1.1847416
295.02148 1.1985788
294.52667 1.2124652
294.08884 1.2263956
294.65433 1.2414659
294.3356 1.2554247
294.07437 1.2694111
294.8299 1.2843809
294.6879 1.2983608
295.57043 1.3132161
295.54724 1.3271662
297.5294 1.3426461
300.98688 1.3521247
303.08197 1.367156
303.28033 1.3807398
303.53458 1.3943034
303.84457 1.4078418
303.22134 1.4208591
303.64035 1.4343772
304.11472 1.4478555
304.6441 1.4612894
305.22833 1.4746743
305.867 1.4880056
306.55978 1.5012791
306.30795 1.5143068
307.1072 1.5274949
306.96005 1.5405141
306.865 1.5535436
306.82205 1.5665789
306.83127 1.5796156
306.8926 1.5926493
307.00604 1.6056757
307.17157 1.6186901
307.38904 1.6316884
307.65836 1.6446661
307.9794 1.6576189
307.357 1.6708666
307.78235 1.6837982
307.26697 1.6971005
307.93674 1.7132089
308.52988 1.7260427
308.18777 1.7393678
307.90048 1.7527202
306.68726 1.7667279
307.49103 1.7794878
306.39368 1.7936126
307.30237 1.8063077
307.291 1.819725
308.30084 1.8322998
308.3965 1.8456678
309.50616 1.8581069
310.0056 1.8744893
310.27484 1.8877553
311.54474 1.8999553
310.97668 1.9142069
310.47202 1.9285077
309.09967 1.9440281
308.728 1.9584552
310.2622 1.9703912
310.00806 1.984788
310.72818 1.9978684
310.59683 2.0122578
312.3268 2.0238373
312.31137 2.0381565
313.24655 2.050995
313.35248 2.0652657
314.01044 2.082305
314.25616 2.09652
315.42343 2.10908
315.7884 2.123203
313.45587 2.135331
311.71664 2.1503277
308.65982 2.164621
307.05954 2.1800082
304.9489 2.1928928
303.48398 2.2086074
304.2908 2.2230825
305.94754 2.235457
307.65063 2.2476962
310.036 2.2622883
311.83865 2.2742143
310.10904 2.2874763
307.76852 2.2984638
305.40317 2.314244
302.47073 2.3231947
302.47073 2.3231947
