Mouse
33
137.35469 2.8016284
138.73976 2.774444
140.2253 2.7478166
140.89555 2.7188723
142.5832 2.6932852
144.82051 2.6621664
148.46335 2.6444743
151.28041 2.6243846
155.8786 2.6115959
160.50081 2.599542
165.14502 2.588164
169.80945 2.5774102
172.8168 2.5609448
177.52751 2.5513756
181.42879 2.5391932
185.35585 2.5275252
191.51436 2.5182216
195.48436 2.5075805
198.67696 2.4943414
202.69415 2.4845483
207.34972 2.4713457
210.6331 2.4594123
213.94556 2.4478471
217.28577 2.4366357
220.65244 2.4257653
224.0444 2.4152226
228.20229 2.4079394
231.6348 2.398004
236.50299 2.3881674
239.9793 2.3788612
243.47578 2.3698215
246.99162 2.3610384
250.52596 2.3525028
253.3805 2.341381
256.95538 2.3333302
259.86243 2.3226972
262.7982 2.3123007
265.76172 2.3021352
268.75214 2.2921946
271.76852 2.282474
274.81 2.2729676
277.87576 2.2636702
280.96506 2.2545762
283.4533 2.2429266
286.59412 2.234236
288.54224 2.2202373
290.54614 2.206429
292.02313 2.1900294
294.14615 2.1765995
296.32144 2.1633642
299.09665 2.1531215
301.90268 2.1430683
304.20663 2.1304202
306.5585 2.1179643
308.44864 2.1029105
309.04437 2.0868313
310.59763 2.0692744
310.47406 2.0548782
310.4149 2.040474
311.3186 2.0246546
310.4898 2.0116634
309.7137 1.998605
308.99066 1.9854833
307.40085 1.9735736
305.8551 1.9615418
304.35406 1.9493895
301.96497 1.9383048
299.6136 1.9270446
297.30075 1.9156079
295.02744 1.9039934
292.79453 1.8922
290.603 1.8802271
287.4977 1.869093
285.38815 1.8567253
284.28586 1.8432258
281.30286 1.8314435
279.32907 1.8185294
276.43008 1.8062748
273.57346 1.7937622
271.73865 1.7802199
268.97348 1.767219
267.23807 1.7532687
265.55533 1.7391388
262.786 1.7216552
261.08994 1.7032968
259.37122 1.6808742
257.87378 1.6620271
256.46902 1.6429667
256.157 1.623497
254.97818 1.6080371
254.8606 1.5923525
254.80577 1.5766573
254.81372 1.5609592
254.88446 1.5452659
255.01791 1.5295852
255.2728 1.5100137
255.54698 1.4943893
256.87918 1.4791598
257.27603 1.4636769
259.7195 1.4491867
261.36353 1.4306606
262.9402 1.4161279
264.57175 1.4017714
266.25714 1.3875937
268.19308 1.3699408
270.2114 1.3525462
271.3379 1.3345551
273.7717 1.3141013
275.77817 1.3009924
277.1528 1.2836035
279.26746 1.2708809
280.7853 1.2538679
283.32852 1.2381988
284.65964 1.2249166
286.97693 1.2129847
288.40216 1.1999933
290.80313 1.1884189
293.24243 1.1770356
295.71912 1.1658415
298.23218 1.1548347
300.7808 1.1440132
302.4585 1.1319742
304.17957 1.1200697
305.9432 1.1083009
307.74878 1.0966685
308.71146 1.0836614
308.84882 1.0691849
308.18152 1.053123
307.59402 1.0369956
305.91034 1.0146067
304.38165 0.9919814
303.27188 0.97372425
300.2946 0.9588547
298.19534 0.94565856
295.34637 0.93025976
292.7543 0.9193552
289.40988 0.9061318
285.4909 0.89532924
281.6062 0.88422734
278.52405 0.8751237
274.70462 0.8634581
270.9236 0.8514653
267.9276 0.84162843
264.21997 0.8290202
261.28485 0.8186773
257.65628 0.8054192
253.36366 0.7890118
249.84021 0.7749114
246.36784 0.76041055
242.94876 0.74549836
238.84111 0.7329566
234.11417 0.71676666
230.09654 0.70323837
226.75977 0.69263524
222.04268 0.6810575
218.76135 0.66972977
214.71864 0.6609069
211.48915 0.64887804
207.4879 0.6393426
202.10931 0.62834615
198.1508 0.6179479
193.64581 0.6028857
188.3551 0.5900508
183.93642 0.5735131
180.10043 0.56088185
175.77579 0.54284614
172.01363 0.5289409
168.28622 0.51441675
165.00069 0.4910155
160.02553 0.47230044
156.44722 0.4553468
153.82234 0.43484992
150.34917 0.41632408
146.93004 0.39692912
143.56879 0.37661803
142.14635 0.35044727
144.93388 0.3215271
148.42938 0.30661833
152.91417 0.29051355
156.75075 0.28320393
160.32544 0.27024308
163.92589 0.25784954
167.55043 0.24599046
171.19754 0.23463511
174.4329 0.2125747
178.92374 0.19575183
182.3018 0.17534073
185.9107 0.16099405
189.41235 0.14197408
193.10588 0.1287899
196.83173 0.11610272
200.48683 0.09892782
204.28369 0.08725121
208.03381 0.07120913
211.89363 0.060451046
215.77711 0.050079025
219.72531 0.044622283
224.6421 0.034735076
229.57991 0.025272287
233.53752 0.016278151
237.51343 0.0075844508
242.5079 0.0033046058
246.5095 -0.00486234
250.52701 -0.012767866
254.54123 -0.016495556
258.5809 -0.023973938
262.63458 -0.031221861
266.6653 -0.034501802
270.69876 -0.03768404
274.7775 -0.04440909
278.8683 -0.05093713
283.02963 -0.060803566
287.08398 -0.06343377
291.20795 -0.0694172
296.4158 -0.07834386
300.65024 -0.08725048
304.01016 -0.09949829
308.29926 -0.10789226
311.73395 -0.119613074
315.21057 -0.13107689
318.72766 -0.14228915
323.27228 -0.15278308
327.8515 -0.16298498
330.4939 -0.17394595
335.3256 -0.18656765
338.05157 -0.19709763
341.99985 -0.20971705
345.7825 -0.21922551
347.648 -0.22983065
349.5522 -0.24032144
351.49445 -0.2506974
353.73343 -0.26368952
356.03137 -0.27651608
357.1441 -0.28729078
358.2981 -0.29799733
360.4457 -0.3077912
361.99185 -0.32095492
363.6002 -0.33400446
365.26987 -0.34693685
366.64923 -0.35719663
368.0669 -0.36737844
369.52246 -0.37748107
371.0154 -0.38750345
369.781 -0.40058467
368.09903 -0.41733092
365.2693 -0.42677516
363.32242 -0.44135493
360.57724 -0.4511089
358.3128 -0.4635111
357.45157 -0.47727346
354.8357 -0.48745847
352.25714 -0.49779364
349.7168 -0.50828016
347.21548 -0.5189189
344.24982 -0.52720404
341.81964 -0.53814834
339.43103 -0.54924804
336.02582 -0.5554624
333.1677 -0.564344
329.79486 -0.57083124
326.1472 -0.58169496
323.3687 -0.5910754
320.0551 -0.5980399
317.3273 -0.60774153
314.62988 -0.61761045
311.96365 -0.627649
309.32938 -0.63785964
305.93134 -0.6502181
303.19748 -0.66545206
300.68597 -0.6762818
296.80295 -0.686826
293.72086 -0.69546133
290.66113 -0.7042791
287.62445 -0.71328384
283.86224 -0.7248094
280.88025 -0.7342512
277.92383 -0.7438947
274.26556 -0.75624
269.9558 -0.7662549
265.67398 -0.7765937
262.83572 -0.7872599
258.61392 -0.7982275
255.11508 -0.8067199
249.53723 -0.81853557
245.40857 -0.8306277
240.57121 -0.84036696
237.16884 -0.85011697
233.13857 -0.8634009
229.79152 -0.8738034
226.47008 -0.88451225
223.33524 -0.9018325
220.08449 -0.9132724
215.46304 -0.92596734
211.68575 -0.9420057
208.54114 -0.954698
204.86566 -0.97179705
202.63734 -0.9881008
201.3088 -1.0074266
201.77058 -1.0321302
201.86505 -1.0610195
202.59229 -1.0854818
202.54477 -1.1075581
202.17099 -1.1341069
202.34091 -1.1562026
203.53375 -1.18013
204.8417 -1.2037653
207.2044 -1.2287141
210.00764 -1.2485622
213.80553 -1.2544869
216.71259 -1.273386
219.97253 -1.2874081
223.01 -1.30534
225.87386 -1.3270764
226.89146 -1.3463132
230.15492 -1.3628904
231.32668 -1.3815953
231.59312 -1.3993717
231.93259 -1.4171019
233.33551 -1.4353557
234.81525 -1.4533854
235.37534 -1.4707611
237.00272 -1.4883977
236.70706 -1.5052397
237.47754 -1.522324
237.31735 -1.53916
238.21179 -1.5602736
238.2033 -1.5770658
238.26195 -1.5938545
238.38771 -1.6106303
238.63913 -1.6315674
238.91544 -1.6482795
238.26274 -1.665343
237.6798 -1.6824952
237.1671 -1.6997267
236.72513 -1.7170278
236.35425 -1.7343882
234.08778 -1.7533361
231.90697 -1.7726473
229.81427 -1.7923176
227.08356 -1.8176708
225.19925 -1.8381512
222.16902 -1.855932
222.37271 -1.8744596
219.4903 -1.8929526
217.02155 -1.9162735
214.31454 -1.9357662
211.69104 -1.95575
208.76178 -1.971825
205.38368 -1.9947782
203.45224 -2.0207891
201.20433 -2.042864
199.05666 -2.0654263
198.3767 -2.0903547
200.0496 -2.1145346
200.995 -2.140974
203.4687 -2.168454
206.32364 -2.1884882
209.25912 -2.2079682
212.27179 -2.2269022
214.73534 -2.2416627
217.24458 -2.2560854
220.44305 -2.273647
223.04953 -2.2873306
225.6968 -2.3006957
229.06107 -2.3169637
231.795 -2.3296356
234.56528 -2.34201
237.37062 -2.3540938
240.92477 -2.3688
244.52951 -2.3830755
248.86143 -2.3939788
253.22192 -2.4045079
256.86316 -2.4120922
260.51877 -2.419464
263.53366 -2.4294968
267.2215 -2.436445
270.9219 -2.4432037
273.99747 -2.4525907
277.09668 -2.4617684
281.00266 -2.4729545
284.15216 -2.481681
287.32278 -2.4902158
290.51392 -2.4985638
293.72485 -2.5067296
297.54266 -2.5119965
301.59836 -2.5217583
304.8631 -2.52938
308.1452 -2.53684
312.27136 -2.5459437
315.59045 -2.5530548
318.9252 -2.5600176
321.73257 -2.5694447
324.0355 -2.581318
326.38342 -2.5930219
329.9877 -2.6102617
332.444 -2.6215448
336.69 -2.6355557
339.2393 -2.6464279
342.29498 -2.6545513
344.91306 -2.6651034
349.35675 -2.6780682
352.05865 -2.6882296
355.65887 -2.6931558
359.26755 -2.6979828
362.46066 -2.7052114
363.52182 -2.718672
364.64844 -2.732052
366.76266 -2.7463996
367.09564 -2.758554
368.41498 -2.7716682
367.92392 -2.7827873
368.41876 -2.79486
368.0228 -2.8060055
367.67264 -2.8171737
366.4172 -2.827521
365.20132 -2.8379383
364.02527 -2.848424
361.92932 -2.858206
357.67288 -2.8692827
354.68622 -2.8786283
351.73108 -2.8881316
348.80826 -2.8977954
344.71475 -2.9097707
340.89102 -2.919169
337.86646 -2.9322977
333.92032 -2.9450784
330.03006 -2.9581623
327.35345 -2.9690623
324.71637 -2.9801407
321.13107 -2.9909332
316.73495 -2.998402
312.63348 -2.9997423
308.25888 -3.0075421
303.1703 -3.008607
299.07336 -3.0101476
294.84933 -3.015094
290.75552 -3.0167704
286.54153 -3.0219579
282.45123 -3.0237827
278.24802 -3.0292313
282.45123 -3.0237827
286.6626 -3.0184944
290.8817 -3.0133593
288.41052 -3.026228
283.00372 -3.0382347
277.5503 -3.0542955
273.39612 -3.0603075
268.04575 -3.0773857
263.87567 -3.0877588
259.73492 -3.0984638
255.65895 -3.105605
251.5964 -3.112977
247.57101 -3.1165524
242.52975 -3.12428
238.51486 -3.1281817
234.50371 -3.132217
229.49348 -3.1407273
225.49483 3.1380386
221.50073 3.1334598
216.51154 3.1286535
212.5274 3.1237051
207.52823 3.123274
203.57608 3.1130915
199.60931 3.1075125
194.64981 3.101503
189.6977 3.095179
184.75357 3.0885165
179.81812 3.0814881
175.88977 3.074447
172.04787 3.061288
167.24156 3.0469692
163.35971 3.0385613
159.60468 3.0235188
156.16695 2.9950624
152.52336 2.9782603
150.27916 2.948747
145.99896 2.922013
141.82939 2.893686
138.47322 2.8725948
135.4721 2.8433952
135.4721 2.8433952
