Mouse
37
292.81683 2.3092551
289.39377 2.3013597
286.08154 2.288342
283.46744 2.2777102
280.2458 2.2641437
278.48322 2.250801
277.55753 2.2350638
278.89935 2.2177517
279.7361 2.1977217
279.86365 2.1798575
281.46814 2.1629846
283.6974 2.1492648
285.44504 2.1328025
287.2691 2.116545
290.03152 2.0987544
292.5033 2.0859585
295.02213 2.073379
297.58685 2.0610144
300.1963 2.048863
303.30005 2.039868
306.8825 2.026689
309.6139 2.015201
311.96704 2.001006
315.70142 1.9886423
317.77798 1.9720292
320.3178 1.9585298
322.5507 1.9423598
322.05615 1.9296595
320.67316 1.9179801
318.39023 1.9072349
315.19724 1.8973504
311.7259 1.8842161
307.35437 1.8717498
302.6495 1.8662007
298.62955 1.8563107
293.6774 1.8470778
289.28473 1.8441982
284.36676 1.8344522
280.44492 1.8234696
277.52893 1.8113157
275.62903 1.798085
272.58963 1.7818668
269.81857 1.7689235
264.9446 1.753392
261.29013 1.7404222
256.69308 1.7276933
253.12888 1.7139367
248.62227 1.7003071
245.15692 1.6857077
240.75034 1.6711069
236.39697 1.6559652
232.09982 1.6402591
227.97713 1.6327252
225.76656 1.6155891
224.6232 1.5979979
224.55 1.5801901
225.54802 1.5624137
226.61667 1.5447994
228.75403 1.5275458
229.96 1.5103549
233.2273 1.4940118
236.55515 1.4781244
240.93523 1.4631294
244.37503 1.4481746
248.8586 1.4341874
253.24152 1.4246023
255.82915 1.410272
259.4531 1.3969009
264.10483 1.384604
268.7951 1.3727345
273.7317 1.3577003
278.504 1.3467
283.07797 1.3395072
285.96228 1.3274949
290.82275 1.3174591
294.74606 1.3068721
299.66428 1.2974681
302.6879 1.2865272
305.74704 1.2758038
308.84064 1.2652942
311.96768 1.254994
314.17993 1.2438804
318.31808 1.2350062
319.65845 1.2231915
321.75177 1.2056581
321.34277 1.1918081
320.99554 1.1779255
321.62897 1.1652455
320.89694 1.1472389
319.3657 1.1278173
317.06854 1.113861
315.28918 1.0968776
312.66354 1.085347
310.08023 1.0736228
307.05408 1.0645471
303.6797 1.0508031
301.2252 1.0384429
299.33698 1.0230244
296.988 1.0102609
294.1468 1.0001518
291.88623 0.9869825
288.28796 0.97452796
286.12793 0.9608934
284.60712 0.944202
281.97107 0.9330106
281.19473 0.91311085
279.90445 0.8958921
280.87625 0.8803233
283.44064 0.8694433
285.28168 0.85646933
287.17014 0.8436639
289.84445 0.8333536
291.81647 0.82090306
293.8331 0.80862164
296.60922 0.79886675
299.413 0.78929365
301.54135 0.77754116
304.43228 0.76367795
308.06317 0.752453
310.99524 0.74366266
313.9509 0.73503715
316.92947 0.7265731
320.58932 0.720616
323.60568 0.7124597
328.05276 0.7048031
331.75266 0.69928753
334.82376 0.6915978
338.54712 0.68633753
342.42966 0.67708427
346.34082 0.66803926
349.48978 0.66094947
353.45013 0.6522654
356.83725 0.641533
359.45776 0.63264483
362.10623 0.623886
365.59915 0.6136763
368.30664 0.6052022
371.0402 0.5968523
374.63135 0.5871431
377.4198 0.5790659
379.69287 0.56889194
381.4755 0.5566175
381.08633 0.54493266
381.6108 0.53189355
380.46457 0.52149934
379.74524 0.50745857
379.10104 0.49336734
378.10852 0.48279724
376.26816 0.4733815
375.3561 0.46268204
373.58783 0.45310065
370.04865 0.44574785
366.52982 0.4382535
362.12354 0.431767
358.64407 0.42397097
355.69986 0.412315
352.27618 0.40418687
349.79907 0.3947973
347.35327 0.38527462
342.71204 0.3750442
339.04214 0.36348245
335.76434 0.3544653
332.5144 0.34527114
329.2931 0.33589628
326.1013 0.32633704
322.62997 0.31364426
319.21173 0.3006775
317.0915 0.28956258
315.97263 0.27742997
312.7087 0.2638033
309.7529 0.25301996
306.8338 0.24203011
303.95245 0.23083055
299.15823 0.22087324
294.6053 0.21391203
290.84296 0.2026618
288.10022 0.19045886
286.38547 0.1774049
285.7067 0.16362382
285.08243 0.14977975
285.37057 0.13193099
285.86505 0.11759931
287.41272 0.1029612
289.0213 0.08848295
290.6898 0.07416794
293.41537 0.05981474
296.2003 0.04572859
298.01303 0.028660726
299.925 0.01513803
301.8911 0.0017890569
303.92337 -0.01467495
306.0076 -0.027649568
307.14346 -0.04057817
307.3869 -0.056831643
308.6376 -0.06958721
309.9381 -0.08223778
310.38882 -0.09829285
311.80072 -0.11074522
312.2681 -0.1234766
312.78595 -0.13616788
311.37625 -0.1497675
311.99814 -0.16244492
310.70074 -0.17619106
308.48062 -0.19066222
305.1441 -0.20279998
302.06866 -0.21843837
297.63638 -0.22863892
294.4453 -0.24164182
291.30515 -0.25492734
287.95383 -0.2651516
284.6333 -0.2756155
281.62875 -0.2897315
277.42868 -0.30178934
274.84402 -0.32001212
271.69458 -0.3316312
267.98096 -0.34829164
263.98813 -0.3618774
260.61185 -0.3709
255.95824 -0.3779804
251.69553 -0.38900438
248.38565 -0.39883748
244.70453 -0.40518552
241.4355 -0.415523
236.86957 -0.424044
232.32152 -0.4328993
229.1246 -0.44418496
225.95769 -0.4557885
223.7309 -0.47569957
221.59454 -0.4960027
221.78427 -0.51615787
223.78548 -0.5317041
225.83981 -0.5469712
227.94583 -0.5619596
230.10211 -0.57667035
233.13823 -0.58871454
235.38292 -0.6028478
237.67372 -0.6167114
240.81789 -0.6278602
243.99123 -0.6387204
246.39684 -0.6517543
251.6515 -0.66588926
254.142 -0.6782664
258.07855 -0.6909213
262.81876 -0.70073354
266.17316 -0.70979804
269.54892 -0.7186362
272.86667 -0.7324292
276.23508 -0.7458883
279.6523 -0.7590208
282.42007 -0.7692966
285.92078 -0.7818599
290.16733 -0.79165924
294.422 -0.7963723
298.68304 -0.800951
302.95016 -0.8054008
306.53427 -0.8120891
310.13177 -0.8186225
313.06454 -0.82735217
316.0207 -0.83591914
318.426 -0.8511079
319.49405 -0.8664222
320.0016 -0.8840427
319.04187 -0.89771307
317.35236 -0.9095331
314.30655 -0.9220883
312.70978 -0.93421364
311.15945 -0.9464616
309.65625 -0.95883036
308.2009 -0.9713179
307.6272 -0.985722
305.43637 -0.99663997
304.97556 -1.011215
303.72504 -1.0241241
301.66498 -1.0354517
299.6442 -1.0469334
297.66342 -1.0585696
295.7235 -1.07036
293.82523 -1.0823045
291.5122 -1.0974509
289.2671 -1.112836
286.18808 -1.1269624
283.58524 -1.1381869
281.93164 -1.1510681
280.3254 -1.164099
279.3105 -1.1819572
277.4535 -1.1986338
276.96072 -1.2134011
276.52853 -1.2282177
278.99924 -1.2465386
282.17142 -1.2577739
285.67743 -1.2654159
288.9078 -1.2761811
291.89218 -1.2899957
294.66864 -1.3068012
296.5573 -1.3224624
300.19516 -1.3289665
303.8454 -1.3353145
307.50763 -1.3415117
311.18134 -1.3475627
315.6293 -1.3572491
319.12692 -1.3660303
322.45514 -1.3776623
325.82617 -1.389055
329.23856 -1.400213
332.5336 -1.4141097
336.03558 -1.4247857
339.4414 -1.4381592
343.02744 -1.4483703
346.5377 -1.4612367
350.10416 -1.473843
353.99127 -1.4777485
357.711 -1.4871379
361.6159 -1.4908179
365.45065 -1.4971477
367.11322 -1.5111319
366.89642 -1.522015
367.686 -1.5357304
367.5675 -1.5466062
367.48056 -1.5602088
367.46164 -1.5738153
368.51062 -1.5873756
368.59863 -1.5982263
368.76965 -1.6117802
369.00833 -1.625319
369.2479 -1.636136
368.53354 -1.6471441
367.864 -1.6581936
364.35468 -1.6728228
363.79016 -1.6840413
359.3029 -1.6966754
354.7374 -1.7068353
351.05466 -1.714025
347.54187 -1.7242117
343.7454 -1.7288649
340.12006 -1.7365233
335.53015 -1.7448608
331.76804 -1.7499174
328.1993 -1.7580853
324.46005 -1.7634089
320.92847 -1.7719115
317.21384 -1.7775195
313.7218 -1.7863759
310.03375 -1.7922866
306.58386 -1.8015171
301.95248 -1.8085278
298.79636 -1.8214388
294.98907 -1.8387797
291.6767 -1.8490233
288.39566 -1.8595011
285.44357 -1.8735663
282.54913 -1.8879225
280.04144 -1.905949
277.28177 -1.9209118
276.8108 -1.9369644
275.48383 -1.9544216
274.6337 -1.9753944
275.31912 -1.9901804
275.1575 -2.0064182
276.86917 -2.0195165
278.62772 -2.0324516
280.4323 -2.0452225
282.75143 -2.0609536
285.53314 -2.0716646
287.4753 -2.08387
289.45972 -2.0959098
291.4855 -2.1077838
294.4055 -2.1177208
296.50543 -2.1292439
298.64417 -2.140603
300.82092 -2.1517994
303.03482 -2.1628335
304.46188 -2.1755688
306.51788 -2.190843
309.45 -2.2039936
311.03418 -2.2162635
311.87387 -2.2303672
312.77524 -2.2443924
314.37332 -2.2607925
315.40707 -2.27461
315.74792 -2.2904174
316.16745 -2.3061867
313.89075 -2.3170986
310.92606 -2.330378
308.0379 -2.3393202
305.1748 -2.3484309
302.33752 -2.3577132
298.81277 -2.3648305
293.88953 -2.3721938
289.67383 -2.3773096
286.1923 -2.3849812
281.99628 -2.390427
278.54446 -2.398473
274.37 -2.4042764
270.95016 -2.4127238
266.79932 -2.4189143
262.76047 -2.4306698
257.99423 -2.4402971
253.2528 -2.4502857
249.16835 -2.4575362
245.09743 -2.4650278
241.82608 -2.4753363
237.78926 -2.4833622
234.5652 -2.4942446
231.3697 -2.505429
228.20395 -2.516925
225.06918 -2.5287433
222.79242 -2.5434303
220.5647 -2.5584173
218.69705 -2.580021
218.3052 -2.6004097
220.23686 -2.6214428
223.14258 -2.6442475
225.73357 -2.660489
228.83313 -2.6724522
233.30386 -2.682142
236.93237 -2.6990669
239.71646 -2.7137525
243.06854 -2.7335181
247.06264 -2.758019
250.40947 -2.7677004
254.01031 -2.7858853
258.36295 -2.7962534
261.4698 -2.80863
265.56488 -2.8219016
269.40497 -2.8383064
273.88904 -2.8472433
278.11414 -2.8593414
281.68497 -2.866706
286.2352 -2.87481
290.54922 -2.885987
293.92838 -2.8960114
297.33636 -2.9058065
300.54956 -2.9186215
303.81104 -2.9311633
305.94302 -2.9459982
309.30606 -2.958026
311.55774 -2.972407
315.17496 -2.9807992
317.52673 -2.9947472
319.8082 -3.0115867
321.30057 -3.0247383
320.8588 -3.03712
320.46637 -3.0495343
318.1298 -3.061477
313.9139 -3.0699832
309.78577 -3.075499
305.60855 -3.0844297
303.40808 -3.0972154
300.25845 -3.1100814
297.15955 -3.1232178
296.11298 -3.1366622
292.12042 3.1328974
290.1831 3.1190531
287.34122 3.1014204
285.58875 3.0836446
283.92764 3.0656552
282.2672 3.050987
281.66272 3.0365222
281.11737 3.021998
280.6316 3.0074205
279.2167 2.9922647
280.00424 2.9746058
280.69678 2.9605532
281.63998 2.9430892
283.43362 2.9299493
286.25055 2.9177547
288.137 2.9049888
291.03897 2.8932383
294.94687 2.8825927
299.58768 2.8763323
303.54694 2.8662066
307.53656 2.8563423
311.5553 2.846732
315.60208 2.8373668
319.67587 2.82824
322.8272 2.8183622
326.9547 2.809676
330.49997 2.7973447
333.7469 2.788085
337.02188 2.7790046
339.39252 2.76903
342.72443 2.7602837
346.08206 2.7517061
348.54315 2.7421815
352.35092 2.7313151
356.1994 2.7206824
359.67035 2.7128036
363.58713 2.7025836
367.54108 2.6925824
370.19183 2.6840208
373.3197 2.6731884
376.03076 2.6648972
377.88287 2.6554918
379.76807 2.6461792
381.68588 2.636959
382.7652 2.626548
383.021 2.6148872
383.84247 2.601007
383.88773 2.585817
382.63983 2.571421
379.27875 2.5657282
375.09503 2.5584693
371.20792 2.5547845
367.05478 2.547242
363.74765 2.541084
359.63348 2.533228
354.72656 2.5235608
350.66342 2.5152986
346.6248 2.5068436
344.01157 2.4976077
340.02628 2.488779
336.6836 2.4773989
333.54306 2.4700062
330.4211 2.4624736
327.31824 2.4547977
324.23502 2.4469755
321.17203 2.4390035
318.12985 2.4308784
314.35727 2.420502
310.6194 2.4098744
308.33038 2.3987932
306.07977 2.3875475
302.4545 2.37623
299.5828 2.3669798
296.03 2.3551657
292.5195 2.3430667
290.46664 2.3307996
287.72556 2.3207226
285.75375 2.3080943
285.75375 2.3080943
