Finger
20
12.55016 1.610596
18.968367 1.5444658
25.190464 1.5112888
30.17246 1.4879477
34.336056 1.4688131
38.344425 1.4795054
42.660305 1.4887632
47.474266 1.454829
53.821674 1.4155416
62.20029 1.3878504
68.84445 1.3612199
75.57669 1.3260959
82.545265 1.2761656
87.6851 1.2522032
93.63802 1.2305411
101.33401 1.1946301
107.08315 1.1857556
113.856064 1.1792865
120.34077 1.1584358
127.342865 1.1311173
134.45326 1.1066053
141.40974 1.0995965
147.88454 1.091548
154.885 1.0858482
160.14066 1.0812703
167.2472 1.0761154
174.77512 1.0568496
182.26611 1.0404897
190.24316 1.0287132
197.29309 1.0206964
204.72426 1.0145794
211.88985 1.0076462
218.38806 0.99506044
225.56966 0.9787287
230.86983 0.96799576
238.38246 0.95919245
244.09401 0.9544249
250.82594 0.9441463
256.54776 0.9399901
263.1911 0.931213
268.98483 0.92540306
274.96808 0.9223424
282.31335 0.90993345
286.29425 0.8950341
292.24252 0.88070524
299.62103 0.87072676
303.28082 0.8626873
309.90662 0.85646564
316.1959 0.84858185
323.67047 0.836965
327.82126 0.83100635
331.51184 0.8243271
336.25128 0.8135288
340.23184 0.8054614
343.9303 0.7984865
348.12482 0.7902659
352.88028 0.7807279
357.1901 0.7727435
360.37332 0.7641669
366.02072 0.74948215
369.77536 0.7400738
372.27036 0.72496927
375.1437 0.7164369
378.53955 0.70250964
382.20865 0.68854284
385.85342 0.67326266
388.57193 0.66401523
391.73102 0.65415436
394.7035 0.64205533
396.76434 0.6288029
398.56143 0.6147451
400.1897 0.60198236
401.53012 0.5847622
402.70233 0.5709047
403.54105 0.55567753
404.10263 0.54256904
403.9267 0.5248243
403.5282 0.5118462
402.1348 0.49920988
400.8295 0.48791575
400.62128 0.4761702
400.04272 0.45947903
398.30243 0.44768015
395.4264 0.4322864
393.46463 0.4213504
391.447 0.40969858
388.71677 0.398112
386.2491 0.3895633
383.65146 0.3807284
380.81842 0.36993626
378.41403 0.36074245
375.699 0.3489326
371.6114 0.3401305
366.104 0.3302292
359.6108 0.31806898
355.12543 0.3088696
347.71924 0.2961271
341.34564 0.2873313
336.32492 0.27855393
331.95474 0.2651514
326.56036 0.25063187
320.94595 0.24148189
314.17484 0.2336861
308.15002 0.22501163
302.65805 0.21563345
297.64142 0.20552787
291.9714 0.19566229
284.47635 0.18395321
278.54758 0.1723688
271.6701 0.15443805
267.25647 0.14561203
262.87366 0.13651738
256.42197 0.12428449
250.98257 0.11091407
245.7198 0.1011048
238.71687 0.09141375
232.55978 0.08518907
227.08556 0.0739798
220.89738 0.061331287
215.8239 0.054750707
210.9926 0.046493903
205.64946 0.03794835
200.58188 0.028890923
194.82274 0.019564992
190.54132 0.013373007
185.79785 0.004378631
180.78893 0.0030397957
176.53873 -0.0025470133
170.559 -0.008494831
164.56555 -0.013317818
158.58818 -0.020137152
152.60889 -0.022591213
146.63896 -0.030327648
140.69125 -0.038716696
134.9858 -0.047763526
130.62552 -0.049359147
124.7777 -0.051674422
119.78667 -0.05382953
114.80392 -0.056168262
108.81411 -0.059263643
104.82039 -0.06152442
99.120125 -0.06506748
92.16044 -0.06998893
87.90464 -0.07338332
81.871765 -0.06991448
77.82133 -0.07003471
72.517006 -0.054454133
67.67486 -0.065751724
62.725697 -0.04296261
58.589466 -0.041795433
53.67215 -0.012750463
48.69229 -0.00923457
43.94737 -0.010231644
38.69897 0.014201386
33.714745 0.016301025
28.004683 0.055332094
23.761284 0.065226525
19.653831 0.07888409
13.571815 0.114365585
8.138771 0.19146258
4.209549 -0.7294262
6.028613 -1.7372266
11.319183 -2.1548858
16.091192 -2.2702518
20.806627 -2.3746347
26.726463 -2.3803957
33.164978 -2.3570247
40.234753 -2.339281
45.724155 -2.3258307
52.102116 -2.315954
58.48125 -2.3082306
66.08311 -2.3030226
72.41627 -2.31742
78.82297 -2.3070998
84.496925 -2.2938235
91.63781 -2.2869146
97.38371 -2.2764487
101.92172 -2.2660868
108.907845 -2.25884
114.977715 -2.2409205
123.37559 -2.235721
127.96425 -2.2289302
132.3343 -2.2142992
136.75859 -2.2058642
142.17134 -2.1889865
145.63708 -2.1721623
150.42577 -2.150479
155.04323 -2.1463852
163.05739 -2.1400619
167.14467 -2.1280065
172.62134 -2.1016352
178.22491 -2.0832758
185.27629 -2.0789952
192.36688 -2.0703733
196.19942 -2.0610735
202.5566 -2.048702
208.88182 -2.0342753
214.47725 -2.0212781
219.51671 -2.0152378
224.35185 -2.009912
230.69438 -1.9970369
237.48393 -1.9805475
241.99379 -1.9714478
246.58078 -1.9635817
250.30836 -1.9574195
254.9541 -1.9500122
263.11517 -1.9376818
267.67917 -1.9311378
272.6446 -1.9242845
277.3626 -1.9180151
282.07336 -1.9119781
286.98395 -1.9059091
293.1576 -1.8957366
297.71097 -1.8863219
303.64056 -1.873766
309.95807 -1.8633394
314.6767 -1.8555175
319.95923 -1.8474425
324.22626 -1.8373159
329.70953 -1.8265111
336.07715 -1.8138989
342.1771 -1.8055776
346.01337 -1.7996576
349.5249 -1.7897071
352.77823 -1.7717386
356.44916 -1.7616417
359.90622 -1.7510294
365.03824 -1.7343172
367.89285 -1.7203375
373.4107 -1.7068197
378.54886 -1.6921763
382.60977 -1.6746333
383.70917 -1.6635728
384.85757 -1.6500304
386.4887 -1.6367404
387.5269 -1.6245909
388.46268 -1.6111302
390.07922 -1.5961003
392.65887 -1.5796989
390.3357 -1.5674404
388.7007 -1.5540941
389.3728 -1.5366627
388.70465 -1.5262599
387.78912 -1.5132667
386.47394 -1.4957106
385.64786 -1.4826288
384.0696 -1.4708129
381.8443 -1.457398
380.22342 -1.4436754
378.31717 -1.4271128
374.39874 -1.4121206
371.0095 -1.3969737
366.2098 -1.3780367
361.18338 -1.3633016
357.10114 -1.3502196
352.81198 -1.3279488
349.9929 -1.3133358
344.9694 -1.3034768
338.72498 -1.2922089
333.52936 -1.2815076
330.05338 -1.2720226
325.89282 -1.2617036
320.80994 -1.2500811
315.06885 -1.2373505
311.5962 -1.2300209
304.1555 -1.2205328
298.67236 -1.2102464
292.3842 -1.2021252
286.91586 -1.1910062
279.7232 -1.1807208
273.2775 -1.1710037
266.6241 -1.1604356
261.1473 -1.1512932
254.09673 -1.1388837
246.82982 -1.1252701
238.29968 -1.112783
232.73682 -1.1009651
226.27333 -1.091388
217.50803 -1.0795047
212.33641 -1.0677212
207.46526 -1.06028
203.80252 -1.0501864
197.8979 -1.0388592
191.93564 -1.0326418
183.1339 -1.027857
177.16698 -1.0207026
171.9063 -1.0154694
167.22519 -1.0122303
159.76564 -1.0105848
154.73555 -1.0074294
146.40388 -0.99558485
138.49239 -0.9777388
130.33229 -0.9609793
124.35123 -0.9393287
115.73422 -0.9462708
108.466545 -0.9437282
101.3017 -0.94099057
93.901375 -0.9362789
86.071915 -0.92705315
77.525795 -0.9406954
67.7222 -0.9446871
61.726406 -0.93437827
55.323772 -0.91602236
49.2539 -0.8779299
43.98124 -0.83671814
37.593754 -0.8177441
30.707233 -0.8305047
25.05514 -0.84063697
17.951515 -0.78366596
12.995734 -0.63182664
9.12429 -0.29817286
7.8430567 0.30091625
9.106235 1.1484238
13.379307 1.4585867
17.367832 1.6571612
24.474672 1.7554785
28.975471 1.7884269
33.393444 1.8278404
38.477757 1.8468324
43.072254 1.9326041
50.12779 1.9648849
57.01315 1.9907583
63.089485 2.0037062
69.69514 2.0036037
75.95522 1.9942571
81.3488 1.9914877
90.20516 2.0204089
97.279465 2.0109441
104.78927 2.0063317
112.12112 2.015175
118.370346 2.0275383
123.90048 2.0427089
131.81139 2.0620897
138.47581 2.0679727
144.80367 2.0688493
151.29099 2.06807
157.3363 2.0689626
163.90508 2.0695572
169.23341 2.0896497
176.57227 2.1051023
183.62224 2.114929
190.0881 2.1194608
196.4468 2.1235611
204.17714 2.128963
212.96939 2.141884
219.58913 2.1550035
224.10095 2.1751492
228.95288 2.1845472
235.09648 2.192105
241.99706 2.2034357
250.36775 2.208573
257.84656 2.2150247
264.04022 2.221044
268.90924 2.2280777
275.12717 2.2371626
281.909 2.249815
287.07706 2.2609603
293.3887 2.2709093
299.3261 2.2814355
303.24545 2.2900233
309.049 2.300434
313.62967 2.3119135
317.7516 2.3213818
322.62048 2.33295
326.26358 2.340185
331.3358 2.35159
335.06363 2.3595657
340.7169 2.3708584
345.182 2.3773472
348.1091 2.3873475
350.5383 2.3977196
355.53226 2.4105697
360.0188 2.4216897
362.55783 2.431455
365.22668 2.444041
368.7142 2.4527645
371.49963 2.4650266
374.0324 2.4746575
377.3515 2.4849112
380.08618 2.4962707
382.3488 2.51122
384.21964 2.526752
386.24042 2.5453746
388.47525 2.5647924
390.40475 2.5808554
391.89825 2.5952067
394.29565 2.6084628
394.34793 2.6247337
394.92346 2.6429636
394.76193 2.6576617
395.0342 2.6694834
394.33524 2.6799595
393.03406 2.692477
391.86533 2.7107534
389.48895 2.7242253
387.56125 2.7355886
385.02097 2.7444596
383.01932 2.7571108
379.96286 2.7701952
376.44482 2.7814105
373.65112 2.7920885
371.88242 2.8053808
369.4019 2.8165793
366.43716 2.8255198
359.80692 2.837594
355.46304 2.8484976
352.25485 2.857961
347.93692 2.8712606
341.22852 2.8853536
335.7072 2.8950038
327.90915 2.9092898
321.977 2.927217
316.86682 2.9383337
310.96298 2.951525
304.9888 2.9670365
298.57373 2.9776464
293.28546 2.9823248
287.92157 2.989107
282.538 2.9969099
276.60864 3.0083613
269.15988 3.027072
263.77365 3.0399332
257.62558 3.053163
251.11224 3.0668194
244.99777 3.073106
237.04898 3.0835056
229.90009 3.094776
223.64119 3.0989108
216.85413 3.1011534
209.75569 3.114106
203.48718 3.1290705
198.7523 3.1388276
193.73775 -3.1301615
187.97983 -3.1143334
181.87709 -3.1019194
175.96284 -3.089157
170.0539 -3.0801508
165.91135 -3.0725791
159.305 -3.057129
153.21416 -3.0472138
146.57199 -3.0360703
139.73717 -3.0236907
133.57837 -3.0182276
127.00616 -3.0038698
121.05444 -2.9970522
114.92045 -2.9892786
108.22958 -2.9797819
102.27813 -2.9603522
98.22999 -2.952795
92.67817 -2.9413362
86.63694 -2.9364405
81.29273 -2.9254239
76.651085 -2.9254732
71.316734 -2.9233954
67.31727 -2.9102025
62.167145 -2.9200149
58.110443 -2.9082043
50.260574 -2.9073567
45.92426 -2.9071999
38.676575 -2.9419134
33.019737 -2.9995506
28.800205 -3.0490737
22.921776 -3.1123674
16.978867 3.0502484
11.240632 2.7733011
8.168233 2.3083775
10.454448 1.7369767
11.807967 1.35773
11.807967 1.35773
