Finger
13
173.29893 2.6323633
173.33928 2.5692668
173.8271 2.542219
174.49405 2.516656
175.82732 2.4855323
175.88799 2.4436188
176.13712 2.4053676
176.528 2.3698123
177.94356 2.3444963
180.91724 2.3134696
182.57242 2.2905347
184.87303 2.262018
187.8504 2.2320204
191.73859 2.1983418
194.66841 2.1748157
198.3331 2.1502051
201.66675 2.1276371
205.0554 2.1104662
207.7263 2.081827
211.35449 2.0561843
215.76045 2.0351133
219.59383 2.0162141
223.77356 1.992612
226.16019 1.9638877
229.38553 1.9405487
231.55046 1.9127008
233.78787 1.887892
237.07974 1.8596327
239.72806 1.8234675
240.60484 1.7990016
242.94159 1.7784138
244.48364 1.754673
246.49878 1.736637
247.69252 1.7154664
248.37357 1.6982946
248.71605 1.6753932
249.98065 1.654856
250.6468 1.6376612
251.62782 1.6174836
251.41367 1.5926471
253.12515 1.56972
254.4058 1.5500938
254.55003 1.5312773
254.86966 1.5070066
253.2819 1.4903029
252.61961 1.4706408
252.0691 1.4540893
250.7031 1.4338528
249.68782 1.413067
248.69777 1.3890051
248.43065 1.3684053
245.2779 1.3439089
242.82542 1.3239878
239.64342 1.3013467
237.52576 1.2805427
235.60309 1.2539454
232.66592 1.2248163
230.16579 1.2011234
227.39963 1.1726651
224.00125 1.1516409
220.75777 1.1295888
217.29187 1.1021594
213.30298 1.0728797
210.37454 1.0419717
208.29024 1.0193179
204.95126 0.98616606
202.08055 0.96326673
199.81432 0.9445055
196.35205 0.9238478
194.41725 0.8967348
192.78014 0.8645341
189.7006 0.82943517
187.25725 0.80268544
185.33044 0.761908
184.0595 0.7223557
182.32455 0.6946022
181.374 0.66961855
180.3372 0.63840747
180.40639 0.6056819
180.12076 0.57341677
182.24821 0.5210007
184.57674 0.49070877
186.41582 0.4597539
188.79114 0.42431745
192.10245 0.388289
194.5766 0.36106497
198.0528 0.32372546
201.58752 0.29704532
205.28285 0.27111128
208.82745 0.2517038
211.4619 0.22780511
214.78233 0.2087705
218.42888 0.1842528
221.92241 0.16299574
227.04124 0.1348603
231.38177 0.11175412
235.33704 0.09802499
240.34288 0.074106775
243.33817 0.05669386
247.1281 0.038623348
250.75423 0.020056562
254.92471 -0.0017638393
257.96774 -0.019120097
261.2281 -0.035725214
264.06546 -0.05470585
266.93185 -0.07570455
269.32288 -0.09276871
271.843 -0.11125583
274.65097 -0.13478932
278.3916 -0.15840743
281.9665 -0.18502909
283.34644 -0.2094579
286.31754 -0.23939316
287.7314 -0.25875872
289.76154 -0.2747511
292.19162 -0.29114684
295.1659 -0.3094199
298.07755 -0.33100343
301.0024 -0.35582605
303.8862 -0.3805411
306.5513 -0.40171465
308.53726 -0.41660604
310.99686 -0.43413237
313.233 -0.44928315
314.4726 -0.46453053
316.8513 -0.47929493
318.17337 -0.4938924
320.57196 -0.50761527
319.905 -0.527733
319.107 -0.5539058
319.49103 -0.57913357
319.20694 -0.6002708
319.10788 -0.6216707
319.0258 -0.6410953
319.62704 -0.65651894
318.33844 -0.67552716
316.4033 -0.6968547
315.0621 -0.71595985
314.20892 -0.73219544
313.74243 -0.7551956
313.6103 -0.7777
312.22458 -0.8003165
311.68564 -0.82127976
310.8365 -0.8476416
308.42975 -0.8664212
306.7944 -0.8841351
304.56174 -0.90236306
303.53848 -0.9174477
301.89615 -0.94129086
300.4357 -0.95504946
298.4689 -0.974835
296.8719 -0.9903896
295.4041 -1.0042827
292.23947 -1.0215427
289.51276 -1.0439538
287.52008 -1.0559932
285.11597 -1.0711017
282.38864 -1.0890906
279.22882 -1.1112065
276.95474 -1.1280853
273.52774 -1.1463366
271.115 -1.1664784
267.87912 -1.185658
265.68716 -1.2065494
263.09943 -1.2220001
261.34964 -1.2409027
258.51733 -1.2615949
256.76898 -1.2836748
253.46538 -1.3045418
250.72177 -1.3262143
248.35924 -1.3487318
246.1384 -1.371401
244.0385 -1.3946488
243.05392 -1.4190874
242.35078 -1.4394178
241.63654 -1.4640934
241.05032 -1.4899131
238.76913 -1.5133612
237.39018 -1.538274
239.05249 -1.5594058
240.28458 -1.5844209
241.41975 -1.6070026
242.67867 -1.6294932
242.11005 -1.6545426
242.68423 -1.6791302
243.274 -1.6995121
246.09177 -1.7226468
248.05428 -1.7459459
249.41216 -1.774424
250.42154 -1.7931008
251.08885 -1.8211689
252.36609 -1.8402482
255.94498 -1.8607874
258.3693 -1.878199
260.24426 -1.9001371
261.9101 -1.9182663
262.6201 -1.9364496
264.84073 -1.9577584
267.14563 -1.9784088
268.86017 -1.9929338
271.69714 -2.0156114
273.59055 -2.0299158
275.77536 -2.0456905
277.1296 -2.0627968
279.34653 -2.084729
280.0806 -2.1021261
283.09717 -2.1213756
286.1743 -2.1386485
289.6603 -2.1572437
292.24213 -2.1704104
294.6173 -2.1821043
296.98816 -2.1934035
299.6866 -2.2058394
301.34933 -2.2237694
302.0222 -2.2459285
302.69492 -2.271074
304.787 -2.2991252
306.35934 -2.3226361
307.11664 -2.3501716
307.66812 -2.3778882
309.7017 -2.4031856
312.3506 -2.417634
315.27676 -2.4400485
315.43384 -2.4602377
316.74094 -2.480455
317.9024 -2.5069492
318.12 -2.5251732
317.57944 -2.5409415
318.9091 -2.5595548
321.5151 -2.578757
321.3837 -2.6032393
321.54333 -2.622279
321.71265 -2.6404133
320.22147 -2.6556168
319.14536 -2.6740842
317.3685 -2.68705
318.87955 -2.7120566
317.55582 -2.7307959
316.16205 -2.7492175
314.8238 -2.7682233
313.61646 -2.787244
311.11295 -2.8021295
309.3463 -2.8164036
306.60266 -2.8331664
303.80328 -2.8518052
300.1637 -2.8724253
297.93387 -2.8980052
293.8331 -2.9156065
290.98062 -2.9275846
285.48837 -2.9518673
282.12848 -2.978311
279.86777 -3.0022094
278.3051 -3.0172021
271.9266 -3.0276172
268.7223 -3.0415008
265.2758 -3.059873
261.867 -3.0809782
258.6126 -3.1003704
254.4553 -3.1193628
251.39297 -3.1358292
247.41185 3.128056
240.6826 3.1185493
235.58075 3.1062884
230.70422 3.092475
225.01726 3.0689433
219.57973 3.0397825
216.29854 3.0102677
211.97774 2.9875503
208.04895 2.9613123
202.55908 2.9402018
198.30284 2.92035
193.78452 2.8896265
190.58405 2.8542752
187.91917 2.8275228
185.28017 2.798741
183.45769 2.7677512
180.93268 2.7426772
177.07655 2.7088048
173.67143 2.6855142
171.93565 2.6491063
170.32129 2.6158056
170.32129 2.6158056
