Mouse
29
175.77171 2.607907
173.9154 2.5813527
172.74048 2.5494263
170.58228 2.5266078
170.51299 2.497292
168.56367 2.4735506
169.40459 2.4394035
169.77126 2.4099987
171.00964 2.3847778
172.35521 2.359935
174.49927 2.3396273
176.71353 2.3198204
178.33029 2.2963314
180.16628 2.2654545
182.00523 2.242942
183.93459 2.220891
185.95148 2.1993077
188.0531 2.1781974
190.79214 2.1619272
193.038 2.1417754
195.88605 2.1264434
198.77882 2.1115544
201.21391 2.0927982
203.23732 2.0701876
205.82376 2.0523493
208.02834 2.0306609
210.32867 2.009437
212.72168 1.9886817
214.81905 1.9641045
216.1113 1.9416867
217.51083 1.9195465
220.28465 1.9005413
223.13605 1.8820152
225.7751 1.8597226
228.78978 1.8421713
231.87308 1.8250817
235.25974 1.8125764
238.45651 1.7963444
241.5082 1.7764959
242.68756 1.7586771
242.95773 1.7417336
244.28569 1.7242043
244.69716 1.7074243
245.17729 1.6907053
245.7257 1.6740563
246.34187 1.657486
245.95941 1.6372324
246.72502 1.620786
246.55751 1.6045821
246.43929 1.5843033
246.41772 1.5680715
245.46127 1.5517639
245.56996 1.5354775
245.74373 1.5192097
244.98473 1.5026927
245.2894 1.4864225
245.65883 1.470197
245.09956 1.4535491
245.5996 1.4373735
245.32642 1.4166299
244.98691 1.3998686
245.69891 1.3838251
244.51517 1.3662299
242.43253 1.3475597
241.40678 1.3295661
238.5273 1.3092746
236.70898 1.2896726
234.983 1.269775
233.35141 1.2495912
231.81622 1.2291315
229.44453 1.2068628
226.44237 1.1923207
223.8746 1.1732656
220.98686 1.1579129
217.24344 1.1402442
214.006 1.117752
210.88013 1.0945809
208.74895 1.0730228
206.71675 1.0510304
202.90143 1.0345128
201.04897 1.0115181
199.30475 0.98810863
196.53853 0.9726603
194.3984 0.9525704
192.33849 0.9320417
190.36136 0.9110776
188.32765 0.8822145
185.79779 0.85679966
183.39122 0.8307006
181.83423 0.80774224
178.96051 0.78439206
176.87814 0.7643901
174.8682 0.74392
172.9332 0.72298294
171.07571 0.7015816
169.29828 0.6797207
168.39613 0.65377814
167.6085 0.6275739
167.76265 0.59776926
169.44667 0.5698455
171.26018 0.5424921
172.70808 0.51069444
174.79117 0.48453254
177.43636 0.46405634
180.15372 0.44418976
181.20999 0.4171404
183.70337 0.39338604
186.87244 0.3633554
188.31622 0.33783662
191.14098 0.3160907
194.05345 0.2949878
197.04977 0.2745178
200.84569 0.2485963
205.5283 0.21782899
209.80014 0.19871603
214.14554 0.18037225
218.72438 0.16727534
222.19862 0.15096438
226.58907 0.13019197
231.07356 0.11021747
234.74423 0.09564035
238.38393 0.07733399
242.16269 0.06370611
245.8922 0.042376
249.75389 0.025695356
251.68306 0.009602738
254.67638 -0.0062165214
256.73218 -0.021748858
259.8482 -0.03688832
264.07443 -0.0552519
266.3206 -0.06983427
269.6189 -0.083857924
271.9737 -0.097898066
275.375 -0.11128974
277.83224 -0.12479879
279.34882 -0.1385613
280.9177 -0.15217261
282.5381 -0.16563028
285.3722 -0.18175668
287.10327 -0.19483024
288.88284 -0.2077449
290.71002 -0.22049934
292.81647 -0.23641518
295.7175 -0.24798153
298.91528 -0.26255524
301.21344 -0.2777248
303.5798 -0.29266128
306.01288 -0.30736345
307.24673 -0.3197725
308.5275 -0.3320804
310.7961 -0.3431987
312.16486 -0.35526547
313.5786 -0.36722517
315.03687 -0.37907586
315.61453 -0.39202267
317.55847 -0.40657386
319.16147 -0.41808528
321.224 -0.43231055
323.35074 -0.4463515
325.09747 -0.45745027
325.99185 -0.46981403
327.82214 -0.48069397
327.92883 -0.49432993
328.9706 -0.506476
329.69046 -0.52268124
330.84457 -0.5346664
331.19196 -0.54813594
330.7533 -0.56318486
331.77386 -0.57914686
331.48987 -0.59419966
327.9268 -0.60526276
327.77374 -0.62050664
326.8928 -0.63757765
326.10767 -0.6547359
326.20215 -0.6700635
325.59964 -0.68732256
326.62073 -0.700674
326.19077 -0.7179548
327.34445 -0.7311777
325.72894 -0.74394864
324.85452 -0.7590828
323.3565 -0.7720841
322.6214 -0.7873965
320.5267 -0.7984403
319.19638 -0.811789
317.1894 -0.82310826
315.22357 -0.8345702
313.2997 -0.8461745
310.66272 -0.8558153
307.4079 -0.8680974
304.97226 -0.8827281
303.22742 -0.8950127
301.52887 -0.9074376
299.27264 -0.9226598
299.29123 -0.9393666
297.7617 -0.9521927
295.46008 -0.9632224
293.19498 -0.9744238
291.80145 -0.9876906
290.45978 -1.0010824
288.32187 -1.0127648
288.7917 -1.030016
287.61682 -1.0437292
285.62573 -1.0558332
283.19666 -1.0711997
281.30228 -1.0836816
279.45233 -1.0963308
277.20367 -1.1123763
275.4569 -1.1253988
273.3401 -1.1419071
271.701 -1.1552962
270.11118 -1.1688453
268.57156 -1.1825523
266.7189 -1.1999043
265.29532 -1.2139571
263.59036 -1.2317319
262.28708 -1.2461146
261.03857 -1.260638
258.8892 -1.2741728
256.78796 -1.2879318
255.70041 -1.302954
254.671 -1.318101
253.70052 -1.3333676
252.7896 -1.3487477
251.7357 -1.3681234
250.96114 -1.3837365
250.24812 -1.3994424
248.6093 -1.414611
247.88075 -1.4345378
247.36916 -1.4505588
246.9213 -1.466642
246.53754 -1.4827795
246.21817 -1.4989631
245.96344 -1.5151844
245.73624 -1.5355014
245.61064 -1.5558475
245.58679 -1.5762061
245.64099 -1.5924904
245.8003 -1.6128289
246.00084 -1.6290753
246.2662 -1.645291
246.59616 -1.6614676
246.99048 -1.6775967
247.44884 -1.6936703
247.97087 -1.7096802
249.54428 -1.725001
251.17552 -1.7401261
251.88048 -1.7557802
252.64679 -1.7713431
254.66615 -1.789802
255.79901 -1.8088828
256.77182 -1.824022
257.803 -1.8390435
260.13235 -1.8565592
261.58582 -1.8748991
262.81125 -1.8894213
264.4202 -1.9073799
266.11337 -1.9251156
267.5275 -1.939139
268.99365 -1.9530122
269.58865 -1.9681631
271.1617 -1.9817655
272.78436 -1.9952085
274.88104 -2.0117853
276.61203 -2.0248628
278.38974 -2.0377755
280.21326 -2.0505223
282.08173 -2.0631022
284.86996 -2.0738173
286.81967 -2.0860362
288.8116 -2.0980883
290.84494 -2.1099734
292.9188 -2.1216922
295.0323 -2.1332445
297.7286 -2.1474516
299.09662 -2.160486
300.51498 -2.1733992
302.56137 -2.188888
304.08853 -2.2015145
305.6637 -2.2140126
307.2861 -2.2263806
308.17047 -2.2406266
309.89276 -2.252749
310.89197 -2.266793
312.71115 -2.2786598
313.8225 -2.2924879
314.25262 -2.3083508
315.49167 -2.321998
316.06824 -2.337726
318.13687 -2.353406
318.86862 -2.3689353
319.6769 -2.38439
321.23764 -2.3974683
321.52075 -2.4150484
322.555 -2.430239
323.66318 -2.445329
326.25113 -2.459862
326.09833 -2.4751842
327.42365 -2.4899387
327.42105 -2.5052097
328.89008 -2.519774
328.21536 -2.5332298
328.42905 -2.548445
327.8815 -2.5619707
327.39413 -2.5755394
326.11642 -2.5875366
324.0297 -2.5980344
322.84088 -2.610241
320.83264 -2.6209898
318.86188 -2.6318727
316.92938 -2.6428897
315.03583 -2.6540403
313.18192 -2.6653247
317.6894 -2.6584642
317.63376 -2.6725416
316.7431 -2.6852336
315.90378 -2.6979952
315.11612 -2.7108228
313.46692 -2.7224178
311.46536 -2.7370818
309.9129 -2.7489471
308.4045 -2.7609303
307.51614 -2.7772348
306.11356 -2.7894442
304.75702 -2.8017645
303.44714 -2.8141928
302.18457 -2.826727
300.96985 -2.8393643
299.80356 -2.8521018
298.6863 -2.864937
297.61862 -2.8778663
296.60104 -2.8908865
293.69067 -2.9023912
289.84576 -2.9133468
285.06012 -2.92384
281.28568 -2.935421
278.53125 -2.948008
275.6438 -2.9644136
272.99365 -2.9775457
271.3802 -2.9914858
268.82938 -3.0050857
267.32172 -3.0194013
265.86948 -3.0338762
264.47357 -3.048507
262.13788 -3.0629914
259.79633 -3.0815742
257.5891 -3.0966098
256.4407 -3.1120174
253.3539 -3.1274493
250.32889 3.1399276
246.34041 3.1317816
242.3891 3.1192431
238.41492 3.114675
234.47968 3.1056893
230.564 3.0963976
226.6689 3.0867858
222.73302 3.081319
218.8722 3.071097
215.03505 3.0605087
211.2229 3.049537
215.49765 3.0373807
217.93552 3.0200799
214.49615 2.9993072
212.139 2.9786353
208.70992 2.9613416
207.50386 2.9406476
205.41231 2.9186497
202.21051 2.899806
198.37877 2.8741915
195.63957 2.8490674
192.71667 2.8281748
188.93631 2.8049088
185.978 2.770645
183.3867 2.74749
180.89653 2.7236843
178.51172 2.6992285
175.34436 2.6715558
173.19504 2.6456497
170.66797 2.6241882
170.66797 2.6241882
