Finger
26
125.17319 1.8998501
133.22409 1.8574963
136.99614 1.8418514
140.6211 1.827228
144.46716 1.818753
150.66687 1.8083491
154.93153 1.796494
161.7224 1.7855042
168.37048 1.7708455
174.05031 1.7583891
179.96875 1.746511
183.91583 1.7427019
190.56526 1.7366469
197.20389 1.7218908
203.01743 1.7124852
209.77322 1.7021036
214.72273 1.690625
219.95023 1.6659504
225.85555 1.6492022
231.62491 1.6342715
236.4516 1.6219777
240.3595 1.6106848
246.01848 1.5939493
251.97314 1.5814874
257.15704 1.5618722
260.02014 1.5342982
256.9456 1.5151783
254.06175 1.4960352
249.74979 1.4814978
243.00046 1.4699284
237.73349 1.4634613
233.05316 1.4505123
228.5371 1.4459215
222.52621 1.4380033
215.6041 1.4337134
207.86888 1.4285783
201.19154 1.414658
196.50002 1.4048477
189.62529 1.3987724
183.49625 1.3929663
176.78111 1.3861349
169.93147 1.3786004
163.67557 1.371157
159.18315 1.3590304
152.58073 1.3430039
147.15237 1.3274565
142.81094 1.3069861
140.63177 1.2730733
144.60373 1.2438347
148.24373 1.2198273
152.70677 1.2000695
159.33656 1.1818373
165.63419 1.1659838
172.19862 1.1507878
177.91275 1.1343098
184.15717 1.1260766
188.60353 1.1137786
195.75085 1.0975797
202.02252 1.0912491
207.04057 1.086585
212.79724 1.0822482
217.97006 1.0783861
225.21574 1.074703
234.62527 1.0722023
243.50864 1.0649799
252.33728 1.0525619
259.22415 1.0448118
264.73907 1.0392925
272.71097 1.0317216
281.0244 1.0238681
289.28827 1.0169588
298.0037 1.0080272
306.09802 0.9976999
309.69635 0.98667747
316.25266 0.9813157
324.28638 0.9719722
332.58722 0.9634449
338.52707 0.9523978
345.84528 0.9440945
353.8176 0.9360343
359.99808 0.9264932
364.14786 0.91822225
369.1821 0.9127796
374.76123 0.9032671
380.36258 0.89219975
384.3295 0.88366866
387.53137 0.87447894
389.76334 0.8641081
391.8112 0.85228884
391.7974 0.8316022
389.87183 0.8211418
386.6551 0.8051399
383.90845 0.7938377
380.2117 0.78423214
376.1192 0.77705985
371.10098 0.7670974
365.64264 0.7586788
360.0836 0.75041187
354.53894 0.7418848
349.03854 0.73309016
342.92502 0.7263567
337.2316 0.72075665
331.17242 0.7135622
325.00516 0.70566493
319.9737 0.69774514
315.2379 0.6896507
309.91452 0.68299747
303.04047 0.67597175
296.9174 0.6674021
290.26193 0.65488356
284.43613 0.6395894
278.59882 0.62325644
274.4362 0.6082331
270.6672 0.5945577
266.51657 0.5780124
263.98172 0.5573494
263.09317 0.53713197
262.61865 0.51762533
265.92905 0.49632183
269.47928 0.4800537
272.65372 0.4623926
275.8363 0.45226878
279.28485 0.43999445
282.98178 0.4319082
288.50006 0.41363364
292.24695 0.40305564
298.2092 0.3903107
302.61655 0.3807669
305.67612 0.37001404
312.91895 0.36078686
317.75354 0.3550524
321.69193 0.34444672
326.08542 0.3390893
329.517 0.32951868
335.13068 0.32014677
341.01117 0.30674142
346.7156 0.30304375
351.01608 0.2962377
355.36908 0.28956577
359.22516 0.28347066
363.99506 0.27252245
370.7518 0.2660357
375.35074 0.25884044
378.8576 0.2522697
383.2416 0.24639702
386.78827 0.2290604
388.00443 0.2155421
390.024 0.20290908
389.26016 0.18994081
384.89594 0.17486595
380.37323 0.15974
377.1743 0.14830971
370.38828 0.12987365
365.80215 0.11772585
361.35883 0.10742559
355.07666 0.10020878
349.0556 0.093961395
343.74197 0.09184143
337.9608 0.090447724
332.5437 0.08589192
327.43076 0.08185365
323.33893 0.07903976
317.22073 0.074248776
311.32224 0.0692222
305.2239 0.06480594
299.17752 0.06276689
294.09708 0.059663035
289.7779 0.05364556
284.63458 0.051496204
279.95807 0.048381213
274.6322 0.04203569
269.5722 0.03540623
265.5414 0.033038005
259.7379 0.026112663
254.47382 0.021794356
249.46649 0.018225692
242.70293 0.015597479
236.4409 0.0075212754
229.70195 0.0023924962
222.69669 -0.0020190973
215.69365 -0.0067172283
208.7056 -0.0069421437
200.75935 -0.015966063
194.80434 -0.026731787
188.83237 -0.032903355
182.87979 -0.039442495
176.95895 -0.046347503
170.96107 -0.04940807
164.75294 -0.051271442
158.82666 -0.059487484
152.70206 -0.07171344
147.00314 -0.077907324
141.78566 -0.08078033
136.25063 -0.098798834
132.46416 -0.123498924
130.52847 -0.16107124
132.89134 -0.19637926
137.58658 -0.22206184
141.31604 -0.24606505
145.0732 -0.2732522
151.60893 -0.29541096
157.59549 -0.31054255
163.13872 -0.31414643
170.1432 -0.32385567
175.4695 -0.32948834
180.96872 -0.33295625
185.72452 -0.3369479
191.28236 -0.3427308
196.3251 -0.34694573
201.26004 -0.35455924
207.42152 -0.36166635
215.14941 -0.38048494
223.60185 -0.3966419
231.52051 -0.4138978
236.06363 -0.4245904
241.11797 -0.44184488
245.87088 -0.46315747
250.19144 -0.48598146
250.62093 -0.5049159
248.39035 -0.5266568
243.28737 -0.5412908
238.91058 -0.55726177
234.79198 -0.57703906
231.93352 -0.59161025
227.80429 -0.60383964
224.72523 -0.62283665
220.84932 -0.64257896
216.07555 -0.6592215
209.18372 -0.6788579
202.38887 -0.69977814
196.43343 -0.71880716
190.07466 -0.73611546
182.17479 -0.75335866
173.62373 -0.7680627
166.5153 -0.7758509
160.19112 -0.77337104
154.3368 -0.7716719
147.79889 -0.7745455
140.19505 -0.7803419
135.79106 -0.79961276
135.95366 -0.8581773
140.37086 -0.8804545
145.61362 -0.8891846
149.25566 -0.9033679
155.62326 -0.9151313
161.32071 -0.9248162
168.13924 -0.9329976
174.73326 -0.94674057
179.76448 -0.95814997
185.27016 -0.97237724
188.79834 -0.9850642
195.13684 -0.9959676
201.33382 -1.0083318
206.01259 -1.0127656
213.02606 -1.0222033
217.32993 -1.0274539
224.53532 -1.0325631
231.40797 -1.0353245
237.84926 -1.0367559
246.77383 -1.0393124
254.67967 -1.0484568
258.65363 -1.0528218
263.67194 -1.0581014
269.30853 -1.0583023
276.89346 -1.0612614
281.46664 -1.0663245
286.3198 -1.0716999
291.19443 -1.0769042
295.48242 -1.0808016
302.24704 -1.0879848
308.90875 -1.0956234
316.70575 -1.108249
321.14172 -1.1151248
325.63647 -1.121878
329.52057 -1.1275486
334.27985 -1.134297
339.72012 -1.1417549
346.09366 -1.1501632
352.09854 -1.1608744
357.8871 -1.1709235
362.34338 -1.1790999
366.60876 -1.1868407
372.08096 -1.2028638
375.7524 -1.2176812
378.64017 -1.2381973
379.5136 -1.2501338
379.212 -1.2610689
377.43433 -1.2761416
375.3304 -1.2855915
371.7716 -1.2994635
367.7985 -1.3105911
365.15265 -1.3249525
362.94116 -1.3382772
359.1324 -1.3500304
354.63867 -1.3604442
349.23697 -1.3729246
344.3681 -1.3848476
339.36926 -1.4000282
332.48395 -1.4147147
326.92838 -1.424443
321.41614 -1.4344802
316.9274 -1.4424483
310.75116 -1.4491788
306.4257 -1.4573144
301.21402 -1.4628246
296.26376 -1.467794
289.93588 -1.4785553
285.4497 -1.487652
280.5809 -1.4990859
275.9857 -1.5101659
270.74042 -1.527447
266.61987 -1.5389501
262.44553 -1.5456111
259.2486 -1.5678217
261.02515 -1.5870379
263.14737 -1.6058767
267.36707 -1.6240404
270.9761 -1.6445783
277.3159 -1.6591477
282.29984 -1.6677855
286.7966 -1.6754603
291.84875 -1.6847674
298.2956 -1.6958354
303.76562 -1.706824
310.13696 -1.7202445
314.95917 -1.7307624
320.56287 -1.7406273
327.33466 -1.7525585
332.6757 -1.7610192
337.6749 -1.7710043
343.30353 -1.7818241
349.5335 -1.7933103
353.8449 -1.8050437
359.63446 -1.815514
363.05823 -1.8273472
366.05408 -1.8368579
368.3183 -1.8488343
372.05167 -1.8593343
373.4742 -1.8763796
374.01886 -1.8895997
374.28296 -1.9029285
374.55634 -1.9162552
373.95193 -1.9293057
370.03015 -1.9502535
366.28552 -1.9631697
361.89163 -1.9749846
357.07153 -1.986066
352.10236 -1.9962304
347.33224 -2.002462
342.12836 -2.0094798
336.71054 -2.0170426
331.97998 -2.0238712
326.38937 -2.028813
321.46088 -2.0329113
317.6588 -2.0388818
311.79202 -2.0422082
306.98312 -2.049199
302.08322 -2.0538921
297.01935 -2.0628564
290.80087 -2.066529
284.56674 -2.0704
279.88074 -2.0714076
273.59317 -2.0727162
266.4675 -2.0787787
258.75287 -2.0809062
251.45744 -2.0880506
244.75235 -2.0895524
235.85484 -2.0831885
228.5325 -2.0861754
220.60626 -2.0961556
213.31075 -2.1051378
206.51215 -2.1133988
197.72444 -2.1107526
190.796 -2.1186407
182.03851 -2.1240659
174.28539 -2.131361
168.14857 -2.1402512
161.79543 -2.1361146
155.44035 -2.1316333
148.99025 -2.1350155
143.69778 -2.141866
139.40147 -2.1508746
136.07346 -2.166987
132.15291 -2.1872585
130.27873 -2.2296982
130.43312 -2.2694721
132.49594 -2.3048549
134.74638 -2.3339703
137.71057 -2.356217
142.48834 -2.3698196
146.97572 -2.3898501
152.54976 -2.4059556
156.29636 -2.4189527
162.5152 -2.4301379
167.61238 -2.4405603
172.06236 -2.4527943
177.17737 -2.4619186
181.33076 -2.4732916
187.54236 -2.4807692
194.24716 -2.4928687
200.24886 -2.5030298
205.59554 -2.5109444
212.99475 -2.5210397
216.93858 -2.5311663
221.607 -2.5355885
227.66685 -2.5479643
232.2735 -2.5535526
235.75374 -2.5658917
239.31775 -2.5755274
241.59102 -2.5995538
241.3952 -2.6278784
239.86058 -2.6480527
237.53035 -2.6666105
233.10928 -2.6767352
226.8493 -2.67697
220.77747 -2.678436
214.1021 -2.6888723
208.09937 -2.7014394
202.01021 -2.7133763
194.70752 -2.731317
186.20906 -2.7464395
179.10902 -2.7541697
172.71887 -2.753262
167.93784 -2.751258
161.98502 -2.7642646
155.51643 -2.7823308
147.84305 -2.8060365
143.54373 -2.826071
139.34737 -2.8529308
133.1773 -2.8782353
128.98334 -2.9034557
132.79337 -2.939293
138.05399 -2.9618497
142.86815 -2.983049
150.09557 -3.010013
155.86597 -3.0230365
162.88953 -3.0388668
168.99623 -3.0501144
173.37155 -3.0582142
178.26935 -3.0661323
183.439 -3.0737233
188.06596 -3.0807197
195.9692 -3.0920455
203.15672 -3.1000195
209.09496 -3.1059833
215.0404 -3.1150258
222.72754 -3.1216273
230.67366 -3.1309798
235.65462 -3.134263
239.65376 -3.135547
246.63686 3.1404886
252.90889 3.1354687
258.91037 3.131751
266.6611 3.1255538
273.93393 3.1213467
279.94662 3.1182115
285.95898 3.1152077
292.8015 3.1098166
300.0727 3.1064548
307.91245 3.0984027
313.53247 3.08959
318.13864 3.084069
324.84296 3.0737145
330.0256 3.061489
336.4238 3.0522218
341.22516 3.0438912
345.7846 3.0386815
349.82593 3.0270388
353.57166 3.016736
358.06998 3.0064063
362.5878 2.9969594
367.45316 2.9823625
370.2421 2.9699023
372.35175 2.9572425
374.6216 2.9468534
376.2632 2.9321404
377.11743 2.9217386
378.46616 2.9063227
378.75742 2.8922167
377.3056 2.8782363
376.43964 2.8665876
372.5481 2.85457
367.89835 2.8402007
363.3242 2.827599
358.65683 2.813833
355.3155 2.8046803
350.60437 2.79997
345.55283 2.7916908
339.6786 2.7853727
333.6389 2.7762358
326.2755 2.7667544
321.40543 2.7607858
317.15643 2.752013
312.237 2.7420645
305.80313 2.733164
298.90027 2.7194862
294.53546 2.7090874
290.44522 2.6987722
286.3678 2.688131
282.67474 2.6748688
278.13477 2.6615407
271.94257 2.6496477
266.70224 2.6390882
263.18936 2.624156
259.4787 2.6103764
256.6899 2.5954747
255.6911 2.5659902
258.22668 2.5492382
262.05637 2.5326905
266.72974 2.5160913
271.0727 2.5049167
274.93057 2.4937487
278.89566 2.4853678
284.51114 2.4777956
289.81805 2.4718723
298.79572 2.470194
307.68906 2.4599574
315.85745 2.448262
321.99805 2.4316103
326.0279 2.421983
333.05508 2.411618
337.80496 2.4004087
343.67828 2.3892872
348.71082 2.3792088
353.07275 2.3663585
357.81482 2.3568676
363.48434 2.345205
366.53726 2.3370893
370.1371 2.32777
374.53476 2.3167348
378.48193 2.3035846
376.37997 2.2873094
374.34372 2.2748783
370.90283 2.2596562
366.78622 2.250258
362.62714 2.241947
358.59726 2.2339497
352.4217 2.224192
345.17648 2.216827
339.03067 2.2073777
335.63785 2.1994755
330.5128 2.1916149
321.0833 2.1878583
313.67886 2.1849937
305.86423 2.1770616
300.50214 2.1714432
296.36783 2.1646411
288.3211 2.1542213
282.10614 2.1464758
275.5195 2.1361392
267.93365 2.124395
259.83292 2.1122506
255.16919 2.1047812
245.96455 2.0892057
236.21046 2.0739713
230.9578 2.0618658
225.35097 2.0501351
219.5098 2.0383368
209.44144 2.0198874
200.35823 2.0029883
193.81479 1.9944212
186.86855 1.9803263
178.69104 1.9653318
173.23349 1.9535248
166.74127 1.9368914
160.31604 1.9189656
151.84192 1.8927329
144.19878 1.8716216
139.49213 1.8595527
133.86739 1.8487644
128.65324 1.8419341
122.72345 1.8311431
122.72345 1.8311431
