Finger
14
140.2548 2.826122
143.72331 2.7590227
145.82115 2.7247255
147.92543 2.6936843
152.77357 2.656138
158.13928 2.6327372
164.25648 2.6043212
169.10562 2.579853
174.00781 2.5569024
179.22331 2.5356545
183.09474 2.5224319
188.43916 2.5100763
195.22795 2.4973629
202.512 2.4824362
210.6132 2.4640224
216.76576 2.4451847
221.05603 2.4361098
229.03493 2.4274554
236.50385 2.4103265
239.99873 2.4005928
246.33804 2.3799586
249.69508 2.3705342
253.55864 2.356099
256.87042 2.34329
261.21863 2.3271942
266.50897 2.3086243
271.6674 2.286612
276.35794 2.2672236
279.0657 2.2555273
282.33957 2.2369907
285.86908 2.2185218
288.79282 2.2018352
291.8187 2.1821125
293.5743 2.165546
294.31735 2.143494
296.1262 2.1149719
295.22495 2.0979373
293.06677 2.0837376
292.1826 2.0655146
290.3586 2.0447834
289.29718 2.0234613
287.66153 2.0101073
287.79898 1.9877797
287.13013 1.9735891
286.5678 1.9589318
285.7735 1.9416908
283.65207 1.9219574
281.63925 1.9018985
280.1903 1.8865099
276.2622 1.8717686
274.98865 1.8499509
272.6454 1.8327507
270.62173 1.8187529
267.77368 1.8037375
264.83548 1.7893777
262.51205 1.7694567
258.64557 1.7489755
255.44833 1.7266322
253.8543 1.7112739
251.58597 1.6881754
250.47453 1.6653713
249.92375 1.6382614
249.6722 1.6211932
249.47295 1.6015233
251.17195 1.5782626
252.38655 1.5544522
254.38339 1.5302557
255.92412 1.5038307
259.13358 1.4846476
261.79715 1.4593494
263.71747 1.4365826
265.54214 1.4154631
268.68045 1.3908776
270.57117 1.3738889
273.2373 1.3596779
276.23538 1.3441207
278.5715 1.3270752
280.55658 1.3137374
282.68527 1.2993863
285.11176 1.2823933
287.91873 1.2624054
290.74 1.2438087
293.87173 1.2235758
296.61325 1.2082587
298.85617 1.1889619
300.93536 1.1721083
303.45557 1.152833
305.91907 1.1350561
307.4917 1.1167319
308.92496 1.1001335
309.66083 1.0831668
310.2393 1.0613165
311.1767 1.0462513
311.76666 1.0242006
310.04575 1.0056217
308.6539 0.98729587
306.9729 0.9714208
305.22595 0.9561072
301.96863 0.9372127
298.95456 0.92351866
295.70294 0.90663
292.8877 0.89138937
288.40988 0.87770814
283.80856 0.8641662
278.53632 0.84789366
273.21112 0.83550483
268.76324 0.82550144
263.97144 0.8138345
258.2462 0.8021816
252.56175 0.7871379
246.20824 0.77277243
240.09827 0.75705165
236.30836 0.74764293
230.05028 0.737403
224.06325 0.7210982
217.5181 0.69879484
210.12088 0.6788344
203.9083 0.6642589
197.81548 0.65145445
191.67143 0.63501865
186.10689 0.61217743
180.69978 0.58605355
175.97833 0.5683309
172.4223 0.54642093
168.95636 0.5236386
164.81963 0.5040749
161.0653 0.47382227
156.73897 0.44723135
153.83308 0.42220587
151.84047 0.39197072
151.8945 0.36185688
151.63191 0.3326225
153.68369 0.28887355
157.34782 0.26044264
161.69662 0.24053603
166.10239 0.22168462
170.22636 0.20122664
175.76527 0.1861183
181.58475 0.16891158
185.41795 0.16135529
190.17593 0.15208621
196.66225 0.1404398
201.83801 0.13681552
205.69998 0.12933107
209.79889 0.12199045
215.299 0.10951617
221.93687 0.09265402
228.96622 0.081041776
235.20726 0.06283789
240.03181 0.049052373
246.88803 0.035541356
251.04218 0.026073717
256.98047 0.014240329
264.70908 -8.3029876E-4
268.95505 -0.009102238
273.107 -0.01956105
278.23685 -0.037150607
284.35388 -0.054317955
288.57907 -0.06669446
295.66998 -0.081241935
303.21677 -0.093161464
309.75912 -0.109899856
315.34296 -0.1246528
319.93475 -0.13853659
324.62677 -0.15211646
328.3445 -0.1630587
333.9157 -0.17885187
340.26794 -0.1948684
344.87723 -0.21306469
346.98602 -0.22709012
348.33517 -0.24328473
349.37857 -0.255039
351.29895 -0.2657635
353.60373 -0.2775111
355.7559 -0.28829685
357.8747 -0.30763167
359.9006 -0.32488155
361.60196 -0.33857292
362.0206 -0.34997857
362.82507 -0.36381954
363.9863 -0.37958375
363.4132 -0.39575702
364.12738 -0.40907857
362.40704 -0.4240375
360.8361 -0.44736865
359.44534 -0.46474424
355.58966 -0.4803732
350.5614 -0.49432686
345.7614 -0.5109478
339.8101 -0.52760327
334.2156 -0.5416861
331.00128 -0.5546266
326.45914 -0.5668931
322.80072 -0.5778155
318.35544 -0.59072185
313.38815 -0.6013894
308.48163 -0.6123448
303.59183 -0.6237038
297.47726 -0.6353488
290.543 -0.6477553
286.8956 -0.6540533
281.23944 -0.6684953
275.26764 -0.67751336
269.894 -0.6924901
266.326 -0.6998966
260.4997 -0.7088148
254.39395 -0.72301054
247.27452 -0.73906803
241.25996 -0.7606344
237.89992 -0.77416295
234.29257 -0.7847518
231.30574 -0.7962362
225.90265 -0.80970937
220.3339 -0.8231615
215.36386 -0.83969086
211.15564 -0.8549538
206.02328 -0.8764738
203.3358 -0.89250255
201.56381 -0.9115383
200.47644 -0.9331126
199.31975 -0.95826757
197.66484 -0.981468
196.10707 -1.0028609
194.1773 -1.0260535
192.34492 -1.0549829
192.04787 -1.0793335
192.19981 -1.1089423
194.5646 -1.1433989
198.5188 -1.170269
201.71219 -1.1969194
205.13089 -1.2152284
208.80934 -1.2445841
211.24191 -1.2745019
213.96733 -1.2979084
218.2342 -1.3316344
221.24046 -1.35358
225.89488 -1.3850667
228.9841 -1.40981
233.05334 -1.4386395
235.3208 -1.4655662
236.76468 -1.4916534
238.35918 -1.5173678
239.13956 -1.5384276
242.0209 -1.5625573
244.04115 -1.5871601
244.50691 -1.6158175
244.11734 -1.6414346
243.37137 -1.6663685
242.9947 -1.6903042
242.0479 -1.715751
240.72858 -1.7343637
235.51631 -1.7552396
230.4174 -1.7770102
224.69533 -1.8005941
218.84763 -1.8257123
214.45125 -1.8600582
209.92659 -1.8863649
207.08879 -1.9061952
202.58623 -1.9349447
199.14793 -1.9522924
196.28917 -1.9706076
194.3219 -2.0015454
193.86748 -2.0354323
195.39702 -2.0617723
196.79546 -2.0853164
198.07208 -2.1065707
200.2106 -2.124298
203.49223 -2.1498694
205.97806 -2.1680746
209.99422 -2.1956387
213.54984 -2.2183676
216.14444 -2.2340755
219.33432 -2.2524726
223.07133 -2.2728634
227.48901 -2.2955208
232.89362 -2.3166716
236.6515 -2.3366275
240.66557 -2.3553674
246.68456 -2.3696947
252.55827 -2.3812752
256.89706 -2.3918517
261.47244 -2.4067318
265.19922 -2.41936
269.3373 -2.4328165
271.91458 -2.4457126
276.74905 -2.4602165
282.06717 -2.470899
286.78363 -2.4838808
291.54565 -2.496437
295.93723 -2.5148597
301.68253 -2.5296078
307.01837 -2.538857
312.1347 -2.549068
318.0313 -2.5652504
322.97632 -2.5815248
329.13632 -2.5977054
335.13287 -2.6084907
342.90588 -2.621815
349.87177 -2.633172
354.9763 -2.6435528
359.19064 -2.6585994
363.20963 -2.6717446
366.40234 -2.6909192
367.20874 -2.707065
367.86957 -2.7228093
367.53128 -2.7376196
366.78064 -2.7504282
366.31146 -2.7682211
365.09933 -2.7845364
363.0478 -2.8000057
361.08438 -2.8156445
358.50415 -2.8308346
357.01593 -2.841624
355.68402 -2.8539782
354.74408 -2.870832
353.43542 -2.887333
350.2949 -2.9026206
346.97546 -2.9180489
344.08905 -2.928865
340.86618 -2.9417527
337.94757 -2.9550545
333.38293 -2.9677277
329.59332 -2.981093
325.14767 -2.9886415
319.91138 -2.9983168
312.9121 -3.0144045
306.59128 -3.0216348
300.9326 -3.0319655
294.97058 -3.0382588
288.1085 -3.04183
281.58844 -3.0404654
276.90363 -3.0486245
271.13382 -3.056913
266.44104 -3.0675638
261.9992 -3.078814
255.46025 -3.0948339
250.27722 -3.1147788
245.49637 -3.1264305
240.45988 3.1403887
234.5148 3.1233506
230.40598 3.1175213
225.4436 3.1125576
219.91135 3.10046
215.75923 3.0927143
210.99234 3.0732563
204.16908 3.061856
198.29845 3.0530431
193.59679 3.0367517
187.98775 3.0167794
182.28964 2.9927692
178.24924 2.976746
173.87665 2.9551125
168.43137 2.9351618
163.54611 2.9132485
159.41048 2.8910725
155.19533 2.877452
150.86139 2.869674
146.62424 2.8473961
141.4806 2.8065987
138.49104 2.7759974
138.49104 2.7759974
