Stilus
53
10.156923 2.1422157
16.895802 2.0794988
22.979578 2.0819
30.369947 2.0960248
36.372364 2.0997205
41.434032 2.0876467
46.961826 2.1121306
54.829475 2.1381
60.575584 2.13631
65.510864 2.1380446
69.99723 2.1315598
75.29889 2.1187441
80.61812 2.107637
87.460175 2.0876548
92.620056 2.0932584
99.415596 2.0912666
104.07752 2.076713
109.02475 2.0597618
116.19816 2.0658839
122.01752 2.068036
127.82915 2.0699735
133.47394 2.0713758
140.60526 2.0757406
145.99283 2.0712535
150.27573 2.0659854
155.96735 2.066371
160.9098 2.0577166
166.6754 2.058972
171.14853 2.058338
175.26056 2.0538
180.96622 2.0545616
185.95998 2.0478933
191.75536 2.038158
195.78067 2.0335016
200.44975 2.0274596
206.0585 2.0248892
210.09442 2.0208066
216.62729 2.0113802
222.8346 2.0070908
228.06673 2.002275
232.12589 1.998963
238.39871 1.996166
244.48344 1.9893861
251.26279 1.988818
256.66367 1.9845479
260.73004 1.9784613
265.7066 1.9785615
272.6027 1.9776114
277.66943 1.9786462
282.04324 1.9766855
288.11502 1.973946
293.24127 1.9705827
299.15097 1.965851
304.76837 1.958975
308.21744 1.9509113
313.89407 1.943696
320.3342 1.939183
325.93628 1.9325569
330.1381 1.9301434
335.1502 1.9253495
339.7304 1.9203632
345.0654 1.9147328
350.66177 1.9066843
355.13474 1.9016205
359.6171 1.8914843
364.52768 1.8841317
367.53864 1.8703918
370.2857 1.8565308
370.07935 1.8448197
368.9478 1.8336885
367.6817 1.8205732
362.60577 1.8071245
356.59262 1.7953438
350.957 1.7879701
344.40408 1.7826226
339.38412 1.774087
333.77826 1.7604434
328.7772 1.7501004
323.00647 1.7416896
317.9042 1.7371602
313.6552 1.7355283
308.22226 1.7302489
303.31534 1.7228496
299.3212 1.7100688
293.5944 1.6952837
288.34302 1.6841838
282.92123 1.6768994
277.70828 1.6666092
272.63483 1.6592546
268.4886 1.6549603
262.22073 1.6421139
257.81412 1.6308782
252.84436 1.6171098
248.16655 1.599801
247.37303 1.5822679
248.36641 1.5616341
250.26312 1.5408609
254.13446 1.5236186
258.3746 1.506972
265.0144 1.489681
270.94635 1.4803622
275.37198 1.4708899
280.709 1.4597453
288.76547 1.4407288
294.0654 1.4293765
299.47665 1.420519
303.9884 1.4113734
311.39365 1.4048568
317.16986 1.404714
322.67 1.3987715
329.2241 1.3905522
333.26865 1.3796257
337.06845 1.3670082
342.04114 1.3574841
348.73517 1.3475707
353.43097 1.342755
357.98984 1.3313749
363.08887 1.3251349
367.93283 1.322594
368.26248 1.307886
366.52243 1.294329
363.1929 1.2850571
357.96783 1.275493
351.81284 1.2666267
346.36026 1.2616812
342.5524 1.2550634
336.2183 1.2489032
329.39032 1.2419821
324.43304 1.236764
317.67337 1.2327045
313.44727 1.2313414
307.39426 1.229947
302.45767 1.2280697
296.33603 1.2252417
290.84076 1.2220876
285.33615 1.2187963
280.30185 1.2159939
273.845 1.2140499
266.7205 1.2131008
259.8186 1.2072691
254.22318 1.1988823
249.13176 1.1908981
244.5815 1.1878647
239.04323 1.1785142
234.18686 1.1699194
229.59131 1.1614206
224.37222 1.1513056
218.15424 1.1473776
212.79858 1.146285
208.09854 1.1466185
201.4187 1.1418289
194.04057 1.1362312
187.07158 1.1265479
179.59886 1.1236278
172.82458 1.1351932
165.84564 1.1438404
158.71843 1.1511137
151.09535 1.1503646
144.585 1.14535
139.52112 1.1387081
132.33998 1.1302897
125.84241 1.114666
119.13907 1.0963144
112.316475 1.0926318
104.5044 1.0968635
98.528725 1.1069437
89.734406 1.1230141
83.762794 1.1337262
78.00903 1.1373929
71.79784 1.1326365
67.31646 1.134214
62.393105 1.1149709
57.592995 1.1193583
51.84198 1.1379291
47.875664 1.105688
41.885796 1.0871946
37.133194 1.0959077
32.689953 1.077468
27.754934 1.083996
21.939789 1.098171
28.116549 1.0408863
35.98821 0.9989705
42.1985 0.98873883
48.821484 0.9608766
54.211395 0.9318244
59.34343 0.89356774
64.35871 0.87105656
70.971535 0.8484792
78.448326 0.85573536
84.00214 0.8702457
90.41343 0.87207216
96.58399 0.8718359
101.73266 0.8624341
106.56386 0.84897983
112.83143 0.8297835
117.75194 0.8219338
124.805214 0.8198815
131.08434 0.8331718
137.63153 0.8372366
144.60667 0.84341234
150.41624 0.8422521
155.96242 0.8311667
160.8308 0.8166017
166.41013 0.8007019
172.06926 0.7981537
177.89561 0.7977437
184.09337 0.80693007
190.27435 0.7978342
197.07022 0.7965652
204.56934 0.7961643
210.20149 0.78916085
215.69627 0.77674663
219.97133 0.7640794
224.84363 0.75322783
230.63873 0.7490242
238.21506 0.74240303
246.07565 0.735163
253.6822 0.73005205
260.0701 0.7286982
266.6092 0.7280779
274.25266 0.7264858
279.65195 0.72003675
284.85294 0.71687657
289.6211 0.7082622
294.38477 0.70226
301.69046 0.69485676
308.96866 0.68783593
314.5577 0.6845177
319.56396 0.6802887
324.4184 0.6766554
328.96387 0.67384654
334.88052 0.6678374
340.82547 0.661563
346.0978 0.6588523
349.75754 0.64898163
353.75952 0.6439547
360.15567 0.6341279
364.59393 0.62520427
369.8788 0.6149291
373.8105 0.60426784
377.19443 0.59205645
377.60458 0.5751105
375.69495 0.5610366
374.29858 0.54998773
371.7148 0.5385431
369.30493 0.52751887
364.15097 0.5160066
361.6328 0.5072073
357.59738 0.49832845
351.94067 0.49096805
346.0711 0.48367912
338.21378 0.47916067
332.82315 0.47236264
327.2094 0.46563426
318.749 0.4562652
313.97702 0.446868
309.36075 0.4361691
305.59674 0.4270438
298.89478 0.42211473
292.38733 0.4077856
286.8382 0.3967774
280.84985 0.38610202
275.70193 0.37738103
270.3261 0.36590326
264.63715 0.34893724
259.4166 0.3369188
255.31248 0.32484627
255.67343 0.30078512
260.7891 0.28967428
264.63092 0.28534994
268.70905 0.28090066
272.8263 0.2736955
276.5827 0.26520148
280.04944 0.2526176
283.68048 0.23842557
287.28738 0.22735643
290.84586 0.21700814
295.1187 0.20993602
298.8522 0.2004465
304.15366 0.1910599
309.79266 0.1834258
315.59213 0.17358528
321.09402 0.16742441
326.3494 0.16160046
331.6154 0.15596133
336.63373 0.15061484
340.58783 0.1462658
344.5064 0.14128578
348.82233 0.1312054
354.00018 0.11831241
359.73047 0.11081941
363.8138 0.09858032
369.06824 0.083507225
375.70123 0.07067156
377.65833 0.057750054
374.60486 0.04025771
368.92294 0.025236143
364.3586 0.013251581
358.32327 0.0022872665
353.55847 0.0015543703
348.57672 -0.008456293
343.41452 -0.020896558
337.5513 -0.033045698
332.48444 -0.040031433
326.71872 -0.04642839
321.83643 -0.053332068
316.94788 -0.060526766
311.04138 -0.06485617
305.17746 -0.07028988
300.3726 -0.08051136
294.41888 -0.08307562
289.43735 -0.08450883
283.73083 -0.08621269
279.4142 -0.08395869
273.35797 -0.08215509
268.39047 -0.083679184
263.43628 -0.08525665
257.73615 -0.08714694
253.46284 -0.08862003
246.4886 -0.09113435
240.52852 -0.093399085
234.5464 -0.09578845
228.58727 -0.09829357
222.62302 -0.100935794
218.64053 -0.10278076
212.69244 -0.10566569
206.96211 -0.10860274
201.63 -0.111486554
196.04419 -0.11467689
190.85927 -0.11780653
186.16676 -0.12079029
181.92973 -0.12361767
175.98628 -0.12781502
171.02359 -0.13154514
166.09488 -0.13547233
161.14029 -0.13966458
156.4905 -0.14384286
151.53447 -0.14858168
146.1696 -0.1471632
140.94583 -0.14549057
134.87393 -0.13711695
128.8115 -0.13578053
123.161415 -0.14205082
117.78398 -0.14001021
111.75576 -0.13858305
105.78281 -0.14646293
100.64642 -0.13719177
96.604965 -0.13957095
90.43898 -0.13004717
84.481705 -0.123915635
78.27622 -0.12092663
71.403595 -0.108474456
64.342575 -0.100334376
59.77419 -0.10803158
55.010162 -0.08762032
48.993683 -0.07042086
42.798744 -0.041237295
36.768265 0.03417434
31.959492 0.111220956
27.9679 0.12717512
24.043682 0.19023652
19.181011 0.38895214
15.93235 0.6421783
13.012277 0.9443885
10.04765 1.2523681
8.956402 0.4688286
12.534552 0.22685122
17.869793 0.08677843
23.704184 -0.044492956
28.037052 -0.12326804
33.7686 -0.18417235
39.536022 -0.26068375
44.37552 -0.29590008
50.046223 -0.32409984
56.095932 -0.36330295
61.494728 -0.3712562
66.330376 -0.3449965
71.97996 -0.32768637
78.79566 -0.3353239
85.61449 -0.3599377
90.61021 -0.37631667
98.89225 -0.40687352
104.954926 -0.41331092
110.42143 -0.41890353
115.867615 -0.41908678
120.97107 -0.411731
126.74938 -0.41763777
131.72427 -0.42357153
138.36163 -0.4199014
146.21567 -0.4314367
151.33237 -0.4395708
157.6128 -0.45208657
164.7032 -0.46696463
170.39796 -0.47143957
177.24696 -0.48188326
183.1138 -0.49593818
189.9432 -0.4988929
194.38991 -0.4952131
198.49637 -0.48976904
205.15263 -0.48213115
212.64856 -0.48358798
218.96306 -0.4942451
226.04526 -0.51254654
231.26079 -0.52599293
237.20125 -0.53571445
243.6405 -0.5398332
248.368 -0.5383841
253.10114 -0.5352174
257.9035 -0.5343584
264.26263 -0.5397812
269.38544 -0.54692
274.26163 -0.55421466
279.98676 -0.5667908
285.15076 -0.57335156
291.4301 -0.5804693
296.97363 -0.5782881
302.2486 -0.5777996
307.86362 -0.5775144
315.19336 -0.57841486
321.8032 -0.58638453
325.9198 -0.59361744
332.45544 -0.6012243
337.57254 -0.6088334
345.5229 -0.6165768
351.45532 -0.62270457
355.52896 -0.6306494
360.48218 -0.6400121
363.8888 -0.64794767
368.39798 -0.6562216
371.28696 -0.66516197
371.44925 -0.6802363
369.94513 -0.6927425
365.91284 -0.7019236
362.29498 -0.710398
358.99496 -0.7183327
354.78323 -0.7287573
350.60516 -0.7366204
346.59564 -0.7421968
340.8526 -0.74972016
336.4603 -0.75376683
331.05612 -0.7577833
323.96765 -0.7615361
319.48764 -0.7694323
313.80264 -0.7781502
310.2567 -0.7849153
306.0357 -0.79412186
300.58188 -0.8031412
295.53915 -0.81111646
289.38284 -0.8148066
282.34683 -0.8155337
278.2449 -0.8245034
274.46597 -0.8340806
270.63107 -0.84426385
264.93893 -0.84953225
260.78 -0.85803723
257.7886 -0.87156886
254.8388 -0.88544786
251.23671 -0.89678025
247.80145 -0.9077496
244.1335 -0.9204411
241.49535 -0.9349392
242.19925 -0.95788276
246.32683 -0.9764857
249.33656 -0.9875037
253.24902 -0.99766445
259.26343 -1.0080172
263.82486 -1.0144349
268.59763 -1.0210931
273.3909 -1.0275381
278.187 -1.0337437
281.73376 -1.041223
286.22394 -1.0463547
290.95566 -1.0527296
294.76367 -1.0591524
301.14545 -1.0672301
307.44635 -1.0720214
313.09235 -1.0772989
317.52786 -1.081237
322.19733 -1.0854418
325.95132 -1.0915066
331.756 -1.1005787
335.53748 -1.1062981
342.01126 -1.1157603
346.07388 -1.1246976
350.3731 -1.1305578
354.20804 -1.1356518
357.7571 -1.1460445
361.0469 -1.1535354
364.87518 -1.1611677
369.29224 -1.1762414
371.62558 -1.1893948
371.48773 -1.2050798
371.2511 -1.2163833
369.71542 -1.2277843
366.95874 -1.2409662
364.65753 -1.2510905
358.59924 -1.2601488
352.88113 -1.2668129
347.84552 -1.27207
342.22733 -1.2757927
336.7066 -1.2773968
331.55756 -1.2781757
325.5475 -1.2862583
320.75272 -1.2916147
314.01965 -1.2986954
307.0011 -1.3082932
302.60806 -1.3112713
295.9995 -1.3166952
290.64548 -1.3190111
283.92102 -1.3265083
278.12347 -1.3360932
271.3791 -1.3452637
265.25198 -1.3448436
260.53265 -1.344613
254.691 -1.3503172
250.35239 -1.3546213
245.03445 -1.3582397
239.91443 -1.3584372
233.889 -1.3566197
229.5989 -1.3576527
223.47972 -1.3602464
219.5105 -1.3576148
213.46045 -1.3562664
207.12057 -1.367892
200.72537 -1.37804
194.15157 -1.385745
188.02934 -1.3865019
181.63512 -1.3952234
175.49081 -1.3963312
170.27959 -1.4012966
165.7544 -1.4088298
160.79228 -1.4162909
155.27042 -1.4238259
149.16737 -1.4263409
144.48132 -1.4216212
138.14029 -1.4220335
131.08118 -1.421667
125.984406 -1.4236052
120.90604 -1.4257283
114.816826 -1.4267712
108.75398 -1.4279655
103.51668 -1.4401742
96.34 -1.451292
90.27554 -1.4543679
84.12707 -1.4663254
77.4519 -1.4609668
71.19497 -1.4512702
64.833885 -1.455002
59.172447 -1.4438659
53.102722 -1.4482384
46.335487 -1.4519656
40.270927 -1.4589596
36.27026 -1.4465632
30.910515 -1.4574649
25.508383 -1.4924086
19.01977 -1.4391378
12.800617 -1.4534911
6.7139716 -1.496347
2.0113976 -1.8216848
7.1857395 -2.386509
13.319573 -2.1449125
18.977238 -1.9765557
25.084755 -1.8740352
29.279203 -1.8295072
34.98866 -1.7865539
40.867157 -1.7551306
46.780186 -1.7316126
53.437397 -1.7114353
60.335075 -1.695268
67.00387 -1.705355
71.38077 -1.6900094
78.35729 -1.6793513
83.815865 -1.6722564
88.670265 -1.6666842
95.240074 -1.6600515
102.30063 -1.6636773
106.702866 -1.6762301
112.82031 -1.6816806
117.196175 -1.6903895
122.85843 -1.680763
127.92418 -1.6842464
133.09668 -1.6930848
137.83183 -1.6906446
143.01836 -1.6986333
149.48973 -1.7081901
156.44547 -1.7149353
162.88257 -1.7200313
169.98611 -1.7315248
176.66618 -1.7426523
183.6946 -1.7484322
190.89548 -1.7509686
195.41849 -1.757077
200.70465 -1.7585051
205.844 -1.7636428
213.29926 -1.7711356
217.95618 -1.7667987
223.06963 -1.766812
228.3899 -1.7666448
232.75102 -1.7673023
237.60168 -1.7675242
242.76935 -1.7747654
248.33427 -1.7783736
256.2123 -1.7868716
262.31033 -1.7909843
268.17078 -1.7904302
273.28098 -1.7900004
281.05133 -1.8000878
288.1098 -1.8051966
294.24878 -1.8085011
298.7607 -1.810435
306.05692 -1.8188475
310.49194 -1.8190274
317.4096 -1.8264939
322.79913 -1.8337138
328.40613 -1.83857
333.16495 -1.8424245
338.68127 -1.8486078
344.8955 -1.8562639
350.07828 -1.8660297
356.62976 -1.8780366
360.23602 -1.8887265
361.58725 -1.8998924
363.22968 -1.9128858
364.85077 -1.9251525
365.64365 -1.9367168
366.04987 -1.9489756
362.7224 -1.9620612
359.69174 -1.9768324
356.23398 -1.9879128
353.09222 -1.9972097
348.64105 -2.0038872
343.65198 -2.0138247
338.46225 -2.0211127
334.00046 -2.0275812
329.27094 -2.0346525
324.15378 -2.0425653
319.01645 -2.0472724
311.3747 -2.0536966
306.72583 -2.0606725
301.33453 -2.0702372
296.09454 -2.079918
290.20984 -2.0912733
286.40405 -2.0989068
279.98715 -2.1081724
274.4642 -2.1159449
269.24667 -2.1277394
264.39648 -2.1392035
259.9877 -2.1500726
254.74873 -2.1635852
251.39882 -2.177416
248.08926 -2.1916435
249.66177 -2.2105222
253.13074 -2.2287176
256.93158 -2.2445195
261.58447 -2.2546058
266.27542 -2.2671056
269.0044 -2.2791538
273.5381 -2.2927783
277.82974 -2.2994113
283.416 -2.3037207
288.5225 -2.3070974
293.49332 -2.3144855
297.96616 -2.3195107
304.9027 -2.3271127
309.50894 -2.3325505
315.14178 -2.3374672
320.40417 -2.3447523
325.42508 -2.3511448
330.59818 -2.3568232
335.56207 -2.3617365
342.23944 -2.3694801
347.76312 -2.3799145
351.58237 -2.3892183
355.20255 -2.3987162
359.10965 -2.408663
362.2903 -2.4165382
364.43066 -2.4290004
366.54907 -2.4432635
367.859 -2.4603517
369.08176 -2.4772882
369.86377 -2.4934964
369.5713 -2.5093162
368.11612 -2.5225441
364.6531 -2.5327373
357.80103 -2.5427225
351.6341 -2.5513256
342.98303 -2.559297
337.6993 -2.5668006
332.47095 -2.5745184
326.93384 -2.5782814
319.90942 -2.5838554
312.03882 -2.591413
305.0008 -2.5979776
298.6976 -2.6007922
292.1018 -2.6078203
284.81064 -2.6182635
278.94046 -2.6173587
273.96872 -2.6195447
267.20575 -2.618527
261.01987 -2.6256945
253.72514 -2.632448
246.88329 -2.6403205
239.2393 -2.6465888
230.74527 -2.6576173
223.31906 -2.6589487
215.76642 -2.6603618
208.74806 -2.6656082
200.96834 -2.6679747
194.4518 -2.6738849
187.34456 -2.678434
182.18431 -2.68904
176.3108 -2.7024722
170.03482 -2.7126515
162.20892 -2.7179859
155.09834 -2.7169483
150.4738 -2.7066715
145.68845 -2.69896
140.16093 -2.6960435
134.92784 -2.6939337
128.41531 -2.7007246
122.77756 -2.7069309
116.98718 -2.7029686
112.32475 -2.702782
105.00512 -2.7101035
99.6863 -2.7208014
91.721436 -2.7391768
83.79776 -2.757179
79.58704 -2.7493074
73.55835 -2.7300215
68.44251 -2.740472
62.39578 -2.7516928
56.773663 -2.7544754
48.854748 -2.7656713
42.377502 -2.7867162
36.951557 -2.794103
31.302711 -2.825478
26.697052 -2.8538747
21.316511 -2.8832583
15.179961 -2.9796162
10.715288 3.0092454
17.199757 -3.131692
23.296124 -3.0094476
27.679684 -2.9536316
32.652058 -2.9740288
36.85892 -2.9933043
42.299583 -3.0124922
47.47699 -3.0266368
52.411064 -3.0375004
56.60595 -3.027489
61.357098 -3.0363586
65.55635 -3.0277936
69.678734 -3.034553
74.884514 -3.0285997
80.6756 -3.0242794
85.582634 -3.0107067
90.11834 -3.0031064
95.30649 -3.0001075
99.92507 -2.9965897
104.22654 -2.9929266
109.31608 -2.9906569
113.70444 -2.9876368
118.62782 -2.9783165
123.75556 -2.975717
128.01134 -2.9733682
133.84126 -2.965615
140.18594 -2.9664233
145.10753 -2.9724228
149.07135 -2.9769626
153.1423 -2.9813774
159.18925 -2.9875128
163.99983 -2.992067
168.77676 -2.9963295
174.62141 -3.005386
180.80069 -3.0116274
185.10176 -3.020104
191.46559 -3.0294147
196.30965 -3.032194
203.87926 -3.036271
209.8218 -3.0392644
215.77715 -3.0420983
221.01164 -3.0444622
228.22462 -3.0475411
232.69537 -3.0493534
239.16457 -3.051855
243.65398 -3.049395
248.63728 -3.051248
254.63235 -3.0533807
260.88593 -3.0555005
266.84485 -3.0574276
271.81857 -3.0589712
276.76816 -3.060452
282.45325 -3.0620887
288.37 -3.0637233
294.8763 -3.0705419
299.25528 -3.0732565
304.25314 -3.076841
311.1472 -3.0823076
315.18112 -3.0862424
320.09662 -3.0902195
324.96115 -3.0940678
329.1428 -3.0977108
333.8099 -3.1013207
337.99716 -3.109956
342.59735 -3.1219914
348.8106 -3.137439
353.79797 3.1351452
358.58066 3.1289134
363.09653 3.1249425
371.21564 3.110498
378.84903 3.0986242
383.93765 3.0939715
388.9395 3.093918
395.2856 3.0896223
399.67957 3.083324
400.97122 3.0719771
401.34952 3.059564
401.69818 3.0496085
397.35593 3.0451353
388.95883 3.0352917
384.10657 3.0313306
379.91452 3.0294464
374.07852 3.025
369.861 3.0236645
363.66165 3.0216446
358.70428 3.0199788
354.02094 3.0183618
350.04858 3.016956
345.82 3.015424
341.35922 3.0137663
335.1698 3.0113924
330.45657 3.0041878
324.9814 2.9979722
320.30048 2.9895494
315.6777 2.9808953
311.5726 2.9722557
306.51193 2.9607997
301.2773 2.952921
296.2989 2.944251
291.54572 2.9360516
286.09964 2.9249346
282.25342 2.9187305
277.8715 2.9054866
273.15784 2.8881297
268.77817 2.8772295
264.2922 2.8676682
260.59412 2.8596888
256.19925 2.8506482
251.42662 2.844959
252.85387 2.8238876
255.48346 2.8056092
258.89468 2.7894604
263.55487 2.7765863
269.14456 2.7640264
275.08588 2.7540114
282.9397 2.744344
289.17413 2.7388728
295.6697 2.7300394
301.04556 2.720526
306.34875 2.713928
313.624 2.701459
318.85312 2.689902
324.6428 2.6814241
330.01514 2.6759353
337.5057 2.6647756
342.4906 2.6557958
345.5985 2.6466167
350.11386 2.6348634
354.30136 2.6252704
358.41205 2.614963
361.83313 2.6057122
364.61804 2.592986
367.43506 2.5847075
370.36554 2.5730894
373.6292 2.5644398
375.28363 2.5528939
374.91626 2.5377417
372.7683 2.5255744
369.87488 2.5100207
364.5346 2.5026805
358.34885 2.4967918
350.71417 2.49377
345.4628 2.4922564
336.54852 2.49539
329.05154 2.4906123
321.76083 2.4879568
315.62646 2.4820619
310.0096 2.4792027
304.05026 2.4722695
298.11905 2.4650545
292.3456 2.4623566
285.95898 2.4622576
279.5702 2.4621549
273.79465 2.4592147
268.60938 2.4579089
263.41113 2.4528315
256.29123 2.4552085
250.05757 2.454852
243.09055 2.4518554
238.5404 2.4477415
233.51857 2.4360092
227.76138 2.4303083
221.44984 2.4236236
214.79507 2.4150262
207.4019 2.4082246
200.46559 2.3980813
194.21057 2.3894105
189.58795 2.3827794
183.38995 2.3788807
177.52594 2.371678
170.99327 2.3681474
162.53511 2.3644352
156.2837 2.3675175
149.7074 2.3764224
143.31122 2.3790855
137.46834 2.381399
130.76251 2.3827038
124.40524 2.3783908
117.95396 2.3714576
111.68336 2.3682945
104.58943 2.3691304
96.81977 2.3701885
89.93021 2.3712778
81.12327 2.366515
75.27986 2.3648748
68.7559 2.365721
62.38793 2.3667166
55.150238 2.38094
49.894173 2.404824
41.455948 2.4062479
34.17561 2.4169734
28.186365 2.4114707
22.20031 2.3583767
15.769425 2.3205507
15.769425 2.3205507
