Finger
36
0.7425677 0.8331914
8.420203 2.3327506
16.380287 2.3969393
22.713877 2.3544056
32.794266 2.3165445
39.936634 2.28808
46.595078 2.255345
55.83428 2.2539384
61.119076 2.2303832
65.71492 2.1958396
70.82665 2.174952
76.76114 2.1535444
82.343216 2.1481524
87.47702 2.1274695
94.03267 2.1243994
99.370476 2.1148582
104.89666 2.1052709
111.070465 2.0933087
115.91917 2.0792189
120.303825 2.0760558
127.47454 2.0806906
134.16882 2.0783694
140.48454 2.071314
146.60815 2.0624297
152.47803 2.0508022
158.55339 2.0450654
166.02667 2.0408485
173.72607 2.0261707
182.85254 2.0187514
187.48232 2.0186498
196.0843 2.015731
203.12978 2.0198522
208.93025 2.0223904
214.04962 2.0210629
218.76 2.0208814
223.79268 2.016025
228.86786 2.0140812
233.09346 2.0102036
242.10916 2.0018709
249.88544 1.9928951
257.91986 1.9865241
262.3632 1.9799201
266.6397 1.9770503
270.6379 1.973893
275.62646 1.9701155
283.47598 1.9630486
291.1566 1.9550852
298.6822 1.9456675
305.5681 1.9368159
312.0835 1.9322451
317.6861 1.9255862
324.2753 1.9180688
329.91342 1.9118903
336.01285 1.9079506
340.52246 1.9039545
346.28976 1.8981968
350.9744 1.8936671
354.7001 1.8871906
359.84882 1.8772671
365.22485 1.8691759
368.9852 1.8549984
371.5814 1.8392707
372.93945 1.8216392
371.94574 1.8109914
369.90787 1.7995872
365.0123 1.7900784
359.28934 1.7799281
354.4532 1.7710403
348.89276 1.7628926
342.4557 1.7546843
335.84183 1.7462527
328.91605 1.7385898
323.69275 1.728435
317.06982 1.7209826
309.93118 1.7153271
303.2308 1.7095768
297.25256 1.70121
290.43607 1.6914467
285.57922 1.6853703
281.206 1.6800426
276.09286 1.6711125
270.99194 1.6630658
266.47507 1.6593235
261.1118 1.647371
255.95477 1.6281253
251.58704 1.605217
250.38806 1.5871956
253.35228 1.5695561
257.20926 1.5540055
260.43085 1.5346844
261.7196 1.5173452
266.82864 1.4985296
271.8971 1.4825232
278.27182 1.4692222
282.71512 1.4628389
288.21698 1.4561915
293.03696 1.4477882
298.29825 1.4423399
303.8958 1.4347353
309.14056 1.4297925
313.63678 1.4225339
317.9395 1.4194354
323.13336 1.4144138
329.59872 1.4048901
334.48145 1.392524
339.57584 1.3859216
344.41397 1.3775718
349.17172 1.3684382
354.04224 1.3593966
358.80978 1.3508328
364.32892 1.3412542
366.8053 1.3305643
370.1826 1.316418
371.23743 1.3057104
370.61948 1.2916352
366.24173 1.2768548
361.588 1.2693218
356.9643 1.2594186
350.30765 1.2532966
344.36685 1.2476223
337.72885 1.2433931
331.4907 1.2402086
324.12595 1.2331712
318.19638 1.2291393
311.5388 1.222364
306.2689 1.2195817
300.61398 1.2153515
294.63422 1.2114532
290.4746 1.206953
285.9408 1.2009082
279.7162 1.1989628
273.77072 1.1944047
267.04926 1.1894985
260.87057 1.1841218
253.98366 1.1804777
247.2664 1.1824684
239.31213 1.1868429
234.56726 1.1832265
229.48311 1.180118
224.54478 1.1746368
220.13078 1.1724218
213.5867 1.1696718
207.60295 1.1666497
200.71875 1.1586705
196.64838 1.1551621
187.88855 1.1461883
183.58894 1.1415654
179.64464 1.1360596
172.34993 1.1308116
164.88316 1.1277916
159.96336 1.1200421
154.89595 1.1133256
149.96877 1.1045551
142.73096 1.0925716
136.03082 1.0918406
128.6522 1.0884118
120.09747 1.0816597
111.2514 1.0774182
103.21206 1.079417
94.7019 1.0910621
87.76341 1.0884463
79.53841 1.0767235
71.10225 1.0605143
64.37846 1.0556202
56.752758 1.0801775
50.171036 1.1013039
44.375484 1.1104802
38.45972 1.1279813
31.598213 1.1646212
26.526148 1.2050024
21.997469 1.2180468
27.650906 1.071813
31.63577 0.99468136
36.354504 0.94269323
43.18222 0.9177004
49.81092 0.9000418
57.8411 0.87183726
64.614944 0.843546
70.96849 0.82820106
76.877785 0.80670536
85.727715 0.7961991
92.24523 0.8013313
99.14864 0.80192447
104.27637 0.8062953
111.66852 0.79860055
117.66618 0.7859326
124.735435 0.77458876
130.76299 0.7696954
137.28563 0.76656777
143.10435 0.76613325
149.30336 0.7705528
156.52084 0.77231854
165.38876 0.76876074
172.26213 0.7643481
181.10112 0.76145136
187.67322 0.75946987
196.65364 0.76339185
202.63936 0.76571894
210.9506 0.7657067
218.6436 0.75740916
225.19911 0.7481396
233.51532 0.7441791
240.82236 0.73883
248.6469 0.7374598
255.76991 0.73327184
263.40973 0.7327037
270.6141 0.7335327
276.49744 0.73008835
281.3477 0.72420603
287.55026 0.72248
294.94327 0.7186419
303.3868 0.7117317
309.2925 0.70801646
314.4581 0.7070407
322.99026 0.700344
330.40686 0.7001176
334.81436 0.69489217
339.3691 0.6903845
344.28854 0.6870921
348.39087 0.68115544
352.34866 0.6757131
356.04877 0.6674103
360.3793 0.6579756
364.34332 0.64959395
368.73267 0.6405829
372.13815 0.6292088
374.43457 0.6149634
375.9982 0.5986469
376.36307 0.5839596
374.09683 0.56923836
371.43335 0.557932
368.92368 0.54693437
365.89017 0.5385088
362.92776 0.5301525
358.76608 0.52130514
355.25302 0.5139668
349.80167 0.5096231
342.16623 0.49950305
335.64087 0.4932601
330.76175 0.48658285
324.9261 0.4787612
317.84747 0.46993488
311.51184 0.4579092
304.13593 0.45149374
297.2444 0.44406742
291.4163 0.43367034
285.95065 0.42546293
280.22006 0.41497678
274.45694 0.40331873
269.79178 0.3906894
264.85715 0.3749628
259.883 0.35761598
258.58414 0.33786073
259.09 0.3168582
262.3545 0.2928331
265.84705 0.27711558
271.2437 0.26291367
276.3526 0.25140303
280.9325 0.24149749
284.79013 0.23567402
290.13666 0.22771458
294.85666 0.21796241
301.39908 0.21227598
306.08368 0.20564267
311.1891 0.2022217
316.91232 0.1953054
321.5564 0.18651894
327.11758 0.17981528
332.42807 0.17080857
337.02744 0.16325173
341.6609 0.15506317
345.41602 0.14418584
350.64233 0.1281541
354.4995 0.11738543
360.64093 0.10771177
364.64072 0.10105901
368.40375 0.086032905
370.7221 0.072397515
370.7385 0.061505675
370.45853 0.047682058
367.5443 0.034886744
364.6444 0.023431366
360.19125 0.010188991
355.3092 -5.533047E-4
350.5611 -0.009143185
346.23224 -0.015371148
341.41345 -0.021031033
337.4427 -0.025024403
331.50446 -0.031503532
325.58188 -0.03514752
321.58072 -0.035585016
314.60306 -0.039553184
306.90988 -0.04054518
300.9773 -0.04372834
295.75067 -0.048839998
290.13583 -0.05573965
284.87408 -0.05773171
279.92072 -0.058754478
274.278 -0.06254931
268.3474 -0.06875469
261.35562 -0.07059703
253.44928 -0.07280314
249.41043 -0.07398422
244.69109 -0.07541384
240.44699 -0.07674756
232.50134 -0.0793758
228.48131 -0.08077541
223.54219 -0.082564145
215.58876 -0.08561741
211.57439 -0.08724599
206.61441 -0.08934594
198.65178 -0.092937365
189.94731 -0.0919254
184.58199 -0.09067303
179.60165 -0.0916482
174.80148 -0.089985125
169.79532 -0.09104654
164.8087 -0.089455865
160.50629 -0.09007913
155.47443 -0.088361174
147.45036 -0.0912727
139.39684 -0.084239826
135.36577 -0.0846204
131.31718 -0.08167289
123.2539 -0.07668632
116.93334 -0.07227001
110.860054 -0.060817704
104.79196 -0.051990572
97.01922 -0.045847528
93.01293 -0.047823764
86.77425 -0.051264994
80.769745 -0.046215005
74.74544 -0.046137266
68.729095 -0.035626497
62.695515 -0.023111407
55.042763 -0.008169121
50.967564 0.0055829114
44.022457 0.02883949
37.75523 0.041032773
31.904905 0.10270376
26.01522 0.13677862
21.180405 0.20330842
15.178791 0.30419615
10.9922495 0.4264099
12.983373 -0.07064463
19.61873 -0.26669163
25.637426 -0.36608016
32.700676 -0.41462433
40.408287 -0.41892245
47.01973 -0.42010814
54.623375 -0.41801116
61.002934 -0.41204873
65.606445 -0.41026014
72.96965 -0.41114914
80.185555 -0.39915034
86.7306 -0.39236858
91.35433 -0.3966195
97.85997 -0.40046313
105.23357 -0.40180328
112.54953 -0.39602152
119.37797 -0.39691684
126.478455 -0.39279288
134.05786 -0.39357227
139.96408 -0.39716285
146.38434 -0.39556295
153.2693 -0.3891345
161.23682 -0.3956102
168.70847 -0.40128994
175.30603 -0.4061999
182.41084 -0.41700232
189.98389 -0.42242965
195.36635 -0.42814845
202.43929 -0.42996234
210.78236 -0.43659064
217.52968 -0.4379505
222.06702 -0.43646714
228.70508 -0.4420978
236.5129 -0.44990876
242.41026 -0.45301658
249.68303 -0.45784435
255.02545 -0.46714038
263.30386 -0.47674602
270.5816 -0.4805691
277.84583 -0.48613167
284.85394 -0.4930467
290.37427 -0.4994276
298.03543 -0.5112865
304.57162 -0.5227383
311.5922 -0.53114015
317.57562 -0.53833294
325.2273 -0.55649185
330.25745 -0.56939214
336.3065 -0.5835636
341.14188 -0.596926
346.3547 -0.6087091
349.61246 -0.61703277
354.14453 -0.6252752
357.737 -0.6343593
361.48376 -0.6483139
363.42697 -0.6598356
364.9479 -0.6740076
362.541 -0.6908468
359.88577 -0.70784146
358.17245 -0.7193781
353.8573 -0.7310956
348.69012 -0.7444671
345.02417 -0.7543009
340.89105 -0.7657557
338.0058 -0.77399564
331.63687 -0.7855257
324.08978 -0.7958246
315.118 -0.8034545
309.52258 -0.80834204
304.5706 -0.8110314
296.66336 -0.8182261
291.55698 -0.8218613
287.83508 -0.8293909
282.34747 -0.83491194
278.0157 -0.8414323
272.64 -0.84701127
268.24075 -0.8559281
263.8365 -0.86785656
259.72705 -0.8746547
256.24463 -0.88489866
249.43704 -0.89298475
246.09497 -0.9034473
248.02536 -0.92981565
251.61034 -0.9440985
255.89632 -0.96449566
259.31857 -0.97594523
263.6945 -0.98713106
268.7081 -0.99940395
274.42303 -1.0127364
279.70523 -1.0244825
283.98712 -1.0336252
288.29993 -1.0425115
294.58685 -1.0549222
300.22348 -1.0655375
306.85004 -1.0737448
312.3607 -1.0832906
318.3298 -1.0932064
324.5546 -1.1031076
330.15924 -1.111663
334.76205 -1.118449
339.37463 -1.1283023
344.20285 -1.1413308
349.39807 -1.1590735
352.86465 -1.1755447
355.20538 -1.19126
354.5648 -1.205669
349.32257 -1.2234932
344.49393 -1.2368921
339.9563 -1.2486395
333.65372 -1.2580918
328.3265 -1.26883
323.04843 -1.279904
316.423 -1.2868085
309.57492 -1.2937591
300.79047 -1.2992705
292.2057 -1.3027033
285.3844 -1.3070226
277.9153 -1.3099198
271.54175 -1.3123008
265.19714 -1.3137656
258.47073 -1.3218942
253.91801 -1.326471
247.09111 -1.3393819
241.33336 -1.3507315
232.89256 -1.3602313
224.23271 -1.3702247
219.35915 -1.3714206
214.86139 -1.3755074
207.41867 -1.3831422
202.63135 -1.3835632
197.47125 -1.3838679
192.39674 -1.3841283
187.08595 -1.3841239
182.10118 -1.38043
177.97646 -1.3816788
171.91125 -1.3808409
162.95103 -1.3812773
157.8639 -1.383059
151.63661 -1.386991
146.51468 -1.3891556
142.02551 -1.3958024
134.72357 -1.4032128
128.9352 -1.4034743
122.83267 -1.4033291
116.61186 -1.4095409
111.28563 -1.410813
106.21002 -1.4125568
99.91326 -1.4253392
90.51105 -1.4519354
85.72838 -1.4568105
80.38366 -1.4617475
75.37875 -1.4579334
70.32912 -1.4640857
65.223175 -1.4710978
59.40424 -1.4781936
55.119602 -1.4845514
50.117577 -1.4809989
45.31204 -1.4935738
41.099186 -1.4856398
36.042328 -1.4943092
29.532742 -1.4861488
24.739494 -1.5102026
18.745203 -1.4907899
12.781281 -1.4533128
7.842123 -1.3785775
2.9781094 -1.043672
3.615576 1.1435604
2.0841289 -0.76867557
6.358454 -1.3329464
11.043495 -1.4347187
15.171917 -1.5378749
21.176056 -1.5472114
27.89955 -1.5886958
33.92366 -1.6149719
41.017162 -1.6496683
49.070877 -1.6625146
55.84602 -1.696314
60.43453 -1.7073051
68.37713 -1.6952728
76.33219 -1.6822431
84.385994 -1.6834718
91.97845 -1.6850593
97.62509 -1.6990283
104.806145 -1.7068616
112.985695 -1.7147361
121.062515 -1.7134904
128.9075 -1.7263796
134.63629 -1.7364124
143.03693 -1.7478877
147.85071 -1.7488916
152.9508 -1.7495371
158.0414 -1.7501324
162.29614 -1.7470938
167.6164 -1.7474917
175.5548 -1.7493804
180.39838 -1.7501974
185.49553 -1.7506915
190.57741 -1.7525989
194.95259 -1.7536823
199.04424 -1.7535365
207.38847 -1.7572856
216.73378 -1.7620445
221.83304 -1.7621891
227.10117 -1.7666161
231.43892 -1.7717521
240.0702 -1.7814006
247.93364 -1.795154
253.0628 -1.7987243
258.31628 -1.801863
262.93146 -1.8055483
268.21863 -1.8084261
272.3558 -1.8085504
278.0294 -1.8120135
285.22437 -1.8156906
293.4981 -1.8157157
301.77615 -1.8165154
309.05054 -1.817276
313.83917 -1.8224391
318.62756 -1.828729
324.78925 -1.8416057
331.34128 -1.8533614
336.7369 -1.8657181
342.2098 -1.873069
346.8364 -1.8840836
351.5634 -1.8976604
354.7747 -1.9131259
356.92184 -1.9296259
358.52487 -1.9413636
357.52756 -1.9552624
354.4673 -1.9707983
351.0435 -1.9843504
346.57913 -1.9964005
341.66418 -2.0068898
336.67487 -2.0170932
331.7275 -2.0275936
326.36798 -2.0356805
320.99908 -2.0440872
315.86948 -2.048857
310.76337 -2.0573897
305.4619 -2.0665936
300.20377 -2.0760915
294.98328 -2.0859084
289.79416 -2.0960746
285.43118 -2.1008964
280.46402 -2.1113076
274.82764 -2.1193967
269.732 -2.130984
264.02963 -2.1445887
257.62454 -2.1560848
253.9205 -2.1657841
249.16508 -2.1787584
244.98674 -2.190677
245.13202 -2.2181404
248.63144 -2.2381058
251.26192 -2.2512834
255.79176 -2.2620668
259.253 -2.2767138
263.47293 -2.2873569
266.5964 -2.297226
274.0602 -2.3070974
282.46704 -2.3135593
288.07846 -2.3192937
294.20288 -2.3267477
300.5126 -2.3344252
304.8738 -2.3398566
311.70993 -2.348753
317.39893 -2.3578339
323.35696 -2.366527
329.5934 -2.3765254
335.49435 -2.38512
341.07773 -2.3933516
346.47064 -2.4029722
349.8661 -2.4117742
354.01462 -2.425955
357.47122 -2.4343312
361.57672 -2.4475973
364.25314 -2.4607766
364.79056 -2.4849584
364.03595 -2.501285
361.24298 -2.512724
356.40277 -2.5229151
351.03067 -2.5336754
345.3402 -2.5432959
338.76886 -2.5508003
333.12772 -2.5545738
325.92032 -2.56124
318.43332 -2.5616035
312.23004 -2.5569687
304.9497 -2.5589962
297.1176 -2.5619965
288.1239 -2.5589976
278.27234 -2.560591
269.84003 -2.5664995
262.7837 -2.572839
255.77808 -2.573804
248.25568 -2.5688317
242.98718 -2.5646095
237.98224 -2.565999
228.96756 -2.570632
224.28447 -2.5784147
213.29286 -2.5900872
206.26855 -2.5918708
199.58209 -2.588993
192.37141 -2.590329
185.18222 -2.591764
177.55516 -2.5971975
169.8931 -2.6040175
161.46136 -2.6091006
151.54755 -2.6164103
143.20268 -2.616593
134.76962 -2.6214015
125.91459 -2.6195276
116.46635 -2.6224837
108.029854 -2.6290076
99.382225 -2.6399825
91.57385 -2.6553724
85.67909 -2.661015
79.864685 -2.6653888
74.54272 -2.6585696
69.897194 -2.6560209
64.56759 -2.647304
60.069122 -2.6450229
53.37489 -2.640916
46.44075 -2.6374753
40.226555 -2.6600263
33.242672 -2.6858225
25.937456 -2.7193096
18.498943 -2.716415
13.831098 -2.736905
9.061304 -2.847109
4.1429043 3.0085495
9.3429365 2.8653703
13.347937 2.9495203
19.115555 3.1030378
25.131723 -3.0912507
30.38266 -3.060931
36.433872 -3.046832
43.305332 -3.0387328
51.337063 -3.020385
57.773705 -2.9991186
63.98191 -2.981699
70.23329 -2.9670928
78.22232 -2.9590664
86.42251 -2.9531796
94.67519 -2.9481666
102.89838 -2.9440408
110.96334 -2.947215
119.151184 -2.945706
124.231735 -2.945667
132.44283 -2.9426441
136.57513 -2.9412165
141.6267 -2.9413986
145.7688 -2.9400787
155.55873 -2.9447305
160.45103 -2.950808
165.61636 -2.956828
171.26027 -2.9629838
177.3149 -2.9634218
182.66248 -2.9631355
188.48662 -2.9633222
193.38599 -2.9678853
198.30305 -2.9722347
203.2463 -2.976392
209.07626 -2.9810393
214.08638 -2.984828
219.23463 -2.9885387
224.07323 -2.9873576
228.30103 -2.990236
233.9784 -2.9939358
239.74176 -3.001721
245.71622 -3.0051432
251.62636 -3.0083675
256.5903 -3.0109596
262.48022 -3.0168042
267.27682 -3.0227697
272.40228 -3.0287557
277.0769 -3.0315592
281.19556 -3.036751
286.0792 -3.0411692
290.77713 -3.0436714
295.60806 -3.048672
300.55145 -3.052696
305.39664 -3.058227
309.5155 -3.0649962
314.3391 -3.072529
318.24762 -3.0773406
325.0579 -3.087926
330.86264 -3.0979393
336.7437 -3.1098292
340.904 -3.119001
347.57605 -3.1309423
351.80273 -3.1395812
356.7824 3.1334474
361.86893 3.1187365
366.02042 3.1053123
369.25137 3.09016
372.68002 3.0717635
375.94144 3.054969
377.88498 3.0424669
374.42538 3.028534
368.92328 3.0165415
363.79834 3.0078454
359.13016 3.0012414
353.11377 2.9951973
347.3322 2.9898329
340.74347 2.9809363
335.70673 2.9754872
330.6053 2.9636948
325.2832 2.955377
317.8035 2.9445028
310.23297 2.9354496
304.72537 2.925854
299.86795 2.917976
294.42413 2.9077284
289.16718 2.8988862
281.6669 2.8886256
275.18005 2.8787687
268.76523 2.8684828
263.20563 2.8586097
258.43668 2.8492043
252.32841 2.8377619
248.50111 2.8329294
243.07649 2.8183346
238.6486 2.810897
245.74588 2.7888868
253.73299 2.7753081
260.60532 2.7605708
266.29456 2.7477582
271.98413 2.736332
278.71664 2.7321362
285.88428 2.726854
293.32822 2.720256
300.58298 2.7091727
306.42105 2.6991124
312.6237 2.6872494
318.74246 2.674814
325.0162 2.6655996
330.44556 2.653638
335.06302 2.640598
340.59268 2.6293826
346.1634 2.6185274
350.51407 2.6084297
354.54755 2.5962546
357.68213 2.5819774
359.87717 2.568469
361.5701 2.5549831
362.09418 2.539314
361.68896 2.5216753
359.75348 2.5066423
355.37137 2.4940062
350.26874 2.4883401
345.97095 2.4833262
339.99622 2.477183
332.56873 2.4740124
325.9046 2.4715548
320.28296 2.4685693
313.16074 2.462651
306.88458 2.4555802
300.51727 2.4500046
292.7221 2.4500923
285.55453 2.447493
277.80624 2.443034
269.13153 2.4353192
259.8081 2.429984
251.28001 2.4269
241.95328 2.42083
230.97566 2.4178166
225.09723 2.4140184
218.83693 2.4115262
213.68687 2.4087112
203.5884 2.4053257
198.60617 2.4029884
193.62141 2.4005253
184.37283 2.3912783
173.93344 2.388253
164.54256 2.3869128
155.38477 2.390912
145.46275 2.3861272
134.34962 2.3872497
127.99015 2.3832834
117.36316 2.379737
107.27765 2.3802722
98.150795 2.3792593
88.40192 2.379535
80.24667 2.3731265
70.720276 2.3754392
62.755375 2.3695886
55.512386 2.3680494
47.95441 2.359331
42.08876 2.3551219
33.619343 2.3549101
26.045248 2.334825
20.00892 2.3188825
13.945256 2.2519307
8.9007225 1.8551352
8.9007225 1.8551352
