Finger
30
8.557917 1.6291801
14.998893 1.6708444
20.25937 1.694355
25.118906 1.7020175
29.333845 1.6902475
36.594666 1.6939225
43.3888 1.6977396
47.42419 1.6868867
52.406483 1.675807
58.130215 1.6786052
63.215572 1.6736721
67.41748 1.6672395
74.38168 1.6581855
81.35976 1.6506735
89.32581 1.6435369
94.20211 1.6397654
99.10056 1.6363513
103.20771 1.6260781
108.460014 1.613194
115.34162 1.6097721
122.09599 1.6076149
126.13173 1.6064364
132.2841 1.5972246
140.0351 1.5957615
145.24911 1.5811106
151.21129 1.5807039
157.21643 1.5739726
164.22195 1.5677553
171.97096 1.5633897
178.18465 1.5623884
184.406 1.5707964
193.00885 1.5682089
201.00145 1.5683118
208.98485 1.5684067
213.00752 1.563763
218.29137 1.5639333
224.18883 1.56054
231.01952 1.5556644
238.02611 1.5519133
245.09404 1.5409905
251.18646 1.5297881
256.2319 1.5161994
259.80405 1.5003422
266.9807 1.483482
273.22137 1.4737743
279.4492 1.4659201
285.64407 1.4611362
290.96588 1.4590061
296.38864 1.4525805
303.38852 1.4442948
309.558 1.4403737
314.01074 1.4352045
321.01614 1.429519
327.96848 1.4210188
332.35693 1.4100063
338.95065 1.3960592
343.59985 1.3910664
348.99487 1.3858427
353.57278 1.3818283
359.0094 1.3739514
364.89505 1.3632289
370.04086 1.3501214
375.28912 1.3368598
377.44202 1.3268172
379.323 1.3170756
380.68826 1.3044324
381.8051 1.293914
381.46185 1.2783418
378.13416 1.2621752
373.9451 1.2464306
369.7797 1.232145
366.41672 1.2252609
360.41476 1.2185531
354.7368 1.2149851
350.2311 1.2108927
345.6897 1.2028499
339.78082 1.1929768
333.32495 1.1909177
328.2089 1.1888018
323.24094 1.1855639
316.5546 1.1807991
310.42856 1.1761614
304.25827 1.1738609
298.47147 1.1703442
292.08475 1.1647942
287.53568 1.161772
281.128 1.1586922
276.67795 1.1526115
271.47958 1.1481234
266.52332 1.1438642
260.31912 1.1405041
254.78755 1.1314882
248.94818 1.1248878
242.43674 1.1165986
235.35002 1.110278
229.2518 1.1030173
222.41582 1.09639
217.58772 1.0899876
210.76295 1.0797997
204.16089 1.0680197
197.54204 1.0553195
191.10641 1.0407871
186.332 1.0396453
179.85294 1.0378028
173.93657 1.0361809
167.09743 1.0258445
160.62743 1.0176047
152.97685 1.0019932
147.77037 1.0026859
142.11331 1.0012844
134.84276 0.9929634
127.32088 0.9826391
119.940475 0.98153085
112.68641 0.9703454
106.08202 0.97351754
98.33008 0.98119956
90.51628 0.9764321
83.09329 0.9741984
75.25953 0.9676969
68.862236 0.9429583
62.266697 0.92542356
56.476135 0.91459054
51.214756 0.8968933
45.905502 0.8671144
41.23048 0.83790994
35.71032 0.79651237
29.161194 0.78684264
21.737535 0.76250213
14.533779 0.7394405
7.7485957 0.51334655
5.379215 -0.581737
10.468039 -1.3299497
14.946699 -1.5373788
19.990662 -1.645807
24.660435 -1.8159184
31.029333 -1.9412686
39.158543 -2.026213
44.961002 -2.0371497
49.61263 -2.0381086
55.251274 -2.0447605
59.888905 -2.0448878
65.197525 -2.0483022
73.03831 -2.0620878
78.68289 -2.065037
85.32107 -2.0647209
90.86778 -2.061543
95.27496 -2.0561101
101.14925 -2.0631871
106.307686 -2.07347
113.106575 -2.0908744
119.915665 -2.09408
125.740524 -2.0948641
130.19739 -2.0883815
138.19557 -2.0845408
143.2876 -2.0765111
149.48048 -2.0747595
157.05037 -2.06996
163.96336 -2.067865
171.34409 -2.0643723
176.71353 -2.055871
182.86131 -2.0622244
189.18665 -2.0675545
194.92534 -2.0703936
199.43703 -2.068856
206.04065 -2.0658062
212.278 -2.062774
219.8932 -2.0601952
223.89713 -2.0557299
229.84642 -2.050874
234.14606 -2.0471501
239.93953 -2.0393908
245.89452 -2.0352557
250.84808 -2.0307841
255.85712 -2.0254483
260.70187 -2.0206344
264.7219 -2.0166223
272.4676 -2.0079632
277.32327 -2.0029225
285.0957 -1.9950358
291.88498 -1.9882947
296.78552 -1.9838891
301.6362 -1.9776022
306.85135 -1.9674895
313.9673 -1.9573046
320.827 -1.9519696
326.5902 -1.9449073
331.90912 -1.9386235
336.0235 -1.9282186
340.49472 -1.9195449
344.57904 -1.9121608
348.80344 -1.9023901
354.27277 -1.893525
358.6066 -1.8792385
361.90536 -1.8618996
363.25192 -1.8450444
363.43283 -1.8312474
363.8261 -1.8190273
362.19727 -1.8065921
360.15048 -1.7945099
354.28217 -1.7823936
348.20837 -1.7691387
341.36722 -1.7582581
336.87866 -1.7517092
330.07928 -1.7395272
324.5185 -1.7305479
318.01456 -1.7179503
311.4844 -1.7074947
306.0827 -1.703336
300.0599 -1.6992972
294.85638 -1.694748
290.45972 -1.6897053
285.37677 -1.6883087
279.21255 -1.6837125
274.01086 -1.6785301
268.84952 -1.6738183
262.94785 -1.6716217
256.82086 -1.6669688
251.46063 -1.6610135
246.2355 -1.6507484
239.96724 -1.6361535
234.00845 -1.6284463
227.92885 -1.6212089
219.8476 -1.6139675
212.76929 -1.606009
207.7459 -1.5981557
201.68129 -1.5890098
193.65413 -1.5794302
184.65498 -1.5735006
177.49109 -1.5633391
171.4942 -1.5678843
163.6799 -1.5677453
155.67085 -1.5611724
150.9006 -1.5554641
145.91217 -1.5536833
141.72519 -1.546129
135.4364 -1.5339162
129.81647 -1.5284691
121.88742 -1.5175098
114.02076 -1.4962724
106.12459 -1.4829134
101.99326 -1.4677947
95.5376 -1.4397463
88.50856 -1.4386384
80.58402 -1.4277791
74.754005 -1.405309
68.874275 -1.388525
64.78909 -1.3768905
58.904736 -1.3745521
54.81163 -1.3749766
47.71257 -1.3706009
39.898026 -1.3306855
33.832302 -1.3171594
28.91531 -1.3087535
23.680843 -1.2931002
17.430624 -1.2994356
11.333326 -1.2572451
5.916025 -0.93865234
2.7835047 0.45779324
5.980996 1.1401368
10.6062 1.333148
17.372213 1.4844514
22.366148 1.5037637
29.302055 1.580124
35.341278 1.6131988
39.552967 1.6564697
44.72624 1.7112753
51.122505 1.7528437
57.602077 1.7852886
63.156895 1.8148892
68.745224 1.8395792
73.146545 1.8514917
81.4059 1.8991334
88.93306 1.9297425
93.761826 1.9448017
99.31699 1.9552401
103.9588 1.9578806
109.7307 1.96602
115.15742 1.9839584
123.9468 2.0127268
129.56166 2.0281725
136.996 2.0422451
142.88408 2.0463617
148.88957 2.0482266
155.60748 2.047571
160.68646 2.0452375
168.05939 2.0614913
176.20871 2.0754883
185.2131 2.0855098
193.63908 2.0906892
200.82318 2.0931242
206.39706 2.0897775
214.12666 2.1057737
220.4603 2.1098058
228.07433 2.11437
235.50528 2.1252878
241.61766 2.1347456
247.80664 2.1380022
253.79066 2.1355474
259.96243 2.1455522
265.12152 2.15464
271.66943 2.164387
277.7821 2.1712406
285.8597 2.1815257
294.5704 2.187178
303.1608 2.1896424
311.1878 2.1958458
317.13568 2.2056181
323.12717 2.215089
329.13535 2.22417
334.0978 2.2316632
341.1742 2.2375638
346.32034 2.244214
350.6264 2.2498918
356.6845 2.2597237
361.8761 2.2694113
365.43436 2.2799485
368.1098 2.292496
370.44757 2.3077013
372.918 2.31892
373.73065 2.332948
375.48642 2.3511631
374.60162 2.3639383
373.4459 2.3776202
372.05457 2.3952684
368.75772 2.4090283
366.0865 2.4171767
361.2839 2.4238813
355.93515 2.4293573
349.0333 2.4358861
342.993 2.4419584
337.91364 2.4495506
332.656 2.456891
327.10248 2.4705584
322.51642 2.478548
316.80148 2.4889107
309.9566 2.4953158
303.8032 2.5016816
294.9748 2.5078924
289.04956 2.511058
283.39484 2.5204628
278.30652 2.5267196
271.30774 2.5338142
264.01938 2.5387785
255.33319 2.545072
246.81062 2.5546038
239.89528 2.56041
232.96211 2.5665846
224.81052 2.5735602
217.39513 2.5694346
208.81041 2.571421
198.17914 2.5713067
192.2106 2.5715542
180.47429 2.5807552
174.11668 2.5849447
164.65347 2.5939445
156.07832 2.59796
148.29688 2.5975254
143.31482 2.600985
137.08871 2.6162722
131.16167 2.6339242
125.39432 2.6513925
118.55834 2.670655
113.16272 2.6862159
108.034096 2.6937099
102.288895 2.7007942
97.233955 2.7117693
90.33177 2.7193196
83.84201 2.7172053
78.30437 2.7272365
72.98808 2.721665
64.58417 2.7182932
58.319412 2.6884844
52.668262 2.6971734
46.93735 2.7006073
39.33136 2.7076447
34.750706 2.7099433
28.579039 2.68734
21.759134 2.6243432
15.626947 2.545848
9.373608 2.3686814
6.8278956 1.8597333
6.861051 1.2660238
9.430095 0.50307417
14.485267 0.1768253
19.049793 0.040451664
24.347374 -0.09147705
31.32679 -0.14242126
38.699844 -0.18786192
45.360394 -0.22673097
51.92913 -0.25742137
58.290504 -0.2680428
64.89756 -0.30062398
71.2615 -0.30549857
78.0163 -0.31531164
84.47309 -0.32800588
91.461205 -0.34828314
99.375786 -0.3620428
105.337425 -0.3711746
112.753006 -0.39316
120.59015 -0.40228826
128.52898 -0.40957597
135.83884 -0.41835704
141.62775 -0.42338938
149.75697 -0.43385148
158.24986 -0.4440215
165.99733 -0.45511514
171.91003 -0.4591508
180.66956 -0.47224364
187.57687 -0.48335838
193.38634 -0.48507312
202.2322 -0.49410653
211.09262 -0.5040101
218.67194 -0.51737523
228.60277 -0.53178686
235.69354 -0.54087394
242.88826 -0.5446824
251.81555 -0.5533849
260.89606 -0.5616085
266.7944 -0.5671853
276.15128 -0.5747358
282.41483 -0.58149123
287.6824 -0.5890373
295.9767 -0.59096825
302.3661 -0.5975114
309.89066 -0.60444975
317.86108 -0.61309177
322.97498 -0.6216043
326.56638 -0.6289427
333.62173 -0.6346221
338.83496 -0.6390708
345.41226 -0.6501419
350.04044 -0.6617425
355.1913 -0.67115206
359.07812 -0.68466806
362.89288 -0.6974443
366.8999 -0.7103786
369.92236 -0.7198253
373.2294 -0.7370744
374.92722 -0.7506758
375.12616 -0.76602274
375.76425 -0.78670603
374.56842 -0.80591905
371.16635 -0.8194527
367.9799 -0.8327964
365.45148 -0.84867114
360.86713 -0.863214
356.762 -0.87240726
352.9351 -0.8854241
347.10535 -0.8969523
339.14154 -0.9083671
330.28345 -0.91420346
323.80966 -0.9189894
314.6204 -0.92064255
308.4029 -0.9256944
300.97388 -0.9310757
294.16937 -0.9393602
285.44394 -0.95161843
277.06918 -0.9567079
268.72147 -0.9620755
261.19803 -0.9699726
254.85269 -0.9774016
247.63936 -0.98595196
239.51228 -0.99945897
231.23723 -1.0072362
221.4249 -1.011262
215.95311 -1.011404
210.61572 -1.0127082
202.74141 -1.0174861
195.02069 -1.0231153
185.22212 -1.0287547
175.813 -1.0296379
166.89366 -1.0254762
159.56615 -1.0245179
153.5253 -1.0183302
148.00365 -1.0125138
141.94891 -1.0010287
136.29436 -0.9845276
130.33247 -0.97249645
125.77625 -0.9670141
117.88369 -0.9492324
112.13029 -0.9562358
106.30487 -0.95219266
99.122604 -0.9499218
91.928246 -0.94731843
84.13605 -0.9539217
77.30771 -0.9668105
71.63105 -0.9836608
64.421326 -0.9837498
57.216064 -0.98384595
49.163918 -0.97278863
41.971054 -0.970984
35.602173 -0.98435664
29.77264 -1.0923363
21.347572 -1.2005866
14.681348 -1.2431488
7.2240853 -1.1821833
2.2543726 -0.8439078
3.3823667 1.347838
9.095385 1.5158628
13.324791 1.5333093
19.158579 1.4925196
25.345707 1.5116537
31.735546 1.404161
39.184925 1.2587773
43.86573 1.1218631
47.077602 1.0365878
53.257675 0.98967147
59.146706 0.9328249
65.0562 0.888956
70.69219 0.8585838
76.73119 0.8087011
83.23608 0.7794265
90.13181 0.7585904
95.32785 0.7415282
102.20783 0.7183848
110.22558 0.6911742
115.85035 0.66508365
121.22279 0.64102525
125.50457 0.63051176
130.24348 0.6182557
135.47873 0.6089026
139.93895 0.59544617
145.19858 0.58755106
149.86067 0.582861
155.13977 0.57587284
159.13017 0.5671026
164.51506 0.5634047
168.76416 0.5588459
175.84439 0.5589374
179.98732 0.5526032
187.41704 0.54695725
194.23097 0.5376676
199.91801 0.5345205
204.88087 0.5294065
210.3941 0.5250842
217.74666 0.5214362
221.7162 0.5163559
226.56883 0.5092817
234.52815 0.50011355
239.33952 0.49389645
244.05278 0.49279875
251.14616 0.4866742
258.43817 0.48389187
265.55228 0.4783059
269.41547 0.4718317
274.44107 0.46969616
281.4444 0.46796286
288.39746 0.4654844
295.4412 0.46020508
300.89218 0.45210338
305.17236 0.4489343
310.10104 0.4448582
317.11057 0.43434653
323.42285 0.4253115
330.19748 0.41862267
334.132 0.41410506
338.71597 0.40816456
342.4907 0.40340322
347.53275 0.39254692
352.44296 0.3852552
356.72604 0.37737623
362.7265 0.3649229
367.02045 0.35754928
370.77808 0.34584925
376.76678 0.3288996
380.2232 0.31991127
384.08804 0.30123135
386.76556 0.281564
389.31613 0.26430354
390.25967 0.25103343
388.76102 0.23553178
385.9136 0.22400443
380.91913 0.21352845
373.85806 0.20183213
368.97467 0.19076936
362.5342 0.18232659
355.75803 0.1715716
349.1801 0.16322042
342.456 0.15164837
335.799 0.13963369
329.36844 0.13019508
325.1374 0.12568139
317.8277 0.119076036
313.73492 0.11741742
308.5881 0.11293262
303.71094 0.11138512
299.28107 0.10631075
295.19638 0.104372226
287.93698 0.096544236
281.8646 0.09426024
273.70642 0.089745
265.5763 0.08494557
257.46286 0.07983974
249.41328 0.07840303
241.2928 0.07274063
233.26065 0.070954934
229.19781 0.06784431
221.22023 0.070294864
214.24081 0.07258885
207.27077 0.07503437
199.29205 0.078044385
192.97054 0.07136272
186.97012 0.07247837
180.24039 0.07518955
172.25029 0.0786844
165.2978 0.08200117
158.10266 0.08574197
152.13876 0.08911184
147.15848 0.09213607
142.1884 0.09536625
136.22974 0.0995511
130.26256 0.10412759
124.30063 0.10914142
118.34547 0.11465703
111.41012 0.121828966
104.706856 0.12967104
99.6691 0.14639135
93.748215 0.15571019
87.81992 0.16631623
80.94472 0.18059193
75.27585 0.19435948
68.46478 0.21398126
63.520824 0.24347949
57.567265 0.27329707
53.20986 0.29632834
48.24661 0.32789454
44.472713 0.3569085
38.918697 0.4106861
35.186527 0.45736444
30.88118 0.527239
25.882032 0.64391756
21.388634 0.8131467
18.444502 1.0017412
14.341635 1.2347461
11.541001 1.573631
11.294485 2.1352425
14.758017 2.5242202
19.941586 2.6988513
25.510534 2.8000996
31.188568 2.8641207
36.251427 2.9036858
43.08717 2.9419897
50.712605 2.9723196
57.832664 2.993325
63.77115 3.00722
69.71364 3.018735
77.55413 3.0182364
85.48414 3.02973
92.61918 3.0383797
99.37995 3.0454237
105.58724 3.0510933
113.30098 3.0572698
117.28928 3.0601437
121.28635 3.0628335
128.47939 3.0672512
135.23679 3.0709722
141.21251 3.0739653
147.11603 3.083488
151.05943 3.0916305
159.0281 3.0941358
165.24374 3.0959222
171.98952 3.0977147
178.92659 3.1105936
184.87585 3.1212385
190.86424 3.1230063
196.83344 3.128647
202.8167 3.1339562
208.78365 -3.1405292
214.80377 -3.1358507
220.78302 -3.1350303
225.0088 -3.1307125
232.03326 -3.1224282
238.75104 -3.114595
242.84486 -3.110934
249.9249 -3.1038017
256.96014 -3.0970533
263.28995 -3.0905259
269.44397 -3.080551
276.37793 -3.0720232
284.49567 -3.0626607
291.00342 -3.0548778
298.92654 -3.0504484
307.17786 -3.0430808
314.757 -3.0326998
321.92606 -3.0226643
328.35806 -3.0127525
335.846 -3.0035965
340.40897 -2.996637
347.26572 -2.9819949
352.19333 -2.9670088
358.13553 -2.953605
363.2154 -2.9394503
366.2268 -2.929913
369.48227 -2.9151511
371.84454 -2.9000356
371.96133 -2.8878384
369.01276 -2.870202
365.44394 -2.852622
361.26724 -2.8318012
356.7361 -2.8167343
352.09213 -2.8047817
348.05573 -2.7946188
344.19055 -2.7905552
339.61145 -2.785613
333.2595 -2.7785168
327.46796 -2.7717888
321.1674 -2.764173
313.77106 -2.7548108
304.77667 -2.749069
298.56506 -2.744888
291.01132 -2.7377262
281.99188 -2.7317564
277.0213 -2.727891
272.1618 -2.7240582
267.17395 -2.7189105
262.10794 -2.7153661
257.00342 -2.7139587
251.6602 -2.7129676
246.2906 -2.711922
241.31168 -2.7070544
236.70142 -2.6990213
230.51672 -2.6948507
225.59583 -2.6892877
220.59686 -2.684422
215.66826 -2.6783342
211.11035 -2.6769109
206.18547 -2.6703894
201.02531 -2.6684713
196.79182 -2.663226
188.32365 -2.6578262
181.44106 -2.6565454
174.42497 -2.6496637
167.80472 -2.6352217
161.03212 -2.6316295
155.2172 -2.619623
149.6882 -2.6198158
143.00162 -2.617103
136.70964 -2.6091788
130.53725 -2.599059
124.383255 -2.5879543
118.79184 -2.5686324
111.41371 -2.555535
105.02189 -2.5403953
98.69808 -2.5305462
90.69283 -2.522433
82.674545 -2.5127096
72.898674 -2.5121188
67.84474 -2.5133069
62.19985 -2.507249
56.86403 -2.486573
51.75102 -2.458708
46.144257 -2.4369147
40.918648 -2.3993323
34.69348 -2.3820157
29.556334 -2.3571553
18.949162 -2.320538
9.5540905 -2.211282
2.388702 -2.3707485
6.2356205 0.9048628
6.2356205 0.9048628
