Mouse
36
5.108354 2.320479
7.9664636 2.7906373
11.504614 3.077328
15.532152 -3.0603058
19.611654 -3.0260384
23.86438 -2.9620721
27.979956 -2.952433
32.09746 -2.9452665
37.19648 -2.9451199
41.31522 -2.9402812
45.241512 -2.9579608
50.340096 -2.9565668
54.456352 -2.9520302
58.389565 -2.9649389
62.503685 -2.9604354
66.61892 -2.9564881
71.717575 -2.955614
76.816284 -2.9548564
81.734634 -2.9662137
86.8325 -2.964921
90.77295 -2.9726658
95.70547 -2.9814494
100.64465 -2.9893713
104.60015 -2.9951699
108.55892 -3.0005457
114.50245 -3.0079124
118.46796 -3.0124125
123.42798 -3.017631
127.282326 -3.0293133
133.14293 -3.0418262
137.03052 -3.0519953
141.92833 -3.062165
147.77136 -3.0788794
151.70596 -3.0871105
155.65033 -3.0949252
159.60373 -3.102353
163.5655 -3.1094215
169.51224 -3.1223528
173.4956 -3.1285594
177.48534 -3.134487
182.48105 -3.1401615
187.48232 3.137652
192.48872 3.132559
197.49985 3.1277246
201.51556 3.123038
205.56099 3.113671
209.58923 3.1094346
214.65883 3.100871
218.74463 3.09248
222.90466 3.0799181
227.02707 3.0722113
232.2381 3.0608168
237.47795 3.049924
243.73956 3.0399206
248.92116 3.033966
254.00006 3.0321665
259.1926 3.026603
263.28143 3.024573
267.4919 3.0188932
271.5847 3.0170414
275.80618 3.0116477
280.03546 3.0064168
284.27213 3.0013418
288.66232 2.992988
292.76657 2.991633
297.3382 2.9803407
301.44708 2.979197
305.88824 2.9716327
310.3464 2.9642854
314.82086 2.9571464
319.50262 2.9471352
323.23636 2.936787
326.02695 2.9260218
329.82928 2.9161205
332.92593 2.9028249
336.80182 2.8933918
340.707 2.8841743
344.64047 2.8751664
348.6013 2.8663626
351.62863 2.8569605
353.7295 2.8469012
356.81985 2.8378022
358.98782 2.8280032
361.18988 2.8183224
363.42538 2.8087602
365.69373 2.7993157
367.99423 2.7899883
370.3264 2.7807777
373.05225 2.7691839
375.4542 2.7602293
376.9612 2.7503805
379.4254 2.7416396
381.00073 2.7319694
383.525 2.723441
385.16663 2.7139504
387.7489 2.705633
390.35764 2.697426
392.99228 2.6893287
394.7567 2.6802144
396.55362 2.6711822
398.38257 2.662232
398.47794 2.65101
398.62344 2.639795
397.9481 2.627356
397.3345 2.614877
396.783 2.6023612
397.14572 2.5911324
395.33316 2.579372
395.79828 2.5681274
394.09375 2.5562258
393.00882 2.5421185
392.00256 2.5279362
389.904 2.5178347
386.44763 2.508177
383.8286 2.4999087
381.23618 2.4915273
378.67093 2.4830315
376.13336 2.4744208
373.62405 2.4656935
371.1436 2.456849
368.69254 2.4478862
366.2715 2.4388041
363.22855 2.4316864
360.1106 2.4205306
357.78244 2.4110503
354.81323 2.4035277
351.86444 2.3958786
348.20795 2.3861356
345.307 2.3781934
342.42822 2.3701172
339.57214 2.3619044
336.73935 2.3535528
333.23203 2.3429148
329.7321 2.3363395
326.24673 2.3296235
323.50748 2.320651
319.3216 2.315753
315.1436 2.3107247
311.71646 2.303411
308.3064 2.295935
304.1612 2.2904537
300.0254 2.2848213
295.89935 2.2790315
291.90433 2.2682502
287.17133 2.2593777
281.68445 2.2524395
277.61722 2.2457898
273.56265 2.2389429
268.11804 2.2312362
262.69003 2.2232108
257.8813 2.217948
253.88179 2.2101278
249.09172 2.204427
244.31006 2.1985028
240.351 2.1899197
235.01779 2.1800013
229.45065 2.17568
223.32462 2.167449
218.33022 2.1663764
213.33609 2.1652536
208.6169 2.1574228
203.07451 2.1519222
197.53859 2.1461132
192.00974 2.139969
186.18127 2.1408696
179.81444 2.1371493
173.45027 2.1331558
167.41348 2.1206279
162.43608 2.117749
156.94496 2.1092355
153.1957 2.0935135
148.61238 2.0802696
144.93736 2.0629056
139.53165 2.0511847
134.14665 2.0385208
129.22665 2.0317547
122.97679 2.0207078
118.55805 2.0013297
113.27071 1.9839761
107.098175 1.9685152
100.58739 1.9419366
94.844864 1.931579
88.776764 1.9093027
83.39665 1.9065915
78.017235 1.9035063
71.6931 1.9044731
65.36903 1.9056269
59.98999 1.9015281
54.300327 1.879174
48.644135 1.8516046
43.289032 1.8392224
38.680027 1.7918491
34.558243 1.7889949
30.239676 1.7530512
24.98252 1.7105832
20.791634 1.6420808
16.74688 1.5397924
12.985524 1.3755628
9.838178 1.0935367
8.059505 0.62855965
9.547764 0.07746001
12.282021 -0.3543104
18.072432 -0.53803235
22.589844 -0.6832398
28.142984 -0.7537859
33.079174 -0.7798838
38.755108 -0.81718785
44.47117 -0.844933
50.979736 -0.87904936
56.750862 -0.8945391
62.533085 -0.90716684
68.323586 -0.9176556
72.72055 -0.9292396
77.12616 -0.9395014
81.53901 -0.9486534
88.746254 -0.951427
93.16686 -0.9588717
97.592155 -0.9656417
104.23761 -0.9747181
109.23224 -0.9725482
115.88327 -0.98031646
122.264854 -0.9759088
126.69989 -0.98052794
133.08128 -0.9764684
136.9626 -0.9867727
144.17366 -0.9865737
148.61429 -0.9901933
153.89572 -0.9971486
158.64912 -1.0089583
163.10031 -1.0116464
167.55261 -1.0141916
173.1908 -1.0275922
178.50697 -1.0324788
181.95282 -1.0437499
186.78458 -1.052587
193.86389 -1.0615102
199.20567 -1.0649819
203.59398 -1.0768814
208.4758 -1.0840281
212.48126 -1.0886743
218.26924 -1.0973607
222.73094 -1.1075963
226.75803 -1.1115328
233.48639 -1.1209837
239.33046 -1.1281214
243.3746 -1.1314489
248.3281 -1.1363686
251.96217 -1.1430506
256.92914 -1.1475818
262.81506 -1.1534885
266.87802 -1.1561378
270.54385 -1.1620944
274.219 -1.1678915
277.90314 -1.1735351
282.5204 -1.1803824
286.22342 -1.1857009
289.56503 -1.1940907
292.92654 -1.2022884
296.6615 -1.2071455
299.7066 -1.2181296
303.12393 -1.2257836
306.89117 -1.2301918
310.66428 -1.234493
314.11835 -1.2417005
318.223 -1.2527263
321.71713 -1.2595671
325.8826 -1.2701081
330.0833 -1.2803819
334.31805 -1.2903966
338.85416 -1.297316
343.1438 -1.3068633
346.75024 -1.3126569
351.08868 -1.3218004
355.45578 -1.33072
358.87717 -1.3387834
362.32144 -1.346694
366.55194 -1.3577054
368.66617 -1.3700311
372.00635 -1.380078
374.2207 -1.392093
376.32367 -1.4065853
378.5048 -1.4209137
379.9089 -1.4321108
382.35217 -1.4435568
383.85162 -1.4545547
385.39716 -1.4654657
385.99265 -1.4760437
387.54507 -1.4893762
388.16818 -1.5024244
389.80167 -1.5181321
391.56888 -1.5311527
392.40225 -1.5439861
393.29993 -1.5567629
395.26157 -1.5694829
396.27652 -1.5795804
396.33185 -1.5896727
396.42752 -1.5997612
397.56274 -1.6097456
397.78882 -1.6223059
397.01672 -1.6324975
396.286 -1.6427279
395.59692 -1.6529949
394.1442 -1.6685835
391.68213 -1.6820362
390.28406 -1.6953374
387.82846 -1.7065325
383.5924 -1.7212117
379.2774 -1.7336147
376.0068 -1.7458369
371.44238 -1.7534833
367.88214 -1.7608048
363.3615 -1.7688088
358.86472 -1.777014
354.3927 -1.7854269
349.94644 -1.7940542
345.5269 -1.8029028
341.13507 -1.81198
336.7721 -1.8212932
333.66336 -1.8329756
330.33176 -1.8419619
326.7521 -1.8481895
323.46683 -1.8575227
319.25397 -1.867961
316.02994 -1.8777184
312.52646 -1.8846356
309.0383 -1.8917092
305.56595 -1.898944
301.1659 -1.907438
297.12827 -1.9193501
292.7824 -1.928393
289.39493 -1.936468
286.02673 -1.9447337
281.75104 -1.9545202
278.42685 -1.9632292
274.7352 -1.9687973
270.13297 -1.9759712
266.4615 -1.9818884
262.7996 -1.9879708
258.23636 -1.9958161
253.76762 -1.9951355
249.71175 -1.9980812
245.24263 -1.9974182
241.18849 -2.0005064
236.719 -1.9998653
231.34032 -2.0009954
226.3819 -2.0061917
221.42989 -2.0116208
216.4847 -2.017298
219.25735 -2.001192
222.8988 -1.9937047
226.55235 -1.9864584
231.83595 -1.995276
229.46829 -2.0143697
225.86192 -2.0219705
222.26903 -2.0298173
218.24176 -2.0338302
214.21815 -2.037994
210.1984 -2.0423172
206.18271 -2.0468087
201.28522 -2.0537758
197.28073 -2.0587032
193.28123 -2.0638347
189.76709 -2.0738113
185.2985 -2.0747612
181.80606 -2.0853858
177.8353 -2.0915613
173.87161 -2.0980186
169.91553 -2.104777
165.96758 -2.1118572
161.5092 -2.1139987
157.57275 -2.121687
152.2683 -2.1276836
146.96973 -2.134113
140.83693 -2.1448562
136.94156 -2.1545866
132.23244 -2.169119
126.97984 -2.1782837
123.13338 -2.1901584
117.90798 -2.2009642
111.89832 -2.218122
107.50452 -2.22572
101.54882 -2.24609
96.408646 -2.2623193
92.70694 -2.281527
87.71887 -2.2853563
83.39417 -2.2986715
79.08587 -2.3134403
74.11207 -2.320118
69.83256 -2.338166
65.57875 -2.3585627
59.921913 -2.3587863
54.28755 -2.3851097
49.367634 -2.4023266
43.71757 -2.4082937
37.41346 -2.4360294
31.014004 -2.429667
25.37581 -2.4460316
20.541584 -2.5019634
15.810808 -2.5918062
10.3944645 -2.7191913
7.485425 -3.106687
5.835799 2.4462337
7.8791823 1.7598674
11.8366585 1.4420998
16.127405 1.3508182
20.49585 1.2981504
24.901134 1.2640489
29.326664 1.2402184
34.387196 1.25991
38.502308 1.2669628
42.618965 1.2726533
46.45736 1.2979476
50.85541 1.28127
54.974735 1.2846099
59.094585 1.2874843
63.21486 1.2899839
67.33548 1.2921776
71.736 1.2807081
77.1007 1.2744013
82.77089 1.2573798
86.90573 1.224232
91.698586 1.2082772
96.88496 1.1843135
101.72865 1.1718193
108.31112 1.1472125
114.95163 1.1254368
119.42304 1.124752
123.894516 1.1241167
128.80168 1.1165253
133.27364 1.1162107
138.18787 1.1094158
143.56166 1.0968702
148.03357 1.0971807
152.96391 1.0916542
157.43555 1.0920943
161.95534 1.0787045
166.89984 1.0741858
171.45595 1.0620106
176.90453 1.0532776
182.00778 1.0375575
186.97823 1.0346149
191.61014 1.024667
196.2601 1.0151895
201.24129 1.0130086
205.91173 1.0042388
210.59732 0.9958585
214.4629 0.98527676
219.18011 0.9776309
225.29987 0.9691536
231.43494 0.96112514
236.19 0.95451367
240.72984 0.94236636
244.70793 0.9339478
249.50261 0.92820877
254.11552 0.9171734
258.75827 0.90653276
263.58954 0.90160066
267.49597 0.88925904
273.75574 0.88427985
277.07553 0.8754013
281.82617 0.86632603
285.18872 0.8579098
289.98236 0.8493769
292.63956 0.83911335
296.8047 0.83358794
301.65573 0.82577336
305.79544 0.8159713
309.2725 0.80876595
313.4846 0.80393964
316.9877 0.79704183
320.5056 0.7902951
324.74686 0.7815215
329.01242 0.7729747
333.2751 0.76888984
336.85147 0.7627664
340.44022 0.75677186
344.7727 0.7489236
348.38895 0.74320877
352.01633 0.73761153
354.98682 0.73003346
358.72806 0.72073805
361.74298 0.71344066
365.5382 0.7044888
369.3621 0.6957216
372.44128 0.68883795
375.53784 0.6820674
378.02692 0.6733434
381.50705 0.6594373
385.4709 0.65149015
388.26157 0.63958496
390.29764 0.6293563
392.6105 0.6156825
394.43033 0.60008186
396.34525 0.5846283
398.0531 0.5727972
398.75565 0.55682206
399.21957 0.54434437
400.9664 0.52721834
401.0858 0.5126812
401.7686 0.5003422
402.04443 0.4858501
401.97 0.47472706
399.70926 0.46360102
397.93668 0.45461005
396.6702 0.44217807
394.55655 0.43072417
392.49518 0.41914845
390.88434 0.40980092
389.3079 0.4003769
387.76633 0.39087707
386.26004 0.38130227
384.78946 0.3716534
382.4199 0.3628573
378.7961 0.35239097
375.21466 0.34172365
371.6767 0.33085197
368.4991 0.3223488
365.3486 0.31369838
362.22592 0.3048981
357.88422 0.2940877
352.90656 0.2865253
347.94968 0.27874696
342.74838 0.26793298
338.36273 0.2653627
333.46555 0.2569331
329.5622 0.24750727
325.68884 0.23785637
321.84653 0.2279741
318.0364 0.21785405
313.2812 0.20814723
308.9563 0.20448898
303.2621 0.19492176
298.76465 0.18766372
294.2834 0.18018422
289.6492 0.16907263
285.0519 0.15760116
280.64038 0.14928073
276.24884 0.14069514
271.87836 0.13183287
267.65414 0.12638985
262.5682 0.12501208
257.36145 0.11972394
253.1557 0.11376737
247.8592 0.10403187
242.58722 0.09387221
238.42285 0.08709321
233.35548 0.08468789
228.13408 0.0734385
223.00674 0.06613935
218.89017 0.058229987
214.78778 0.050017968
209.70132 0.041684527
205.59927 0.027916027
200.55402 0.018643288
196.52686 0.008847606
192.52058 0.0038373629
188.51935 -0.0013856962
184.51935 -0.0014157353
180.52357 -0.006986571
174.53381 -0.012956193
169.53424 -0.013338294
164.55148 -0.019820204
160.57571 -0.026540319
155.60814 -0.033817213
150.61108 -0.034939665
146.61359 -0.035892718
141.65761 -0.04421415
137.66164 -0.045498453
132.71796 -0.054739077
128.78441 -0.064191826
123.79512 -0.06678271
119.87744 -0.07733288
115.88981 -0.07999941
111.99026 -0.091754794
108.007706 -0.09514812
104.02649 -0.09880122
100.046776 -0.102745004
95.07453 -0.10813893
91.098915 -0.11287789
86.132576 -0.1194166
81.17037 -0.12675512
77.20412 -0.13330486
70.272385 -0.14654477
64.34265 -0.16016175
60.397217 -0.17072389
56.45946 -0.18276082
50.571144 -0.2043256
46.66141 -0.22172044
41.79827 -0.24802938
36.971664 -0.28123578
33.147408 -0.31473404
27.504921 -0.38231453
23.840456 -0.44494975
18.604767 -0.5842066
15.42673 -0.7277069
11.929301 -0.8888431
9.907316 -1.207659
9.273705 -1.6226689
9.398181 -2.0677805
11.164678 -2.4335144
13.963318 -2.676612
17.630114 -2.7785244
17.630114 -2.7785244
