Stilus
31
165.14296 2.9556768
159.1539 2.9421928
154.98792 2.9301686
149.35654 2.915209
144.75925 2.907888
140.63284 2.8935745
139.0058 2.8549285
136.4626 2.817039
137.11987 2.7817898
138.62706 2.753917
140.22823 2.726848
142.31491 2.6947126
147.21103 2.6729012
153.73012 2.6542125
156.90556 2.633923
161.27505 2.6125908
164.50977 2.5924768
168.59598 2.5757937
172.49318 2.5619683
177.1306 2.5428426
181.37794 2.531928
184.98346 2.5175834
188.52774 2.502424
195.02301 2.4920266
199.8526 2.483372
205.45451 2.4736226
209.87361 2.4623802
213.95378 2.4536686
220.12564 2.4340773
223.67546 2.4224687
228.2404 2.4115431
232.80582 2.4001157
237.11983 2.384116
240.82152 2.3739522
244.9606 2.3623843
248.52176 2.353634
253.49397 2.3397725
257.8832 2.32875
263.00415 2.3182151
266.53897 2.3034701
269.52655 2.293541
273.38876 2.281149
277.87054 2.267357
280.53778 2.250795
282.84235 2.236925
286.3702 2.2185028
289.67145 2.2077618
292.90146 2.1881325
295.09674 2.1735363
295.77792 2.1525998
296.20413 2.1346366
298.5232 2.1120708
299.4429 2.0908992
300.05743 2.0706635
301.23758 2.0497534
301.43 2.0298424
299.30292 2.0143597
298.104 1.9977955
296.22623 1.983643
294.45178 1.9696615
292.3622 1.9523466
290.71863 1.9379983
288.69748 1.9193442
287.0367 1.9030559
283.5461 1.8886868
281.14932 1.8738128
278.6684 1.8568951
276.54007 1.8432174
273.1787 1.8258183
271.10898 1.8107058
267.8429 1.7915032
264.81732 1.7743993
263.03595 1.7598732
262.14325 1.7411618
260.38757 1.7237178
257.7784 1.7052613
256.11 1.6880558
253.6576 1.6722668
250.69228 1.6525588
249.73087 1.6256537
247.64095 1.6095178
247.40715 1.5909821
247.35748 1.5732151
248.38812 1.5547119
248.49785 1.537004
250.19193 1.5188777
250.95697 1.5014849
254.1155 1.483091
258.36725 1.4623463
260.27646 1.446116
260.90747 1.430616
261.65195 1.4117165
263.3992 1.3951694
265.28262 1.3775887
266.28656 1.3591832
267.26666 1.3427416
268.5619 1.322816
270.86438 1.3049047
274.51215 1.2896019
277.3657 1.2752837
280.58594 1.2623153
284.4169 1.2492417
287.38388 1.233543
290.77634 1.2159659
294.17685 1.2014223
295.889 1.1867529
298.71683 1.1725061
299.9354 1.1514062
301.12314 1.1378253
300.794 1.1189466
300.98254 1.1026444
300.98938 1.0791745
301.19992 1.0640272
301.92175 1.0496769
303.10553 1.0349609
302.11563 1.0163945
299.5829 1.0033469
295.0125 0.9882688
292.8397 0.9690437
290.7655 0.94989246
288.32053 0.9272122
285.19897 0.90448105
282.4175 0.886309
279.62625 0.8748304
275.97076 0.8637127
272.74698 0.853569
267.39566 0.8359786
262.66498 0.8247718
258.90747 0.81658053
254.92905 0.8051686
249.10728 0.79029447
245.69217 0.7807549
241.8162 0.7711719
238.36227 0.75689024
235.07913 0.74670905
229.21288 0.733372
221.74278 0.7228359
218.28041 0.7117002
214.20363 0.6966407
210.33403 0.68191904
205.96631 0.66720486
199.31772 0.6489389
192.74008 0.62941897
187.53346 0.6193185
182.46613 0.60959536
176.86736 0.5939793
170.96657 0.58197874
166.89214 0.5662064
161.39655 0.5517581
156.21776 0.53571695
151.15918 0.51625043
147.94293 0.4928335
144.75256 0.46568736
142.90498 0.43926343
142.2469 0.4057426
145.6264 0.3688823
148.80307 0.33919734
153.38187 0.30468908
158.73004 0.268813
163.04436 0.24482086
168.05598 0.21906532
172.43468 0.19672263
176.71909 0.17935269
181.32814 0.16915292
185.95735 0.15401816
191.11377 0.13926388
196.11374 0.117713615
201.22447 0.09846921
205.49583 0.08544052
211.37971 0.06725789
216.35709 0.06094167
221.37384 0.061199117
227.49895 0.059549436
233.34723 0.058055274
239.03084 0.052486878
243.86574 0.040220615
248.3044 0.030387258
252.74493 0.021943465
259.6362 0.0070153004
263.92685 -0.00124278
268.5304 -0.017763903
273.76624 -0.033502605
279.05188 -0.05355814
285.4747 -0.06926511
292.50778 -0.0792567
298.0979 -0.09123107
303.055 -0.09725443
307.5504 -0.112161696
313.15176 -0.12206614
316.64917 -0.13348271
322.286 -0.14677112
328.42123 -0.16249424
333.07407 -0.17321438
337.60632 -0.18515281
343.27603 -0.19980155
347.41623 -0.21285647
347.95908 -0.22644198
348.9413 -0.23835212
352.4681 -0.25496382
353.62485 -0.26722598
354.83865 -0.27944836
356.24738 -0.29291317
357.8043 -0.30701196
359.10516 -0.31823966
361.02597 -0.33401275
362.6946 -0.34702677
363.30533 -0.35954154
365.05188 -0.3720618
363.98495 -0.38691226
362.12827 -0.40323937
359.29602 -0.41643563
358.22858 -0.4326963
355.46466 -0.4484154
352.30933 -0.46850774
350.12332 -0.48133424
346.2427 -0.4970154
342.78473 -0.50956124
337.71524 -0.51834685
333.293 -0.5259312
329.82706 -0.53556085
327.19528 -0.5474787
324.23584 -0.5603123
320.38626 -0.57075775
317.94925 -0.5831319
314.70148 -0.5946905
311.5565 -0.6054291
308.4481 -0.61638564
304.96854 -0.6244922
301.51608 -0.63688546
297.52277 -0.6468507
293.87863 -0.6562494
289.83844 -0.6670293
285.70496 -0.6784735
281.54276 -0.68366176
278.34592 -0.69529
272.8997 -0.7072309
269.20612 -0.71459407
264.80576 -0.7235427
259.7494 -0.73049396
254.63786 -0.74328154
249.72704 -0.755996
245.96019 -0.77053595
243.66905 -0.78490597
240.30762 -0.7995774
236.71278 -0.8153291
233.45558 -0.83026135
229.45747 -0.8495277
226.01001 -0.86024517
222.34627 -0.8725935
218.39252 -0.88717574
214.41196 -0.91029423
211.5591 -0.92785066
208.95032 -0.9447072
206.06483 -0.9643387
204.45775 -0.9889716
202.29105 -1.0100898
200.9125 -1.0298475
200.28671 -1.0558549
198.86833 -1.0791426
198.35529 -1.10599
199.9265 -1.1343058
202.24612 -1.164558
204.54393 -1.1918054
207.00552 -1.2185893
210.07571 -1.2415936
213.29323 -1.2590663
216.41936 -1.286499
220.11967 -1.3209206
223.86487 -1.346947
226.9241 -1.3680564
230.05865 -1.3891392
233.06024 -1.4159039
236.15407 -1.437178
238.56743 -1.4577775
240.02611 -1.4802983
241.56204 -1.5047977
242.50972 -1.5254785
246.2336 -1.5481316
249.25595 -1.5684357
250.28856 -1.5872868
250.42424 -1.6076142
250.63763 -1.6260947
249.90273 -1.6427966
247.2698 -1.6613079
245.68889 -1.6787311
242.3133 -1.7009985
238.17485 -1.7239438
234.78004 -1.7439468
230.80682 -1.7633935
227.21587 -1.787269
223.77159 -1.8027282
220.37532 -1.8203759
216.57426 -1.8439587
213.1031 -1.8647995
209.92711 -1.8863604
206.71843 -1.909916
203.42532 -1.9364246
200.79143 -1.9576776
198.40373 -1.9872862
196.93596 -2.017691
196.8449 -2.0414033
197.37675 -2.0735261
199.7238 -2.0908928
202.05681 -2.1107128
203.557 -2.1321762
204.73271 -2.1634543
206.87459 -2.1901891
209.26703 -2.2070558
212.10263 -2.2249372
215.96837 -2.24052
219.18944 -2.2588677
223.2398 -2.273755
228.39577 -2.2934027
232.80333 -2.3036551
236.56569 -2.319418
240.09552 -2.3351111
244.03555 -2.3459737
248.53215 -2.3529258
252.93985 -2.3627255
256.0839 -2.376788
259.85315 -2.3853436
264.15503 -2.3954577
267.79153 -2.402904
272.7359 -2.4143984
276.57098 -2.421877
280.33835 -2.4335968
284.15833 -2.4450488
288.01047 -2.4561841
292.09247 -2.4675581
295.61728 -2.4770472
298.95715 -2.48998
301.7271 -2.5011005
305.1614 -2.513515
308.64392 -2.5256565
312.8442 -2.5351276
316.2189 -2.5453436
319.6008 -2.5534816
323.44138 -2.5650682
325.73044 -2.5795825
330.18573 -2.5938432
333.25024 -2.6034088
337.0162 -2.6134262
342.01553 -2.6203246
348.0767 -2.6335843
352.1342 -2.648061
355.13788 -2.6605566
357.47565 -2.6727674
360.59903 -2.6923475
362.99054 -2.7107341
364.5829 -2.727736
365.75906 -2.7410889
365.93564 -2.756066
365.67047 -2.7727218
364.75366 -2.7870853
363.05014 -2.7999873
361.41064 -2.8129842
360.09515 -2.8238726
359.56494 -2.8375318
359.34317 -2.8489912
357.92932 -2.8624027
356.32812 -2.8785317
355.0667 -2.892064
353.8596 -2.9058218
352.7239 -2.9196208
350.76007 -2.935784
348.5525 -2.9484642
342.7409 -2.963684
338.0999 -2.975828
333.40143 -2.9859226
329.8181 -2.9965353
325.30548 -3.012387
320.33676 -3.0300248
314.20856 -3.0406134
309.6484 -3.046024
305.35422 -3.051646
300.5623 -3.0627162
295.9636 -3.0720952
290.22406 -3.078028
285.84097 -3.0866263
281.02032 -3.0901904
275.476 -3.103252
270.50668 -3.1167984
263.42358 -3.1360924
257.4551 3.1288073
252.25722 3.1176255
247.39774 3.1151347
241.56735 3.1103578
234.58015 3.109427
229.5845 3.1087267
222.93816 3.0999498
215.99338 3.0927675
210.86186 3.0820863
205.31934 3.0670774
200.5186 3.054026
194.45049 3.0333514
190.08112 3.0196202
184.12138 2.9997451
178.79033 2.9828346
174.38324 2.9614108
168.92358 2.9418108
164.10371 2.929636
159.77394 2.9045427
159.77394 2.9045427
