Stilus
18
297.59543 2.3226044
295.01184 2.3843267
293.9455 2.4218512
293.83096 2.4474382
293.65533 2.4652317
293.34488 2.4936152
293.9826 2.5135481
293.56656 2.534036
293.23267 2.553868
292.32632 2.5721154
294.796 2.5902262
297.3358 2.6091783
298.8709 2.632721
300.46866 2.6508934
300.4149 2.6661246
298.265 2.6808753
297.38123 2.7016118
296.15445 2.7186275
296.489 2.737925
295.44763 2.7575579
294.2142 2.7796865
293.98953 2.7992141
293.50754 2.816696
292.96262 2.8333085
293.99744 2.8523924
295.05933 2.8767471
295.40982 2.8994029
295.42786 2.91901
295.24002 2.9379377
295.70352 2.9616492
296.83475 2.9835117
298.06665 3.0011294
298.21497 3.0232692
299.28238 3.0453556
298.9348 3.0680754
298.66754 3.0814395
298.40002 3.098839
299.98352 3.1190479
301.9116 3.1357472
303.92062 -3.130962
305.22983 -3.1145945
305.40552 -3.0982428
303.66916 -3.0815039
302.99628 -3.0656228
303.51038 -3.0459185
304.023 -3.0297155
304.89127 -3.006719
304.6706 -2.9933333
303.68524 -2.972197
302.7413 -2.9575386
299.0022 -2.9325805
298.15683 -2.9091346
297.66556 -2.8879251
298.1156 -2.8694122
299.35782 -2.8433483
298.84393 -2.8182654
298.528 -2.7986906
295.81705 -2.7789242
294.9071 -2.7551425
294.81128 -2.7340171
298.64932 -2.7091815
299.49307 -2.6838744
299.9689 -2.6630425
299.24808 -2.6409614
298.8828 -2.6158998
299.4174 -2.5860162
300.40054 -2.5671496
299.08322 -2.544263
298.45224 -2.51875
298.05057 -2.4939783
299.90967 -2.4776783
301.92242 -2.46391
302.80777 -2.440628
302.89374 -2.4190865
301.1951 -2.4016976
298.34372 -2.387334
296.52408 -2.368482
295.31537 -2.3496473
295.35504 -2.3279665
296.95636 -2.3108675
299.86023 -2.2975934
301.3638 -2.2821753
302.89706 -2.2636003
302.84976 -2.2425025
301.61765 -2.2205088
299.64194 -2.2056372
298.97662 -2.1866539
298.32733 -2.1717184
299.72415 -2.1437998
301.2576 -2.1210744
302.01 -2.1036153
302.4718 -2.0870712
301.9787 -2.0705442
301.92996 -2.0548623
301.2959 -2.0369737
300.25507 -2.0217519
301.018 -2.0055053
300.36734 -1.9910111
299.36063 -1.9750164
297.35666 -1.9589602
295.4686 -1.9430219
295.99945 -1.9239432
297.16843 -1.9017736
298.23584 -1.8839868
298.5592 -1.861561
299.25317 -1.8431255
299.88315 -1.8253021
299.73148 -1.8096439
299.68234 -1.7943996
301.46884 -1.7762971
302.37323 -1.7591697
301.82364 -1.7457198
300.9801 -1.7290771
300.2867 -1.7138866
299.61746 -1.6974441
300.10892 -1.6831408
299.49927 -1.6633636
299.14148 -1.6494325
298.80237 -1.6333982
298.56848 -1.6193198
298.38425 -1.6042745
298.2539 -1.5865201
294.72354 -1.565713
294.3097 -1.5461301
294.47696 -1.5290301
294.78735 -1.5087523
295.13757 -1.4919288
294.5993 -1.4740245
294.13086 -1.4567969
293.81583 -1.4378345
292.35388 -1.415491
292.40063 -1.4015902
293.22733 -1.3858155
292.681 -1.37057
293.12192 -1.353461
292.61145 -1.3384732
294.22702 -1.3228235
294.4482 -1.3065523
293.95667 -1.2873802
294.38565 -1.2707152
294.46133 -1.2487329
294.19568 -1.2304913
294.55927 -1.2162043
295.2537 -1.2004397
295.3719 -1.1776218
296.03366 -1.1602104
296.11127 -1.141483
296.90015 -1.1214684
297.7644 -1.1035198
297.75607 -1.0845513
296.62335 -1.0633645
295.70172 -1.0421929
294.06433 -1.0191306
294.08093 -1.0000154
294.62354 -0.9840453
295.12277 -0.964003
296.0484 -0.9421075
295.80582 -0.92011666
295.7336 -0.89890784
294.38165 -0.8732684
294.335 -0.851794
294.2282 -0.8277532
294.94556 -0.80587125
294.53055 -0.7819418
296.5174 -0.7694017
298.2084 -0.74604595
298.3807 -0.7179911
299.08627 -0.698891
299.01917 -0.6795996
298.15878 -0.66314125
297.5246 -0.64314115
297.76495 -0.62225944
299.7382 -0.6083968
299.73697 -0.58618194
300.578 -0.5646184
301.72217 -0.5457517
301.88388 -0.5269917
302.12112 -0.5066321
301.95648 -0.4918182
301.4083 -0.47409526
302.5224 -0.453671
302.8924 -0.43623167
302.02017 -0.41899064
301.86307 -0.40102565
302.07758 -0.38559133
301.12357 -0.3662827
301.4657 -0.35041177
304.4103 -0.33339062
305.1801 -0.31528348
306.2423 -0.2936456
306.23834 -0.2732408
305.71207 -0.2510344
305.46924 -0.23422007
305.0545 -0.21351482
305.96967 -0.19577335
305.86545 -0.17631349
304.90878 -0.15773328
304.27103 -0.14395845
303.59525 -0.12768963
303.00015 -0.11135258
302.41348 -0.092394516
303.04987 -0.07825725
303.69565 -0.0615214
304.4274 -0.044952936
304.24417 -0.028586347
302.38672 -0.012200806
301.3711 0.0068587624
301.21213 0.024244232
301.34036 0.037931908
301.61975 0.057365943
300.3272 0.08019468
300.65436 0.10087071
301.2001 0.11741981
300.73526 0.13178945
300.5585 0.15121828
300.3231 0.16730292
300.2615 0.18512364
300.44476 0.2053499
300.97385 0.22875081
302.0849 0.24404578
299.7076 0.26333046
298.24585 0.28281945
298.0512 0.30667588
297.93536 0.3245568
298.47675 0.34242085
299.25977 0.35930145
300.95853 0.37404057
302.53793 0.38712293
302.8479 0.40457815
302.91348 0.42251965
303.13196 0.44078812
304.23175 0.45590377
304.80267 0.47426575
304.68713 0.49298573
302.35715 0.51314867
299.55145 0.53681886
298.19254 0.5661248
297.78723 0.5838637
298.10303 0.6033017
298.09485 0.6281204
298.2331 0.64494556
300.14505 0.65950406
298.28424 0.67503154
299.29022 0.69714427
298.67615 0.7247718
299.08337 0.74465185
299.4046 0.7638199
300.0646 0.78041
300.97794 0.79689664
301.78763 0.8138412
300.57416 0.8315514
299.5759 0.846513
299.12854 0.86683035
300.03027 0.8890811
300.42133 0.9087067
300.77835 0.92968947
301.47208 0.9491994
301.5407 0.97069824
302.94522 0.99653715
303.0885 1.0173855
301.84436 1.0337214
300.43884 1.0482566
299.15027 1.0626075
297.281 1.0811125
297.9815 1.0983704
297.7415 1.112995
298.71167 1.1294897
298.71948 1.1473597
298.84146 1.1672372
299.00034 1.1877629
298.74298 1.2057983
298.09732 1.2238073
298.25168 1.2413145
299.12885 1.2603261
301.06326 1.2788594
301.65256 1.2958592
302.2045 1.3143498
301.71207 1.3343986
300.579 1.3505911
299.61108 1.3655229
298.795 1.3790827
298.8913 1.3956786
299.88684 1.4110976
299.3791 1.4276842
298.83426 1.4409474
298.14584 1.460024
297.61145 1.4775493
297.24658 1.4917538
296.91046 1.50764
296.56107 1.5303501
296.41956 1.5446856
294.33304 1.5614027
293.32672 1.5771365
293.4104 1.5955049
293.60806 1.6150322
293.82605 1.6294467
294.097 1.6434641
294.5021 1.6603925
293.98322 1.6771668
292.58453 1.6918638
292.12115 1.709294
291.86432 1.7266946
292.703 1.743975
293.01685 1.7636962
292.05576 1.7818158
290.45676 1.804128
290.6241 1.8243753
291.0553 1.8431005
290.27908 1.8675041
289.64142 1.8836334
289.33472 1.9021251
288.6949 1.9180757
288.64294 1.9361048
288.37753 1.955119
287.96213 1.9729818
288.74106 1.9911929
289.79236 2.0095396
290.71863 2.0241923
291.50397 2.0449326
293.28333 2.063869
294.44617 2.0781977
294.84515 2.0967014
294.5855 2.1161556
295.30273 2.134526
295.42984 2.1523936
294.3054 2.178422
294.5127 2.1956542
293.71643 2.2220302
292.69507 2.2451265
292.26926 2.265722
292.8819 2.2846296
292.8819 2.2846296
