Stilus
22
182.99785 2.752053
176.82455 2.6438923
174.72874 2.57862
174.00682 2.543173
173.38719 2.4965467
173.43343 2.4659486
173.73311 2.42995
175.31314 2.4005365
176.64578 2.3686163
179.33171 2.3369622
181.03627 2.3136938
183.3552 2.2867985
185.96141 2.2606618
187.96733 2.232344
190.36243 2.2086678
192.54482 2.184341
195.39374 2.1556053
198.67245 2.1357646
201.68723 2.108925
204.24742 2.0914342
207.28242 2.0707924
209.34274 2.044446
211.86322 2.0193915
214.85223 1.9907942
218.58344 1.963314
221.2865 1.9426335
224.29794 1.914706
228.10945 1.8942981
227.74239 1.8736134
231.09053 1.8498044
233.00366 1.8291438
234.88515 1.806847
238.05817 1.7799916
239.92459 1.7549982
240.98943 1.7368261
242.87177 1.717756
243.33917 1.6983774
245.18059 1.6801268
245.79846 1.6582686
244.9306 1.6391225
244.68324 1.6222744
243.6535 1.6022546
243.37373 1.5814723
244.37076 1.5610306
246.27954 1.5372001
246.66838 1.520588
246.9624 1.5007939
245.13878 1.4764549
243.98409 1.4553738
242.8649 1.4334939
241.53987 1.4084492
238.14673 1.3809344
236.16013 1.3531193
235.00244 1.3326795
234.24158 1.3108699
233.12112 1.2837373
231.03 1.2588246
229.20424 1.2360185
226.51717 1.2108585
223.17111 1.1829877
219.58649 1.1619633
215.82588 1.1488456
213.09128 1.1275687
208.93423 1.1074427
205.9274 1.090353
201.86676 1.0572684
199.7293 1.033829
196.35442 1.0055478
193.49568 0.98877585
192.13657 0.95575416
191.17883 0.92368287
188.74928 0.89644897
187.27736 0.86589265
185.14311 0.8416694
183.14957 0.8170476
180.31166 0.7944358
178.07327 0.7674936
174.85709 0.7382013
173.65628 0.70515424
172.46257 0.6778771
172.35121 0.6441948
172.55984 0.60294336
173.03365 0.5651454
175.76411 0.5249487
178.04686 0.48861465
181.56042 0.44211444
184.81302 0.40602013
187.53807 0.38053834
190.56973 0.3536472
193.94774 0.32539377
197.9206 0.30536732
201.9727 0.27884895
205.08809 0.2589144
208.63402 0.24453095
212.43785 0.2216463
217.07574 0.1934073
220.31944 0.1729367
224.57474 0.15070657
228.38173 0.12083105
231.96887 0.09024849
235.6956 0.07522429
239.53879 0.053113136
243.13739 0.031033233
246.02797 0.011833052
248.95792 -0.008867401
252.03557 -0.028540323
254.18878 -0.04407798
256.67184 -0.06192964
261.53043 -0.080189265
266.19653 -0.09763718
270.75797 -0.116326995
272.5918 -0.13361031
274.2117 -0.1493039
277.48294 -0.16623077
279.59772 -0.18319719
282.6781 -0.2000666
283.82327 -0.21721955
287.8931 -0.23986985
289.5757 -0.2558467
291.87207 -0.2719105
294.17776 -0.28697377
296.61908 -0.30255592
299.90063 -0.3150097
302.49936 -0.3303556
305.6083 -0.34081492
308.5516 -0.35195076
311.88583 -0.3678028
314.91934 -0.3784585
317.09375 -0.39123628
319.11057 -0.4062839
321.1217 -0.42060354
322.82373 -0.43223932
324.78107 -0.44512326
325.49634 -0.46209353
326.64774 -0.477325
327.39862 -0.49972767
328.1918 -0.5165999
328.52216 -0.53717554
328.47678 -0.5522325
328.96115 -0.5688675
329.93536 -0.59271187
331.4418 -0.61526734
330.74426 -0.6350135
329.17252 -0.65334064
328.48843 -0.67422867
327.8795 -0.6922919
327.0647 -0.7175142
326.20337 -0.7330664
325.43732 -0.7518733
326.21268 -0.76901865
325.75455 -0.78854847
324.96255 -0.80418557
323.00754 -0.8159272
320.9992 -0.830771
318.83688 -0.84397554
317.52338 -0.8619386
315.65057 -0.8749268
313.92776 -0.8904703
311.69696 -0.9056861
309.50513 -0.92007923
307.4468 -0.93437266
305.76263 -0.9474406
302.46548 -0.962766
299.6352 -0.9824551
297.46204 -0.9996818
294.64395 -1.0147442
292.0328 -1.0293026
289.49393 -1.0440655
286.52844 -1.0621449
284.55072 -1.0747526
282.25717 -1.0899825
279.9344 -1.1061399
277.73187 -1.1222193
275.8197 -1.1368462
274.11682 -1.150452
272.35312 -1.1651828
270.4217 -1.182151
266.8814 -1.2053243
262.99112 -1.2231343
261.62363 -1.2378576
258.54147 -1.2500986
255.96024 -1.2672604
253.58192 -1.2844963
251.06851 -1.3051342
248.7613 -1.324621
246.39462 -1.347224
244.3577 -1.3662386
242.77931 -1.3817163
241.85893 -1.3981618
241.11252 -1.4169261
241.46767 -1.4355637
240.8825 -1.454775
240.35353 -1.4755032
239.98987 -1.49295
239.67128 -1.5124227
239.45486 -1.5307688
240.32506 -1.5479373
242.26286 -1.5666033
244.18582 -1.5847152
244.40665 -1.605538
244.62022 -1.625136
245.03436 -1.6503615
247.54984 -1.6730167
248.05902 -1.6913846
248.76836 -1.7129906
249.52565 -1.7328186
250.21904 -1.7489743
251.32924 -1.7720294
251.02034 -1.8000246
252.06114 -1.8202507
254.06842 -1.8349106
255.30391 -1.8522505
257.69052 -1.8697904
259.3035 -1.8893516
261.58737 -1.9033338
263.18967 -1.9205343
265.47122 -1.9338968
267.22202 -1.9498225
268.88226 -1.9650354
270.84003 -1.9820633
272.70535 -1.9974749
275.3631 -2.0182333
277.43234 -2.0335321
279.4973 -2.0543728
280.59113 -2.0692375
282.8252 -2.0849564
284.02515 -2.10634
285.93442 -2.1235516
288.0964 -2.1426456
290.11557 -2.1596014
292.67792 -2.172585
294.38416 -2.1868725
296.908 -2.2090979
299.68484 -2.2225058
301.2339 -2.244332
303.1271 -2.2655418
305.25464 -2.2768922
306.76273 -2.2950158
308.51804 -2.3103056
308.7835 -2.3277838
309.37323 -2.348376
309.3821 -2.367491
308.8034 -2.3872457
310.98727 -2.4033697
313.7255 -2.4155498
316.38113 -2.4271657
318.63406 -2.4488769
320.17383 -2.4677196
321.32205 -2.487966
322.30353 -2.5092702
322.15277 -2.5268357
322.11703 -2.5433137
319.8246 -2.5595686
319.95944 -2.5761735
318.36633 -2.5900679
316.94797 -2.6035028
315.50308 -2.6222885
314.14615 -2.6380644
313.05676 -2.6579654
313.3367 -2.675526
313.35718 -2.6898458
313.6743 -2.711779
312.72128 -2.7313628
311.59906 -2.7510784
310.28195 -2.7702959
309.82904 -2.7904093
309.29602 -2.8069122
308.38492 -2.8257806
306.6553 -2.8435252
304.87515 -2.8631597
303.54532 -2.8789206
302.03476 -2.8982139
299.09683 -2.9135568
294.69296 -2.9303107
291.08347 -2.9424279
287.81555 -2.9612155
285.3355 -2.973983
283.41797 -2.9895833
280.72525 -3.0060983
278.1421 -3.0244567
274.03534 -3.0413334
272.10144 -3.05843
268.92514 -3.076029
265.55078 -3.094103
260.49063 -3.1159637
256.4092 -3.138947
251.69829 3.131469
246.7657 3.1170921
241.60861 3.102555
236.63765 3.0810955
232.05626 3.0621204
228.30748 3.0437698
224.00485 3.0239341
220.31943 3.0036697
216.34595 2.986011
212.94403 2.9608262
209.68849 2.9379647
205.95505 2.9162729
202.8217 2.8911154
199.31165 2.8605876
195.36392 2.8226483
192.62526 2.8001518
190.69714 2.7713842
187.83615 2.7453668
187.83615 2.7453668
