Mouse
27
314.97928 1.4244817
314.421 1.437068
313.7935 1.4528605
312.24973 1.4683858
310.8702 1.480857
309.5395 1.4934373
306.26236 1.5057023
304.0309 1.5184034
302.8108 1.5347205
301.69315 1.5478512
300.62793 1.5610772
299.62094 1.5777326
296.72372 1.5980244
296.05066 1.6251321
295.43985 1.645596
293.9578 1.66646
293.4838 1.6837451
292.9695 1.6976967
292.51245 1.7116945
290.29407 1.7301999
289.1608 1.748371
286.9493 1.763939
285.78677 1.779019
283.9387 1.7984334
281.95587 1.814656
281.01477 1.830188
279.1796 1.8467934
277.4224 1.8636137
276.05124 1.8840938
273.52512 1.9025139
272.37674 1.9234586
271.34885 1.9445713
270.98407 1.9610087
271.08984 1.980874
269.48575 2.0038092
268.4856 2.022022
266.68375 2.0420618
265.87247 2.0605907
263.79297 2.0777605
263.15903 2.0965848
261.24554 2.1142027
259.10367 2.1373966
257.3816 2.1555738
255.74565 2.17399
254.78139 2.195827
254.73808 2.215453
254.00632 2.237505
253.39874 2.2596736
252.9163 2.2819378
252.55963 2.304276
253.05792 2.3239558
251.54268 2.340633
251.51825 2.363123
251.62105 2.385606
251.92815 2.4136653
250.9066 2.4364996
250.64853 2.4564111
252.06657 2.4812536
252.03197 2.5010908
252.09656 2.5209258
253.65057 2.5397196
253.9078 2.559396
255.10957 2.5811157
256.9452 2.5992815
257.49832 2.6186008
259.90048 2.641545
259.77618 2.6587498
261.9649 2.675983
262.89575 2.6947029
265.2435 2.7114205
267.26358 2.7312663
269.38736 2.7508066
271.8271 2.7782254
274.19278 2.7970474
276.33524 2.8189688
277.95273 2.8360403
278.6918 2.8518877
280.19537 2.8720486
281.8116 2.8919864
282.56497 2.9108827
282.65387 2.925469
281.82318 2.9393325
282.02933 2.953939
282.29556 2.968521
284.59683 2.9841821
284.987 2.9985948
286.1792 3.0203445
287.60687 3.0384438
288.13147 3.056063
288.61618 3.0805264
288.39972 3.0943706
289.23804 3.1083484
289.13272 3.1221755
289.07886 3.1394694
290.098 -3.1299198
291.1719 -3.1162226
292.30008 -3.102629
294.48044 -3.0893202
296.71222 -3.0762093
297.00037 -3.0627697
299.33365 -3.049974
300.72058 -3.0370321
304.26175 -3.021717
305.75717 -3.0091195
308.29022 -2.9971151
310.86694 -2.985308
312.50043 -2.9731617
314.17947 -2.9611435
315.11523 -2.9455333
316.89725 -2.9337673
318.9418 -2.919074
321.05435 -2.9045713
322.01706 -2.8924966
323.02643 -2.8804955
324.08203 -2.868571
325.46588 -2.853777
326.6238 -2.8420339
328.1341 -2.8274744
329.7133 -2.8130512
331.02557 -2.8016136
332.38083 -2.7902677
333.77853 -2.7790155
333.72543 -2.762881
333.37582 -2.749514
332.56403 -2.7321725
332.35162 -2.718736
331.29327 -2.7040088
332.10715 -2.6918232
332.97012 -2.6796987
334.33936 -2.6649776
335.3099 -2.6530094
336.32822 -2.6411119
337.01517 -2.625247
336.41766 -2.610504
336.7486 -2.5972536
337.98752 -2.5855968
338.96918 -2.5699532
340.86624 -2.5560293
341.439 -2.543028
342.8885 -2.531747
344.38126 -2.5205626
345.11044 -2.5077639
346.6946 -2.4967587
347.52832 -2.4841008
346.85214 -2.467924
347.03894 -2.4535224
347.29764 -2.4391394
347.62805 -2.4247808
346.6179 -2.4106736
345.67706 -2.3964868
344.80624 -2.3822253
345.41995 -2.3678467
344.69064 -2.353511
344.03247 -2.3391178
344.85934 -2.3248014
346.43143 -2.3126886
347.3879 -2.2985418
347.7597 -2.2823014
347.45578 -2.2679439
346.44833 -2.2553854
344.87418 -2.2404864
343.3773 -2.225454
344.16046 -2.209157
344.22247 -2.194631
345.7495 -2.18083
344.29913 -2.1696436
343.72488 -2.1567512
342.36813 -2.1454015
341.05585 -2.1339626
339.7885 -2.1224372
337.70938 -2.1123495
338.2548 -2.0976439
338.0018 -2.0844388
337.80783 -2.0712163
338.09125 -2.0539825
338.03342 -2.0407548
337.13757 -2.0288332
336.2899 -2.0168495
335.49075 -2.004807
334.3322 -1.98998
334.56082 -1.9766257
333.54303 -1.9616685
332.9686 -1.9494169
333.37817 -1.9360504
332.90863 -1.9237545
333.43225 -1.9104238
333.0679 -1.8980997
331.80356 -1.8866841
330.58276 -1.8751826
329.40604 -1.8635975
328.27383 -1.8519309
327.18665 -1.8401852
325.89157 -1.8253955
324.9072 -1.8134807
324.9428 -1.8007917
323.83954 -1.785758
323.00995 -1.7736592
322.22787 -1.7614999
321.31763 -1.7462205
320.6437 -1.7339368
320.01837 -1.7216032
319.44193 -1.709223
318.91458 -1.6968002
317.44308 -1.684695
315.9186 -1.6693298
315.5502 -1.6567147
313.16547 -1.641355
310.8557 -1.6257634
308.58514 -1.6067041
307.44632 -1.5905676
305.38812 -1.574327
303.4116 -1.5578704
302.49 -1.5446048
300.6227 -1.531129
298.81073 -1.5174873
297.055 -1.5036817
295.35657 -1.4897146
294.71188 -1.4759114
294.12363 -1.4620503
293.59207 -1.4481363
293.25546 -1.4307963
292.8521 -1.4167942
292.67526 -1.3993876
292.58716 -1.3819653
291.6092 -1.3638355
291.70255 -1.3463551
291.647 -1.3322203
290.6816 -1.3172228
289.78204 -1.3021288
286.74915 -1.2883387
285.02127 -1.2719264
284.32193 -1.2564096
282.74548 -1.2396743
282.18936 -1.2239646
281.70316 -1.2081968
281.2872 -1.1923784
280.01886 -1.1751453
278.83438 -1.1577606
277.66992 -1.1321844
277.138 -1.1112518
277.6151 -1.0919133
277.3176 -1.0709252
277.1425 -1.0499015
276.5755 -1.031958
276.09793 -1.0139465
275.4182 -0.9908572
273.75653 -0.97368276
272.7543 -0.95330817
271.27176 -0.93575305
271.8846 -0.91440094
270.58954 -0.8965957
270.02036 -0.87577385
268.26028 -0.8604982
265.90097 -0.8478375
264.25732 -0.8321471
264.05344 -0.8107457
264.68143 -0.7919822
265.42307 -0.7679862
265.5818 -0.74668795
265.8608 -0.72542477
265.4984 -0.7066543
266.63733 -0.6883558
267.86475 -0.670219
267.9702 -0.6463221
268.81277 -0.6254799
268.3803 -0.60383034
268.62506 -0.5852306
268.11942 -0.5686733
268.5395 -0.5501051
267.6832 -0.53027475
269.16644 -0.5099374
270.7598 -0.4898312
270.67963 -0.47331423
271.13303 -0.45185512
273.03738 -0.43227744
273.2142 -0.41591614
273.46408 -0.39958042
273.78677 -0.38327882
274.18204 -0.36701992
274.64957 -0.3508121
276.13373 -0.33347413
278.65054 -0.31521028
281.55313 -0.30067518
282.31323 -0.2850434
284.106 -0.2685622
286.94336 -0.2514221
287.91855 -0.23623736
289.9354 -0.220402
293.0031 -0.20409521
294.18262 -0.18940197
295.42514 -0.1748292
297.55954 -0.1565273
299.65576 -0.1351868
300.13553 -0.12153162
301.55954 -0.10426854
304.0688 -0.08688646
304.7451 -0.07352509
306.4738 -0.06002888
307.25873 -0.04683835
308.09686 -0.033717312
307.98798 -0.02073681
307.931 -0.0077493154
307.92596 0.0052407947
308.97275 0.01817014
310.07083 0.031010047
310.2206 0.043898255
311.42026 0.05658968
311.6721 0.06940349
312.97162 0.08193218
313.42047 0.097832344
314.83032 0.110166915
315.4192 0.12592338
315.9465 0.13848384
317.6636 0.15363911
319.2866 0.16554044
319.97003 0.17787103
321.684 0.18955965
322.4616 0.20174232
323.28687 0.2138646
323.41104 0.22962949
323.37402 0.24237859
323.3896 0.25512856
323.45773 0.26787522
323.57837 0.28061444
324.04205 0.2962963
324.5852 0.3119295
326.1544 0.3265204
325.5732 0.34012806
326.92938 0.35166246
327.75162 0.3670359
328.2791 0.3795025
329.24075 0.39473423
329.8811 0.4070934
330.57166 0.41940284
331.31204 0.4316591
332.10202 0.44385886
333.83926 0.45467988
334.72186 0.46672833
335.65277 0.47871166
336.63162 0.49062702
337.658 0.5024716
337.86115 0.5156987
338.12332 0.5289075
337.25232 0.5476932
337.65717 0.56089145
337.2814 0.57566583
337.81052 0.5888218
338.39795 0.60193443
336.833 0.61600024
336.73264 0.63084376
338.10696 0.6462753
337.36902 0.6628816
338.28253 0.67584056
337.71085 0.6924915
339.4025 0.7075927
339.7594 0.7222793
338.77686 0.73672974
339.2337 0.7555698
339.8292 0.7701913
339.0829 0.7847559
340.5208 0.79721814
340.63464 0.8138246
340.84235 0.8304153
340.4823 0.84918195
340.12866 0.86383796
339.8482 0.8785213
340.42084 0.89506733
339.50763 0.907945
339.6441 0.9267972
338.87048 0.9397807
338.9698 0.9545307
338.3188 0.9675961
337.72574 0.9807097
336.35327 0.99224544
335.3353 1.0079912
333.88196 1.0263871
332.68906 1.0382291
330.67603 1.0486505
329.5717 1.0606838
327.1594 1.0740216
326.1566 1.0862647
324.74933 1.1013238
323.8564 1.113736
323.91678 1.1275426
324.03882 1.1413414
326.0532 1.1576041
325.3883 1.1700969
325.7002 1.1838009
326.07315 1.1974763
325.21948 1.2129136
324.7808 1.2255281
324.0688 1.2410914
324.69626 1.2547418
324.42953 1.2674189
323.9298 1.2830722
323.77982 1.2957952
323.68228 1.308528
323.39175 1.3242627
323.18146 1.340022
322.83963 1.3588239
322.02182 1.3709677
321.25174 1.3831716
320.52972 1.3954322
319.8561 1.4077463
319.0826 1.4232091
317.5281 1.4352067
317.5281 1.4352067
