Finger
51
723.0003 1.0173501
723.0003 1.0173501
297.165 1.7515895
298.21628 1.7829845
298.18213 1.7970916
298.1168 1.8111444
298.1232 1.8249973
298.1859 1.8388625
298.96054 1.862555
298.78403 1.8809259
298.71243 1.9013871
297.89764 1.9236414
296.3813 1.947936
295.6798 1.9708128
294.60406 1.9945844
293.508 2.0188265
292.948 2.0433295
293.03796 2.060893
292.87732 2.0860603
292.4907 2.1128495
292.78143 2.140259
292.17526 2.1619833
291.68054 2.1850421
291.06442 2.2170584
291.6446 2.2353783
291.1438 2.2552545
291.03882 2.281529
291.4671 2.299837
290.69244 2.3203464
290.39966 2.3401797
290.36304 2.3598354
289.74786 2.381755
289.34247 2.4086156
287.86298 2.4355032
286.6987 2.4510362
286.1704 2.475662
285.3468 2.4919171
285.53885 2.5132189
285.32974 2.5386398
285.66528 2.5600185
286.4888 2.5846682
286.48306 2.6034794
286.4566 2.6305068
286.11047 2.655526
286.0413 2.6789937
284.9241 2.6966171
285.44235 2.715935
286.54147 2.734134
286.18768 2.7559438
287.1972 2.7835217
287.70392 2.809142
288.90424 2.8296044
289.5077 2.848404
290.58914 2.8703308
290.18805 2.8913386
290.75153 2.909487
290.76413 2.927807
291.36057 2.9520483
291.92484 2.9769914
292.13113 2.9983346
292.2306 3.0218296
293.28864 3.0464005
293.86493 3.0710266
294.4914 3.092204
295.25964 3.1120799
296.93393 3.1384199
298.21143 -3.1178482
298.45657 -3.0946174
298.8268 -3.0731585
299.1806 -3.0576577
299.54263 -3.044345
300.0432 -3.028525
300.6523 -3.0119002
301.342 -2.9953957
301.96005 -2.982095
301.22998 -2.9573152
300.96832 -2.9317021
301.11542 -2.9161632
301.26767 -2.8978217
302.53485 -2.8786285
302.9906 -2.8609402
302.72736 -2.8435566
302.63824 -2.822542
301.4884 -2.7933905
301.00183 -2.7784648
301.31332 -2.764563
302.26266 -2.748002
304.51172 -2.7224474
305.76 -2.705577
305.29578 -2.6801763
306.70438 -2.6568964
306.83615 -2.6341033
307.2986 -2.6124125
307.57388 -2.5864375
304.87076 -2.5625992
303.02322 -2.5376503
302.0502 -2.5191326
301.5493 -2.492367
302.59198 -2.4676604
303.56894 -2.447919
304.1661 -2.429297
302.23166 -2.413636
302.25607 -2.3833003
302.30066 -2.3593981
303.65607 -2.3319385
304.00122 -2.3128128
304.30902 -2.2937841
305.6091 -2.2681293
305.3828 -2.247593
304.27457 -2.2270977
304.55875 -2.2009823
305.27225 -2.1759086
305.84842 -2.1542487
306.7487 -2.1298687
308.92416 -2.1103282
310.9283 -2.0841482
310.50687 -2.0657952
309.48236 -2.0456934
308.5859 -2.0254815
308.5459 -2.0040236
308.89905 -1.9829322
309.50903 -1.9611474
310.17627 -1.9421154
309.9255 -1.9217771
309.8712 -1.901907
309.8723 -1.8816261
310.62354 -1.8666677
310.03375 -1.8477758
310.33386 -1.8268574
310.62192 -1.8039978
310.0201 -1.7807362
308.6709 -1.759125
308.88495 -1.7449552
310.51184 -1.7274348
310.31845 -1.7124571
310.39978 -1.68967
309.72876 -1.6698928
309.35114 -1.6567445
308.90063 -1.6377153
308.55832 -1.6183681
310.16345 -1.5992656
310.24295 -1.5858831
307.38547 -1.5670496
305.47763 -1.5474705
304.5486 -1.5237982
304.7678 -1.510412
305.18054 -1.4911197
304.8051 -1.4685462
305.5989 -1.4457601
305.41287 -1.4259325
305.40817 -1.4048903
304.6104 -1.3823239
304.00308 -1.3617606
304.20557 -1.3411403
304.65308 -1.3212904
304.64676 -1.2980243
305.36 -1.2782693
305.0784 -1.2574493
305.75748 -1.2404386
305.0988 -1.218728
304.73196 -1.1942683
304.61136 -1.1693809
304.33444 -1.1468956
304.50128 -1.1224093
305.81522 -1.0989386
306.02084 -1.0766042
305.92245 -1.0502644
306.4106 -1.02407
306.04477 -1.0053082
305.68964 -0.9773214
305.09256 -0.95140344
305.41208 -0.9280582
305.27322 -0.90712416
306.3976 -0.88169265
307.20798 -0.85834634
306.40463 -0.83772993
305.96054 -0.8142299
305.28363 -0.7893638
304.62128 -0.7674734
304.67352 -0.7442451
306.3769 -0.71776456
307.69757 -0.69275135
307.3278 -0.669489
307.6273 -0.6442251
307.53784 -0.6162525
307.20532 -0.59633046
307.16858 -0.57396084
307.34976 -0.5504144
306.33713 -0.52581185
305.11972 -0.5056287
304.02594 -0.4850479
304.30716 -0.46536013
305.23413 -0.44922122
305.22083 -0.43220866
304.3624 -0.4117152
303.86066 -0.39092332
303.68652 -0.36990154
303.44492 -0.34907922
303.6636 -0.33139473
304.41193 -0.3098635
304.49313 -0.28838196
304.30075 -0.2620258
304.74094 -0.24134573
304.72382 -0.22373718
308.129 -0.20133768
309.20868 -0.18167469
309.16656 -0.16199943
309.2455 -0.14235492
308.4514 -0.12309751
308.84735 -0.10593271
310.214 -0.09249953
310.95413 -0.07359754
311.56744 -0.054127913
312.29932 -0.034833316
311.12448 -0.009256304
310.13022 0.010727846
310.25272 0.030079015
310.48004 0.04867159
310.8988 0.071142964
310.5 0.094533324
309.3491 0.114395976
308.8905 0.13409834
309.1452 0.15680918
308.7527 0.173451
307.90555 0.1904558
306.12198 0.21083935
306.07123 0.22832987
304.29745 0.24321404
302.86606 0.2638542
301.5977 0.28583902
301.43634 0.306823
301.15976 0.32532147
301.24548 0.34632856
301.2703 0.36755022
302.5484 0.38720793
301.81525 0.4061384
301.51355 0.4275797
301.78345 0.45276785
302.24478 0.47797653
302.3988 0.4938161
302.58014 0.51273346
302.87173 0.5294304
303.83673 0.54764026
304.8919 0.57173973
305.52902 0.5869119
306.87155 0.6106589
307.51013 0.6260599
308.05396 0.64485735
307.33234 0.66717297
306.71655 0.68553257
305.9899 0.7130918
306.30334 0.7339609
307.32816 0.75204855
308.0427 0.7733297
309.3419 0.8048273
308.45853 0.8277336
306.67316 0.848815
305.03925 0.869949
305.42847 0.8890201
305.4513 0.9099467
305.73648 0.9303322
305.89767 0.9517386
305.42023 0.96663076
304.77682 0.9920558
303.9686 1.0144641
302.40286 1.0306281
301.21997 1.0504047
300.71198 1.0724481
301.37802 1.0894202
301.77206 1.1086195
300.9577 1.1294409
300.47165 1.1506195
300.64264 1.1726575
300.2254 1.1936219
300.13977 1.2148887
300.723 1.2367109
300.4816 1.2602487
299.63562 1.2831577
299.6093 1.3080132
299.5941 1.3319507
299.4329 1.3524218
298.78467 1.3792609
299.4459 1.3999918
299.7011 1.4204112
298.8619 1.4402407
298.14038 1.4601887
298.4448 1.4838617
297.85727 1.5105978
297.5588 1.5305381
297.41516 1.5451996
296.32358 1.5649482
296.34906 1.5851505
296.56174 1.6112999
295.1075 1.6318333
294.21912 1.648958
293.89566 1.6661718
293.2107 1.6843474
292.0726 1.7080959
292.9904 1.7291629
293.81903 1.7459416
293.00647 1.7637486
291.95044 1.7823733
291.95044 1.7823733
