Stilus
32
126.53307 -2.9553351
135.20403 -2.9880848
142.17375 -3.0044656
146.6122 -3.008642
151.06808 -3.0125856
156.02167 -3.0167034
161.3537 -3.0146105
166.42065 -3.0124445
171.50787 -3.0162957
177.2057 -3.0260231
182.15598 -3.0291774
186.27292 -3.031672
190.7554 -3.0395322
196.90073 -3.0605621
201.4925 -3.0698724
206.28214 -3.079512
211.36908 -3.0827029
216.25566 -3.0921872
220.32365 -3.09823
225.18723 -3.099648
230.13873 -3.104896
235.07373 -3.1141725
242.79233 -3.1232774
248.0013 -3.1268222
252.9802 -3.1358654
258.08865 -3.135979
265.75015 3.1395247
270.97073 3.1321893
275.9938 3.125119
280.09616 3.1253603
284.6982 3.1221123
289.71188 3.1189997
294.77045 3.11091
299.95575 3.106441
304.2935 3.1006384
309.23334 3.093332
313.57178 3.0872347
318.57385 3.0776567
324.75787 3.0667455
329.92987 3.0599687
334.20624 3.0508819
339.7108 3.040129
345.09607 3.0300841
349.5406 3.0225341
354.6137 3.0160654
360.0421 3.0071695
364.4286 3.0004506
370.2438 2.986334
376.2233 2.9753454
381.57483 2.9670913
386.55185 2.9647665
388.98105 2.9521573
390.0972 2.9377735
391.66177 2.9281025
392.85815 2.91734
386.9483 2.9062495
383.29593 2.900604
379.87863 2.8912823
375.80716 2.8806508
371.78693 2.8714385
368.4489 2.8611765
363.48303 2.8518975
359.08078 2.8442028
355.9267 2.834873
351.8001 2.825184
346.2639 2.8115447
341.73483 2.8031528
338.29254 2.796432
331.7149 2.789293
325.88123 2.7827039
321.3147 2.777367
316.7807 2.771905
312.1246 2.7661178
308.2942 2.7612157
303.55515 2.7549653
296.5992 2.7453988
291.5709 2.7381737
286.98468 2.7313426
282.41235 2.7242901
277.39954 2.7162642
273.52243 2.709834
270.17093 2.7005057
264.6602 2.685958
260.72424 2.6704078
257.378 2.6545534
254.76611 2.6320198
253.90791 2.608896
255.97849 2.5915873
258.85263 2.5737362
262.25565 2.5606117
268.04065 2.546731
273.8756 2.5347495
277.64423 2.5231352
282.53195 2.5171404
286.3193 2.5094008
291.11307 2.5044007
297.27542 2.494641
303.12698 2.4855402
307.79028 2.47655
313.91995 2.467174
319.92868 2.4575908
324.63892 2.4495528
329.4304 2.437943
334.86047 2.4281092
339.6426 2.4208596
344.49634 2.4092882
349.7234 2.4003108
354.00522 2.3917859
359.35547 2.3824022
363.38513 2.371859
368.60587 2.3620765
372.66092 2.351127
375.68713 2.343184
378.66107 2.33556
382.00192 2.3272016
384.5292 2.317473
384.92914 2.299755
383.79358 2.2881134
380.86597 2.2788215
379.1159 2.2673426
375.8176 2.2546089
373.94937 2.2441823
368.974 2.235922
364.15894 2.2279155
358.40225 2.2184486
352.91898 2.2132657
347.95932 2.2091656
339.7701 2.2018344
333.39935 2.200561
325.75623 2.1990802
320.5596 2.1925485
314.2623 2.1864548
308.94537 2.1788647
303.6459 2.171009
297.08905 2.162555
292.51956 2.1528056
287.13333 2.1464252
281.6083 2.1389625
276.9331 2.1326027
271.31384 2.1273315
264.72662 2.1215372
255.5671 2.1078634
248.10594 2.096681
242.47806 2.0911403
236.8405 2.0902302
231.69579 2.0879872
224.47687 2.090901
217.30043 2.0886557
210.80717 2.084397
202.99152 2.0836794
196.93051 2.0833936
190.14566 2.0841649
182.10672 2.0727067
175.35551 2.0614815
168.83592 2.049749
163.04436 2.0384982
158.57384 2.0245137
152.0618 2.0097375
145.19887 1.9926329
140.16188 1.9735069
134.07657 1.9494519
130.44159 1.9225568
127.10614 1.8957065
127.52147 1.8536441
131.05498 1.8156013
135.46794 1.7921977
141.25235 1.7809246
145.94331 1.7740743
152.0201 1.7658416
156.53642 1.760145
160.66823 1.7488991
165.59067 1.7435505
171.49734 1.7375438
177.41168 1.7319355
182.14726 1.727711
186.07791 1.7149107
191.65085 1.7093388
195.68933 1.6976091
199.5078 1.6887121
204.35744 1.6809828
209.21515 1.673614
215.2018 1.6707441
219.7602 1.6606897
225.5417 1.6495491
231.69635 1.6419814
236.46794 1.6363094
241.19623 1.627885
245.41687 1.6216884
249.54558 1.6098603
252.27232 1.5890994
256.34985 1.5698584
255.554 1.5463873
252.21169 1.5260851
247.34775 1.5133936
242.51692 1.5040641
237.63594 1.4941742
233.32014 1.4872272
226.91039 1.4760216
221.67772 1.4737775
214.99896 1.4707538
211.00104 1.4688517
205.02919 1.4560701
199.29248 1.442653
193.85399 1.4300319
187.98001 1.418789
181.4284 1.4076784
174.69449 1.3955277
168.64444 1.3831465
164.16531 1.3717607
159.71931 1.3533525
155.39012 1.3306826
151.43086 1.3235257
147.05528 1.3062416
143.84792 1.2712548
142.87592 1.2360324
148.50618 1.209936
153.64836 1.1923641
159.558 1.1764638
163.42744 1.1539503
166.84056 1.1359105
172.10027 1.1237025
181.09227 1.106226
186.71683 1.097282
192.59035 1.0946947
198.75351 1.1001776
204.58366 1.0981684
210.43239 1.0856848
218.78229 1.0696568
226.4489 1.0630362
234.61554 1.053142
242.33713 1.0474856
248.13211 1.0470815
252.22803 1.0507222
256.54947 1.0390347
265.91736 1.0299222
274.4949 1.0205306
283.15375 1.0122156
290.95892 1.0097691
298.7183 1.0093064
306.82068 0.99799937
312.17676 0.9845774
318.49603 0.9776597
326.82944 0.9727047
333.94135 0.9627561
340.27615 0.96050316
347.72653 0.962373
354.84094 0.95576257
361.06085 0.94586354
365.6571 0.9355192
369.43753 0.9262549
374.5025 0.91719717
379.1355 0.9099453
383.0039 0.90125316
386.12302 0.891112
389.08383 0.87571317
392.60205 0.86699957
395.5152 0.8583659
395.5863 0.84377885
394.58203 0.8239676
392.2961 0.8111442
390.0177 0.8020241
386.52597 0.7932487
381.12903 0.785725
375.1497 0.7744285
371.67303 0.76481956
367.84784 0.7578797
362.8454 0.74725723
357.54822 0.7352989
353.8909 0.7280515
348.60464 0.72287613
342.20938 0.71424025
335.92905 0.70213836
332.51178 0.6947951
326.32288 0.6827063
320.2316 0.66908646
313.90588 0.6576706
307.10706 0.65020245
299.69446 0.6396698
294.19342 0.6271911
289.46664 0.61034536
286.3592 0.59465367
281.37216 0.58098054
277.95447 0.5686843
274.9019 0.55106616
273.56473 0.535954
271.41663 0.52247554
269.7305 0.50589275
270.51614 0.48691884
273.40353 0.4684943
277.20624 0.4575423
280.93665 0.44410744
286.7064 0.43359596
293.06534 0.42357323
297.52103 0.41683128
302.25992 0.40629834
305.7774 0.39780715
312.46323 0.38883266
318.4743 0.38111204
322.1955 0.3764884
327.772 0.3697711
331.74542 0.36513284
337.10388 0.3590634
341.19977 0.34906512
346.87115 0.33933565
351.65195 0.3285305
355.5948 0.31954524
359.2849 0.31284866
363.15173 0.30117643
367.56982 0.28676876
371.06516 0.2804714
375.293 0.26893446
381.49484 0.25091282
384.40677 0.23558123
386.2414 0.22187111
388.87503 0.20459327
391.57376 0.19010402
387.44702 0.18065435
381.94794 0.17233811
377.39996 0.16498378
370.68832 0.15434016
365.1188 0.14497751
360.18802 0.13965303
354.36948 0.13163741
349.3776 0.12382756
344.63074 0.11566997
339.55533 0.10847764
334.27774 0.10118288
328.91687 0.09061837
324.50064 0.084935516
318.23044 0.07476264
310.9819 0.06363172
305.86356 0.057365246
299.6752 0.045972727
294.59302 0.039185952
289.5991 0.039862048
284.87802 0.040523004
280.8273 0.038385898
274.5288 0.031968057
269.74887 0.027970875
264.4686 0.021862077
257.66678 0.010807692
250.67903 0.0061783264
245.42143 -9.0351014E-4
240.83101 -0.006016091
236.69766 -0.0061211484
230.8765 -0.0062754853
224.69876 -0.010895065
218.71619 -0.015762296
211.75494 -0.02100003
206.5513 -0.026368128
199.62076 -0.036097694
193.64099 -0.038452536
187.69289 -0.045000486
181.75064 -0.051977146
175.8351 -0.0594192
171.7162 -0.060846202
167.04872 -0.07913512
162.17279 -0.08915099
155.5626 -0.09940294
149.72232 -0.110005856
144.49976 -0.11399874
140.40315 -0.11734005
134.58443 -0.12243819
130.6456 -0.14158414
129.25546 -0.18800792
130.41992 -0.21772748
135.27917 -0.2420436
140.66568 -0.25922874
145.62184 -0.2705532
152.08727 -0.28185523
159.07956 -0.2927886
166.23706 -0.30022132
172.2546 -0.31386095
177.62175 -0.31588235
182.30316 -0.3197088
186.34108 -0.31315836
191.72673 -0.3192303
197.86292 -0.32085302
204.06444 -0.33411145
208.65308 -0.34806383
213.28696 -0.37131622
218.98724 -0.3844877
224.2556 -0.3978361
228.84549 -0.40857646
234.19774 -0.42271173
238.1967 -0.4339448
241.45015 -0.44699425
243.99281 -0.4637079
248.82124 -0.4798177
251.44783 -0.5036501
249.50494 -0.52637583
247.25194 -0.5446856
242.79747 -0.56183994
238.58153 -0.5730035
234.30666 -0.58482057
230.25513 -0.59651595
226.13779 -0.60893196
220.44118 -0.6270679
216.532 -0.6344713
211.72417 -0.64076376
207.62965 -0.6481706
202.1612 -0.6514777
196.99316 -0.65238214
192.45999 -0.65578353
185.88264 -0.6626782
179.47664 -0.6710459
174.94934 -0.67528695
170.76364 -0.6838309
165.46754 -0.6903247
159.80296 -0.6924483
154.71938 -0.6974626
150.36981 -0.7043817
146.14339 -0.7200909
142.20465 -0.73514104
138.54114 -0.7593183
134.3439 -0.7894064
131.40128 -0.8122457
133.77515 -0.86872536
137.00317 -0.8978481
141.0432 -0.920477
144.94522 -0.94080013
151.18816 -0.9401976
156.18484 -0.94198734
162.34729 -0.9503987
168.24413 -0.9499056
173.64488 -0.9561421
180.23053 -0.96671516
187.7339 -0.96996886
193.18712 -0.97674894
197.78923 -0.9795232
204.25531 -0.9838821
208.87875 -0.986335
214.8097 -0.9941476
219.42294 -0.9962805
224.16696 -1.0014257
228.89671 -1.0120254
234.18694 -1.0160848
241.18132 -1.0242898
245.98454 -1.0314001
250.66492 -1.039001
257.54086 -1.0456364
264.2073 -1.0549011
267.88437 -1.0626687
273.15286 -1.0733782
277.9618 -1.0868118
283.96692 -1.0978967
290.6527 -1.1057894
294.88113 -1.1091914
300.26007 -1.1180834
303.86557 -1.1238467
309.2772 -1.1322166
314.47476 -1.1399549
320.37885 -1.148409
327.17404 -1.1543887
332.14896 -1.1577226
336.3018 -1.1631284
340.19354 -1.1680636
343.9878 -1.172758
351.26157 -1.1814494
355.63315 -1.1864877
359.5853 -1.1909286
363.054 -1.1976963
366.9879 -1.2048051
370.25504 -1.2219144
374.07483 -1.2390115
376.4438 -1.2559011
376.10342 -1.2695761
377.02765 -1.2869202
376.09796 -1.2977709
371.64307 -1.3133881
366.28064 -1.3264363
360.01334 -1.3392287
354.63107 -1.3551552
349.82056 -1.36456
343.96573 -1.3735237
337.28043 -1.3839828
330.68585 -1.3924315
326.0406 -1.4023559
319.3322 -1.4145914
315.18793 -1.4165004
310.95224 -1.4201626
304.56158 -1.4276581
300.34723 -1.4315994
293.88016 -1.4422112
287.44016 -1.4533197
282.10886 -1.462606
275.83368 -1.480265
271.9533 -1.4982572
268.65845 -1.5150042
263.06586 -1.5323398
261.29602 -1.5512148
261.2466 -1.5684662
262.27554 -1.586029
265.13068 -1.6019143
266.52393 -1.6167967
270.62723 -1.63133
274.8286 -1.648172
281.34125 -1.6596622
286.17676 -1.6696407
292.971 -1.6801032
299.3095 -1.6954772
304.75116 -1.7063682
310.3012 -1.717052
316.98257 -1.729873
322.57327 -1.739669
328.31647 -1.7514243
336.8426 -1.7624469
343.92505 -1.7756425
350.88965 -1.7867402
354.9107 -1.7958041
361.09512 -1.8083038
365.22482 -1.8174266
369.1668 -1.8287244
373.1452 -1.837593
375.60876 -1.8489891
379.81107 -1.8598287
382.52136 -1.8731928
383.40054 -1.8888991
382.43628 -1.9041059
379.99844 -1.9174927
377.06265 -1.9343817
373.48495 -1.9466482
370.21204 -1.9537295
365.97913 -1.9613423
361.7415 -1.9691637
357.364 -1.9743246
352.54877 -1.9801635
348.22598 -1.9855559
343.41095 -1.991738
337.9394 -1.9989985
333.40225 -2.005219
327.7616 -2.0098498
322.32608 -2.017784
316.60547 -2.0237453
310.68304 -2.0286465
305.10422 -2.037677
298.4188 -2.0452356
290.6102 -2.0513177
283.94745 -2.0596004
278.0024 -2.0669193
271.78046 -2.0709581
264.01694 -2.0784218
256.0552 -2.0868106
249.86217 -2.0916867
243.67181 -2.096819
237.48601 -2.102224
232.61061 -2.110718
226.44089 -2.1167572
220.28404 -2.1231391
213.87738 -2.1349316
209.21507 -2.138327
203.44643 -2.1454759
197.20691 -2.152558
190.48633 -2.1583192
183.76277 -2.1697032
177.37581 -2.1791496
171.32457 -2.1895788
166.09685 -2.1972482
160.42471 -2.201453
153.9755 -2.207888
147.99826 -2.2211156
142.68553 -2.229979
136.58347 -2.246196
131.41756 -2.259326
128.85693 -2.2849092
131.37459 -2.3180075
135.43494 -2.335357
139.5189 -2.3590448
144.47269 -2.3830998
151.04596 -2.3878722
157.4324 -2.3920882
163.69342 -2.405823
170.15724 -2.4163997
176.6386 -2.4262016
182.55307 -2.4297411
187.44919 -2.4374206
193.3191 -2.443566
200.53528 -2.4549284
206.13301 -2.4694617
210.8156 -2.476318
215.96677 -2.4832952
221.83043 -2.4966958
226.47984 -2.5120494
231.97931 -2.5292113
236.03224 -2.541223
239.66417 -2.5515623
243.54523 -2.5621953
248.00319 -2.5786834
250.32672 -2.6021936
251.0897 -2.6224692
249.34723 -2.644976
247.0024 -2.6627872
243.06581 -2.6784377
238.16637 -2.691595
231.9232 -2.6977663
225.29446 -2.7082536
219.56503 -2.7213063
213.1459 -2.743568
205.51608 -2.759597
199.74957 -2.7749743
191.00386 -2.7893414
183.91423 -2.7999237
176.59268 -2.819689
171.17531 -2.8413165
166.94226 -2.8585494
161.97002 -2.8815928
159.03099 -2.9027135
154.95848 -2.9241884
149.50879 -2.941957
143.99213 -2.956999
139.31302 -2.9725947
132.77887 -2.9794629
132.77887 -2.9794629
