Stilus
53
15.557933 0.09971354
20.538536 -0.23177302
25.912395 -0.36287934
32.143433 -0.44854257
39.229084 -0.5111987
43.86629 -0.5074994
48.4521 -0.4813576
55.700607 -0.4889824
59.95066 -0.47520348
64.82046 -0.46659213
70.7407 -0.470383
76.683754 -0.4762741
81.95132 -0.47419456
88.95783 -0.48091355
96.88278 -0.49691767
105.69927 -0.5162774
111.420555 -0.5256322
115.91363 -0.50821716
122.46264 -0.5017894
127.92029 -0.49838427
133.27893 -0.4957568
140.2983 -0.5001496
146.5234 -0.5070029
153.11879 -0.507329
158.62228 -0.5149183
163.88713 -0.5187992
170.45403 -0.5212748
176.60535 -0.5224151
183.42226 -0.52150667
188.39978 -0.51856303
196.83908 -0.527811
204.01031 -0.54063946
208.94626 -0.55084807
215.05219 -0.56483734
219.40308 -0.57463545
224.24239 -0.58247274
231.14714 -0.582386
236.56775 -0.58862853
242.68091 -0.59452057
247.63626 -0.6016334
253.2486 -0.6060125
261.8836 -0.6161029
267.86215 -0.618585
274.7306 -0.6223535
282.83414 -0.6275044
289.26053 -0.6285739
296.54294 -0.62790424
303.6313 -0.63083184
308.946 -0.63518876
315.218 -0.6393369
320.9438 -0.64246345
328.01785 -0.6472589
332.72766 -0.65351444
337.94467 -0.65956503
342.73795 -0.66756177
348.46515 -0.6790681
352.52728 -0.68877566
356.55786 -0.69804704
360.2907 -0.70604557
364.5383 -0.7196034
367.7093 -0.7293892
372.55032 -0.74381137
375.5662 -0.7563807
376.49585 -0.7735009
377.53458 -0.7902164
375.4731 -0.8034119
372.82126 -0.8147127
369.7444 -0.82357895
366.71555 -0.83253783
360.5073 -0.84001064
356.73087 -0.84676224
351.24655 -0.85194623
346.6597 -0.8579317
340.30576 -0.8624066
334.0036 -0.8698235
328.3133 -0.8738535
323.75632 -0.8794807
318.8717 -0.88537437
314.12006 -0.89083666
308.64944 -0.8973364
305.307 -0.90585506
300.68826 -0.9174535
298.44388 -0.93013734
293.78915 -0.9357412
288.0141 -0.9499512
283.17606 -0.9556658
278.07532 -0.962983
273.1946 -0.96948
267.0182 -0.9717558
260.06726 -0.9767911
254.05533 -0.9785388
247.69589 -0.9777426
239.5776 -0.984338
233.85576 -0.9892672
228.28914 -0.98956305
222.53838 -0.99405926
215.59213 -1.0000814
209.39104 -1.0030797
204.09047 -1.0052738
198.2016 -1.0155705
192.03246 -1.023097
186.52586 -1.026347
180.47594 -1.0204742
176.31833 -1.0126334
170.46255 -1.0153577
164.95628 -1.0187672
159.40015 -1.0202125
154.83376 -1.0390308
149.33203 -1.0475137
143.05786 -1.0552819
137.58427 -1.0649813
131.83168 -1.0689174
125.644035 -1.0761501
119.36962 -1.0857023
114.14951 -1.0836585
106.408615 -1.0956098
100.5783 -1.0994301
93.17437 -1.1172992
87.60623 -1.1136065
80.905594 -1.1141196
73.7813 -1.1268287
67.56926 -1.1484644
62.687748 -1.1660334
55.923027 -1.1766963
50.93421 -1.1571205
44.33444 -1.1599818
40.180058 -1.1481901
34.105328 -1.1889728
27.807457 -1.1751817
23.635406 -1.1577096
17.56459 -1.1302186
11.418879 -1.0466633
6.4783864 -0.80411255
3.5109622 0.09347165
7.004973 1.2063361
11.531326 1.4405091
17.320026 1.5870125
23.351936 1.6349939
29.494778 1.6822526
34.60124 1.7010553
39.423008 1.7048343
43.781887 1.719623
47.89173 1.7278488
53.749004 1.7294054
58.897263 1.715439
63.99138 1.719617
69.923584 1.7069091
74.468124 1.6985556
78.84138 1.6914333
84.91585 1.6946098
91.08795 1.705843
96.05608 1.7011347
100.02823 1.6959312
106.86881 1.6784784
111.84072 1.673674
117.75716 1.6684881
121.76636 1.6652619
126.84572 1.6693777
131.80887 1.6656543
137.71768 1.655922
143.609 1.6438853
148.38531 1.6415286
152.5457 1.6395963
156.55737 1.6378307
162.53423 1.6353623
168.51529 1.6330676
173.45288 1.6255251
179.3498 1.612574
184.34103 1.6114422
189.29445 1.6062969
194.76672 1.6008482
199.97943 1.5932724
204.9715 1.5927249
209.18944 1.5886074
213.28482 1.5830398
217.67172 1.5730904
225.68506 1.573009
231.63928 1.5686405
238.3826 1.5582268
244.95955 1.5533377
249.30086 1.5487604
253.97679 1.5452327
258.01517 1.5417604
263.0928 1.5347246
269.65237 1.5226277
275.55063 1.5149738
282.59708 1.5124491
287.63992 1.5107076
294.8036 1.502015
299.04907 1.4959342
303.72165 1.4934423
308.01044 1.4860779
314.09802 1.4800491
319.4047 1.4705672
326.17517 1.4634198
329.63846 1.451467
334.68835 1.4391147
340.18176 1.4294008
346.67758 1.4224772
351.70886 1.4211535
356.3935 1.4146299
361.60486 1.4071085
366.62094 1.3996997
370.59695 1.3856827
372.37268 1.3750951
373.33096 1.3625436
374.22446 1.3515317
375.45758 1.337251
376.50113 1.3258716
377.74268 1.3130498
376.40494 1.300966
373.7823 1.2864174
370.5048 1.2767967
365.9984 1.2673528
361.38202 1.2546394
357.14883 1.2451288
353.32376 1.2367154
348.67972 1.2305701
344.2588 1.2229362
340.58328 1.2161821
335.62445 1.2072315
329.67258 1.2003534
324.47327 1.1990831
320.37863 1.189062
314.471 1.1780741
308.936 1.170641
304.32996 1.1642305
298.6775 1.1590313
292.36707 1.1540293
286.48462 1.1487454
282.11353 1.1456668
276.00558 1.1422204
270.88263 1.1390278
264.77606 1.1325448
258.3953 1.1287115
253.2074 1.1277133
246.53304 1.1282651
240.09648 1.1257069
232.96962 1.1206079
226.61705 1.1159408
220.32964 1.1104784
215.6142 1.1064036
209.99324 1.1046438
205.89136 1.100045
200.91107 1.0929949
196.12341 1.0860764
191.61455 1.0736434
185.06633 1.0652043
178.86519 1.0587425
172.59033 1.0508798
165.11014 1.0465612
158.04318 1.0353413
151.65804 1.0257113
145.84665 1.025493
137.63203 1.0401168
131.68236 1.042141
125.30642 1.0379441
119.4922 1.0383096
113.308334 1.0187153
107.27976 1.0252928
99.170586 1.019614
94.16868 1.014942
86.67113 1.0121022
80.846535 1.0107702
75.022064 1.0092324
69.8152 1.0002598
63.014664 0.99224895
55.749508 1.0033857
48.43191 1.0015335
43.212902 1.0173726
37.161537 1.0191599
30.033009 1.048552
25.108461 1.0504057
18.819466 1.1028018
12.0384035 1.1648813
7.15217 1.197151
1.8146847 1.7095612
4.1070666 -2.5375519
12.356705 -2.4160202
18.181314 -2.3967664
23.796661 -2.357445
30.184742 -2.3571303
35.72431 -2.4262137
40.36555 -2.4600453
45.120163 -2.4881783
51.68216 -2.4662104
57.866676 -2.4882188
63.866837 -2.5008035
69.713936 -2.498809
75.24674 -2.497719
81.21923 -2.5047982
88.23863 -2.5090613
94.17731 -2.5126085
101.47638 -2.5312324
104.91381 -2.551198
111.56376 -2.5587778
116.82133 -2.5679288
122.69856 -2.5709128
129.4246 -2.5847998
136.82404 -2.594714
141.09564 -2.6028228
146.14731 -2.6014798
154.06429 -2.6040254
159.09572 -2.6091764
163.24731 -2.6143415
167.3354 -2.6199448
173.20703 -2.620241
180.10808 -2.630201
185.1816 -2.6379006
192.3762 -2.646629
196.81836 -2.6530318
201.69363 -2.6602554
206.90833 -2.6577094
213.66321 -2.6643732
217.64394 -2.6725962
222.57933 -2.6749473
227.02129 -2.6787143
231.96022 -2.6808398
236.848 -2.6852634
241.61485 -2.6881142
246.15779 -2.6947632
250.3019 -2.6982665
255.55698 -2.6993737
261.16852 -2.705306
265.66602 -2.7090461
270.27216 -2.7128391
275.74744 -2.711955
281.84363 -2.716012
286.7851 -2.719993
291.2963 -2.723177
297.7869 -2.7236884
302.00433 -2.7316856
306.286 -2.7377522
310.69336 -2.7403152
315.75772 -2.7436802
321.28946 -2.7475407
325.87198 -2.7533808
330.7442 -2.7593977
334.5664 -2.7639859
337.8468 -2.772595
343.62033 -2.777529
348.76273 -2.7861993
353.58075 -2.797263
357.396 -2.8070147
360.36697 -2.8215866
363.4294 -2.838105
366.53278 -2.850007
371.4664 -2.8595965
375.2809 -2.8653088
380.54233 -2.8794358
383.8876 -2.8898506
387.51993 -2.9055164
390.50446 -2.917883
391.67245 -2.9342074
387.30365 -2.9344769
385.61768 -2.9461455
378.7481 -2.956645
374.07047 -2.9617882
369.31955 -2.9608247
364.41354 -2.9583638
359.19296 -2.9605763
355.07162 -2.9592123
351.17264 -2.970871
347.80673 -2.9808707
342.10037 -2.992956
336.58926 -3.0024934
331.18903 -3.0101228
325.7755 -3.019507
321.55533 -3.024199
314.64233 -3.0279682
309.27606 -3.0389423
304.14743 -3.0413873
299.57614 -3.0432053
294.9948 -3.0450757
288.44812 -3.0463586
283.38245 -3.0481932
278.51712 -3.0528011
274.41034 -3.0560992
269.27277 -3.0619116
264.0797 -3.0707872
259.8904 -3.074451
254.92262 -3.0799866
249.60646 -3.0837145
243.76448 -3.0905364
238.69513 -3.096771
234.64537 -3.1013396
230.48311 -3.104951
225.69154 -3.108603
220.31898 -3.1123357
214.52852 -3.1208642
209.51543 -3.125138
204.51608 -3.1296225
200.38284 -3.1293755
194.77191 -3.1290236
189.26894 -3.1339376
184.27022 -3.1391525
178.53717 3.1385145
174.40962 3.1327124
168.55019 3.1324039
162.79372 3.12594
158.46074 3.119973
153.39139 3.1086903
148.90619 3.1043415
142.43008 3.1026468
136.69911 3.1010132
129.45715 3.0987418
124.58717 3.0970657
119.59621 3.0952063
114.798294 3.08455
110.05745 3.08209
105.1399 3.0697777
100.164635 3.066204
93.68751 3.060981
88.955185 3.0566823
84.23366 3.0519106
79.87829 3.0470064
75.41758 3.0413938
71.311554 3.0356033
67.08063 3.0288906
62.136612 3.0198803
55.43789 3.0050867
49.529514 2.9886816
44.349667 2.9706557
38.695114 2.9453726
33.443813 2.9140582
28.737673 2.875963
24.892088 2.8336766
21.103392 2.77602
16.329096 2.6613379
12.516541 2.4946713
9.332116 2.2001555
7.5459576 1.5928149
8.536618 1.0837889
12.714291 0.63522446
16.329096 0.4802549
20.885782 0.3695639
26.045443 0.2540089
29.980534 0.1860466
34.38254 0.103353746
38.536266 0.06616871
45.149815 0.095320314
51.236885 0.108448036
58.38812 0.12528056
62.745506 0.13658278
67.97332 0.15388566
75.15009 0.14074008
79.63045 0.11075812
86.60328 0.06986049
91.12176 0.071887344
95.60509 0.06851083
100.06936 0.06544996
105.07684 0.06926451
110.34294 0.068423204
115.32265 0.065464325
119.46025 0.063193835
124.07478 0.060840603
129.05968 0.05848792
135.6002 0.063045606
141.45256 0.07369113
148.49261 0.077799186
154.17018 0.07492863
158.45862 0.07289715
162.5797 0.071046196
167.19037 0.069083765
171.39992 0.067384474
176.38748 0.06547633
182.3622 0.063328214
186.35527 0.06196951
191.05032 0.06044473
197.32028 0.058521837
204.57056 0.05644549
210.28185 0.054910857
215.26906 0.053637482
221.02563 0.052239213
226.22287 0.05103802
232.9433 0.049564343
237.20366 0.048673417
243.22626 0.051580716
250.29225 0.054120895
254.4715 0.057163794
259.67175 0.061799902
265.22562 0.0652092
270.59317 0.071303494
275.62375 0.07693923
279.92786 0.08058081
284.70416 0.08626947
289.17737 0.094465286
296.75742 0.10474063
302.45728 0.11023105
307.92288 0.11561838
314.3491 0.12566641
319.69168 0.1302354
324.76093 0.13439816
330.85245 0.14105463
337.5831 0.1494082
342.56256 0.16199775
346.03928 0.17416477
350.64645 0.18644819
355.3335 0.19781987
359.80023 0.20779961
362.84332 0.22051024
364.11383 0.23557131
365.38733 0.24967791
366.5748 0.26207983
366.89484 0.2755028
364.3612 0.2907977
361.24622 0.30704093
359.4506 0.3211439
355.54285 0.33668828
351.88675 0.35156736
348.57874 0.35895506
343.90875 0.364055
340.04584 0.3683872
333.9331 0.3754629
329.5885 0.37740076
325.59726 0.37984318
319.208 0.38019118
314.91568 0.3856442
310.87646 0.3909247
305.589 0.39806628
300.7453 0.40484866
296.16293 0.41148844
290.67535 0.4197421
286.12314 0.4268535
281.83783 0.43377993
277.12732 0.43370607
273.07776 0.43654293
268.71725 0.43700758
263.6798 0.44063103
259.1769 0.4488397
253.92015 0.45007512
248.57411 0.45286378
243.6279 0.4581131
238.59056 0.4625507
233.67986 0.46825933
226.70087 0.4656438
221.17279 0.46648452
215.88982 0.46844375
211.35014 0.4687152
205.28343 0.47277173
200.53625 0.47434786
196.04463 0.47971237
191.92343 0.48502237
185.12614 0.48762107
178.78229 0.4921848
172.88203 0.51057625
169.17545 0.522891
165.7204 0.53495055
159.74892 0.5572508
154.98976 0.56883067
148.33401 0.573538
141.60442 0.58749944
135.50989 0.5997819
130.87958 0.6054876
125.64297 0.615025
119.11494 0.62812513
113.024666 0.61004764
106.636024 0.606145
100.67684 0.60794836
94.43616 0.605512
87.806854 0.61628526
83.038345 0.63881695
76.46695 0.67046684
71.81057 0.68647283
64.9109 0.69900876
59.640835 0.7105657
52.0209 0.73196995
45.455135 0.74354935
40.111664 0.76466244
34.12201 0.80224013
28.537153 0.8612028
21.052034 0.92194957
16.58954 1.0682805
8.451663 0.97748095
3.0800807 0.9742171
2.0100274 -1.7061682
9.02535 -2.0614817
15.737641 -2.0498688
21.941647 -2.1632142
29.271309 -2.1687932
36.91815 -2.1838632
42.075943 -2.188128
47.760384 -2.1707652
54.271656 -2.1865973
60.052567 -2.181909
65.083206 -2.1819687
70.760704 -2.1707206
77.49644 -2.1659248
83.317955 -2.1620548
89.0121 -2.156643
95.66644 -2.148087
102.424675 -2.142642
107.9445 -2.1360254
114.93333 -2.1346233
122.17729 -2.1406682
128.1546 -2.1409445
132.8224 -2.1364164
137.4325 -2.133368
143.98671 -2.12606
149.0443 -2.1229362
154.30797 -2.1140943
159.6731 -2.1114063
166.19452 -2.1158512
173.44392 -2.115602
178.00426 -2.1084797
183.28697 -2.1014507
190.47798 -2.095255
194.99728 -2.092272
201.89526 -2.0841696
206.85635 -2.0774314
211.88393 -2.0696712
216.32777 -2.0684376
223.47981 -2.061775
229.42294 -2.0567467
235.67714 -2.0485673
240.53568 -2.0464208
247.3173 -2.0378695
253.66978 -2.0330641
257.90585 -2.0301917
263.82092 -2.0233355
270.49954 -2.0186505
277.33896 -2.011683
281.57657 -2.008506
287.45007 -2.0027874
291.89136 -2.0014246
298.05164 -1.993787
303.2333 -1.9897105
308.2171 -1.9860606
315.13208 -1.982566
319.98914 -1.9766817
324.17416 -1.9744881
328.40698 -1.968989
332.79208 -1.9608849
336.60004 -1.9555683
340.6045 -1.9476563
344.67938 -1.9374303
349.55167 -1.9241756
353.47324 -1.9212273
358.4624 -1.908752
362.9217 -1.902981
366.90616 -1.8934911
370.09512 -1.8835614
373.2081 -1.8695965
375.79913 -1.8528179
375.34323 -1.8365462
374.26324 -1.8257296
373.03522 -1.8127751
371.9183 -1.8002914
368.0581 -1.7910144
364.30878 -1.7798599
359.37943 -1.7685642
354.8539 -1.7576414
349.05646 -1.751204
342.6146 -1.7457176
336.6928 -1.7307799
331.26828 -1.7239451
325.63553 -1.7141978
320.36865 -1.7068269
316.15884 -1.7029071
311.7414 -1.6983596
306.6993 -1.6932188
300.39655 -1.6857541
296.19498 -1.6806048
291.19366 -1.6755986
286.839 -1.6701947
282.6617 -1.6645683
276.81824 -1.659307
271.443 -1.6573706
265.3152 -1.6525228
260.18274 -1.6464558
254.95175 -1.6397747
247.88504 -1.6300329
242.79643 -1.6230787
237.68951 -1.6149307
233.42957 -1.6080326
227.5923 -1.6037148
222.54254 -1.5954823
216.69762 -1.5915382
212.5102 -1.5872463
207.48497 -1.5780168
201.49446 -1.5683179
196.8893 -1.5631872
192.71216 -1.5671387
187.49272 -1.5681328
182.50264 -1.56806
177.4996 -1.562356
172.42165 -1.5563146
167.56285 -1.5439711
161.63806 -1.5429875
156.95311 -1.5294226
151.74828 -1.5221965
145.83867 -1.5125524
141.89984 -1.5038812
136.91302 -1.50144
132.188 -1.4989568
127.9385 -1.4965663
121.96204 -1.4929216
117.06416 -1.4896564
113.00274 -1.4867334
108.014824 -1.4828417
103.29515 -1.4788119
96.74782 -1.4829355
91.94752 -1.4865879
87.93431 -1.4855086
81.880135 -1.4914278
77.89179 -1.4873546
71.17054 -1.4794534
66.94399 -1.4736688
60.982395 -1.4641392
57.00447 -1.4566649
51.051834 -1.4432886
46.100918 -1.4295077
39.429096 -1.4053962
34.04845 -1.3789557
29.05919 -1.3806195
21.899437 -1.3640994
17.11983 -1.4244266
11.932438 -1.3599863
6.4223022 -1.1714851
1.6413507 -0.42083707
4.357689 1.4559443
9.333071 1.6243261
15.514312 1.7324382
20.829353 1.7394168
26.952202 1.8331922
31.499174 1.8697219
36.50594 1.9198216
43.650013 1.977429
48.710114 1.9997013
54.48855 2.011475
59.062218 2.016629
63.441483 2.014788
67.578186 2.0055723
74.18053 2.0055444
79.239 1.992855
85.01063 2.001019
90.30904 1.9958506
96.60842 1.9891412
101.6585 1.9800178
107.367645 1.9853516
113.282074 1.9922494
119.341354 2.0052106
124.29688 2.0107152
131.35233 2.02144
138.77695 2.0346174
143.84622 2.0411656
148.80855 2.0470264
153.74304 2.0524423
159.8172 2.0550811
166.8173 2.0600724
174.38086 2.0682456
179.98984 2.0701263
186.08723 2.082872
191.06297 2.086325
197.04193 2.0877116
202.7531 2.0886977
208.94946 2.0924404
213.72626 2.1018815
219.14023 2.1091568
225.8875 2.115838
232.40202 2.1195703
240.47766 2.1276522
247.25687 2.139135
253.23404 2.142866
258.5306 2.1515603
265.63675 2.1563926
272.1259 2.1598904
277.72183 2.1674364
284.63766 2.171139
290.47824 2.1761327
296.05917 2.1825845
303.04648 2.189579
308.14355 2.1987734
315.173 2.209109
321.16663 2.222467
325.61877 2.2352245
329.61877 2.2420251
333.7179 2.2514753
337.47595 2.260472
340.96725 2.2682445
345.79904 2.2758868
351.44635 2.279407
357.0923 2.2880816
362.13916 2.2946417
367.56772 2.3010657
371.10873 2.3136518
374.30615 2.3229072
376.98618 2.3343165
377.96082 2.35026
379.0248 2.364254
378.1978 2.377866
376.77243 2.3914962
371.73196 2.4010637
365.39124 2.4090528
359.32138 2.4183872
354.03198 2.4237518
349.6526 2.4282064
345.35928 2.4327705
338.60663 2.4393995
332.22556 2.4466584
327.50815 2.450897
323.521 2.459751
318.15515 2.466634
312.40897 2.4732468
307.35382 2.479691
300.8707 2.48505
295.08185 2.4911911
288.3903 2.4959111
282.72556 2.5012589
278.11612 2.5085125
272.06818 2.5155084
266.88986 2.5233533
259.91663 2.5278888
253.7805 2.5349166
245.21733 2.5441687
239.89899 2.545394
234.32776 2.5499544
229.69965 2.5586214
223.56598 2.5658772
219.69302 2.5762198
214.8586 2.5846348
209.10706 2.5962548
203.66614 2.607299
197.04247 2.6168475
191.41422 2.6247058
185.13472 2.6340592
178.33063 2.6449695
172.14484 2.6599689
165.40224 2.6727843
159.87454 2.6841416
153.89124 2.6974106
147.51364 2.7077117
139.33963 2.7143226
134.49815 2.7152655
128.76996 2.7173254
122.93243 2.7260733
117.33149 2.7316852
112.35163 2.7390423
107.30765 2.7419264
102.02856 2.7519765
97.079865 2.7533126
91.105095 2.7620761
85.52697 2.7687867
80.92854 2.778201
75.60203 2.7689006
70.16927 2.7808726
62.492527 2.7898092
57.496166 2.776393
53.37075 2.7668648
49.181927 2.7551706
43.62947 2.727961
39.550346 2.7102091
33.07591 2.686491
28.165094 2.640121
23.910652 2.5396426
19.107893 2.354112
13.884279 2.1602857
11.923561 1.8248096
12.604692 1.4696119
13.947074 1.1177759
13.947074 1.1177759
