Mouse
64
8.927778 1.5255469
14.375706 1.8236371
20.035576 1.9062763
24.144682 1.8908422
28.577953 1.913239
32.683956 1.900963
38.405785 1.9326552
42.85718 1.9432588
47.31249 1.951866
52.157433 1.9767385
56.62271 1.9812936
60.69327 1.9701004
65.156784 1.9745136
69.62141 1.978361
74.08694 1.9817445
79.46977 1.979682
84.340805 1.993464
90.13398 2.001064
95.026634 2.0121992
100.40235 2.008935
106.63765 2.0230103
111.109505 2.0234704
117.36387 2.0354867
123.1789 2.0390682
128.5442 2.035396
133.46736 2.0420625
137.93938 2.0418155
143.75687 2.0446281
148.22878 2.044321
152.7007 2.0440316
157.17264 2.0437589
162.0852 2.0351992
166.11188 2.0297964
169.70712 2.0193534
174.65076 2.0120974
180.93173 2.0079284
184.98064 2.0036716
190.85349 1.9952403
195.32227 1.9961376
199.79118 1.9969949
204.76059 1.9913467
208.82155 1.9878979
212.8849 1.9845808
216.9505 1.9813877
221.01823 1.9783124
225.088 1.9753481
229.15965 1.9724892
234.1549 1.9680712
238.61739 1.9693143
242.69281 1.966716
247.15488 1.9679406
252.53932 1.9675858
257.9238 1.9672459
262.00043 1.9648713
267.3851 1.9645981
272.7698 1.9643356
276.84814 1.9621311
280.92783 1.9599907
285.56018 1.9533468
290.57358 1.9501163
294.66006 1.9482422
298.38214 1.9433016
302.1113 1.9384828
306.20383 1.9368346
310.87775 1.931078
314.97385 1.929572
319.66028 1.9240798
324.3561 1.9187464
329.39835 1.9164246
334.10693 1.9113545
337.87985 1.9074003
341.65793 1.9035335
345.441 1.8997513
349.22894 1.896051
353.0215 1.8924303
356.81863 1.8888866
360.0063 1.8801347
363.22098 1.8715371
366.17517 1.8604759
369.4499 1.8521953
372.48087 1.8414756
373.3643 1.8297197
372.3602 1.8193352
371.39648 1.8088958
369.27438 1.7963761
367.4234 1.786374
364.63065 1.776831
361.8716 1.7671417
358.16446 1.7578222
353.68326 1.7515907
349.21616 1.7451996
345.10342 1.7443571
340.82056 1.7406038
335.55637 1.7372473
331.28287 1.7332942
327.17398 1.7322559
322.75204 1.725074
317.65784 1.7243822
313.40192 1.7200282
309.15213 1.7155545
304.90866 1.7109561
300.8085 1.709522
296.44196 1.701365
292.3462 1.699755
288.0041 1.691211
283.9134 1.6894066
278.60376 1.6808379
274.4127 1.6751945
270.0411 1.6620058
265.88055 1.6558851
261.65347 1.64576
257.3916 1.6314266
253.18434 1.6166136
252.03314 1.6009405
249.94452 1.5851847
248.91896 1.5691739
248.9576 1.5531063
249.06046 1.5370477
249.2275 1.5210066
251.45427 1.5055141
254.7371 1.4906127
258.9783 1.4803029
263.14774 1.4741074
266.54544 1.4602568
270.74606 1.4545447
275.07855 1.4453988
279.5689 1.4329926
283.1122 1.4204531
287.36996 1.4156567
291.6341 1.4110005
296.06964 1.4031465
300.35013 1.3988032
304.6361 1.394582
308.92737 1.3904781
313.042 1.3896271
317.1568 1.3887981
322.43796 1.3855045
326.74026 1.3817436
331.0471 1.3780805
335.55466 1.3715886
340.28152 1.3623922
344.8221 1.3562803
349.37524 1.3503276
353.19232 1.3411338
357.03857 1.3321375
359.9437 1.3226529
362.88065 1.3133211
364.88412 1.3034178
365.96127 1.2928759
367.07886 1.282397
366.32562 1.2703756
363.1098 1.2618544
359.60974 1.2558231
355.8087 1.2523406
351.06357 1.2478812
347.27264 1.2442261
342.54065 1.2395434
337.48795 1.237527
332.43665 1.2354493
328.33057 1.2343161
324.2249 1.233154
320.11972 1.2319623
315.4084 1.2266932
310.36505 1.2242914
306.60577 1.2198609
300.97855 1.2130077
296.30035 1.207098
292.56546 1.2022344
289.2041 1.1940258
284.56076 1.1875609
279.92972 1.180882
275.31155 1.1739787
270.70697 1.1668402
265.32333 1.1663643
259.93973 1.1658686
254.5562 1.1653521
250.09178 1.1663923
246.02182 1.1637318
241.03682 1.1593288
236.57088 1.1603147
231.5897 1.1556585
227.5272 1.1525898
223.46695 1.1494097
218.08638 1.1484004
214.02924 1.1450006
208.15784 1.1374699
202.78038 1.1360677
198.31015 1.1367198
194.26208 1.1327302
188.88611 1.13109
183.94011 1.1244384
178.56697 1.1224539
173.63228 1.1151615
168.70737 1.1074429
164.23523 1.1074508
160.21252 1.1018757
154.84912 1.098805
150.83467 1.0926526
146.82622 1.0861641
141.00471 1.0884699
136.53337 1.0878581
131.1776 1.0836602
125.35531 1.0861377
120.00063 1.0814722
112.82684 1.0877688
106.11998 1.0865438
101.64884 1.0856373
95.368065 1.0982902
89.55144 1.1027089
84.63266 1.1130192
80.60726 1.1022162
74.35128 1.1198462
69.45028 1.1336237
64.97981 1.1354456
60.096626 1.1526396
55.62949 1.1562954
49.85008 1.1709857
45.38795 1.1772715
40.928005 1.1849275
36.471043 1.1944553
31.085934 1.1951768
25.700846 1.1962008
21.618898 1.1715473
18.000767 1.0850595
20.978456 0.9381691
26.450819 0.8526768
31.359024 0.81956166
38.426723 0.8132763
44.06998 0.77761304
49.726685 0.77849865
54.67646 0.7920559
59.625984 0.77964413
66.696945 0.7802542
72.35373 0.78065634
78.01053 0.7810002
81.582535 0.755186
86.553185 0.7487476
91.52702 0.7430087
98.59219 0.746048
102.89474 0.73393613
107.875244 0.72975016
114.269226 0.72666925
119.91679 0.7294381
124.08465 0.7427302
129.73657 0.74459004
134.71199 0.74084437
139.68918 0.7373656
145.33975 0.7392344
150.25452 0.7454557
155.907 0.7469047
160.82835 0.75248253
166.48225 0.7536008
171.4092 0.758642
176.34026 0.7634014
181.99579 0.76408505
186.2134 0.77216357
191.86977 0.77255374
196.0994 0.7800428
200.35439 0.7730977
205.31348 0.76995045
209.58179 0.7635161
213.17268 0.7539301
216.78252 0.74466246
221.08272 0.7390525
225.46716 0.72739273
230.53883 0.71945125
237.03484 0.7122905
241.37195 0.70773095
245.7139 0.7033325
248.77812 0.69293326
254.54292 0.68945307
259.67828 0.68314755
265.60373 0.674728
269.9782 0.6712574
273.73767 0.66502935
278.91043 0.65960956
284.70084 0.6571742
289.70038 0.65693825
296.28647 0.65258914
300.6802 0.64979565
305.87463 0.6451117
311.67426 0.6431566
316.67426 0.6431621
320.47876 0.6381735
324.2911 0.63330215
329.50787 0.6292145
334.72995 0.62525445
339.95712 0.62141603
344.37445 0.6193757
348.2152 0.6150454
352.63684 0.6131327
357.0597 0.6112674
360.91232 0.60717577
364.20453 0.6009095
366.9514 0.5924985
368.07773 0.57741433
367.5969 0.5653268
367.16992 0.55320936
365.94016 0.542473
363.89127 0.5330587
358.77744 0.52530515
353.31384 0.5211876
347.8564 0.51694083
340.1721 0.5128801
334.72745 0.50833136
329.28998 0.5036323
323.86002 0.49877554
320.2005 0.49079305
316.56183 0.4826265
313.8347 0.47281542
310.24387 0.46427244
306.6762 0.45553008
302.2309 0.4480116
298.70816 0.43884233
292.97635 0.42919412
287.68137 0.422337
284.2316 0.41238457
279.36688 0.40828484
274.50705 0.4040399
270.04297 0.4030533
265.18948 0.39856336
260.34155 0.3939061
255.12183 0.38544542
249.55507 0.3729057
244.74066 0.3674447
242.39397 0.35352573
241.982 0.3365863
245.44037 0.3144737
248.64539 0.30184823
251.88904 0.28954598
255.16983 0.27755833
257.96808 0.2583961
261.5873 0.25079274
265.22125 0.24339733
269.10507 0.23981506
273.96457 0.23548011
277.85574 0.2321214
282.724 0.22805306
287.37616 0.22072978
291.06604 0.21436863
295.54153 0.20415711
300.04694 0.19425125
304.7661 0.18786483
309.49728 0.18167342
314.24 0.17566867
318.8262 0.1667513
323.59595 0.16113925
327.38776 0.15616404
332.32782 0.15382403
336.13116 0.14906079
339.942 0.14440425
343.76 0.13985105
347.58502 0.13539797
352.2793 0.12785667
356.00037 0.120851815
359.73856 0.113992214
363.6017 0.11000847
367.366 0.10340177
371.0505 0.094246976
374.6817 0.08261369
376.36768 0.07158331
378.09906 0.060652617
377.87772 0.05008645
378.62427 0.034126572
379.50864 0.023502657
380.4356 0.012929329
376.40494 0.002440566
372.4038 -2.1847215E-4
368.4054 -0.0029352487
364.40976 -0.005711623
359.41702 -0.008573322
355.44012 -0.0142964525
350.45657 -0.017353548
346.4762 -0.020439653
341.49945 -0.023666551
337.526 -0.026908908
332.55664 -0.03031936
328.59073 -0.033730295
324.6287 -0.03722453
318.71503 -0.04419605
314.81482 -0.05110421
310.8201 -0.051761594
306.87958 -0.055690225
301.88745 -0.05661212
297.95294 -0.060722593
292.9623 -0.061758313
288.97006 -0.062612645
284.978 -0.06349091
281.0523 -0.067944825
276.06406 -0.069174476
271.14844 -0.07412826
266.1624 -0.075519525
261.17694 -0.0769639
257.189 -0.07815973
252.20456 -0.07970768
248.21745 -0.0809908
242.23761 -0.08299468
236.25879 -0.08509998
232.27351 -0.08656373
227.38316 -0.09284627
222.40518 -0.09493059
218.42352 -0.09666645
213.44742 -0.098927334
209.46735 -0.10081338
204.39268 -0.09840767
199.41748 -0.10087107
195.33801 -0.097839825
189.36761 -0.100934885
185.38841 -0.103108995
180.4157 -0.10596147
175.3386 -0.10330618
171.36041 -0.10571333
167.38329 -0.10823489
162.41344 -0.11156048
157.4455 -0.115095966
153.47266 -0.11808913
148.63371 -0.12873368
144.80302 -0.13912895
139.85304 -0.14408705
133.918 -0.1505204
128.97672 -0.1563336
125.19155 -0.16919899
120.2659 -0.17619991
115.34664 -0.18379836
111.41641 -0.19035994
107.29969 -0.1882622
101.21865 -0.18965109
96.31291 -0.19943789
91.02095 -0.18878339
86.90466 -0.18611866
82.789055 -0.18318897
78.50141 -0.16741954
73.40485 -0.16533759
68.30864 -0.16294497
63.212887 -0.16016659
58.117714 -0.15690102
52.8801 -0.13431703
47.929813 -0.14828722
42.83767 -0.14244412
38.738518 -0.13154984
34.64505 -0.118079185
29.564823 -0.10441348
25.48893 -0.081748426
20.40397 -0.003987463
16.42951 0.055943202
12.437779 0.073926166
8.896205 0.33426717
13.008082 0.30599967
16.515633 0.11643406
20.509691 -0.10165677
24.927216 -0.20528673
29.53108 -0.27719218
34.891953 -0.29310983
39.62533 -0.33643726
44.064983 -0.34931335
48.510605 -0.35983095
52.608665 -0.35084927
57.054604 -0.35967216
63.375065 -0.35588863
67.82297 -0.36298043
72.27386 -0.36919898
76.72722 -0.37469587
82.112305 -0.37507695
87.49739 -0.37541112
93.25407 -0.3856821
98.63916 -0.38539955
105.71272 -0.39912602
112.019424 -0.39476177
116.48136 -0.39740446
120.944046 -0.39985216
125.40742 -0.4021256
131.58536 -0.4152281
136.05243 -0.41681907
140.51982 -0.41830888
147.22144 -0.42037404
153.427 -0.43087587
158.31792 -0.4375406
162.78856 -0.43825772
168.119 -0.44970533
172.59071 -0.4500666
177.96324 -0.4479634
184.20805 -0.45577893
189.12251 -0.46071282
193.60114 -0.47233072
198.99066 -0.48108596
205.27779 -0.4870889
211.10068 -0.48856127
215.63759 -0.49841115
221.06888 -0.5056544
226.89641 -0.50654763
231.3645 -0.5057187
236.31812 -0.5086247
241.27364 -0.5114113
247.59373 -0.5156165
253.918 -0.51961225
258.88043 -0.52199894
265.71396 -0.5289277
272.55966 -0.5355087
277.53104 -0.5374505
284.39117 -0.5435525
290.74048 -0.54643345
296.23962 -0.5509533
302.07025 -0.55075
307.0491 -0.5522582
310.85916 -0.55983776
315.84195 -0.5611606
320.51553 -0.5667456
325.19882 -0.5721698
330.72977 -0.57578933
335.97827 -0.5834099
339.8583 -0.5899909
343.75272 -0.59642315
347.66104 -0.602711
351.5828 -0.6088588
354.70117 -0.6164971
357.8399 -0.6240018
360.78415 -0.635249
364.77316 -0.6408222
367.1786 -0.6495549
369.61163 -0.65817326
372.0718 -0.6666783
370.8149 -0.67970717
368.85245 -0.694554
367.08203 -0.7057148
364.70148 -0.7149155
361.69037 -0.72216547
357.95377 -0.73139876
354.2483 -0.7408261
351.307 -0.7485106
348.38684 -0.75632435
344.79703 -0.7621761
339.8053 -0.768079
336.23984 -0.7742049
333.39166 -0.7825933
329.85696 -0.7889943
326.33606 -0.79553366
322.8294 -0.8022154
319.3375 -0.8090436
315.8608 -0.8160224
312.3998 -0.82315624
308.21762 -0.82826096
303.37225 -0.8359462
297.79892 -0.8416488
290.8242 -0.8478709
283.86124 -0.8543985
279.08035 -0.8632045
273.5568 -0.8699659
269.45456 -0.8765256
266.13788 -0.88567233
260.65848 -0.8932432
256.5995 -0.90050226
252.55441 -0.9079943
248.52399 -0.91572976
245.30753 -0.9261773
242.92499 -0.9393394
245.58379 -0.9522415
247.71442 -0.9681834
249.9069 -0.98384947
253.24715 -0.9925971
256.60623 -1.0011164
260.83057 -1.0114559
264.75467 -1.0162714
268.68475 -1.020946
272.62054 -1.0254858
276.90753 -1.0348516
281.7222 -1.0408628
285.68137 -1.04492
289.1479 -1.0518641
293.99002 -1.0573454
298.35538 -1.065577
303.21866 -1.0706722
306.73474 -1.0769256
310.26257 -1.0830371
314.6882 -1.0904834
319.13083 -1.0977228
323.5897 -1.1047629
327.16806 -1.1102568
332.55365 -1.1182754
337.9599 -1.126038
342.906 -1.1296788
346.5273 -1.1346072
351.0655 -1.1406244
355.61603 -1.1464878
358.85873 -1.1536163
362.1194 -1.1606168
364.23053 -1.1750677
365.11685 -1.1908716
365.518 -1.2030641
365.03607 -1.2142744
363.65936 -1.2245822
361.9932 -1.2375754
359.75644 -1.2471734
358.50446 -1.2577518
356.04108 -1.270248
352.96133 -1.2793953
347.71252 -1.2898641
343.7343 -1.2986251
339.07996 -1.3039757
333.2119 -1.311599
327.86694 -1.3135866
322.77722 -1.3126422
318.65445 -1.3124717
314.78885 -1.3092257
309.7005 -1.3081697
305.57803 -1.3079317
301.4556 -1.307687
297.3332 -1.3074356
293.2108 -1.3071772
288.12314 -1.3060061
283.7405 -1.3091197
279.61798 -1.3088734
275.49548 -1.3086199
270.40735 -1.3073992
265.0598 -1.3097731
259.97134 -1.3085259
255.59114 -1.3120257
250.5019 -1.3107772
244.18971 -1.312375
239.81316 -1.3161753
235.19412 -1.3242358
229.61934 -1.3315912
224.05759 -1.3393122
219.93486 -1.3395652
214.61108 -1.343297
208.09499 -1.350839
202.78088 -1.3550844
197.89966 -1.3496765
193.02452 -1.3439953
188.90211 -1.3443921
184.03314 -1.3382932
178.19994 -1.330535
174.31744 -1.3250748
169.22455 -1.3236192
165.10146 -1.3235643
161.22606 -1.3174927
156.13525 -1.3156679
150.54895 -1.3265685
146.18727 -1.3332273
141.60736 -1.3471704
137.26755 -1.3549154
132.93651 -1.3631656
127.634964 -1.3704233
123.13656 -1.3878344
119.02165 -1.3899815
112.595535 -1.406609
108.48639 -1.4096762
104.37834 -1.412985
99.28352 -1.4150174
95.03133 -1.4292783
91.07306 -1.4230833
85.980705 -1.4260285
81.879326 -1.4310663
76.93121 -1.4220142
71.838646 -1.4254633
67.883286 -1.4169297
61.96099 -1.4020882
58.021667 -1.3905122
53.907845 -1.395457
48.992275 -1.377653
44.09569 -1.3558867
39.97464 -1.3589877
36.073833 -1.3356746
30.97904 -1.3294665
25.88591 -1.320815
21.07765 -1.2620969
16.020197 -1.226736
12.328679 -1.1170765
8.135315 -0.84431845
4.870866 -0.44149926
3.9073427 0.5132948
3.963794 1.7217786
4.7216716 -2.9105346
9.730587 -2.466503
15.332138 -2.3338199
20.427242 -2.23526
27.856552 -2.1650314
33.138878 -2.1305568
36.590103 -2.0724776
40.591606 -2.0466855
45.09425 -1.9958668
44.540817 -1.9046683
38.85221 -1.8738848
44.365276 -1.8119671
49.45991 -1.8074557
54.55537 -1.8037868
59.651436 -1.8007448
65.95191 -1.809536
69.844864 -1.7959925
74.94205 -1.7941012
79.06423 -1.7952315
83.946205 -1.7819752
89.04477 -1.7811859
93.94032 -1.7700701
98.84633 -1.7600565
104.74527 -1.7492797
108.68405 -1.7427456
114.442154 -1.7251649
119.38517 -1.7187253
123.342896 -1.7139455
128.29373 -1.7083856
132.25706 -1.7042373
136.35533 -1.7076031
141.44533 -1.7097859
145.54594 -1.7127829
150.6374 -1.7146574
154.8892 -1.7237343
158.9953 -1.7261177
164.24892 -1.7334386
169.34494 -1.7344848
173.45476 -1.7364149
178.55128 -1.7373223
182.66197 -1.7390913
187.75891 -1.7398815
191.87039 -1.7415109
196.96765 -1.7422014
201.25429 -1.7486035
206.71643 -1.7586093
212.19818 -1.7680992
216.3167 -1.7690076
221.61478 -1.7734127
225.73425 -1.7741863
231.03712 -1.7782931
235.15738 -1.7789501
239.48701 -1.7836695
244.03944 -1.7922223
248.83865 -1.8043745
253.43225 -1.8122374
259.25757 -1.8226074
263.8858 -1.8298408
268.792 -1.8404139
273.18158 -1.8435704
277.8478 -1.85009
283.48508 -1.8554003
287.8868 -1.8581668
292.2907 -1.86085
296.69666 -1.8634534
301.10452 -1.8659806
305.22247 -1.8653028
309.6317 -1.8677341
313.74933 -1.8670516
317.8671 -1.8663868
322.2771 -1.8687079
327.6442 -1.8700639
332.05685 -1.8722678
336.4711 -1.8744138
340.88684 -1.8765044
346.25717 -1.8776666
349.6989 -1.8895693
352.866 -1.8985578
354.5072 -1.9119115
356.21106 -1.9251397
357.97668 -1.9382397
359.43298 -1.9486257
360.92773 -1.9589268
362.46048 -1.9691417
358.6477 -1.9796896
354.98102 -1.9841697
350.40793 -1.9899017
346.75793 -1.994596
343.11572 -1.99939
339.06277 -2.0016103
333.68454 -2.0024219
329.63394 -2.0047429
325.58514 -2.0071218
320.63324 -2.0108855
317.01898 -2.0162609
313.41406 -2.02176
309.81888 -2.027387
306.2337 -2.033146
301.7669 -2.0405366
297.31708 -2.0481489
292.88504 -2.0559921
289.3527 -2.0624394
284.95468 -2.0707228
281.45074 -2.0775356
277.9602 -2.0845199
273.61664 -2.0935001
269.29584 -2.1027694
264.99893 -2.11234
260.7271 -2.1222253
257.32852 -2.130369
253.94748 -2.1387303
249.74689 -2.1494992
246.40791 -2.158378
243.08888 -2.1674998
240.36171 -2.1802928
238.84656 -2.2001798
241.22281 -2.2135851
243.64157 -2.2267265
246.10158 -2.2396076
249.37906 -2.2497056
253.45416 -2.2570329
257.54245 -2.264128
262.40875 -2.2685454
266.51727 -2.275225
272.0476 -2.282088
276.9335 -2.2859578
280.3214 -2.2943919
283.7288 -2.3026237
287.83008 -2.313226
291.9628 -2.323529
296.8494 -2.3312159
299.62033 -2.340889
303.83295 -2.350411
307.36362 -2.357379
310.20825 -2.366486
313.77237 -2.3731306
318.79996 -2.3839564
322.4506 -2.3946126
326.80957 -2.4027624
330.4458 -2.4086769
335.42612 -2.410008
340.40704 -2.4113002
344.80875 -2.418813
348.47525 -2.4242537
352.15186 -2.4295807
355.18967 -2.4369388
358.24637 -2.4441714
361.3215 -2.4512815
364.4146 -2.458271
366.27646 -2.4694006
366.16714 -2.4830506
364.52972 -2.493408
362.93176 -2.5038576
360.56458 -2.512771
358.2264 -2.5218012
355.91785 -2.5309496
351.42468 -2.539343
347.5173 -2.545568
341.69553 -2.5446196
335.58197 -2.5502415
329.7587 -2.5493414
324.20886 -2.5526905
319.21643 -2.5535452
313.67133 -2.5570812
306.7457 -2.561681
299.82687 -2.5664933
294.601 -2.5751965
290.15283 -2.5736156
284.63177 -2.5779028
276.89038 -2.5815885
270.00278 -2.5874417
265.0231 -2.5891252
259.1926 -2.588854
253.36209 -2.5885706
248.38297 -2.5903895
243.92827 -2.5887861
238.4273 -2.594255
233.11862 -2.590419
225.3915 -2.5953767
220.41566 -2.5975802
215.44096 -2.5998852
210.98274 -2.5982323
206.00839 -2.6006587
200.17744 -2.6006439
192.97462 -2.6024015
186.63223 -2.6070378
179.79103 -2.6168003
172.96832 -2.627334
168.50206 -2.6259913
161.3107 -2.629225
156.355 -2.6334066
151.4022 -2.6378617
146.45262 -2.642618
141.98335 -2.6415055
135.6822 -2.6497061
130.33179 -2.6451135
124.50673 -2.6471705
119.158035 -2.6420336
114.212 -2.6483133
108.38787 -2.6508484
101.6823 -2.649061
97.21211 -2.6477325
91.38788 -2.650702
87.39458 -2.6392167
80.69182 -2.6359978
76.71531 -2.6221485
69.66754 -2.5971904
65.739136 -2.578689
61.290615 -2.5714586
55.18206 -2.5432787
51.333496 -2.5154822
46.33433 -2.5173588
40.52679 -2.5053134
34.129288 -2.5125277
29.727322 -2.4877532
23.32598 -2.4934905
16.35012 -2.5527163
11.926093 -2.5058625
6.9263525 -2.5114722
1.9279611 -2.5461793
5.6996984 -2.9507244
9.596536 -3.1331208
13.596435 -3.1356132
18.596369 -3.1372209
23.614069 3.102678
27.662813 3.0721767
31.654396 3.0809414
35.647865 3.0877428
40.641506 3.0943646
45.596264 -3.1398096
50.607746 -3.1202247
54.683075 -3.0852144
59.81242 -3.0565362
63.886288 -3.046259
68.07755 -3.022605
72.050835 -3.029195
76.1397 -3.0220366
80.11257 -3.0279918
84.20187 -3.0215771
88.17441 -3.0270085
93.256905 -3.0224857
98.223274 -3.0285344
102.312 -3.0232337
107.39585 -3.019485
111.48901 -3.0149522
115.58431 -3.0107408
119.551254 -3.0151064
124.51291 -3.020172
130.47075 -3.0257423
135.55347 -3.0226781
139.52603 -3.0260794
145.48769 -3.0308325
149.46382 -3.0337908
155.43034 -3.037944
161.30276 -3.047959
165.28566 -3.0502217
169.18321 -3.0582652
174.16635 -3.0606546
179.15045 -3.062911
184.06163 -3.0704625
189.98071 -3.0779574
193.97278 -3.079269
198.9051 -3.0858524
203.84564 -3.0921168
209.8385 -3.0935311
214.83286 -3.094649
219.82748 -3.0957165
224.82234 -3.0967364
229.81741 -3.097712
233.85889 -3.0941904
237.85446 -3.0949872
241.85019 -3.0957577
245.84605 -3.0965033
249.84206 -3.097225
254.83723 -3.0980952
259.87717 -3.0950873
263.87292 -3.095792
268.86777 -3.0966434
272.86377 -3.0973022
276.85992 -3.0979419
280.85614 -3.0985634
285.85162 -3.099316
289.84808 -3.099899
294.8438 -3.100606
298.80176 -3.1044984
303.732 -3.111689
307.73022 -3.1120777
312.70062 -3.1157463
316.6546 -3.1223867
321.6537 -3.1226852
326.6357 -3.1260355
332.61047 -3.1323285
337.61026 -3.1324658
341.60254 -3.1355
346.5962 -3.1413581
351.59738 3.1389797
355.60135 3.136197
359.60803 3.1334763
363.6173 3.1308155
367.6613 3.1227734
369.75745 3.112059
370.89633 3.1013584
372.07748 3.0907245
372.3023 3.0799942
372.56992 3.0692782
370.8872 3.0581317
368.25546 3.046628
363.47598 3.039846
359.60098 3.0359497
355.73154 3.0319686
350.762 3.030409
345.9073 3.025932
341.9343 3.0245821
337.2118 3.0169606
333.37045 3.0124927
329.40414 3.0109293
324.5812 3.0058675
320.75696 3.0010912
316.94022 2.9961996
313.13123 2.991189
308.4994 2.9823506
304.55066 2.980268
300.76764 2.9748502
296.99368 2.9692943
293.0537 2.9669542
289.29318 2.9611475
285.54266 2.9551883
281.80255 2.9490705
277.09305 2.9420757
272.81516 2.9276645
269.34552 2.9172554
265.67477 2.9102361
261.78293 2.9067326
258.37418 2.8956015
254.99828 2.8841743
251.92432 2.8686154
251.11517 2.851128
247.87444 2.8387756
247.19768 2.820917
248.48752 2.8056395
250.77399 2.7918947
254.97748 2.7811873
260.14157 2.7722213
263.46796 2.7608035
267.75232 2.7510984
272.596 2.7465072
277.83572 2.7387602
282.57648 2.726644
289.1792 2.7177913
293.56863 2.7095737
299.78802 2.70444
305.58847 2.7024732
310.9155 2.6962981
316.28955 2.6974003
321.19208 2.6943183
325.63522 2.6872275
331.43512 2.678969
336.35477 2.6762948
340.4043 2.665804
344.91016 2.6594787
348.54663 2.651971
351.32364 2.6432617
354.12686 2.6346896
356.95572 2.626253
358.9439 2.6165562
360.96548 2.6069672
363.87582 2.5989084
366.80942 2.5909784
369.76575 2.5831742
372.7442 2.5754945
374.9048 2.5664895
377.09543 2.5575883
376.0047 2.5428474
372.2097 2.529323
369.5242 2.5208871
366.86536 2.5123281
363.63913 2.5058541
358.829 2.4959254
355.64236 2.4891577
350.89365 2.478776
347.74927 2.471698
341.81097 2.4653857
336.6632 2.4607244
332.15704 2.453588
324.98276 2.4513729
319.85803 2.4462414
316.15115 2.4405644
312.4547 2.434753
308.11606 2.4312577
304.437 2.4251802
299.45053 2.4239638
294.46448 2.4227064
289.4789 2.4214056
283.08258 2.420378
278.09793 2.418982
271.7023 2.4178543
265.30707 2.4166722
258.1653 2.41286
253.11005 2.4055998
248.13185 2.4037385
241.069 2.4051328
234.00667 2.406611
229.02803 2.4046166
223.31224 2.399517
218.33708 2.3972633
212.6302 2.3917103
206.97702 2.3926806
202.68951 2.3864715
194.89407 2.3840532
187.82585 2.3851018
182.85861 2.382019
175.75769 2.375014
170.10187 2.37564
165.14044 2.3719416
159.48431 2.3725002
153.81084 2.3639064
148.14958 2.3546553
141.78851 2.3495991
134.71762 2.349253
129.77501 2.3435395
123.42303 2.3371582
118.49035 2.3303964
110.69768 2.3349695
104.32171 2.3404515
98.665596 2.339549
92.2927 2.3460617
85.92431 2.3535404
80.97567 2.3621106
75.318924 2.362555
68.24802 2.363214
63.296997 2.3525918
59.07678 2.328392
52.742336 2.3116355
47.837982 2.2922587
42.194233 2.2836928
37.32387 2.255187
31.899803 2.1931589
26.901127 2.1892302
22.189838 2.1206825
17.218077 2.0935338
12.774209 1.9388524
12.774209 1.9388524
