Mouse
56
365.68204 -0.7190002
368.32886 -0.727172
370.25885 -0.7370382
372.90457 -0.7487691
374.91235 -0.75840044
376.23587 -0.76977456
377.6077 -0.78106755
376.91162 -0.7941921
374.83835 -0.80367374
373.52628 -0.81509966
370.79453 -0.8229509
368.82513 -0.83274615
366.1457 -0.8408281
363.49054 -0.84902865
360.86017 -0.8573493
356.73428 -0.86215836
353.3799 -0.8689109
350.04193 -0.87579256
345.9489 -0.88097084
342.64072 -0.88811845
339.35034 -0.895405
336.07834 -0.9028338
332.03607 -0.9085608
328.79773 -0.9162848
323.9854 -0.9204426
319.97787 -0.92660725
315.98282 -0.9329281
311.41147 -0.94200253
306.0529 -0.94944966
299.8949 -0.95524156
295.95987 -0.96237427
291.21616 -0.96775687
287.30844 -0.9752756
282.5858 -0.9810388
278.7078 -0.98897547
273.46536 -0.9982224
269.62677 -1.0066729
265.808 -1.0153668
259.7816 -1.0236012
254.28796 -1.0288503
248.80167 -1.0343311
243.32317 -1.0400587
236.9881 -1.0439361
232.52505 -1.0427212
227.55905 -1.0452517
223.09566 -1.0440117
218.13045 -1.046681
213.16687 -1.0494747
207.33702 -1.0500118
202.87234 -1.0487529
196.54613 -1.0537082
192.08054 -1.0524646
187.12068 -1.0558006
182.65459 -1.0545439
176.33461 -1.0602748
170.99632 -1.0561918
165.16737 -1.0571032
159.83151 -1.0526289
154.49907 -1.0478458
150.03502 -1.0460792
144.20482 -1.0467141
138.37468 -1.0474025
133.91078 -1.0454084
128.08052 -1.0460926
122.753685 -1.0397886
117.78663 -1.0445539
112.82248 -1.0497385
107.37229 -1.063504
101.544716 -1.065406
96.59478 -1.0725323
92.12546 -1.0708522
87.179825 -1.0790573
82.70955 -1.0775387
76.42032 -1.0926621
70.60161 -1.0978029
65.67959 -1.1107208
61.207485 -1.1109817
55.877125 -1.1433693
50.49852 -1.1383675
45.62151 -1.1613312
41.15665 -1.1672158
36.319305 -1.1999351
30.587805 -1.2321088
26.156479 -1.2534201
21.479837 -1.328065
15.997036 -1.4351822
10.882412 -1.6478057
7.4144783 -1.9634693
5.6144543 -2.6091416
7.9211197 2.9959166
12.161049 2.5130956
16.962854 2.3431623
21.422215 2.2133577
25.60097 2.0960526
30.031784 2.0124714
34.618008 1.9506934
38.361507 1.9120175
41.858448 1.8574996
45.70917 1.8327501
49.35436 1.7921801
53.06955 1.7572392
56.841015 1.7269021
60.79556 1.7166728
64.62681 1.6923645
68.49196 1.670788
72.38558 1.6515247
76.37324 1.6473011
80.29568 1.6310754
84.23728 1.6163646
88.23332 1.6142995
92.2297 1.6124134
96.22638 1.6106839
100.22333 1.6090924
105.21983 1.607273
110.21666 1.6056186
115.21376 1.6041077
119.21162 1.6029902
123.20961 1.6019452
128.18124 1.5929326
133.18007 1.5921016
138.17897 1.5913306
142.16171 1.5837201
146.16139 1.5833665
150.15218 1.5763721
155.14993 1.5697471
160.14992 1.5697799
165.15393 1.5637556
170.16359 1.5580859
175.17839 1.5527407
180.1776 1.5532417
185.19664 1.5483168
190.1954 1.5489078
194.19446 1.5493585
199.21675 1.544878
203.21544 1.5453881
207.21417 1.5458785
212.23933 1.5417553
217.26794 1.5378228
222.26529 1.5385644
227.29646 1.5348761
232.3306 1.5313475
236.36841 1.5277876
240.40913 1.5243472
244.4526 1.5210207
248.49869 1.5178024
252.54729 1.5146872
256.59824 1.5116704
261.64954 1.5089843
266.70264 1.5064001
270.7597 1.5036651
274.8903 1.4973819
278.95377 1.4948585
284.09567 1.4891741
289.16116 1.4871371
293.31897 1.4814819
297.4859 1.475985
301.66162 1.4706402
305.84567 1.4654413
310.14957 1.4571784
314.35425 1.4522998
318.56622 1.44755
322.6592 1.4459983
326.75296 1.4444855
330.84744 1.4430101
334.9426 1.4415708
339.03845 1.4401662
343.268 1.4359074
347.50363 1.4317522
351.8891 1.4248846
356.44415 1.4154133
361.0304 1.4061818
365.4752 1.3998778
368.144 1.3900946
371.82956 1.3809621
375.54553 1.3720095
377.3341 1.3621408
379.37704 1.3497928
381.24734 1.340131
383.15292 1.3305644
384.12427 1.32045
386.10107 1.3110545
387.14774 1.3010689
388.23273 1.2911382
385.52405 1.2783015
382.5801 1.267778
379.67923 1.2570927
376.1894 1.251283
372.71246 1.2453648
368.6309 1.2358874
364.24658 1.2287827
360.48074 1.225061
356.72 1.221261
352.0265 1.2163968
347.34155 1.2114013
342.66553 1.2062694
338.5722 1.204817
333.90814 1.1994582
327.95657 1.195661
323.30948 1.1899946
319.22482 1.1882457
315.1412 1.1864514
310.13248 1.1833956
305.12674 1.1802394
299.74185 1.180059
294.73947 1.1767349
290.66275 1.1746279
286.58734 1.172461
281.59274 1.168847
276.08093 1.1603447
272.01498 1.1578479
267.9508 1.1552755
263.88843 1.1526237
260.23816 1.1463819
256.1823 1.1435094
252.12866 1.1405445
247.17006 1.135784
242.21729 1.1308289
238.6043 1.1236887
233.23135 1.1221521
229.63376 1.1145966
224.70834 1.1087892
220.68375 1.1047661
215.31876 1.1026298
210.40994 1.0961478
204.16144 1.0914297
197.91777 1.0864139
193.44662 1.0859345
187.20883 1.0804484
181.38542 1.0820574
175.56252 1.0837731
169.74016 1.0856066
165.26909 1.0850236
160.79808 1.0844084
155.4441 1.080747
150.97359 1.0799651
146.97789 1.0731375
142.5084 1.0720704
138.03911 1.0709342
133.57 1.0697219
128.71333 1.0578754
124.246826 1.0561025
120.2778 1.0469683
114.950424 1.0402769
109.62869 1.0329355
104.31348 1.0248455
97.96683 1.0332401
92.13591 1.0334213
87.67654 1.029664
83.21854 1.0255042
78.762146 1.0208735
73.7855 1.0272056
69.32857 1.0220542
64.873726 1.0161952
57.66715 1.0203712
52.36746 1.0029808
46.538967 0.99954873
42.653854 0.9685618
37.658676 0.9740393
31.27899 0.9899879
24.911335 1.0140989
20.462765 0.99379075
13.818464 0.93885106
9.439285 0.8594074
4.6851425 0.47671574
2.185211 -1.0097011
6.501859 -2.0223572
11.449837 -2.105758
16.988165 -2.1883752
21.418402 -2.1563559
26.411598 -2.167319
32.235035 -2.1571758
38.060772 -2.150137
43.352886 -2.1255984
48.33526 -2.1347618
53.639053 -2.1164453
58.61717 -2.1247787
63.07236 -2.1183825
67.52979 -2.1128302
72.850006 -2.1009414
80.050125 -2.1061504
84.00892 -2.092098
87.9828 -2.0793126
93.810974 -2.0812953
97.79558 -2.0702317
102.26498 -2.068667
107.614944 -2.0628073
112.5602 -2.069511
117.0297 -2.0681713
121.978584 -2.0741398
126.55265 -2.0903933
131.01802 -2.0884845
136.48158 -2.0994487
141.4498 -2.1034994
146.93382 -2.1131248
151.90909 -2.1164494
158.78679 -2.1270237
165.99442 -2.128404
170.97652 -2.1309128
176.80638 -2.130263
180.73177 -2.1232061
186.5623 -2.1228313
191.35222 -2.113578
195.81067 -2.1117725
199.7581 -2.1057518
205.9438 -2.0992537
211.27162 -2.0954962
216.10617 -2.0879107
220.46626 -2.0766983
224.45233 -2.0719595
228.92139 -2.0712268
232.91302 -2.0667536
238.67415 -2.0584757
243.56421 -2.0524836
247.57425 -2.048578
252.91739 -2.0376697
257.83597 -2.0324047
262.32208 -2.0239153
266.79398 -2.0240917
270.3957 -2.0176132
275.3398 -2.013042
279.86697 -2.005396
284.40994 -1.9979937
288.46573 -1.9954036
293.43597 -1.9914893
297.09167 -1.9859908
302.07224 -1.9823432
307.0567 -1.9788141
312.04486 -1.9753978
315.72583 -1.9704105
319.80035 -1.9684248
324.79907 -1.9653022
328.87677 -1.9634346
332.5759 -1.9588326
337.20947 -1.9532223
341.8534 -1.9477642
346.50714 -1.9424525
351.17047 -1.9372818
354.9077 -1.9332432
358.30103 -1.9266752
361.36832 -1.9176308
365.1327 -1.9139069
368.24084 -1.9051379
371.0581 -1.8939629
374.22928 -1.8855008
374.919 -1.8737043
373.458 -1.8609251
372.33344 -1.8506308
370.28473 -1.8409942
369.23718 -1.830554
367.26105 -1.8207271
366.2922 -1.810146
365.3646 -1.7995099
364.47852 -1.788821
362.45074 -1.7759489
359.5021 -1.7634655
357.5943 -1.7502769
352.95917 -1.7411492
348.35425 -1.7317793
342.94485 -1.7254816
338.53854 -1.7185462
335.0008 -1.7080541
330.76788 -1.703719
326.4147 -1.6962334
322.08032 -1.6885458
317.87668 -1.6837759
313.5742 -1.6757078
309.39072 -1.6706328
305.21545 -1.665419
301.1395 -1.6633681
295.97998 -1.6582013
290.9123 -1.6562774
286.92712 -1.6574676
282.8563 -1.6551696
278.7069 -1.6492286
274.56766 -1.6431082
269.50922 -1.6407479
264.38678 -1.6345235
260.33228 -1.6316686
256.17197 -1.620929
252.12813 -1.6177628
247.00824 -1.606581
242.97653 -1.603057
238.94794 -1.5994141
234.89992 -1.5913905
229.86761 -1.5831395
225.85164 -1.5745033
220.85316 -1.5655314
215.87328 -1.5561447
210.9133 -1.5463157
205.94232 -1.5408671
200.97778 -1.5351491
195.98103 -1.5342399
190.98447 -1.533283
184.98882 -1.5320666
179.99268 -1.530991
173.04272 -1.5236068
169.04729 -1.5224906
165.05206 -1.5213203
160.05838 -1.5197754
155.0651 -1.518131
151.07079 -1.5167372
147.07678 -1.5152676
143.08313 -1.5137161
138.09157 -1.5116504
134.09877 -1.5098872
130.10641 -1.5080159
126.11454 -1.5060259
122.19412 -1.4957404
116.295 -1.4832968
112.310844 -1.4801844
107.33231 -1.4759691
102.45999 -1.4616319
98.484764 -1.457207
94.51163 -1.4524099
90.54086 -1.4471918
85.58123 -1.4399887
80.62659 -1.4318998
76.66711 -1.4246763
72.71207 -1.4166665
67.77569 -1.4053406
63.83371 -1.3950198
59.721153 -1.3997936
53.81835 -1.3808208
48.719486 -1.3815974
44.797184 -1.3648034
40.488712 -1.3929522
35.57857 -1.368088
31.279112 -1.4049823
27.170876 -1.4169831
22.952223 -1.4764266
18.885927 -1.5091888
13.851054 -1.5590439
9.851442 -1.554272
5.9097023 -1.7129432
2.0243618 -2.7082205
4.239304 2.3040159
9.00806 2.0108368
15.306628 1.9620551
20.019787 1.8666667
24.138466 1.8579775
28.258436 1.8518217
32.379204 1.8472325
36.5005 1.8436797
41.586777 1.8344326
45.70923 1.8327497
50.68758 1.8885651
56.063168 1.8945874
60.494846 1.9048929
65.27518 1.9282187
70.086174 1.9483519
75.47131 1.9485625
79.927895 1.9533619
84.38611 1.9576541
89.23138 1.971878
94.61546 1.970707
100.39227 1.9788413
105.26077 1.9899229
109.72866 1.9917368
114.61065 2.0013664
120.40816 2.0066755
125.785416 2.004306
131.58455 2.0090344
137.38637 2.0133638
143.19057 2.017342
148.09714 2.0239487
153.90674 2.0272508
159.7179 2.0303125
164.63605 2.035869
170.01448 2.0463457
175.41045 2.0561793
181.29918 2.0702796
185.86014 2.081441
190.94308 2.096608
194.69608 2.109222
200.70659 2.12039
205.36244 2.129369
209.19136 2.1405172
214.72057 2.1461554
220.25626 2.1515102
226.35236 2.1602838
231.90363 2.1650321
237.45987 2.1695585
242.19781 2.1762195
247.76537 2.1803064
253.91386 2.187434
258.67905 2.1933427
263.2353 2.2043436
268.82843 2.2075267
273.62256 2.2127619
279.02792 2.2206762
285.24228 2.2261467
290.06165 2.2307768
295.06097 2.2304976
300.50333 2.2375267
306.12112 2.2397144
312.52414 2.2398336
317.3609 2.2438574
322.35876 2.2433991
328.60574 2.2477171
333.603 2.2472162
337.6718 2.252746
341.7507 2.2581441
345.07034 2.2652652
347.64383 2.2741065
350.2441 2.2828171
353.6226 2.289533
356.26904 2.2979832
359.6827 2.304443
363.78607 2.3128107
366.50104 2.3208556
369.96622 2.3269236
373.44476 2.3328786
376.21762 2.34057
379.01242 2.3481483
377.5878 2.3593543
375.4944 2.368788
373.43472 2.3783264
371.40942 2.38797
369.41907 2.3977182
366.05185 2.4077697
362.63766 2.4141142
359.23837 2.420579
355.0995 2.425322
350.9688 2.430177
346.08655 2.4332716
341.9698 2.4383502
336.45328 2.4439192
332.35562 2.4492762
325.45316 2.4556224
319.9707 2.4617753
315.1254 2.465662
309.6635 2.4721973
303.60117 2.4815638
299.57492 2.4880185
294.16086 2.4953122
287.9608 2.5008087
281.98508 2.5115054
275.81223 2.5176075
271.86 2.52525
267.92404 2.5331175
262.3574 2.5369124
257.0581 2.54628
253.16858 2.5549319
247.91492 2.565029
241.84418 2.573345
237.16953 2.5807528
231.65813 2.5861902
225.63309 2.595672
218.77025 2.6033385
212.42847 2.6074398
206.09045 2.6117933
200.25986 2.6121025
194.42926 2.6124303
188.5987 2.6127784
184.13626 2.6111968
179.16911 2.6143465
174.70625 2.6127195
169.38211 2.6080198
163.04518 2.6135454
158.58257 2.6117306
153.61586 2.6154215
147.78552 2.6159835
141.95525 2.616592
137.49179 2.6145976
131.66139 2.6151922
126.69698 2.619803
122.23267 2.6176767
117.76897 2.6153896
111.93864 2.61613
106.97505 2.6216345
103.01293 2.6107662
98.04625 2.6165001
92.72052 2.608132
88.25983 2.604597
82.42892 2.6048393
77.11391 2.5939722
72.13846 2.6006076
67.68057 2.5955026
62.70616 2.6032577
57.39417 2.5885098
52.941414 2.5809648
48.492226 2.5720348
43.21486 2.5486145
39.364025 2.5128875
36.205368 2.447868
33.228466 2.3708212
30.486607 2.2792842
27.496565 2.1407614
25.560972 2.0086265
25.09911 1.846692
24.219685 1.6467257
24.356127 1.440573
26.15001 1.2933389
27.93655 1.1203454
30.741713 1.0171874
33.64046 0.89041805
36.29026 0.8046332
39.84451 0.7496687
42.85892 0.6860314
46.620697 0.6482684
50.438988 0.6161826
54.863403 0.6037967
60.126705 0.5839625
65.40985 0.5673266
70.18815 0.54105765
75.50896 0.5296563
79.474556 0.5150855
85.303764 0.51681703
90.64193 0.5087436
95.98535 0.5015686
100.86186 0.48642674
106.21837 0.4810667
111.155495 0.4883413
116.978935 0.49093604
122.803085 0.49328464
127.74897 0.49914196
132.2184 0.49794164
137.09715 0.48693082
142.03813 0.49241993
146.03915 0.48550496
150.04678 0.47895908
154.5184 0.47851595
158.53246 0.47249714
163.00443 0.47225437
169.71239 0.47191417
173.73225 0.4665745
178.6528 0.45898408
185.819 0.45194355
191.19083 0.4499331
196.13223 0.4434372
203.31683 0.43755096
208.27306 0.4317277
213.236 0.42617536
218.20522 0.4208757
224.4996 0.41808775
230.28807 0.4211775
232.85858 0.43509883
237.75266 0.43944994
242.22351 0.43989664
246.26982 0.4366539
250.31865 0.43351606
253.9542 0.4268996
258.01035 0.42400846
262.57562 0.4161741
267.5554 0.41203785
271.62198 0.40951374
275.69022 0.4070641
281.20996 0.3986166
286.20792 0.39505583
292.13394 0.3903108
295.837 0.38516638
299.9202 0.38324547
303.63373 0.37831935
308.65088 0.3753467
313.6707 0.37246916
319.62564 0.36855188
323.36023 0.36409533
327.4545 0.36259905
331.19745 0.3583151
336.2316 0.35588524
339.9838 0.351786
343.74158 0.34777626
347.5048 0.34385335
352.21616 0.33906767
356.93536 0.33440843
360.7015 0.3220021
365.13684 0.31507057
368.63654 0.30912888
371.55658 0.29816207
374.91922 0.2814958
376.45438 0.26652244
377.35574 0.25490046
378.30783 0.2433354
377.364 0.23304765
375.26498 0.22069901
369.52127 0.21309878
364.2125 0.21063507
358.90598 0.2080985
354.5809 0.20491035
350.46112 0.20443909
346.34146 0.2039566
342.60944 0.1942969
338.11243 0.1878752
334.43512 0.17780043
329.97522 0.17099608
324.54446 0.16450872
320.11548 0.15730992
314.71478 0.15038408
310.46335 0.14594503
306.0789 0.13814828
301.71356 0.13012542
296.49933 0.12562522
292.40598 0.123946264
288.19327 0.11877561
283.11026 0.11736107
278.02786 0.1158948
272.94608 0.11437394
268.85864 0.11237673
263.77838 0.11073523
259.69296 0.108610265
255.60875 0.10641738
251.52582 0.10415329
247.54784 0.10583321
243.46526 0.10348436
239.48701 0.105209716
235.40482 0.10276963
231.42628 0.104542784
227.3445 0.102004215
222.2692 0.099819176
218.19026 0.097085744
214.11304 0.09424818
210.13112 0.096039616
205.05891 0.09352359
199.8998 0.08589809
195.82985 0.08256282
191.76216 0.07908602
186.69977 0.075862356
180.64204 0.07285981
175.58366 0.06925257
171.52556 0.065050185
167.41301 0.054681912
163.31937 0.043792654
159.24608 0.03234491
155.21826 0.026739102
151.17807 0.014221473
147.16728 0.007813653
143.16286 0.0010470758
136.16287 0.001100905
131.16554 -0.0064811506
127.16563 -0.0066850143
122.16574 -0.0069586164
117.16586 -0.00725557
112.166 -0.007578997
107.16615 -0.007932603
102.16631 -0.00832082
98.166466 -0.008659865
92.1629 0.001626494
87.170364 0.013191819
83.17073 0.013826246
77.17135 0.01490119
73.19436 0.029376738
69.19619 0.031074665
64.24005 0.04905298
60.305737 0.068868816
55.31866 0.07508867
51.330807 0.08093456
47.345005 0.08776501
41.283123 0.076374225
37.296032 0.08455749
32.234554 0.066745125
28.186247 0.040807903
24.163246 0.0062037734
20.163338 0.0074344696
15.186593 -0.05600613
11.195104 -0.07600794
7.2130504 -0.11813006
3.6641567 -0.5292867
2.0307136 -1.9957497
4.91135 -2.967628
9.094973 2.9029503
14.446118 2.8502197
19.5285 2.8747241
23.65079 2.87854
28.508455 2.9241614
33.606606 2.9272013
37.52468 2.9498818
41.45841 2.9682665
46.556114 2.9656305
51.486343 2.9826314
57.418556 2.9991732
63.499897 2.9969962
67.46062 3.0055401
72.41759 3.014905
77.3801 3.0230691
81.35341 3.0288832
85.329216 3.0341556
90.30198 3.040093
95.27759 3.0454102
100.25563 3.0501997
106.231995 3.0553546
110.217674 3.0584803
114.12858 3.070122
119.116356 3.0731194
124.10511 3.075876
129.09474 3.0784194
134.08513 3.0807736
140.07451 3.0833771
145.06633 3.0853825
149.06018 3.0868902
154.05295 3.0886648
159.04617 3.0903277
164.0398 3.0918896
171.03151 3.093923
178.02386 3.0957968
183.01877 3.0970476
190.01208 3.098688
194.00848 3.0995724
198.00502 3.100421
202.0017 3.101236
205.9985 3.1020193
210.99467 3.102957
215.99104 3.103851
220.92284 3.1137516
225.87535 3.123219
229.85881 3.1278887
234.83727 3.1409543
238.85423 -3.12966
242.88565 -3.1216226
246.90654 -3.1178968
250.96004 -3.1103072
254.99084 -3.1068783
259.02457 -3.103556
264.1032 -3.0967083
268.1453 -3.0936522
273.18854 -3.090873
278.28897 -3.0846062
282.34045 -3.081877
287.45593 -3.07597
291.51382 -3.0734468
295.72134 -3.0642467
300.86523 -3.058903
305.02127 -3.0534515
310.18182 -3.0484478
314.35464 -3.0432966
318.43405 -3.041404
322.5146 -3.0395596
327.5908 -3.0380774
332.77393 -3.033652
337.9634 -3.0293624
342.1657 -3.0248635
345.63013 -3.0143797
349.1318 -3.0041053
350.8407 -2.9903786
351.62863 -2.9763207
353.29333 -2.9656186
356.1671 -2.9527798
358.89993 -2.9428785
363.41983 -2.9369588
367.74457 -2.9338439
372.07278 -2.9308016
376.8337 -2.9226427
379.67065 -2.9135027
380.59506 -2.903265
381.55917 -2.8930779
380.62955 -2.881599
377.28976 -2.8737507
373.7025 -2.8683374
369.16513 -2.862074
365.6021 -2.8564265
361.0931 -2.8498735
358.1475 -2.8386385
353.98822 -2.829032
349.86237 -2.8191977
345.77118 -2.8091297
341.38107 -2.8015804
337.95126 -2.7948434
333.9477 -2.7841225
329.9835 -2.7731428
326.25513 -2.7687268
322.53326 -2.764209
317.89044 -2.758413
313.2586 -2.7524457
307.87366 -2.7522945
302.86978 -2.7490835
297.86917 -2.7457647
292.87192 -2.7423325
287.87827 -2.7387812
281.57495 -2.7369626
277.50507 -2.7346005
272.92065 -2.7273483
268.3511 -2.7198489
263.3823 -2.7155418
258.83752 -2.7075584
253.88342 -2.7028499
248.46478 -2.6925914
243.97003 -2.6836956
239.4953 -2.6744664
234.5846 -2.668674
229.68207 -2.6626344
226.13968 -2.6544826
221.25797 -2.647899
216.38626 -2.6410186
212.0133 -2.6297
206.67575 -2.6262863
201.83855 -2.6183896
197.01453 -2.6101055
190.83311 -2.6032052
186.37376 -2.6014135
182.43295 -2.5948381
177.97664 -2.5927522
173.52113 -2.5905592
167.69052 -2.5901902
161.85994 -2.5897946
156.8816 -2.592713
151.38805 -2.601469
144.53882 -2.6133485
140.81662 -2.630725
135.86214 -2.6355917
130.91112 -2.640827
126.44218 -2.6395142
122.459076 -2.6309528
117.992065 -2.6291726
113.6607 -2.6076028
109.71489 -2.5968919
105.7826 -2.5853837
101.86541 -2.5729883
97.1313 -2.5539446
92.69515 -2.5479774
87.78579 -2.5097368
82.580696 -2.4935172
78.02242 -2.465047
73.657326 -2.4522178
69.30586 -2.4377751
64.31567 -2.4330888
59.98672 -2.4150152
55.005527 -2.4074721
50.02809 -2.3984275
45.746166 -2.3714533
40.090385 -2.3383286
34.492985 -2.2943912
30.391907 -2.2392974
25.59042 -2.1892743
20.88232 -2.1164374
16.348486 -2.002278
11.21492 -1.8265619
9.918491 -1.4532925
10.245903 -1.042703
12.065678 -0.70839256
14.838552 -0.47984526
18.47931 -0.37975198
22.24381 -0.31304306
26.35886 -0.3024043
32.05492 -0.34530598
36.863544 -0.3851656
41.3234 -0.39365053
45.785656 -0.400482
50.249664 -0.40609992
55.12197 -0.427434
59.591393 -0.43015113
64.061195 -0.4324891
68.958244 -0.44767636
73.86909 -0.46084705
79.68294 -0.4666638
87.30879 -0.48689127
92.2509 -0.49534497
97.68485 -0.51190794
102.64372 -0.5182997
107.76461 -0.54481524
114.11678 -0.552085
119.09678 -0.55591756
123.76922 -0.5705784
129.30168 -0.5799046
134.29195 -0.58227086
140.118 -0.58052975
145.94446 -0.57892764
150.6888 -0.5663279
154.07924 -0.5523986
157.4983 -0.5390716
162.99023 -0.5475347
167.96793 -0.550387
172.94688 -0.55307513
177.92703 -0.55561274
182.38072 -0.5533609
187.89047 -0.5602844
194.25308 -0.56404895
199.2377 -0.56604075
204.22308 -0.56793535
209.75026 -0.57375413
214.19588 -0.5714599
219.72705 -0.5769258
224.71622 -0.57840604
230.80768 -0.587071
237.74422 -0.59293115
242.47287 -0.5996983
248.60388 -0.60722023
253.35483 -0.61342967
257.30164 -0.62166667
263.2533 -0.6335577
268.04306 -0.6389586
272.0414 -0.6463772
278.2505 -0.6520633
283.6773 -0.6596554
290.69388 -0.662706
296.92715 -0.6676926
302.5456 -0.6698883
308.94867 -0.6699889
313.94693 -0.6695671
318.00333 -0.6755264
322.07077 -0.6813354
327.55618 -0.68742347
330.8764 -0.6948492
336.51047 -0.6963693
342.0245 -0.7019583
346.8999 -0.70517874
351.7788 -0.70830995
356.66104 -0.7113554
362.3026 -0.7125104
367.846 -0.7174647
367.846 -0.7174647
