Stilus
35
289.9737 2.309537
285.00244 2.2954834
282.07437 2.2836802
279.01898 2.2709198
276.1446 2.2584724
274.8892 2.2412786
276.4954 2.221469
276.69867 2.2020507
279.1382 2.1803203
281.408 2.1643643
284.62344 2.1521585
287.16818 2.138077
290.46152 2.123106
294.37012 2.0995374
297.24246 2.0820405
300.2573 2.0684063
303.03802 2.0485253
306.69647 2.0285835
309.97324 2.0154493
312.5653 1.9946456
312.1995 1.9807832
310.591 1.9686989
311.47284 1.9501885
309.95102 1.9376774
308.25687 1.9230987
306.63303 1.9083995
305.29907 1.8957235
303.51862 1.8778341
301.3109 1.8654559
297.26486 1.8551568
292.25488 1.8429775
287.919 1.8295708
284.00623 1.8185414
279.3713 1.807942
273.2369 1.7941803
268.07507 1.7760497
263.3489 1.7639151
256.49188 1.7458249
251.05536 1.7306042
246.02583 1.7121788
239.40335 1.6874996
234.46709 1.667674
229.46373 1.6426753
225.67747 1.6226676
224.4997 1.6041684
223.38121 1.577955
223.39983 1.5560374
226.36885 1.5297319
230.39111 1.5035528
234.9562 1.4886749
238.52214 1.4722364
244.35304 1.4553467
249.37772 1.4406235
254.33673 1.4309363
258.95035 1.4159007
262.40494 1.3947285
267.89267 1.381393
275.88544 1.3656791
280.6108 1.3502711
286.71045 1.339064
292.63318 1.3286207
296.8036 1.3173988
302.08075 1.3031117
306.4471 1.2858022
308.0335 1.2712847
310.01102 1.2512748
311.77615 1.2345834
313.90405 1.215696
315.35638 1.2034775
318.12567 1.1878321
319.9557 1.1758066
321.7501 1.162637
321.58612 1.1483938
319.01465 1.1298494
316.23584 1.1135337
313.54587 1.0973701
309.951 1.0828159
306.51675 1.0731548
304.78638 1.0512933
302.32855 1.0317044
299.48846 1.0177989
297.27646 1.0012769
293.49973 0.9930157
289.88205 0.9807161
286.64185 0.9646724
285.51352 0.94476926
284.4943 0.9207139
282.89606 0.9025702
283.09512 0.8819333
282.65216 0.85887545
283.02734 0.8406932
285.3013 0.81892353
287.52267 0.8062124
290.26514 0.7958774
295.31244 0.77857584
299.46512 0.7649875
302.50406 0.7553876
306.59128 0.74290645
311.5856 0.7317502
316.99808 0.7215231
321.94656 0.71217287
325.1839 0.70360976
330.2099 0.6946974
335.54868 0.6853521
339.57535 0.67569554
343.5005 0.66656935
347.98407 0.6564733
351.9432 0.6478346
356.55795 0.6345914
361.79456 0.6239774
364.69046 0.614914
369.01724 0.6033648
371.76312 0.59503484
375.56198 0.5850092
378.22815 0.5740422
381.4243 0.5566334
382.2913 0.54032236
383.06042 0.5251398
384.37354 0.506686
383.03067 0.4948699
381.58603 0.48219445
379.6313 0.4722624
377.82205 0.46280017
374.84033 0.45191273
371.1239 0.43806708
369.23898 0.42703897
367.39944 0.41589904
364.2029 0.40261433
362.60532 0.39213985
359.8581 0.38078648
356.99304 0.368064
353.5898 0.35869235
349.33148 0.35052186
344.14227 0.34300938
338.0661 0.3306776
333.5514 0.32013866
330.16187 0.310168
324.39758 0.29641163
318.78622 0.2866666
315.6435 0.27520356
309.41077 0.26745194
305.22708 0.25425923
302.01407 0.24310233
297.91473 0.22899996
295.66876 0.21056038
293.84885 0.19744167
291.90274 0.1808695
289.4063 0.16592899
288.4657 0.15191296
287.8009 0.13599682
287.242 0.1209494
287.71344 0.104552865
288.30054 0.08971372
289.95822 0.07520692
291.63416 0.05845148
296.91562 0.04393164
301.0298 0.032547038
305.90726 0.01899741
309.6148 0.0033885178
312.15738 -0.017446576
314.30624 -0.035577107
315.5733 -0.054418694
315.8162 -0.06706916
316.18964 -0.08280942
316.6429 -0.09856198
317.28754 -0.11732896
318.04187 -0.13597734
317.6599 -0.14969537
318.5322 -0.16687497
313.69293 -0.184035
309.8672 -0.19290063
305.29807 -0.19916277
300.7195 -0.21752477
297.07535 -0.22800368
293.4361 -0.24355291
290.0371 -0.25849393
286.27036 -0.27649412
283.06845 -0.29716426
279.75418 -0.31015718
275.47842 -0.3223222
271.43198 -0.33555293
267.5413 -0.3445942
263.16617 -0.35866514
258.85355 -0.36905393
254.4565 -0.3757462
250.2811 -0.382336
245.19324 -0.39069435
241.13837 -0.39763007
236.65265 -0.40560463
233.64313 -0.42001325
229.9346 -0.44587338
229.80879 -0.47031978
230.35439 -0.49355844
230.1876 -0.51390964
231.39255 -0.54103017
232.82625 -0.56655157
234.94841 -0.58210045
238.48549 -0.59751034
241.69745 -0.60894936
245.22888 -0.61901855
247.80746 -0.63671106
252.21042 -0.6534705
256.61655 -0.66303146
259.33133 -0.67632306
262.94055 -0.6872823
267.86908 -0.7036595
273.94754 -0.7184105
276.93433 -0.7306614
279.7861 -0.7419647
283.7371 -0.75189203
287.89426 -0.76219803
291.7162 -0.77582514
295.15533 -0.7876316
298.62842 -0.7991442
302.10004 -0.81708705
306.6628 -0.82875466
310.9218 -0.8412424
313.5226 -0.85238904
315.66776 -0.8650442
315.95755 -0.88739467
316.71378 -0.9085002
316.71097 -0.92540586
314.72958 -0.9404791
313.45456 -0.9570607
311.91855 -0.96972704
309.46844 -0.987206
305.8094 -1.0055833
303.88565 -1.0219147
301.24335 -1.0364296
298.30603 -1.0533099
295.86057 -1.0680212
293.0176 -1.0859581
290.27786 -1.1041919
288.4461 -1.1169617
285.921 -1.135417
283.8537 -1.1513478
281.95654 -1.1667019
282.167 -1.1832938
282.26868 -1.2015563
282.74503 -1.2248251
283.8542 -1.2458253
286.75494 -1.2711089
290.0637 -1.282765
293.1465 -1.3012162
296.87302 -1.3135636
303.32254 -1.3357108
306.62152 -1.3486971
310.74207 -1.3578858
315.40234 -1.3683372
319.76645 -1.3799042
323.4218 -1.3887581
328.66638 -1.401333
334.25156 -1.4147869
338.56818 -1.424251
342.72324 -1.437042
346.56747 -1.4505792
351.7847 -1.4612722
355.73785 -1.4734453
359.4632 -1.4859517
362.70688 -1.5046402
365.0838 -1.5229037
366.3998 -1.534914
366.2777 -1.5458717
367.55273 -1.5595644
368.1627 -1.5721527
366.46835 -1.5871172
365.30124 -1.5981401
364.45337 -1.6105428
361.32394 -1.6228801
359.1955 -1.6361852
357.34747 -1.6519376
353.3633 -1.6637408
349.4119 -1.6774822
344.78934 -1.6909478
340.2021 -1.6980697
335.4 -1.703699
330.86493 -1.7146761
326.8163 -1.7268325
323.4004 -1.7414794
319.97897 -1.7567843
315.88837 -1.7729396
312.07434 -1.7864633
308.22827 -1.7975336
303.85226 -1.8080333
299.79257 -1.8207397
296.24854 -1.8316513
292.67685 -1.8481497
289.2644 -1.8645496
286.54858 -1.8825412
283.70377 -1.902482
280.75186 -1.9245304
280.4059 -1.9426085
280.78235 -1.9649969
281.5815 -1.9807612
281.1815 -1.9993788
282.83923 -2.01615
284.58612 -2.0288415
287.26407 -2.0474017
289.3152 -2.0609555
291.51187 -2.074896
293.65723 -2.0879848
295.92474 -2.1012998
299.30588 -2.1202526
301.67728 -2.1329582
304.02734 -2.1451113
306.54974 -2.1577053
309.49747 -2.171875
311.8485 -2.182783
313.71207 -2.1966543
315.84875 -2.211267
318.6874 -2.2282724
320.04825 -2.243841
320.02042 -2.2604086
318.25397 -2.2799358
315.6904 -2.2953434
313.18768 -2.3132057
310.32343 -2.3239112
307.45953 -2.3416975
304.07498 -2.3525674
300.8933 -2.3631206
297.5883 -2.3744469
294.1592 -2.3866146
290.90237 -2.3985896
287.6399 -2.411021
283.33267 -2.4227836
278.46008 -2.4319367
273.78482 -2.4406648
269.71515 -2.4478865
265.89285 -2.458555
261.07086 -2.469201
256.90973 -2.4811454
253.49776 -2.4944775
248.57733 -2.5015445
243.90703 -2.5127757
240.26555 -2.5266805
236.72661 -2.5406733
233.52592 -2.5532184
230.49083 -2.565256
227.14497 -2.5883312
224.69821 -2.6062226
224.52905 -2.6277418
227.25148 -2.6445227
229.59357 -2.6672485
234.0552 -2.6865394
238.81232 -2.7032063
241.7318 -2.7212713
246.32527 -2.7396035
249.64842 -2.7495906
255.10455 -2.7647429
259.90247 -2.778216
263.88065 -2.792015
267.7316 -2.8040676
272.0412 -2.8179631
276.19012 -2.8300467
279.49243 -2.8418813
282.96817 -2.851698
286.966 -2.862583
291.07864 -2.876044
295.76486 -2.892571
300.21964 -2.9049106
306.29895 -2.9247527
310.584 -2.9294372
314.92346 -2.9444141
319.94025 -2.9675367
321.0075 -2.985477
322.93964 -3.0027883
322.54904 -3.0182824
321.94547 -3.0344658
320.30063 -3.055022
319.91156 -3.0703974
317.5978 -3.0858018
316.36026 -3.1014073
314.4715 -3.1170607
313.12903 -3.1301737
311.11377 3.1374652
306.1817 3.1210887
300.9131 3.1041915
296.6272 3.083676
292.5046 3.0644834
288.57718 3.0465157
285.5861 3.0297723
283.4941 3.012867
282.14853 2.9956982
279.96207 2.9764853
278.7221 2.9603603
279.49805 2.9457889
281.3818 2.930843
283.25 2.9172957
285.2242 2.9031382
288.34427 2.8883984
294.09677 2.8789518
298.77036 2.8740337
304.4473 2.8621097
309.2756 2.8489852
314.281 2.8372252
318.44797 2.8272114
323.90683 2.816892
328.69897 2.803696
334.20502 2.7906122
338.21448 2.7821841
341.49374 2.769319
345.1902 2.7579694
347.63113 2.7483625
351.31555 2.7372355
354.32147 2.7255406
359.09055 2.7162263
362.99246 2.70595
365.60245 2.6971695
368.2384 2.688524
370.26868 2.6773884
373.14523 2.6680572
375.45242 2.6562018
376.6177 2.645418
378.91727 2.6336951
379.50848 2.6202362
381.10315 2.6078231
380.89294 2.5941253
380.58176 2.5798516
379.04416 2.56423
377.85312 2.5487082
374.8261 2.5310833
371.59827 2.5167286
367.95236 2.5028148
364.61655 2.4925678
360.88855 2.484707
356.1935 2.4816241
351.64572 2.4751682
347.92746 2.4667354
344.5242 2.4588058
340.75897 2.4497862
337.13776 2.4408553
333.31967 2.4311528
329.35718 2.420756
324.22244 2.4109018
319.59753 2.3978567
314.18753 2.3862753
309.7443 2.3771603
306.1238 2.3703191
302.56546 2.3588216
299.63614 2.3490489
294.49298 2.334852
290.72562 2.3224936
286.59283 2.3121145
282.2469 2.3057594
282.2469 2.3057594
