Stilus
16
132.75954 2.7836368
135.11212 2.7396598
137.65865 2.698155
139.77841 2.667229
142.4506 2.643354
145.91191 2.6177013
151.21954 2.6069584
158.0046 2.590353
167.75757 2.5678709
176.50862 2.5458546
183.08554 2.5224402
189.50072 2.502469
197.49971 2.4820905
203.5831 2.461604
210.05652 2.4373257
216.97267 2.4193254
221.6932 2.41071
228.7778 2.3950639
232.76341 2.383795
237.59448 2.3743982
241.69295 2.3629818
246.05617 2.3565063
249.62033 2.3479779
256.0215 2.3302627
260.33746 2.3198638
263.73123 2.3079636
266.9981 2.29691
270.93082 2.2840939
274.75653 2.2721076
278.57126 2.2605982
280.23938 2.2403262
284.38858 2.2060306
287.12463 2.1894917
289.25485 2.1758146
292.8178 2.1633112
295.59366 2.1529443
299.20374 2.1331139
301.52518 2.1108778
303.53214 2.0804303
304.60187 2.0523055
304.5549 2.036642
304.25128 2.017966
303.74857 1.9989203
301.4273 1.9733409
298.0246 1.9456207
292.8761 1.9186484
290.15378 1.902516
284.494 1.8848194
278.95966 1.8682678
274.75345 1.8469487
272.72147 1.8337891
270.19308 1.8124067
268.87268 1.7915983
265.42453 1.7667177
262.35565 1.7458048
261.37912 1.7232326
260.43924 1.6976012
259.82904 1.677612
259.27905 1.6555594
258.9056 1.636428
258.57068 1.6122842
258.38727 1.5881912
259.34943 1.5668061
260.44772 1.5429313
261.72015 1.5173049
262.18732 1.4906557
262.8408 1.46409
263.57724 1.4405822
264.423 1.4180876
265.4004 1.3957753
266.2669 1.3782401
267.31967 1.35899
269.79538 1.3352423
273.456 1.3084428
278.31766 1.2860839
282.72885 1.267676
285.29065 1.2456088
287.43033 1.2242073
289.97537 1.2006708
292.57468 1.1784104
294.51297 1.1628011
295.943 1.1454724
296.55505 1.1241057
296.51453 1.1024476
297.60965 1.0806648
300.27402 1.0627271
302.57425 1.0441879
303.46774 1.0199683
302.36066 1.0016034
299.43387 0.9749118
295.1799 0.9486164
293.11758 0.9350964
290.1393 0.91923076
287.1164 0.9070365
283.05652 0.8939977
277.99902 0.8792949
272.9877 0.8674875
268.9425 0.8560117
265.79 0.8456712
259.95605 0.8360091
251.51353 0.82164085
246.674 0.8130104
242.85901 0.7995011
238.60313 0.787933
235.07259 0.7774893
229.32588 0.75956625
222.47484 0.733291
218.41144 0.7193634
214.10027 0.70153487
209.94075 0.68714285
205.91359 0.67665464
199.08737 0.6658127
190.21448 0.6442287
185.14388 0.6299045
180.52103 0.6138025
176.02931 0.59711874
172.13925 0.5844263
167.11597 0.56856924
162.55577 0.55009645
156.78073 0.5261365
151.07979 0.4895678
148.54369 0.46786076
145.71463 0.43188947
144.91609 0.40252963
146.63966 0.36807835
150.76082 0.34164527
156.36041 0.32219407
161.94516 0.2977696
168.36417 0.27990904
173.15585 0.2719634
177.09683 0.25032333
181.60825 0.22682175
184.88695 0.20598935
190.77705 0.17797442
195.32005 0.1621129
199.8047 0.13443375
205.9155 0.10726337
210.5119 0.0857815
214.55148 0.07371523
219.37967 0.06632017
225.33531 0.05677536
229.93228 0.043688122
235.31152 0.02994162
240.8786 0.014726793
247.81538 -3.029402E-4
252.92834 -0.009679015
258.92 -0.02043495
263.04977 -0.031156547
269.255 -0.049069054
274.116 -0.0650348
278.72116 -0.07611703
283.65802 -0.084467046
287.9274 -0.08495308
295.60068 -0.099715
300.4344 -0.10980407
306.1687 -0.12910828
310.2757 -0.14283234
313.5992 -0.15499578
317.13876 -0.16921298
322.57297 -0.17576621
327.27466 -0.1821529
332.88406 -0.19085835
339.11682 -0.20822045
344.16537 -0.22382246
346.6423 -0.23544477
348.57074 -0.24599281
351.81448 -0.259059
354.69647 -0.2743431
356.0364 -0.2909418
358.09738 -0.3095831
359.65625 -0.32285836
360.95044 -0.33340922
362.3159 -0.34412506
364.68735 -0.36183295
366.76193 -0.3764942
367.7789 -0.3958791
367.49332 -0.41470838
365.4116 -0.43526167
363.49335 -0.45598206
360.7565 -0.47253376
357.30234 -0.4841863
352.6054 -0.49442172
348.09256 -0.50142395
343.86038 -0.5081831
338.61792 -0.5168271
334.66583 -0.5304607
332.2221 -0.5417866
330.25452 -0.5621826
327.99844 -0.58381087
326.4271 -0.59996814
323.62222 -0.6134416
320.79984 -0.62348074
318.14856 -0.6333779
314.7461 -0.64530724
309.98022 -0.65693283
304.3441 -0.6598496
296.58954 -0.6589442
289.37738 -0.660691
283.42715 -0.6680985
277.32358 -0.675073
274.11066 -0.6844921
270.35376 -0.6958863
266.5409 -0.7078955
262.0183 -0.71769005
257.93677 -0.72639495
254.75845 -0.7375344
251.07536 -0.7509446
246.73457 -0.7674938
243.14595 -0.7876412
239.65584 -0.80237937
236.37067 -0.81686705
232.76436 -0.8271528
228.67796 -0.8402194
225.18846 -0.8576859
221.95372 -0.8747035
219.1838 -0.8899667
214.8867 -0.89993966
211.26712 -0.91404474
207.74155 -0.92831343
204.7876 -0.9478429
202.20319 -0.96586174
200.3589 -0.9857693
199.72852 -1.0091761
199.82837 -1.0371956
200.73764 -1.0671588
204.26154 -1.0999959
207.57668 -1.1333522
209.98933 -1.1662091
212.3974 -1.19143
212.56073 -1.215627
212.68774 -1.2419753
213.99146 -1.2685364
218.78221 -1.2992251
224.75143 -1.3203555
227.95078 -1.3419938
233.33029 -1.3725544
236.53728 -1.3978301
237.7156 -1.4200357
238.15776 -1.4446522
240.5661 -1.466667
243.08284 -1.4885298
243.70642 -1.5102563
243.46489 -1.5297623
244.30562 -1.5512925
246.2588 -1.5677038
247.28911 -1.5869523
246.72734 -1.6122688
243.99643 -1.6332124
242.52473 -1.6613581
242.67992 -1.6789663
242.53743 -1.6997976
240.2631 -1.7220346
238.06503 -1.7436615
233.92738 -1.7652154
228.71364 -1.7842033
224.27705 -1.7976232
220.13225 -1.8159777
217.02267 -1.8386047
212.83492 -1.8621483
209.9321 -1.8863133
206.48883 -1.9122448
204.12004 -1.937291
200.5541 -1.9697309
197.4644 -1.9997842
195.67888 -2.0280647
194.84236 -2.061886
196.50133 -2.0826623
197.92215 -2.1052933
201.17032 -2.131971
203.76595 -2.1519206
207.40076 -2.1780865
209.94562 -2.1953175
212.6583 -2.2128043
216.58247 -2.2366595
219.24815 -2.2519882
222.42632 -2.269428
225.51543 -2.2855814
229.82288 -2.3069165
233.70056 -2.3250499
237.16348 -2.3404646
241.55066 -2.359031
244.7521 -2.3719547
250.45232 -2.3828402
257.05206 -2.39108
262.38214 -2.3957744
267.58765 -2.4022098
272.1573 -2.409571
277.96912 -2.4186397
282.3103 -2.425571
287.41553 -2.4409235
291.4594 -2.4525688
295.2641 -2.4674761
299.214 -2.4822118
303.90836 -2.49413
307.89236 -2.5108533
311.99057 -2.525401
316.5197 -2.5412488
319.52036 -2.5522983
322.05072 -2.5686643
324.96268 -2.5790522
327.94577 -2.588362
331.36682 -2.5982518
334.4736 -2.6073272
339.4528 -2.6159837
343.1142 -2.6221623
346.66742 -2.634188
350.1342 -2.655427
352.0215 -2.6705801
354.71286 -2.6870697
357.24677 -2.7056
358.5376 -2.7196434
362.08057 -2.7367668
363.8369 -2.7537122
365.0133 -2.7698011
364.85233 -2.7842577
363.04642 -2.8000162
361.17102 -2.8149357
359.51456 -2.8288202
358.009 -2.8420975
356.2859 -2.8581793
354.92133 -2.8716938
353.6229 -2.885301
352.21536 -2.901023
350.12106 -2.9171553
346.913 -2.93261
342.88525 -2.9459338
340.1603 -2.9579475
337.263 -2.9738784
333.134 -2.9910378
328.32315 -3.0072901
323.4825 -3.0271041
319.06335 -3.038912
312.8727 -3.044191
307.66006 -3.0513706
301.94156 -3.062462
297.6905 -3.0714993
293.3025 -3.0777225
285.02365 -3.093459
277.62244 -3.1064992
273.4964 -3.1196878
266.71634 -3.1388788
259.76828 3.1290379
253.54866 3.1197188
246.90448 3.1150818
240.60193 3.1102324
233.61375 3.109294
225.98007 3.0993528
222.05948 3.0908375
217.45396 3.0805476
213.36217 3.0700724
209.51431 3.0591433
202.9446 3.0367298
195.52104 3.01227
191.77168 2.9990299
184.64896 2.9720194
180.94412 2.9568994
177.23059 2.9455478
170.97409 2.9220757
164.86641 2.8951073
159.29248 2.8732543
153.89963 2.8549268
148.43976 2.837018
143.35516 2.8185067
139.94783 2.795203
136.1621 2.7694414
134.69073 2.7133853
134.69073 2.7133853
