Stilus
11
128.43248 1.7466722
134.83412 1.745758
141.94225 1.7440516
149.41759 1.7300676
158.04913 1.7198498
166.22346 1.7124691
173.10918 1.7009771
180.84598 1.6852933
189.39565 1.6694933
198.11623 1.6602172
205.49464 1.652007
213.1011 1.6445173
220.11055 1.6411856
226.31494 1.6392529
232.1537 1.629797
238.06917 1.6198745
243.9533 1.6071523
248.04941 1.5977708
254.35916 1.5786494
255.36952 1.5585909
251.74695 1.5306406
246.14812 1.5126897
238.51291 1.4898219
230.64053 1.4659594
224.9312 1.4512148
217.09312 1.4355038
210.24065 1.42141
204.9315 1.4117348
197.63603 1.3971807
188.69203 1.3817703
179.85716 1.3666967
173.05092 1.3526413
166.26747 1.3374181
157.37021 1.3174064
148.65306 1.3021904
141.5765 1.2884053
136.88217 1.2722623
133.34373 1.2560749
127.88623 1.2324667
133.37593 1.217609
140.72586 1.2130253
147.80565 1.2033405
155.55695 1.1920236
165.56358 1.1745608
176.32347 1.1590134
186.84163 1.1481309
197.64607 1.134855
208.25832 1.12627
220.02464 1.1118687
230.96127 1.0966214
239.68704 1.0825782
247.58878 1.0721327
256.09323 1.0641934
266.59985 1.0511876
277.60352 1.0404224
287.0448 1.0273567
294.9821 1.0165625
301.54474 1.0022881
309.09308 0.98696816
316.81583 0.9729657
325.1758 0.9670376
332.6622 0.9607545
340.9574 0.95645154
348.56277 0.9506341
355.89972 0.942119
361.43936 0.93171656
366.6294 0.9218602
370.75623 0.91267395
374.62064 0.9037433
378.2763 0.8947197
381.60333 0.88496166
384.95685 0.87844115
387.53424 0.8704599
390.97235 0.8570631
391.8798 0.83592695
388.455 0.81238943
385.5294 0.8015757
381.9991 0.7925892
377.71918 0.78135765
372.26645 0.7703394
365.4161 0.75795805
359.0176 0.7471833
353.19153 0.7370805
345.22348 0.7237943
336.8325 0.70934206
329.2125 0.6924808
322.52982 0.68188226
314.52298 0.6696225
307.25366 0.6552912
300.67877 0.6386919
294.8331 0.6231533
289.95447 0.6054968
285.7749 0.590291
281.77213 0.5701364
277.77173 0.5541354
272.54846 0.5353969
269.08078 0.5207083
266.4349 0.50475585
266.7151 0.48633823
273.1761 0.46155247
277.2022 0.45036468
281.642 0.4419373
286.09604 0.43458387
290.8466 0.4270154
295.0069 0.41690052
299.94763 0.40598854
305.45053 0.39825693
310.02756 0.39205348
315.22714 0.381825
321.347 0.37085134
326.9607 0.36418375
332.20444 0.35496378
336.71432 0.34684646
340.84476 0.3393591
345.22028 0.32943076
349.3269 0.31936312
355.55533 0.30207032
362.22003 0.2845218
366.18112 0.275781
370.53293 0.26678202
373.8013 0.25612435
376.93207 0.2457336
382.37268 0.22664692
385.2061 0.21159612
385.61725 0.19873135
384.80786 0.18800123
383.76428 0.17312513
380.3714 0.16134046
375.68427 0.15002117
369.2162 0.1389192
363.6098 0.12722567
357.73648 0.11246911
352.35873 0.097100824
347.72092 0.08398707
341.56885 0.07081979
336.28845 0.05934441
330.11652 0.051315926
323.27502 0.045639414
316.2096 0.042830985
309.19922 0.04056822
301.14194 0.03569875
294.1151 0.029775823
287.895 0.026207443
282.13745 0.0231995
274.93396 0.021040652
267.07135 0.014104277
258.9843 0.0067539182
252.08745 -5.912546E-4
246.23698 -0.00588401
239.13582 -0.010237286
231.23383 -0.014908954
223.09955 -0.02349705
216.94028 -0.028758029
211.23396 -0.033865422
205.46046 -0.039390635
198.29378 -0.046595562
191.32886 -0.053565115
184.24136 -0.06099965
178.29643 -0.06870987
174.20438 -0.07602117
168.19041 -0.09067149
161.53268 -0.11312881
154.9693 -0.13745157
149.20355 -0.15092054
144.27603 -0.15611656
142.1206 -0.1913228
142.17374 -0.23314749
146.45448 -0.27099997
154.19096 -0.30432692
163.16734 -0.3192906
167.60165 -0.32314053
176.90073 -0.3234094
181.9616 -0.32096192
188.51807 -0.32403716
194.36627 -0.33010653
200.12862 -0.3371268
208.59834 -0.3624782
218.21107 -0.39000535
223.17163 -0.39651203
231.8662 -0.40793228
240.72202 -0.42805716
245.16855 -0.4379787
249.12083 -0.4527321
254.66414 -0.477174
256.53204 -0.49107096
254.9994 -0.51754844
250.15926 -0.54714125
247.3686 -0.5597549
241.17694 -0.58087206
235.91263 -0.59147143
231.68402 -0.60276794
226.87877 -0.612027
222.82007 -0.62487125
218.86115 -0.63798076
214.85994 -0.65185946
209.72537 -0.6646121
204.47581 -0.6738442
198.76605 -0.6840039
192.35786 -0.69262934
185.94402 -0.7007425
179.91782 -0.70683086
168.57564 -0.71596795
162.10905 -0.72624505
155.56445 -0.7376486
149.16776 -0.7496668
144.17874 -0.76307654
139.69556 -0.7812913
135.97499 -0.79822206
132.64845 -0.8160008
128.10355 -0.85157466
132.70343 -0.8717479
137.29576 -0.89954555
142.08223 -0.92602825
147.09866 -0.9369846
152.30515 -0.94582635
157.09573 -0.9577488
162.16594 -0.9668334
168.19713 -0.97722054
174.38478 -0.9871022
180.52002 -0.99620825
185.62617 -0.9950809
190.13116 -0.9977516
207.01724 -1.0103613
213.23174 -1.0174512
219.41458 -1.0240955
224.73134 -1.0280689
230.85663 -1.0340295
237.05757 -1.0397422
243.27893 -1.0451748
249.10358 -1.0527787
254.82394 -1.0610421
260.56143 -1.0689433
266.40787 -1.0766922
271.70358 -1.087162
277.44324 -1.0939498
284.4498 -1.0997845
290.3086 -1.1061199
296.10815 -1.1121716
301.9336 -1.1179975
307.76593 -1.1236013
313.28354 -1.1311718
320.0589 -1.1376699
325.02264 -1.1413431
329.8826 -1.1455477
335.44498 -1.1522703
341.31113 -1.1567081
347.22696 -1.1610501
353.12863 -1.1652215
359.00793 -1.1692224
364.05673 -1.172129
368.62878 -1.1773477
373.28375 -1.1825185
377.60455 -1.1893728
381.07687 -1.1965072
385.20865 -1.213965
383.72446 -1.2340076
378.52457 -1.2515336
374.64432 -1.2593471
367.2879 -1.275665
364.22086 -1.2845855
360.00848 -1.2949781
356.2067 -1.3042417
347.21146 -1.3232969
342.38947 -1.3322515
337.3047 -1.3439173
327.7301 -1.36227
319.10278 -1.3853096
309.8416 -1.4058903
299.85513 -1.424654
294.3851 -1.4348514
288.24374 -1.4424783
283.7712 -1.4508365
278.40567 -1.4595355
273.297 -1.4685792
268.8231 -1.478053
263.71732 -1.4845451
259.53458 -1.4909382
255.37492 -1.4975209
248.1298 -1.511517
244.46011 -1.5302458
247.86456 -1.5508858
256.60904 -1.5757993
260.84036 -1.5833814
264.8829 -1.590757
271.97147 -1.6049101
279.1711 -1.6219312
287.5083 -1.640614
292.46057 -1.6496062
297.7523 -1.6591
302.2653 -1.670272
309.1153 -1.6876765
316.87393 -1.7102268
326.96582 -1.730623
332.534 -1.7400606
337.96823 -1.7493578
342.82468 -1.7586596
350.45563 -1.7777277
356.64587 -1.7941787
364.04074 -1.8064684
372.07294 -1.817859
379.6234 -1.8296883
386.4998 -1.8458846
389.60098 -1.862357
389.69656 -1.8788604
384.27264 -1.899286
381.63992 -1.9127111
377.85342 -1.9388708
373.5702 -1.9518446
368.8534 -1.9634002
363.1418 -1.9759524
357.8765 -1.9853084
353.39822 -1.9914713
347.8838 -1.9961396
341.18936 -2.001723
334.46475 -2.0077221
327.51022 -2.014269
321.61713 -2.019483
314.64508 -2.0231318
307.5003 -2.0272195
299.42355 -2.0330162
291.97836 -2.0420551
283.78714 -2.0487087
274.95038 -2.0572517
265.8314 -2.0711768
258.2698 -2.0829093
251.35132 -2.092869
244.10976 -2.1052601
236.04753 -2.1206315
228.13086 -2.132651
221.03714 -2.1422756
215.33183 -2.1527133
209.33987 -2.1612542
202.58688 -2.1720717
195.69131 -2.183891
188.85378 -2.1965241
182.85359 -2.2068398
177.77998 -2.208611
171.84177 -2.2180374
166.04034 -2.221806
160.06404 -2.2345984
153.50966 -2.2432683
147.65909 -2.2578092
142.47937 -2.26937
138.58853 -2.2835665
134.1847 -2.3022735
130.01385 -2.3209407
126.7575 -2.3424366
122.2022 -2.3793733
132.13187 -2.393659
137.7052 -2.4011657
142.34036 -2.4096146
147.39432 -2.4221585
151.73277 -2.4296227
160.41179 -2.4433074
170.33667 -2.4538686
175.63945 -2.4639654
182.01387 -2.4709542
187.64893 -2.4759936
192.83452 -2.4773266
203.56238 -2.479702
209.34622 -2.4830694
215.3212 -2.492764
220.68523 -2.5055146
225.71078 -2.5204954
231.77292 -2.5338469
237.34984 -2.546268
242.05739 -2.5618992
246.43605 -2.579465
250.09164 -2.6015317
251.85875 -2.6230066
251.38525 -2.6446981
248.25273 -2.6639948
244.53482 -2.6756878
238.59837 -2.6902246
231.22449 -2.7069907
224.29309 -2.7318609
215.87589 -2.7552621
207.61787 -2.7674067
198.09702 -2.7796657
189.5457 -2.7908487
181.51137 -2.804299
172.71022 -2.822846
163.79303 -2.8369951
155.41867 -2.8550465
147.52261 -2.867793
141.80032 -2.8850758
136.82262 -2.8987646
132.22832 -2.913552
127.60062 -2.9532168
126.87701 -2.9859495
131.89238 -3.0147173
135.8379 -3.02029
140.9016 -3.0192308
146.62547 -3.0223925
150.83022 -3.0257308
154.8167 -3.028727
163.62181 -3.0286808
168.72185 -3.0365815
174.312 -3.0456727
180.23257 -3.055832
185.29254 -3.067694
189.15147 -3.0798168
197.66978 -3.1066077
203.55887 -3.1185343
209.53229 -3.1287594
215.51361 -3.1383963
221.52672 3.1401591
228.50604 3.1314912
235.28513 3.123288
241.5369 3.1196232
247.55548 3.119189
254.51367 3.1158748
261.35083 3.1136072
267.5681 3.1133938
274.6168 3.1076841
281.6754 3.1014369
288.77042 3.0920599
294.89456 3.0829337
301.0876 3.0741405
307.28827 3.0657141
312.56213 3.0549476
317.84286 3.0461485
322.34375 3.0381498
327.63843 3.030613
332.75998 3.0210233
337.26352 3.0112474
346.30585 2.9897485
351.33566 2.9764936
356.20242 2.9637291
361.0124 2.952124
364.9774 2.9430208
370.48767 2.9229746
371.96643 2.9101377
372.51425 2.8954937
371.8325 2.881158
370.30527 2.8682327
365.31635 2.8465295
361.36713 2.8374262
357.22568 2.827919
352.16116 2.8172681
346.17072 2.8084602
339.56833 2.8009062
333.1375 2.7908626
325.84982 2.7826676
319.5805 2.7727513
313.31946 2.7607594
306.50894 2.74832
300.74326 2.7403529
294.3455 2.7311132
287.93692 2.7214065
282.3096 2.7056248
277.3743 2.6934204
273.19492 2.6808949
270.03244 2.6709263
263.40738 2.6551895
259.26468 2.6332989
259.89996 2.6057284
261.88873 2.5912597
265.1788 2.5766869
273.01254 2.552383
277.44305 2.5414767
282.49164 2.5279856
288.4604 2.5168488
293.95468 2.50839
302.15137 2.4965785
307.4474 2.4865987
313.23633 2.4789991
319.91235 2.4675436
325.2547 2.4569325
330.0958 2.4485242
335.44223 2.4433305
341.61993 2.4354944
347.80585 2.4279578
353.34656 2.415271
358.75232 2.4025903
362.8515 2.3933334
366.96027 2.3823102
371.09708 2.370636
375.32285 2.356256
378.36935 2.3408432
380.2934 2.3223622
380.84586 2.2927015
380.1971 2.266477
378.31198 2.2543375
375.1843 2.2440376
371.46844 2.2313948
367.82462 2.2185395
364.24094 2.2054224
360.1489 2.1933637
355.00314 2.1828358
350.2934 2.1728537
344.3034 2.1622896
337.25833 2.1523163
330.45825 2.1431236
323.57114 2.138531
316.59216 2.1331174
309.5618 2.1320891
301.83676 2.1286561
292.60977 2.128204
283.24744 2.1281505
274.16458 2.1238463
265.46753 2.1222038
256.59885 2.123943
247.29672 2.124562
238.41077 2.121854
229.42014 2.1164382
220.53116 2.10911
211.65752 2.1054153
202.45111 2.1037052
194.60118 2.097898
186.85893 2.090923
179.37492 2.0805693
170.18164 2.0728488
162.1447 2.0595324
154.5974 2.0493834
147.69038 2.0359366
141.78542 2.0166223
136.36269 2.0012338
132.68553 1.9808471
126.957184 1.9387914
122.48656 1.898724
120.62907 1.8345006
120.62907 1.8345006
