Mouse
56
12.501979 1.8766856
16.3607 1.8029934
21.257677 1.7488415
26.19361 1.7150279
31.149984 1.691955
36.23627 1.7026725
41.3257 1.710751
45.428143 1.7202657
47.404724 1.8215964
52.351696 1.8766776
55.556328 1.9345262
61.159847 1.987688
65.5681 2.0249503
71.40866 2.0633073
76.355484 2.073157
81.30881 2.0818079
86.26752 2.0894644
92.47812 2.0760837
97.823715 2.0692322
103.17342 2.0630913
107.17583 2.0536733
111.64716 2.0529032
117.44224 2.0367596
121.91437 2.0366745
127.73685 2.0225685
132.67798 2.0128973
139.44849 1.9979018
143.09875 1.9863224
148.99947 1.9762073
152.68338 1.9658747
157.68628 1.9595238
161.39496 1.9501303
165.48184 1.9467928
169.57047 1.9436163
174.59349 1.9385191
180.34048 1.9440752
184.79482 1.9462593
189.6209 1.9532428
194.07864 1.9551117
199.84074 1.9596481
204.30066 1.9612839
210.99149 1.9636079
216.76073 1.9675642
222.53317 1.9713153
227.91728 1.9708425
234.223 1.9687304
240.5297 1.9667292
244.99176 1.9679644
249.4542 1.9691553
253.91698 1.9703044
260.22287 1.9684165
263.91537 1.9625474
271.14993 1.959508
275.23114 1.9573622
281.5427 1.9559071
285.62598 1.9538909
289.7104 1.9519315
296.21954 1.9431412
301.24203 1.940195
307.55954 1.9392155
312.5854 1.9364393
317.61356 1.933751
324.51627 1.9289733
330.14218 1.922602
334.24207 1.9212868
338.94244 1.9162216
343.65128 1.9112952
348.36823 1.906502
351.82275 1.9000728
356.24002 1.8928779
360.67523 1.8858597
365.1278 1.8790123
368.6423 1.8731358
372.5477 1.8614519
373.34348 1.8496518
372.9632 1.8360251
371.9347 1.8256464
370.70578 1.8125939
368.56653 1.8000718
366.70197 1.7900689
362.9183 1.781109
357.6121 1.7785584
353.0856 1.7725813
348.96637 1.7720711
343.47305 1.7664233
338.78644 1.7571366
332.7985 1.7422026
328.19104 1.732272
323.46768 1.7190033
319.92917 1.7080221
314.3212 1.6944399
308.77332 1.6803671
302.2933 1.666096
298.03738 1.6573528
291.81097 1.648888
286.60394 1.6398134
282.54544 1.6372589
276.43048 1.6314812
272.37823 1.6287073
268.38504 1.6295699
264.33432 1.6266822
260.28586 1.6237047
256.19193 1.6167345
251.04175 1.6017318
246.9676 1.590091
241.92174 1.5698243
240.95885 1.5532192
242.09784 1.5326408
246.17813 1.5251422
250.27184 1.5178885
254.37827 1.5108688
259.563 1.5004852
264.8566 1.4867458
269.10742 1.4768848
274.5913 1.460463
281.13837 1.4451356
287.7485 1.4305092
293.42932 1.4160188
298.8401 1.4086792
305.08588 1.4053841
310.3491 1.4016805
315.44608 1.4012234
320.7139 1.3977077
326.97003 1.3948427
332.42447 1.3885903
338.87387 1.3830923
343.179 1.3795418
347.68317 1.3732575
354.15967 1.3682764
358.89597 1.3596004
361.7069 1.3499464
363.80774 1.3371385
364.99786 1.3238117
365.99634 1.3132141
367.30188 1.3000499
368.39185 1.2895873
365.69257 1.2760428
361.86694 1.2728317
358.0451 1.2695519
354.22723 1.2662014
350.41342 1.2627779
346.6038 1.2592791
342.15997 1.2520182
337.73465 1.2445666
333.32858 1.2369175
328.60876 1.2319312
323.89737 1.2267996
319.19476 1.2215167
315.43924 1.2171772
311.68985 1.212733
307.01193 1.2070254
303.27704 1.2023326
299.18576 1.2006352
294.52997 1.1944938
290.07516 1.1958387
284.69006 1.1959436
280.60217 1.1940407
276.14722 1.195446
268.53485 1.1962837
263.14978 1.1964064
257.7647 1.1965342
252.37965 1.1966674
246.43248 1.1915466
241.4193 1.1877267
236.40979 1.1837449
231.4042 1.1795908
227.32588 1.1769481
221.4058 1.1707195
216.0217 1.1702317
211.94936 1.1672173
206.96097 1.1621733
202.49574 1.1633879
197.51163 1.1580058
191.21413 1.1549988
187.15234 1.1512538
182.18208 1.1450872
177.21915 1.138575
172.26416 1.1316878
166.88853 1.1297978
161.94473 1.1222034
157.47313 1.1226308
152.57129 1.1289917
147.67606 1.1357746
141.87878 1.1400982
135.67421 1.151502
130.80408 1.1600008
126.33841 1.1618708
121.873215 1.1638778
116.49001 1.162657
110.19039 1.1577047
106.12766 1.1512041
100.25243 1.1359314
96.63942 1.118493
91.71418 1.1044735
87.696335 1.0941514
83.224594 1.0934529
78.336754 1.075467
74.3492 1.0617276
69.51343 1.039232
65.052315 1.0345665
59.221416 1.034979
53.907505 1.0195256
48.07694 1.0182096
43.09998 1.0287422
36.762897 1.051787
29.571487 1.1442294
23.084738 1.2520076
19.196203 1.4014581
14.923484 1.5550394
11.266166 1.8187419
7.453418 1.9508306
7.03097 1.3942089
10.728441 0.83066005
16.400629 0.7287365
23.463766 0.74580383
29.85419 0.7305745
34.771492 0.75868374
41.15557 0.7456386
46.808495 0.7504423
51.113625 0.7256896
57.61904 0.6955251
62.61282 0.6913726
69.7894 0.6807105
75.56746 0.6699206
81.35307 0.66066444
87.14472 0.652638
91.541084 0.64345986
97.941284 0.6455046
102.94128 0.64540726
107.94127 0.645319
113.545456 0.65227497
116.79647 0.6742965
119.33477 0.70048285
122.701385 0.7201541
127.525635 0.73928493
133.8068 0.75731504
138.73732 0.7634116
144.3699 0.7740666
150.72745 0.7792361
155.68294 0.7748901
162.04094 0.7796664
168.41019 0.77568436
173.3927 0.7637278
178.35762 0.7603655
183.32445 0.75718534
189.70656 0.7544058
194.67662 0.7515632
200.3818 0.74546456
207.44742 0.7468254
213.83441 0.7446687
220.89981 0.74597216
226.61115 0.7407202
231.58803 0.7386245
237.3076 0.73378617
243.7791 0.72644264
250.17389 0.72511995
255.8207 0.72645205
260.80383 0.7248636
265.12677 0.7205073
270.86545 0.7166515
275.19748 0.7125837
280.944 0.70902807
284.6371 0.70254475
288.3418 0.6962277
294.3775 0.6835837
300.3009 0.6761283
304.83572 0.6684228
311.7618 0.65503657
316.15344 0.6523458
322.14206 0.6459728
326.74408 0.6392049
332.54712 0.6374756
337.7582 0.63342345
342.1669 0.6312151
349.0074 0.62400526
353.42288 0.62198484
358.6541 0.6183942
363.31384 0.6126585
366.59357 0.60638404
368.2013 0.5934974
369.32193 0.5784611
369.68057 0.5649641
368.40445 0.55434024
366.31473 0.54505575
363.7475 0.5333015
358.63297 0.5255483
351.804 0.52038395
346.84238 0.51861364
341.8819 0.5167919
334.68945 0.5152589
329.73114 0.5133196
322.92578 0.50743514
316.13208 0.50129753
310.2312 0.49335966
303.46634 0.48665112
300.72742 0.4764492
297.12738 0.46757323
294.44833 0.45697713
291.37283 0.4430917
287.86423 0.4335167
284.3827 0.42370635
279.61203 0.41181663
274.88226 0.39951596
270.19553 0.38678658
264.99127 0.37850076
260.38 0.36491436
255.22635 0.35586682
249.75667 0.34268117
246.226 0.32628387
244.0213 0.31206974
242.82303 0.29639181
245.80556 0.2799656
249.38205 0.2716796
252.97519 0.26362845
258.51968 0.2538458
262.3934 0.25001755
266.02884 0.24265514
270.6508 0.23462956
274.3153 0.22769395
277.99268 0.2209415
282.65958 0.21361306
289.09692 0.20171888
293.80188 0.19497453
297.7271 0.19237158
302.2666 0.18271425
306.83344 0.17334354
313.56372 0.16635177
318.3343 0.16065294
323.2709 0.15817879
327.06744 0.15323302
331.86084 0.14795533
335.67343 0.1432521
339.4933 0.13865463
344.17923 0.13089156
348.0178 0.12654258
353.72803 0.118792936
357.47128 0.11191132
360.03162 0.09993983
361.6467 0.088382475
361.31558 0.0773548
362.0263 0.06612523
365.7249 0.05176044
369.57822 0.043093883
369.42752 0.032276157
369.32007 0.021450873
365.25616 0.010736865
361.2363 0.002551327
357.2363 0.0025798944
352.23633 0.0026165158
347.23633 0.002654192
343.23636 0.0026851236
337.23636 0.0027328962
333.2364 0.0027657005
329.2364 0.0027993019
325.23642 0.0028337298
320.2351 -2.4472375E-4
316.2351 -2.4781923E-4
312.23697 -0.003453695
307.24216 -0.0067646485
302.27777 -0.01680113
299.37277 -0.03032928
294.57172 -0.047810882
289.7389 -0.05897819
285.87244 -0.06678699
279.95602 -0.071781345
273.97183 -0.07335202
269.062 -0.07842054
265.0745 -0.0796027
260.17358 -0.08496233
256.18823 -0.0862873
250.2111 -0.08835388
246.22694 -0.089787334
242.33652 -0.095377274
237.35973 -0.09738336
231.38887 -0.09990456
226.5185 -0.1064988
222.65196 -0.112874374
218.67789 -0.11493466
212.83879 -0.122835055
208.00519 -0.13055176
202.05775 -0.13441743
197.10399 -0.13781698
193.1427 -0.14066216
188.19339 -0.14438704
183.24684 -0.14831305
178.30325 -0.15245685
174.35071 -0.15594102
169.25621 -0.15469252
162.18573 -0.15525037
158.23505 -0.15915918
151.16508 -0.15996662
147.21754 -0.16429451
143.10823 -0.16197243
138.17603 -0.16780797
131.10747 -0.16920528
126.996574 -0.16674754
121.90005 -0.16546576
117.6326 -0.15429653
110.5621 -0.15508953
105.62495 -0.16240172
100.69398 -0.17043053
94.78637 -0.18116687
89.68806 -0.18024427
84.7738 -0.1908179
80.65705 -0.1880506
76.73121 -0.19779617
72.813446 -0.20859158
68.90513 -0.22061317
64.03566 -0.2377004
60.155506 -0.25335836
56.29213 -0.2711704
52.44924 -0.2915999
48.330997 -0.29557574
42.967674 -0.2849439
39.14512 -0.31367213
33.77389 -0.30302328
29.658693 -0.31108811
25.247648 -0.2841666
17.967714 -0.28654373
14.175962 -0.36638
10.5393095 -0.50276506
15.009044 -0.49111223
12.26977 -0.71868587
8.702066 -1.1898888
7.2950773 -1.81515
9.128926 -2.2542791
12.060533 -2.5143635
15.967112 -2.7510605
21.161612 -2.9476542
25.948143 -3.0226772
30.835016 -3.0741386
34.82696 -3.08188
39.88387 -3.0643325
43.95451 -3.048673
49.02861 -3.0378268
53.008713 -3.0456429
58.19696 -3.0196629
63.162766 -3.0292912
68.133575 -3.0375152
72.33683 -3.0157595
77.560165 -2.9982667
82.65219 -2.9949327
87.74503 -2.9919856
92.69218 -3.0000255
96.79419 -2.9956284
100.753334 -3.0014029
106.98003 -2.990728
111.08556 -2.9872398
115.03966 -2.9925854
118.99681 -2.9975758
122.95674 -3.0022447
127.91016 -3.0076742
133.85884 -3.013659
137.82709 -3.0173619
142.91296 -3.0147536
147.99973 -3.0123248
153.08731 -3.0100574
158.17563 -3.0079358
163.1324 -3.01202
168.09172 -3.0158637
174.04599 -3.0201867
178.0172 -3.022908
184.96982 -3.0273888
195.90218 -3.0337875
202.86293 -3.0375004
206.8417 -3.0395095
211.81628 -3.0419152
215.7968 -3.0437598
222.76437 -3.046829
228.73816 -3.0493112
233.71733 -3.0512824
240.68964 -3.0539055
245.6708 -3.055688
249.6563 -3.0570624
253.64224 -3.058394
258.7087 -3.056148
265.68384 -3.0583966
275.6505 -3.0614111
279.63785 -3.062557
283.62552 -3.0636704
288.53583 -3.0684748
293.45258 -3.073118
298.37546 -3.077608
302.36737 -3.078454
307.35757 -3.0794804
311.29028 -3.0834844
316.17398 -3.0907178
321.0737 -3.0977309
326.0273 -3.1014676
330.95035 -3.108112
335.9161 -3.1115856
339.88614 -3.1148794
343.8598 -3.1180973
351.8174 -3.1243148
355.8168 -3.1245089
359.80075 -3.127478
363.7708 -3.1358793
367.76605 3.1390867
371.7975 3.1283548
374.87106 3.1177912
375.987 3.1072187
376.14572 3.0965905
376.34686 3.0859725
375.59262 3.075191
371.8148 3.0664263
368.06607 3.0574825
364.25568 3.0510886
358.56876 3.0412438
354.5891 3.0401137
350.82047 3.0332868
346.84418 3.0320404
342.98047 3.027867
339.00662 3.0265281
332.17258 3.021118
328.32507 3.0166302
323.36465 3.014703
317.54425 3.009188
313.71497 3.004345
309.75308 3.002578
305.09015 2.993815
300.29684 2.9880695
296.3445 2.9860053
291.7278 2.9765766
286.9657 2.9702768
282.21536 2.963765
276.49445 2.9563665
272.75244 2.950062
269.2201 2.9399405
264.5291 2.932451
260.83017 2.9255166
256.3931 2.913716
252.49811 2.9101374
248.84135 2.9025383
245.4457 2.8907626
242.61253 2.8706977
241.79568 2.8525436
240.1061 2.8330128
241.35101 2.8172216
242.65549 2.8015964
246.83324 2.7903717
251.27765 2.788375
256.42532 2.7791348
261.23285 2.7738261
266.41336 2.7652137
269.7601 2.7541485
274.60004 2.749537
278.9124 2.7403934
284.1648 2.7329319
288.23355 2.7352629
292.69846 2.7343876
298.8786 2.728724
303.34506 2.7279756
307.81168 2.7272491
312.683 2.7236166
316.5627 2.711746
320.05997 2.702989
323.58124 2.6944225
327.12573 2.6860406
332.0347 2.6764927
335.627 2.668513
340.16998 2.6554906
343.81686 2.6479218
349.32318 2.6368659
353.5081 2.627221
356.3592 2.6188295
360.09763 2.611978
362.99338 2.60386
365.05832 2.5944488
368.85498 2.5880084
370.97354 2.5788362
371.44272 2.5668552
371.1327 2.5534143
369.4995 2.5406528
367.35196 2.5300055
364.08423 2.5236974
360.0204 2.5156515
356.78644 2.5090833
352.1691 2.5029802
346.96506 2.4990184
341.7666 2.4949362
335.9691 2.4930959
331.57416 2.490617
326.57428 2.4905026
321.3883 2.4860237
316.20895 2.481398
312.4406 2.4760747
308.68134 2.4706216
304.3064 2.4675965
298.3781 2.4602835
293.38177 2.4596395
288.24387 2.4540925
283.24878 2.453316
278.25388 2.4525118
272.6238 2.454507
268.26465 2.4508133
263.27036 2.4499156
258.91595 2.446011
253.80136 2.4394357
250.10832 2.432159
245.773 2.4277313
240.78563 2.4262714
235.14299 2.4279559
230.15555 2.4264336
224.513 2.428202
218.87119 2.4300613
213.88301 2.4284723
208.14122 2.4236581
203.816 2.4181385
195.92824 2.4097896
190.88097 2.4000812
185.90561 2.3974495
180.1991 2.3909028
174.54576 2.3920274
168.16122 2.389181
163.19176 2.3858507
158.91428 2.3777468
152.51897 2.3647404
148.2708 2.355447
142.61395 2.3554173
136.96555 2.3450596
132.02618 2.3392868
127.091545 2.3330653
122.16224 2.3263416
115.8257 2.3185992
110.909615 2.3105507
105.25897 2.3080986
100.353386 2.2986891
94.046684 2.2872934
88.40411 2.282888
83.41657 2.2869961
77.01941 2.290442
70.62333 2.2945118
65.57727 2.3221495
60.660774 2.3077216
54.271484 2.3150535
49.3634 2.296616
43.717876 2.2889113
38.075726 2.2789226
33.213127 2.2461858
29.211403 2.1820762
24.214533 2.175424
19.537008 2.0941815
13.772173 1.9240792
9.924416 1.5471044
8.1145 1.0216978
10.033264 0.4015689
13.2671585 0.06952308
17.35997 -0.120009795
21.128325 -0.29181206
25.87967 -0.35841626
31.631924 -0.39178756
36.49561 -0.4259166
40.964912 -0.43003476
45.43477 -0.43334264
49.905037 -0.43605796
56.61099 -0.43932682
60.661697 -0.42619982
64.72155 -0.4147179
69.709305 -0.39894563
74.57036 -0.415181
79.55656 -0.40133214
84.02048 -0.40464684
89.40417 -0.4031929
96.50157 -0.4169248
100.96905 -0.4189935
106.26973 -0.4380653
112.07175 -0.4433814
116.97618 -0.45187837
121.88838 -0.45969102
126.80745 -0.46689793
132.17336 -0.46338245
137.55109 -0.47639817
145.25752 -0.50344074
150.69923 -0.5138852
155.291 -0.5268205
160.62054 -0.5219324
165.95369 -0.5173584
170.80144 -0.5079684
175.66344 -0.4990975
179.65712 -0.49332803
185.00903 -0.49005103
189.47966 -0.48942792
194.83379 -0.48642328
198.83974 -0.48146522
203.31117 -0.48107332
208.24693 -0.4849561
213.60349 -0.48232758
218.12723 -0.4921942
223.15393 -0.50558805
228.21892 -0.51838964
232.81519 -0.52692884
237.78197 -0.52937454
242.7501 -0.53172016
247.21207 -0.5304896
251.17096 -0.5258662
256.13705 -0.52815723
262.63477 -0.5402148
267.2715 -0.54727674
273.29785 -0.5552837
278.49582 -0.564861
283.17654 -0.57112134
287.03052 -0.57907885
292.02032 -0.5801811
297.01047 -0.5812464
302.55203 -0.585037
306.99173 -0.58327293
311.70334 -0.5886832
317.253 -0.5921682
323.3684 -0.5980934
332.27707 -0.60533583
341.90695 -0.6147399
347.48297 -0.61750466
350.62454 -0.6251548
353.78632 -0.6326686
356.96768 -0.6400489
360.16815 -0.64729846
363.3872 -0.65441996
367.41403 -0.6597442
370.66458 -0.6666176
372.371 -0.67672056
369.89328 -0.6856005
367.44516 -0.6945995
364.38092 -0.701626
361.98666 -0.7108686
358.96497 -0.71813947
355.21506 -0.7274014
350.82504 -0.73474914
346.51834 -0.73820525
342.21585 -0.74174833
339.27744 -0.7497133
334.98944 -0.75348043
329.98035 -0.75942713
325.67703 -0.76777077
322.11124 -0.774162
319.26346 -0.78292125
315.72974 -0.7896123
311.51205 -0.79874945
308.73495 -0.8080324
305.25626 -0.8152421
299.7013 -0.8252388
294.9199 -0.8378862
290.84744 -0.8483631
287.4619 -0.85650194
283.44812 -0.86751896
277.93268 -0.87425977
273.83807 -0.8807788
269.7555 -0.88749546
265.68546 -0.8944182
260.6882 -0.89378774
255.847 -0.8986282
251.79837 -0.9061125
249.35101 -0.9187394
247.15419 -0.93727547
248.64809 -0.9565239
250.79507 -0.97223395
254.94139 -0.9832849
257.7344 -0.99511707
261.0988 -1.0034574
264.48087 -1.0115849
267.87994 -1.0195067
271.29544 -1.0272295
275.58694 -1.0366131
279.5413 -1.0408195
282.9998 -1.0479647
287.8358 -1.0536287
293.06613 -1.0637512
297.44696 -1.071914
302.3198 -1.0769223
305.84766 -1.083122
309.85153 -1.0863199
313.39673 -1.0922644
316.9528 -1.0980757
321.4125 -1.1051588
324.9916 -1.110685
328.14246 -1.1188285
333.5503 -1.1266847
338.97806 -1.1342899
342.60715 -1.1392258
346.24445 -1.1440582
349.88965 -1.1487901
353.13834 -1.1560129
356.8028 -1.1605307
360.08075 -1.1675081
362.991 -1.1769006
365.9327 -1.1861429
368.17633 -1.2002906
367.6829 -1.2114164
367.23508 -1.2225707
365.5591 -1.2354277
364.26224 -1.2457972
361.10345 -1.2545261
357.01968 -1.2625608
352.6021 -1.2645241
348.18597 -1.2665371
343.77124 -1.2686018
339.65497 -1.2679076
335.53885 -1.2671964
331.4229 -1.2664676
325.46234 -1.2735896
321.1533 -1.2857406
315.93002 -1.297368
311.97617 -1.3071167
307.3381 -1.3131485
302.96188 -1.3161678
297.372 -1.3216958
293.00394 -1.3249453
288.88083 -1.3249329
283.54535 -1.3274823
277.9751 -1.3336233
273.61902 -1.3372934
268.0663 -1.3438652
262.52573 -1.3507146
257.21112 -1.354059
251.89955 -1.3575444
246.59116 -1.3611801
241.28616 -1.3649755
236.18733 -1.3647937
232.27335 -1.361271
228.36235 -1.3576277
224.24136 -1.3582126
218.93379 -1.3623236
212.65099 -1.3656855
207.15364 -1.374948
202.84438 -1.3807819
197.3779 -1.3909233
193.2637 -1.3923112
189.14992 -1.3937596
184.86453 -1.4005986
180.7532 -1.4023029
176.47926 -1.4096743
172.37099 -1.4116778
167.96231 -1.4255403
163.8602 -1.4280454
159.62259 -1.4368826
154.53418 -1.4389758
150.31306 -1.4486684
146.34367 -1.4453385
142.25082 -1.4487946
138.28142 -1.4452742
132.33076 -1.4395978
128.3662 -1.4355212
122.42369 -1.4289116
116.48707 -1.4216279
110.26182 -1.4314781
106.302025 -1.4262527
100.22063 -1.4275032
95.12948 -1.4304018
89.048706 -1.4320925
83.95899 -1.435655
78.87049 -1.4396771
74.77555 -1.4459418
68.698166 -1.4495087
64.60856 -1.4573821
60.523502 -1.4663191
56.44398 -1.4765489
51.374744 -1.4867685
47.390045 -1.4796844
43.320263 -1.4942718
38.263386 -1.5103407
34.271545 -1.5032889
30.281857 -1.4943783
26.22631 -1.5207559
22.195673 -1.5567468
17.196308 -1.5526619
13.197166 -1.5471656
9.219202 -1.6455113
13.69929 -1.8433831
19.061953 -1.8738168
22.910826 -1.8216949
30.18886 -1.8283019
34.07221 -1.7983998
40.144905 -1.7889427
44.058613 -1.7692931
49.954807 -1.745606
54.06854 -1.7509525
59.98107 -1.7330275
64.92044 -1.7205873
68.87824 -1.7119207
74.95939 -1.7138702
78.92058 -1.7066432
84.01053 -1.7103766
87.97338 -1.7040507
93.06249 -1.7075627
99.00984 -1.6993003
104.09736 -1.7026721
108.06391 -1.6978049
112.15941 -1.7021315
117.11817 -1.6965407
121.213005 -1.7005869
125.30968 -1.7043686
130.39873 -1.7068626
134.49815 -1.7101948
138.59897 -1.7133298
142.70108 -1.7162846
146.80437 -1.7190742
150.76164 -1.7151545
155.85373 -1.7168889
160.94624 -1.7185136
165.05035 -1.7209394
170.2977 -1.7281598
176.54002 -1.7340225
180.64967 -1.7358863
184.75993 -1.7376672
189.85663 -1.7384869
195.12363 -1.7443162
200.22122 -1.7449242
204.33418 -1.7463526
210.5933 -1.7507275
214.70786 -1.7519758
219.0063 -1.7576674
223.12257 -1.7587407
227.42908 -1.7640936
233.70294 -1.7675604
237.82133 -1.7683959
243.11864 -1.7724248
247.44084 -1.7771064
253.9339 -1.7838298
259.24527 -1.7872924
263.36673 -1.7877382
270.32617 -1.8010238
275.88458 -1.8074753
280.72647 -1.817986
284.63138 -1.8290335
289.271 -1.8355292
295.15445 -1.844177
299.13843 -1.8543446
303.15256 -1.864244
308.15018 -1.8729153
312.86612 -1.8782656
318.8505 -1.8854765
324.85086 -1.8924214
331.19012 -1.901972
335.6236 -1.9037321
341.66306 -1.9100139
346.7747 -1.9170533
352.4979 -1.920245
357.28622 -1.924301
360.56027 -1.9327887
363.29187 -1.9446853
366.83102 -1.9614545
368.3728 -1.9714952
364.96945 -1.984408
360.3967 -1.989984
356.7467 -1.9945477
353.10434 -1.9992057
348.5624 -2.0051649
344.0922 -2.0047843
338.71484 -2.0056343
333.76105 -2.0092278
329.71582 -2.011632
325.67252 -2.0140955
322.06372 -2.0194228
318.4643 -2.0248706
314.8745 -2.0304427
311.2947 -2.0361433
307.72528 -2.0419762
304.16656 -2.0479457
299.73383 -2.0556068
294.43854 -2.0651038
290.92352 -2.071627
287.4212 -2.0783093
283.06186 -2.086894
278.72403 -2.0957468
274.40872 -2.104879
269.26163 -2.1162224
265.5283 -2.1292112
261.3012 -2.13935
257.93948 -2.1476994
253.76338 -2.1584466
249.61754 -2.1695518
245.50351 -2.181031
241.65689 -2.1871252
237.81953 -2.1934164
233.1841 -2.2024372
235.37483 -2.2220912
237.82098 -2.2354681
242.49428 -2.2466109
246.4239 -2.2599032
251.28552 -2.264598
256.7965 -2.2720969
261.67178 -2.2763786
267.20435 -2.2833424
271.9978 -2.2924454
275.401 -2.3009503
278.8236 -2.309247
282.9998 -2.3149424
286.4538 -2.3228507
289.2011 -2.3329515
293.39145 -2.3429258
296.90643 -2.3502278
301.85608 -2.3620384
304.71396 -2.3712664
310.4249 -2.3801024
314.70288 -2.3842726
317.6215 -2.392924
322.6516 -2.398931
327.69302 -2.4047534
332.0015 -2.4083877
336.31427 -2.411929
341.46878 -2.4214594
345.79648 -2.4247403
350.1278 -2.42794
354.46265 -2.4310615
358.9137 -2.4380357
362.6154 -2.4430692
365.6876 -2.4501035
369.55286 -2.4587314
375.00925 -2.4705105
380.69617 -2.4856355
383.26974 -2.4940686
380.87024 -2.502445
376.29303 -2.5099392
371.7375 -2.5176177
366.15533 -2.5201006
360.57544 -2.5226607
354.76276 -2.5213716
347.7899 -2.5247145
340.82104 -2.5281944
335.24905 -2.5310824
330.50153 -2.535795
324.3714 -2.5414448
319.37616 -2.5421233
313.2582 -2.5480971
305.48895 -2.550681
299.6656 -2.549699
293.8425 -2.548678
289.40826 -2.546686
282.4683 -2.551426
275.53497 -2.5564044
269.99344 -2.5605712
263.07346 -2.5660264
258.69278 -2.5780325
253.17761 -2.5829484
247.99765 -2.5936334
243.02094 -2.595596
237.52919 -2.6012433
231.69824 -2.601245
225.8673 -2.6012468
219.52357 -2.6051552
213.18343 -2.609296
206.84715 -2.6136906
201.01668 -2.6140537
196.0511 -2.6170046
191.08733 -2.6201086
186.1255 -2.6233783
179.80344 -2.6289299
175.3368 -2.6276803
170.37996 -2.6314726
164.06676 -2.6378684
158.72379 -2.6336982
152.02245 -2.6317465
146.19432 -2.6329658
141.24133 -2.6377258
135.02623 -2.6292427
129.19768 -2.6305094
122.49744 -2.6279125
118.031105 -2.6260178
111.83161 -2.6151245
106.00126 -2.615892
100.67577 -2.6081526
96.21503 -2.604911
92.27372 -2.5920606
87.81891 -2.5876923
83.36595 -2.5828574
75.63523 -2.5968585
68.95121 -2.588978
63.120735 -2.5878515
54.540424 -2.598334
46.347363 -2.6422472
41.405457 -2.6595957
34.243332 -2.6818788
29.865177 -2.7574112
24.122318 -2.7950332
19.39639 -2.8705304
13.862806 -2.982697
9.7216835 3.0585363
9.7216835 3.0585363
