Finger
12
125.7178 1.8319473
133.91145 1.801967
146.3752 1.7681613
156.70815 1.7469727
166.4366 1.7304953
174.4258 1.7173316
183.72086 1.7002399
192.46973 1.6838055
202.16074 1.6684704
211.24544 1.6546767
220.03215 1.6422435
227.03459 1.6268331
232.92249 1.6168253
237.02509 1.6033859
243.17462 1.5892795
245.12701 1.5706453
241.66797 1.5448623
236.00314 1.5112509
229.76837 1.4790881
223.37532 1.4530485
218.98466 1.4379091
214.37083 1.4246047
209.89775 1.4082808
205.30574 1.3934294
199.0496 1.3776102
192.58607 1.3604307
185.06544 1.3449153
177.66658 1.3250818
170.22626 1.3081111
162.7517 1.2892817
155.3796 1.2688017
148.56041 1.2528534
141.29109 1.2358727
135.6888 1.2136215
131.21678 1.1926957
126.55459 1.1780193
130.2458 1.1519958
142.73509 1.1238722
151.04533 1.1132984
162.31674 1.0943186
175.81102 1.0782655
191.2597 1.0617526
205.71121 1.0454335
220.07483 1.0347453
234.15718 1.0256974
246.41733 1.0134859
259.45908 1.0046859
273.9096 0.9982403
286.5418 0.98930913
297.60544 0.9816368
308.69272 0.9745104
319.75537 0.96790105
330.93686 0.961677
340.6261 0.95289546
350.14774 0.9442216
359.09705 0.9347141
367.84653 0.92535365
375.79086 0.9148669
383.26648 0.9067313
390.3266 0.8972069
397.5452 0.8866347
404.3066 0.87791216
410.61185 0.87089384
414.75775 0.8636388
418.2674 0.85751927
421.0547 0.8435599
418.89215 0.8260605
415.40753 0.8175443
410.51883 0.8088963
404.38623 0.7976417
397.22098 0.7844332
388.3433 0.7706381
378.38474 0.75431573
366.33957 0.73549545
354.98108 0.71657914
345.3042 0.6975587
335.6776 0.6817892
327.4002 0.6661261
320.34622 0.6479571
313.98337 0.6315282
307.71112 0.6144309
301.4813 0.59647584
295.94705 0.5807459
290.9457 0.5667654
286.55682 0.5556886
283.49435 0.5448513
279.71326 0.5363064
275.50348 0.51916826
280.1537 0.50868666
285.39572 0.5039257
291.034 0.50161207
295.75723 0.4986364
301.901 0.487588
307.6407 0.47406593
311.9498 0.4570327
317.66263 0.43775985
322.07837 0.42452854
325.8255 0.4126355
329.81152 0.40078
333.6477 0.3894384
337.2334 0.37628156
340.17712 0.36576545
345.90186 0.34411156
353.10883 0.32478508
357.19553 0.3150918
363.6368 0.2977535
367.7629 0.285805
374.13382 0.26972282
378.4175 0.25089073
379.65747 0.2255942
379.54956 0.21220076
377.94827 0.19154362
376.68115 0.17334127
372.79684 0.1560915
369.09787 0.14402243
365.56772 0.13434519
358.86542 0.11444693
353.79263 0.107555114
348.4239 0.097701035
342.0572 0.08773399
336.87006 0.08023439
330.58505 0.06961877
322.53638 0.056545716
313.5504 0.042229436
304.3967 0.029572794
295.34973 0.01698611
286.36713 0.0036263047
275.33554 -0.0108315
262.74673 -0.026455158
250.91022 -0.040620398
239.93843 -0.05411387
229.10533 -0.06306399
217.93925 -0.07089529
208.05583 -0.079085894
199.8606 -0.08233599
191.90494 -0.08575755
183.97916 -0.08946166
175.9686 -0.09354585
169.81357 -0.09694697
163.81319 -0.10050987
157.87534 -0.10430366
152.87488 -0.10772843
148.69966 -0.11076551
142.45692 -0.12624
138.18849 -0.15410914
136.61447 -0.20214714
138.83374 -0.232351
143.02818 -0.26311052
148.5017 -0.29502833
156.45177 -0.3130396
166.33392 -0.3254054
171.90675 -0.33128765
176.69713 -0.33552834
182.04565 -0.33684424
187.44205 -0.3381166
193.8483 -0.34283775
200.10957 -0.342182
206.08842 -0.347361
211.74048 -0.35161763
217.49266 -0.35671028
223.29239 -0.36240712
233.20523 -0.37743393
242.89278 -0.3970603
247.58177 -0.41088673
251.0416 -0.42235708
255.54347 -0.4490198
258.42007 -0.47821358
259.08844 -0.5073756
258.40384 -0.5322261
255.3503 -0.55762804
250.10782 -0.57655483
242.37102 -0.59357667
238.19623 -0.59923375
233.2908 -0.6044361
229.69646 -0.61404777
224.82324 -0.6197951
220.75954 -0.6272934
214.94675 -0.63547945
210.32414 -0.64578277
205.76003 -0.65036684
201.17334 -0.66146255
191.63713 -0.6738204
182.9278 -0.68397874
173.45139 -0.6988694
168.34084 -0.7088807
159.68349 -0.7224619
151.6531 -0.7341391
147.14067 -0.750695
142.83913 -0.7693861
138.574 -0.78935087
137.87718 -0.834327
140.93651 -0.87456393
144.79755 -0.9054485
152.61957 -0.914283
161.41061 -0.92491907
170.18315 -0.93441975
179.81364 -0.9462841
184.58011 -0.9566451
189.70226 -0.9642697
195.0223 -0.9769086
200.44553 -0.98322314
206.37437 -0.99065214
211.86868 -0.9963132
216.60138 -1.0049703
222.04591 -1.0151254
227.65233 -1.0252641
233.28645 -1.0349195
238.98114 -1.0441537
244.6489 -1.0529194
250.39062 -1.0613298
256.56946 -1.0659059
262.15536 -1.0689025
267.4731 -1.0713383
272.79022 -1.0736786
278.81985 -1.0772302
284.56116 -1.0841098
290.47992 -1.0900413
296.2367 -1.096364
302.0376 -1.1025004
307.85263 -1.1084105
312.76114 -1.1126603
318.56287 -1.1181382
324.44775 -1.1235294
335.61136 -1.136911
340.47104 -1.1427635
344.9809 -1.1487198
349.56622 -1.1546025
354.08133 -1.160232
357.4278 -1.1673442
361.5191 -1.1744745
365.29712 -1.1794815
369.54758 -1.1871387
373.63995 -1.2052672
375.25308 -1.2260532
375.16705 -1.2428471
374.45984 -1.2569768
372.66986 -1.2721307
369.06155 -1.2882758
366.75308 -1.2978288
363.7071 -1.3098764
360.5875 -1.3211534
357.6406 -1.3311741
353.7968 -1.343052
345.04605 -1.3638216
340.17416 -1.375081
335.42447 -1.3852065
330.57767 -1.3978713
324.9984 -1.4073023
318.86212 -1.416458
313.13293 -1.426901
306.66006 -1.4369627
295.7214 -1.4532315
290.4602 -1.461406
285.17154 -1.469945
279.8776 -1.4788433
274.7043 -1.4879416
270.4353 -1.4978356
264.94998 -1.5114287
259.70047 -1.5295119
258.32983 -1.5456635
260.2524 -1.5641632
264.03583 -1.5860145
269.2483 -1.6152662
276.37756 -1.636867
283.61136 -1.6492487
287.76917 -1.6550967
291.95276 -1.6607999
300.26907 -1.6716295
309.76678 -1.6847725
317.49347 -1.7033218
325.56985 -1.7248394
333.02966 -1.7456685
340.7752 -1.7595825
348.7584 -1.7726159
355.89514 -1.7857931
361.56064 -1.8021446
364.46814 -1.8116543
369.14664 -1.8286926
372.6458 -1.8428756
375.4792 -1.8573495
377.28778 -1.8731925
376.98752 -1.8859583
375.4391 -1.9069294
372.50473 -1.9247004
365.93546 -1.9430754
361.09683 -1.9542751
355.2719 -1.9638845
347.97574 -1.9733607
339.79047 -1.983641
330.3643 -1.9928571
319.89795 -2.0015497
308.53613 -2.0086427
295.4777 -2.0143704
282.73486 -2.0201607
259.2244 -2.0296407
247.67671 -2.0348117
235.89178 -2.0457137
224.46848 -2.056772
213.78053 -2.071475
203.54385 -2.0821943
193.34746 -2.0940228
183.56268 -2.1013494
175.0313 -2.1097429
167.25807 -2.1152825
159.75475 -2.1218781
153.52698 -2.1313639
148.04094 -2.1386974
143.34563 -2.1515393
136.8133 -2.1721487
134.3887 -2.2008665
136.883 -2.2516046
140.7319 -2.284699
145.48029 -2.3114743
151.60005 -2.3282325
159.1783 -2.3419323
163.93387 -2.3542855
169.04526 -2.3677912
174.02458 -2.3796296
178.20847 -2.3941247
182.11414 -2.4048812
187.03133 -2.4158015
191.43016 -2.4291887
196.44125 -2.4444728
201.78168 -2.4599001
206.29027 -2.47137
210.216 -2.4800727
215.39575 -2.4870002
223.6877 -2.4973514
228.08603 -2.5063272
232.13757 -2.5191338
236.18802 -2.531387
239.25356 -2.5443087
242.45932 -2.5543196
246.49196 -2.573782
250.01585 -2.5884588
248.68007 -2.6169307
244.6627 -2.6393242
236.8862 -2.6645436
231.78224 -2.6811974
225.28339 -2.6923783
218.28232 -2.7062728
211.48833 -2.7187545
203.73262 -2.7324953
195.91281 -2.748328
187.33093 -2.764136
178.62779 -2.7809427
170.99971 -2.7966437
163.55157 -2.817223
157.39256 -2.8327818
152.20645 -2.8493495
147.43402 -2.8624642
138.4238 -2.8812273
132.25072 -2.8977866
124.63152 -2.9262486
129.26057 -2.9514437
134.812 -2.9727685
140.51613 -2.9884627
147.3169 -3.0024362
152.13779 -3.0120108
157.85098 -3.0181582
162.72346 -3.0280547
166.77649 -3.0354834
171.62646 -3.044293
176.33313 -3.0527105
182.19827 -3.0610416
189.0572 -3.0692053
196.0107 -3.0780826
201.75104 -3.088522
213.69171 -3.1104221
221.37505 -3.1204925
229.39925 -3.125646
236.53745 -3.1345198
243.48242 -3.1387691
251.24776 3.1363645
259.32407 3.1287546
266.52386 3.1216538
274.37143 3.1148977
282.35458 3.1086273
291.2132 3.1027365
299.61328 3.097063
306.72662 3.088325
313.06622 3.0804915
319.24762 3.072254
325.42123 3.0643795
332.4046 3.0592897
338.80392 3.0519958
344.35165 3.0423748
349.83298 3.0301251
355.0478 3.019923
359.72623 3.0103114
364.23737 3.000845
371.51218 2.9796135
376.10837 2.9703982
380.0976 2.9594877
381.10913 2.9485831
380.7715 2.9269643
378.21088 2.9114242
374.47992 2.8980973
370.63007 2.8843782
362.93802 2.8702536
358.29343 2.8631701
353.77545 2.856576
349.26517 2.8498044
341.24677 2.8366053
336.31406 2.8264139
330.95557 2.8172603
325.16458 2.8054545
319.36377 2.7983944
313.36923 2.788154
307.03534 2.7777424
300.39984 2.7686086
294.26776 2.7567806
288.5245 2.7419784
283.48544 2.7298172
277.50726 2.7164402
272.39188 2.7047052
266.19568 2.6929529
261.91507 2.6808155
257.80862 2.6693738
251.28575 2.650709
246.96255 2.6320827
242.97842 2.6181557
239.85603 2.6057885
240.69641 2.5840487
244.06143 2.5698326
249.12321 2.5590975
254.95905 2.5458946
261.4099 2.530147
267.90497 2.5151958
275.47095 2.5081933
285.04596 2.4980347
296.08478 2.4922514
300.89795 2.4876893
305.524 2.4796398
310.18423 2.4708889
315.51114 2.4599032
320.84506 2.4493413
325.63574 2.4374547
330.30728 2.4255576
334.98257 2.4141335
340.3078 2.4044995
345.11404 2.3935552
349.3928 2.3813062
354.24335 2.3710542
357.75064 2.3610065
361.99213 2.3492458
365.71643 2.3392518
369.31778 2.3298678
371.69736 2.320833
374.904 2.3056984
377.562 2.2937367
377.07755 2.2801554
374.24933 2.2621114
369.97266 2.2437012
365.78763 2.22841
360.01105 2.2165039
356.79593 2.209215
351.80597 2.1994715
347.10632 2.1906698
342.58722 2.182188
333.2571 2.1725373
322.97803 2.1644027
317.0132 2.158938
310.91196 2.152692
303.44568 2.1452327
297.38934 2.1384468
291.7595 2.13369
280.48312 2.1287704
274.24756 2.126655
268.05286 2.123849
262.23914 2.1192715
256.33624 2.1114397
250.31958 2.1024973
244.75467 2.096035
235.82872 2.0828466
226.58861 2.071405
217.10025 2.0585976
207.94032 2.0386152
202.39268 2.0259078
197.93558 2.0136714
188.89223 1.9998416
181.219 1.988968
173.7275 1.9767184
167.17435 1.9610466
160.688 1.9441615
153.62099 1.9147699
147.44574 1.8912283
142.0545 1.8749144
142.0545 1.8749144
