Mouse
24
136.96661 2.7910554
135.60718 2.7557478
135.33305 2.7227964
137.00844 2.6961212
141.01492 2.6702325
144.6376 2.651871
147.9245 2.6252196
151.31186 2.5997438
154.25897 2.58087
157.25897 2.5627098
160.87263 2.540092
164.56496 2.5184784
167.73247 2.5025911
170.94072 2.4872966
176.55057 2.483108
181.55003 2.4835205
187.34192 2.487174
192.95174 2.483345
199.96773 2.4788609
204.96683 2.47933
209.63611 2.4663873
214.33897 2.4540102
219.07326 2.4421666
223.08006 2.427901
227.13066 2.4141414
229.80995 2.4011412
233.94066 2.388248
238.10892 2.375804
243.01553 2.3608582
247.26134 2.349339
250.12486 2.3381085
254.43285 2.327295
258.03607 2.3194733
261.72116 2.3064692
265.36487 2.2991474
268.3632 2.2892256
272.14728 2.2771325
275.9701 2.2653728
279.05515 2.2561982
282.94366 2.245012
285.46298 2.2335277
288.21158 2.2173824
290.44525 2.198766
292.53403 2.1851997
294.6759 2.1718285
296.8697 2.1586523
298.57172 2.1428607
300.8767 2.1300743
302.19525 2.1118305
303.6135 2.0937514
304.25525 2.0774362
302.27255 2.0584738
302.19815 2.0436788
299.95392 2.0288384
299.5849 2.010916
297.48904 1.9957098
296.77887 1.9820408
295.20264 1.9696202
294.599 1.9557893
292.75793 1.9399599
291.92963 1.9227495
290.2439 1.906578
289.8991 1.8924135
288.35764 1.8759623
288.139 1.8616782
286.74503 1.8449728
285.68796 1.8314941
284.44022 1.8145089
282.52798 1.8016231
278.71088 1.7901143
275.91034 1.7775408
271.9815 1.7618123
268.29767 1.7492973
265.64334 1.735815
263.03833 1.7220633
261.47464 1.707516
258.7377 1.6855947
257.31503 1.6705964
255.9509 1.6554348
254.64621 1.6401144
254.2573 1.6126459
254.12137 1.5969185
254.04836 1.5811782
254.04565 1.5614965
254.11433 1.5457556
254.24594 1.530027
254.56108 1.5064745
254.84946 1.4908108
256.2927 1.4716748
257.71283 1.4566132
260.31265 1.438405
262.16043 1.4162202
266.46033 1.3882848
269.3731 1.3713782
271.17123 1.3576498
273.01978 1.3441048
275.8892 1.3316061
278.0837 1.314989
280.35376 1.2986366
283.9414 1.2801756
286.06763 1.2677807
287.2866 1.2544912
288.55588 1.2413163
291.49255 1.2229488
292.8802 1.2101089
294.31567 1.1973922
297.10168 1.18295
299.0285 1.1674705
301.02603 1.1521928
302.674 1.140118
304.3657 1.1281757
305.20206 1.114929
306.0917 1.1017568
307.49908 1.0857819
307.23135 1.0668309
306.5759 1.0506796
306.0008 1.0344633
303.8059 1.0147346
303.11447 0.9937572
301.99506 0.9754297
300.4029 0.95969325
298.66614 0.93911725
296.04544 0.9284125
294.06815 0.9148174
290.58066 0.89676803
286.69107 0.88588256
284.245 0.87425536
279.6691 0.8604908
275.89755 0.84867334
272.90872 0.83898526
268.47488 0.8240511
264.82712 0.81122625
260.50912 0.79536563
257.66785 0.7844984
254.85768 0.7733901
249.97661 0.7590094
246.56227 0.7442962
243.12744 0.73498076
239.14543 0.7163673
235.77644 0.7063571
232.43178 0.69605774
226.29834 0.68421173
222.22783 0.6759519
218.34409 0.66095245
213.71323 0.64822805
207.72037 0.63392174
202.35422 0.6227944
197.0145 0.6110623
192.2687 0.6029749
187.53615 0.59447867
183.10382 0.57797337
179.25757 0.56537867
174.59045 0.5552386
168.91487 0.5344147
165.17418 0.51974124
162.34686 0.5014144
158.69083 0.48536816
155.97043 0.4656742
151.9802 0.4421851
147.67569 0.41125375
144.82072 0.38236338
143.3763 0.35647655
142.02988 0.33008096
144.90057 0.30154353
147.88466 0.27413622
152.19185 0.25259006
155.82742 0.23996088
161.43565 0.22511023
165.33714 0.21971
169.03314 0.20877852
172.94826 0.2039848
176.86719 0.19940342
182.5631 0.187524
186.31456 0.17824829
189.91545 0.16414925
194.69318 0.1548852
199.34372 0.14110258
203.03862 0.1285792
207.75746 0.115945786
211.41159 0.09966119
216.2021 0.088155225
221.0993 0.0816589
227.85912 0.06603027
232.72786 0.056037523
237.57457 0.04225054
242.4957 0.033139307
246.41399 0.020433167
250.36469 0.004132655
254.37013 -0.0077263457
258.41025 -0.019216102
261.51627 -0.03428884
265.63217 -0.045059986
269.77795 -0.055501267
273.95224 -0.06562543
278.0802 -0.07185885
282.29822 -0.08144131
287.44873 -0.086960986
293.79388 -0.098751076
298.08142 -0.10744351
302.27686 -0.11260278
306.72125 -0.12409623
311.07172 -0.1320746
314.59262 -0.14342314
319.14127 -0.15403682
322.73834 -0.16485804
326.3724 -0.17543949
330.84232 -0.18225786
333.5533 -0.19296475
338.2609 -0.20230289
342.01947 -0.21199736
347.00558 -0.22365856
349.86005 -0.23353916
353.71875 -0.24257797
357.14142 -0.25754157
359.14542 -0.26760277
363.65942 -0.28133357
366.0363 -0.29369822
368.77075 -0.3084873
370.3195 -0.32135215
372.87384 -0.3332283
374.8793 -0.3483536
376.2635 -0.35834607
376.7522 -0.36921984
377.2853 -0.3800642
376.0143 -0.39290315
373.49252 -0.4044241
370.10648 -0.41719222
365.8733 -0.4313338
363.0926 -0.44094348
359.44604 -0.45191243
356.7386 -0.46185258
354.09253 -0.4782585
351.06934 -0.49240023
350.35156 -0.5065095
348.33908 -0.51961154
345.88016 -0.5303733
343.97815 -0.54377943
340.76123 -0.5563938
338.44226 -0.567654
334.7827 -0.57820266
331.16125 -0.58898324
327.57913 -0.6000009
322.6449 -0.61050135
318.561 -0.61949944
315.31287 -0.6268652
312.67593 -0.6369599
309.46945 -0.64464736
306.09744 -0.65707475
301.2084 -0.6738992
298.72485 -0.68487114
293.33676 -0.699967
290.94067 -0.7114529
287.92288 -0.720524
284.18472 -0.73213255
281.22244 -0.74164057
278.24155 -0.7564299
274.62653 -0.7689259
271.05554 -0.78175324
266.81744 -0.792296
263.30536 -0.800445
259.12192 -0.8116058
254.92235 -0.8175877
250.79045 -0.8294046
246.69473 -0.8416157
243.392 -0.8569356
239.38277 -0.8699881
236.82317 -0.882898
232.89838 -0.89675856
229.01985 -0.9110914
225.79253 -0.92237544
223.39957 -0.93664706
220.4739 -0.95491725
218.18762 -0.96988225
215.95123 -0.98516077
213.76631 -1.0007552
210.78474 -1.0141715
208.69908 -1.0304452
208.4041 -1.0518427
205.97 -1.0729235
206.3003 -1.1011661
205.42113 -1.1207345
206.53622 -1.1553242
206.79984 -1.1769263
209.02391 -1.2019441
211.98354 -1.2324532
215.13496 -1.2620955
218.07246 -1.280776
222.04747 -1.300163
224.88641 -1.3220593
228.05798 -1.3391277
231.29417 -1.3557231
235.37788 -1.3768607
238.57822 -1.3965448
241.86855 -1.4157007
245.38324 -1.4302983
247.83226 -1.4479753
251.24873 -1.4696782
253.70528 -1.494403
254.42955 -1.5103792
255.17583 -1.5301757
255.04471 -1.5458469
254.97627 -1.5615305
253.97903 -1.581181
253.0524 -1.5970289
252.23393 -1.6169503
252.4501 -1.6327788
251.89636 -1.6568005
251.27663 -1.673003
249.73022 -1.6897546
249.24556 -1.7061665
247.83986 -1.7232481
245.69325 -1.7452188
243.47379 -1.7635376
240.35985 -1.7830602
237.33992 -1.8030874
235.38594 -1.8225595
231.5966 -1.8446664
228.88068 -1.8662198
225.65726 -1.87986
221.52898 -1.8953263
217.12373 -1.9070346
213.3518 -1.9132205
210.28033 -1.9285672
207.99806 -1.9533173
207.16124 -1.9811177
206.97104 -2.0026963
206.42093 -2.0307815
205.56728 -2.0546985
204.83215 -2.0788007
205.94267 -2.098134
206.27559 -2.1197722
206.70476 -2.1413305
208.6176 -2.1640925
210.63652 -2.1864295
213.56293 -2.2055447
217.17451 -2.2277927
219.64032 -2.2422137
222.15077 -2.2563117
225.34938 -2.273488
227.95493 -2.2868788
230.6004 -2.2999647
235.4353 -2.3101425
240.29361 -2.3199096
243.76022 -2.3291326
247.247 -2.3380964
250.04034 -2.3496113
254.2803 -2.3608444
258.5513 -2.3717077
263.578 -2.3848288
270.1231 -2.4024718
273.75998 -2.4096148
276.7483 -2.4192748
279.7619 -2.4287276
283.44797 -2.4352882
286.5028 -2.4443495
290.35364 -2.4554071
293.45926 -2.4640434
296.58627 -2.4724982
299.7341 -2.480776
302.902 -2.488881
306.08942 -2.496818
309.2957 -2.504591
314.13925 -2.5159514
319.83963 -2.5287685
323.11993 -2.535889
326.4163 -2.542866
330.00308 -2.5539086
332.79153 -2.5630734
335.91327 -2.5761976
338.241 -2.5875263
341.4681 -2.6002116
343.3814 -2.6137023
345.35648 -2.6270409
346.91278 -2.6427534
349.4878 -2.6532545
352.10077 -2.6636007
355.2029 -2.6712806
358.32565 -2.678827
361.92926 -2.6899395
364.6725 -2.6996613
367.8698 -2.706769
369.85074 -2.7211342
370.0708 -2.7332077
370.34476 -2.7452652
371.5997 -2.758312
371.05377 -2.7693179
370.5529 -2.780355
370.0973 -2.7914207
369.35568 -2.8050654
368.0542 -2.815324
366.79172 -2.8256543
365.2691 -2.8386657
363.8088 -2.8517838
361.44977 -2.8642497
360.11288 -2.877604
359.0899 -2.8883576
356.1675 -2.8978236
354.2503 -2.9081
350.4208 -2.9172244
347.59814 -2.9271634
343.05768 -2.933227
339.31113 -2.9429317
334.80463 -2.9493582
331.11267 -2.9594853
326.64307 -2.9663
320.8733 -2.9789267
315.15652 -2.9920132
311.6137 -3.0032718
306.00174 -3.017203
300.4514 -3.031652
294.96613 -3.0466413
289.54962 -3.0621953
286.2664 -3.0752935
282.0896 -3.0849657
276.98975 -3.0911531
270.90182 -3.0974097
265.8243 -3.1040955
261.79102 -3.1073399
256.7068 -3.1183527
252.66856 -3.1258981
248.63933 -3.13771
244.63965 3.1373632
240.65659 3.1289823
236.69101 3.12032
231.74425 3.1112328
227.81667 3.1019247
223.90953 3.0922909
218.02744 3.0817726
213.16832 3.0710044
208.33505 3.0597355
203.43842 3.052827
198.65031 3.040567
193.78247 3.0328305
189.92003 3.02531
185.94762 3.0228143
181.10829 3.01406
176.2836 3.0048258
171.47478 2.9950728
165.85562 2.977861
162.25636 2.9616804
158.70149 2.9447706
154.21716 2.925711
150.02922 2.899037
147.18677 2.8661227
143.9131 2.845188
139.75603 2.8210492
136.62645 2.7979295
136.62645 2.7979295
