Finger
7
266.1529 2.048439
263.70602 2.097134
262.36313 2.1196344
260.24985 2.142829
258.28076 2.1663523
257.03967 2.1933448
255.36205 2.2224555
254.51982 2.2499018
252.44983 2.2772417
250.58162 2.3048553
248.21077 2.3300922
245.99983 2.355823
244.68732 2.384634
243.59225 2.413376
243.29369 2.445609
243.55835 2.477873
244.57227 2.5119512
244.80151 2.5469966
245.43346 2.5871513
247.40329 2.6209984
250.8648 2.660524
253.88351 2.7014952
256.97433 2.7407382
259.85422 2.7859113
263.976 2.8319263
268.78793 2.876242
273.5895 2.9150658
277.39804 2.9549482
280.90933 2.986754
283.9723 3.0170639
286.93668 3.0495598
289.3428 3.078356
291.94592 3.106363
295.77487 3.1373148
299.83624 -3.1160104
303.18338 -3.0896428
306.6965 -3.0640852
309.46347 -3.0421944
312.24216 -3.020337
315.0316 -3.0016534
316.88336 -2.9835196
319.84952 -2.9659874
321.94678 -2.948107
323.31772 -2.9299686
325.59775 -2.9126737
327.01532 -2.8947573
328.53104 -2.8770673
330.10986 -2.8599505
331.81882 -2.8426657
333.38544 -2.8277755
335.2145 -2.8113766
337.20438 -2.7945719
338.93335 -2.780731
340.72357 -2.7670557
341.87332 -2.7526987
342.88162 -2.7380528
343.96115 -2.7235522
344.62985 -2.7052274
345.0718 -2.689066
345.50146 -2.673578
345.12988 -2.6567774
345.25568 -2.6437092
345.05527 -2.6270113
345.31348 -2.614039
345.29135 -2.5970798
346.05872 -2.5826976
347.0812 -2.5671442
347.7377 -2.5537484
349.53354 -2.5260253
350.38535 -2.4995708
348.95044 -2.4674575
348.38412 -2.4333906
348.89465 -2.4188745
349.0982 -2.3882902
349.62784 -2.3579798
349.10886 -2.323624
347.9283 -2.3072822
346.5652 -2.2799463
345.2802 -2.2529678
344.8619 -2.2281675
343.4769 -2.1985936
342.80432 -2.182273
342.45245 -2.1545763
341.3156 -2.1264424
339.9098 -2.1083875
338.61456 -2.0901718
337.44205 -2.0719788
336.36227 -2.0533028
335.7432 -2.036639
335.01627 -2.0189593
333.37354 -2.0015225
332.06638 -1.9833021
331.30627 -1.9644666
329.9845 -1.9465898
329.11978 -1.931392
328.33154 -1.9161239
327.62003 -1.9007156
327.62958 -1.8816035
326.80472 -1.863087
326.2951 -1.8467098
325.92856 -1.831237
325.6451 -1.8156658
324.7318 -1.8004923
323.63776 -1.7855574
322.60226 -1.7703081
321.6372 -1.7548804
320.75806 -1.739526
319.95523 -1.724097
319.23535 -1.7087389
315.38034 -1.6823305
312.88635 -1.6672653
311.46194 -1.6517124
309.0883 -1.6360072
307.8095 -1.6200662
305.63443 -1.6066006
303.5161 -1.5936602
298.44678 -1.5739981
294.5129 -1.5503203
292.65726 -1.5339721
290.88263 -1.5164936
289.14462 -1.5014911
286.74365 -1.4756315
284.37558 -1.4544507
282.30194 -1.4285957
280.6023 -1.3990269
279.49075 -1.3810269
278.3758 -1.3649082
276.27853 -1.3482904
274.08688 -1.3193734
270.30356 -1.28984
267.9645 -1.2521659
267.9426 -1.2294458
267.51492 -1.2120825
266.01184 -1.1776147
263.29593 -1.1443359
262.01703 -1.1083293
261.728 -1.0875269
261.0922 -1.0678009
259.88452 -1.0298145
259.13947 -0.99609685
258.88626 -0.962998
258.9449 -0.9441875
258.968 -0.90565574
259.1988 -0.86647874
258.75137 -0.8289662
257.9919 -0.7984522
256.6411 -0.76002485
256.89636 -0.7219999
257.85706 -0.6782245
258.69302 -0.6367553
259.01593 -0.5933348
259.11487 -0.57124203
260.01422 -0.5499078
260.54492 -0.53055954
263.61942 -0.4890447
264.87323 -0.4653113
265.59512 -0.44292194
266.2236 -0.4211926
267.302 -0.3827799
268.3634 -0.36251354
268.76642 -0.3448855
269.33347 -0.32835913
270.0232 -0.30019873
271.61627 -0.26777664
274.92853 -0.24208574
278.38574 -0.21591458
281.91257 -0.18880564
284.47763 -0.15843734
286.5315 -0.12915908
288.59235 -0.10032881
290.6351 -0.07214971
292.3283 -0.05546838
294.10342 -0.040772177
295.94785 -0.023565492
299.89236 0.0061136815
301.9383 0.020055087
306.19003 0.045868892
307.4334 0.061079994
308.97333 0.07456071
311.11636 0.09014859
311.7612 0.10289303
313.80255 0.13106515
315.4458 0.14556122
317.07758 0.15838848
318.8884 0.17338054
319.7426 0.18802324
320.5597 0.2009786
320.87067 0.21664622
321.67432 0.23128955
322.66122 0.24393795
323.91855 0.25907367
326.33774 0.28570956
327.69275 0.29946452
328.27774 0.312571
328.81866 0.32729262
329.27078 0.34041333
330.18237 0.36767474
330.1205 0.38158897
330.8488 0.39698803
331.1191 0.4122174
331.02795 0.4264703
331.3201 0.44263703
331.58115 0.45809585
332.04233 0.47425267
332.5888 0.49033782
333.22412 0.5064166
333.93622 0.52229613
334.11896 0.5393391
334.39737 0.553758
334.7584 0.57075995
334.8351 0.58745676
333.9206 0.6048421
334.34824 0.6222146
334.50085 0.6393349
335.47894 0.65314895
336.18546 0.6703703
337.1328 0.6833557
339.1883 0.70900065
341.9579 0.735959
343.37094 0.74906534
344.13135 0.7630118
345.46542 0.7794152
346.17892 0.7937767
345.87195 0.82083696
346.01538 0.8418453
346.488 0.8622251
347.73737 0.8802629
349.09946 0.89817685
350.1078 0.9212162
349.3535 0.94476706
349.41287 0.96933126
349.3901 0.9899861
348.9772 1.0035414
348.86243 1.0202698
348.6221 1.0424131
347.28445 1.0666584
346.15256 1.091064
346.11087 1.110405
346.1991 1.1297998
346.41602 1.1490773
346.3695 1.17089
345.07202 1.1818672
344.49738 1.1937597
342.56744 1.2165684
342.1951 1.2347137
341.13507 1.2552918
339.6977 1.278567
337.21884 1.3040862
335.38666 1.3248732
333.81015 1.3444535
331.1357 1.367204
329.61484 1.3786961
327.7343 1.3929913
325.88672 1.4075958
324.1461 1.4216124
321.56396 1.4337271
318.9649 1.4482462
316.30527 1.4655926
313.74615 1.4838836
311.31467 1.5023055
308.95316 1.5213207
305.76712 1.534807
301.9045 1.547607
297.85587 1.5631021
294.87103 1.5833553
291.7628 1.6038584
288.29388 1.625164
285.67734 1.6467743
282.86273 1.6651171
279.78366 1.6877623
277.7131 1.7127079
275.42093 1.7371039
272.79868 1.7612785
270.32687 1.789272
267.97748 1.8170516
266.2008 1.8496491
263.75253 1.8839923
260.05643 1.9543025
258.5742 1.9902846
257.43298 2.026579
255.76645 2.0646596
253.60738 2.097486
253.60738 2.097486
