Stilus
31
103.353226 1.701626
112.38739 1.6731718
116.479935 1.6609501
120.6188 1.6514444
125.24045 1.638633
130.1642 1.6283756
134.22139 1.6266334
139.42358 1.624548
144.13228 1.6227903
150.16948 1.6206982
154.44809 1.62579
160.24806 1.6300399
167.26682 1.6275513
174.1604 1.6150368
180.47816 1.5984695
187.68811 1.5787783
192.32426 1.5752578
196.66885 1.5682571
200.91077 1.5633395
204.96376 1.5548424
209.00175 1.5503154
216.96626 1.5500802
221.0056 1.5459386
227.34242 1.5300128
234.25742 1.5183983
242.3828 1.5118369
250.4605 1.5057979
255.44952 1.5023217
262.18607 1.4907148
266.7683 1.4902154
270.9994 1.4887108
275.8099 1.4892298
282.11017 1.4875032
288.24142 1.4823239
293.41565 1.4714228
301.6646 1.4541589
306.00156 1.4459441
310.6028 1.4383394
318.31458 1.4282372
325.64487 1.4190079
332.2108 1.4129472
338.49442 1.409289
344.58432 1.4062943
350.82956 1.4034772
356.2166 1.398455
362.63992 1.3931541
367.2788 1.3867298
371.08627 1.3774153
374.05713 1.3635249
375.37527 1.3500175
377.47174 1.3376969
380.40213 1.3227757
381.3052 1.3084882
382.49527 1.2971398
377.986 1.2754922
372.6655 1.2595946
367.67752 1.2445043
362.18118 1.2326285
358.57623 1.226174
352.5964 1.2164375
346.81516 1.2041006
343.0511 1.1998831
339.31775 1.1956005
332.16113 1.1929036
325.57355 1.1905084
320.21436 1.1854926
314.4757 1.1815155
307.40256 1.1755812
299.71103 1.1678097
292.28232 1.1632247
284.97772 1.1578779
280.32126 1.1544876
276.07254 1.1503081
271.18546 1.1435927
266.1695 1.1391319
261.30185 1.133922
256.36597 1.1300765
247.23059 1.133628
242.20291 1.1289884
236.69235 1.1272478
231.2818 1.1257819
226.43742 1.1202576
222.67546 1.1131971
215.15344 1.110554
207.01555 1.1028067
198.57118 1.0868834
193.86752 1.0799385
190.21107 1.0696354
185.80453 1.0677778
179.82849 1.0569606
173.44046 1.0427275
169.17203 1.0279452
164.47687 1.0163647
159.57098 1.0061195
154.39665 0.99877334
145.51743 0.9921205
136.96379 0.9848898
132.29451 0.9805452
127.76982 0.97602975
118.906586 0.9661789
112.134285 0.95686907
104.20856 0.961951
98.415215 0.9591235
92.17174 0.9632156
84.279594 0.95596844
76.25734 0.9458394
68.91785 0.9405089
60.063335 0.97553086
53.336067 1.0028758
46.80253 1.0147815
39.60426 1.0205492
32.923756 1.0029656
25.737171 1.0084138
20.255114 1.0701972
15.68718 1.2053679
9.390479 1.2770181
2.3723154 2.136252
7.245535 -2.3834789
14.549429 -2.2611454
22.723429 -2.152449
28.39789 -2.1374705
33.75031 -2.146172
40.880577 -2.116848
48.285263 -2.120448
55.510666 -2.1255066
62.702106 -2.1292713
69.04738 -2.1399558
76.05785 -2.1434195
83.47419 -2.143223
90.05457 -2.1387286
96.206184 -2.1226408
103.742516 -2.111869
110.81164 -2.1131473
118.99871 -2.1001835
123.54496 -2.0977542
128.11525 -2.0954862
137.07115 -2.091481
144.93083 -2.0860124
151.78387 -2.088876
159.18039 -2.0912805
167.03122 -2.0919206
174.20984 -2.0830865
180.63425 -2.075787
186.08464 -2.0718653
192.70592 -2.0738275
201.2821 -2.068773
209.73245 -2.06312
214.83003 -2.0608811
219.07187 -2.0557702
225.42099 -2.0521712
234.92459 -2.0490716
239.75578 -2.0432239
245.16577 -2.0411737
249.41473 -2.0370326
257.14114 -2.0273316
262.1596 -2.0211453
269.52515 -2.0202515
277.1579 -2.0190253
283.3087 -2.0134351
289.428 -2.0034366
294.69495 -1.9914825
301.0862 -1.9820054
307.5844 -1.9754782
315.3995 -1.9691607
319.1052 -1.9642783
325.1961 -1.9532028
330.07825 -1.9472609
335.6647 -1.9406902
342.51062 -1.9298353
347.6989 -1.9181243
353.4768 -1.9069686
358.65692 -1.8953102
362.35452 -1.8730891
366.4746 -1.8510689
369.49493 -1.8326511
371.1577 -1.814743
371.48044 -1.7951903
370.4535 -1.7827024
367.72168 -1.7721254
364.11133 -1.7626077
360.3281 -1.7519871
355.196 -1.7346761
350.41858 -1.7217304
344.885 -1.7124385
337.81717 -1.7065051
329.47928 -1.7007588
322.03766 -1.6912699
314.53345 -1.678195
306.17627 -1.6680242
301.3051 -1.6629777
296.85315 -1.6575693
291.78528 -1.6556369
286.99164 -1.6535798
282.68802 -1.6513342
277.5321 -1.6455795
272.66092 -1.6395667
267.59232 -1.6371102
262.48898 -1.6307871
258.18503 -1.6279154
253.19788 -1.6240729
249.12971 -1.6209292
245.0527 -1.6176835
240.01175 -1.6145034
235.24269 -1.6111406
230.93472 -1.6075655
225.9477 -1.6083775
221.16716 -1.6058075
216.92882 -1.6019772
212.90656 -1.6012927
206.90529 -1.5986443
199.86427 -1.5896242
191.83583 -1.5838122
183.81857 -1.5803152
176.82285 -1.5736204
171.57336 -1.5737067
163.87411 -1.5677489
155.84833 -1.567592
150.91075 -1.5608689
145.11003 -1.560472
140.86227 -1.5672511
133.86507 -1.5670657
125.90029 -1.5530608
120.91988 -1.5501457
112.01641 -1.530663
107.257774 -1.5288814
100.73184 -1.5261642
94.030685 -1.5229812
85.255714 -1.529783
80.99376 -1.5365124
75.974266 -1.5379255
68.41301 -1.5488961
62.968628 -1.5470023
56.896374 -1.5444623
50.888084 -1.5413522
41.88121 -1.5588721
33.868122 -1.5560507
28.65706 -1.553369
22.916513 -1.5490029
18.906744 -1.54438
11.178067 -1.345522
7.2908797 -0.94707656
6.341339 0.16901907
9.987912 0.5754501
15.22585 0.7647527
22.3111 0.755549
29.371407 0.8229171
36.433174 0.80599135
42.255688 0.80318564
48.427666 0.7863611
54.799183 0.7733862
59.961708 0.74196464
67.49787 0.7153838
72.15791 0.67823106
76.16133 0.6569765
83.70141 0.6441773
90.305534 0.6308598
96.33955 0.61092585
102.907684 0.6135195
111.511734 0.61407286
118.52205 0.61368495
125.71553 0.6122352
131.94493 0.61373717
136.90053 0.6016789
142.57037 0.5977453
146.79271 0.5884971
150.2422 0.57325125
155.72699 0.5582237
160.85072 0.5384524
166.18202 0.52463806
173.1669 0.51959807
178.19731 0.5180227
181.99408 0.50770676
186.85556 0.4993706
193.28662 0.49675342
200.1913 0.49147812
205.99658 0.48740098
212.69588 0.48665717
218.16977 0.48374727
224.84848 0.4868886
229.67137 0.4869271
236.8927 0.48382956
244.00745 0.47775227
250.40182 0.47025898
256.36584 0.4666235
261.7767 0.46530604
267.56537 0.45863375
271.8591 0.45085037
276.33228 0.44302857
280.18298 0.43651745
285.6669 0.42758
290.91733 0.41937095
295.4486 0.41254377
300.0673 0.40581712
304.6556 0.39935496
311.1014 0.39062673
315.00894 0.38552403
322.219 0.37645957
328.02765 0.36946902
333.61993 0.36298582
339.93146 0.35594314
344.8408 0.35295194
349.86652 0.34844318
354.3269 0.34387407
358.33005 0.33987632
363.74527 0.33461705
367.43896 0.32824978
372.1668 0.3239265
377.2173 0.31385964
379.99893 0.29434454
381.2335 0.27632833
379.8295 0.2602275
378.33047 0.2449056
375.5344 0.23385103
370.42734 0.22248171
365.4595 0.2115759
360.5176 0.20033649
354.0589 0.19181253
350.05377 0.18103811
343.53726 0.16972919
336.78488 0.15806042
330.36398 0.15043569
324.10223 0.14712867
316.90405 0.14412062
310.29608 0.13745247
304.0951 0.13147649
297.55103 0.12054978
290.51273 0.11308733
285.04138 0.107299425
279.86893 0.10210974
272.72433 0.087354444
266.41827 0.07435629
258.96667 0.06390154
252.86319 0.057527777
246.82158 0.05488267
239.0943 0.056658298
233.11203 0.058113914
226.15266 0.059904356
219.11201 0.057263307
215.02437 0.050258182
207.9387 0.041097403
201.906 0.037373256
194.91893 0.038713597
186.16086 0.035164267
181.89876 0.030492311
176.90033 0.021691397
172.8452 0.010554963
166.99529 0.0032908805
159.12639 -0.012834788
154.88553 -0.022259092
150.93037 -0.034333628
146.96992 -0.04208588
138.98563 -0.046387948
132.49144 -0.048663452
126.22281 -0.051082287
119.15672 -0.054114386
115.07637 -0.05603514
111.031265 -0.05142343
106.30675 -0.05124909
102.061325 -0.043581065
95.74607 -0.046457607
89.15054 -0.038678244
82.05328 -0.02983942
77.96546 -0.022070296
70.947334 -0.0100870505
64.95886 -0.0069220667
60.551445 -0.007425919
55.69305 0.009867828
49.738384 0.031143302
44.225838 0.05764609
37.810318 0.06744104
31.827835 0.080142565
27.52649 0.066488884
22.977886 0.023919214
17.80368 -0.081469476
13.208274 -0.23611563
8.687932 -0.6774608
9.398832 -1.353253
13.359623 -1.7384799
17.105742 -2.016054
21.735115 -2.1523018
28.469927 -2.2505434
33.2987 -2.3299546
37.700783 -2.375636
41.643944 -2.4540374
46.036705 -2.510786
52.438423 -2.5053678
58.507153 -2.501965
68.001396 -2.4919403
74.25915 -2.4900124
79.39695 -2.4902627
85.17602 -2.4978366
89.76814 -2.5043795
94.203766 -2.514467
98.62179 -2.5327213
106.02788 -2.5354662
110.51294 -2.552497
115.5353 -2.581273
120.64225 -2.607617
129.41759 -2.614188
133.8832 -2.6163106
140.69754 -2.6176143
147.24702 -2.6198034
153.63864 -2.62422
160.14557 -2.6319842
165.79028 -2.636241
171.83797 -2.6415787
177.53795 -2.641508
183.34116 -2.6402173
190.49951 -2.636934
196.61926 -2.635931
203.79144 -2.643431
209.76573 -2.653472
214.07915 -2.6641405
220.19937 -2.6682978
226.41531 -2.6724365
233.22752 -2.6789074
237.2575 -2.6826544
241.2975 -2.686276
246.63176 -2.6879034
252.8115 -2.6832368
259.74738 -2.6792126
264.46387 -2.6787713
269.00348 -2.6787543
274.10413 -2.6799405
278.31458 -2.6835372
283.282 -2.6881683
287.32132 -2.6911323
292.54056 -2.6954763
300.4573 -2.7002196
309.84427 -2.7038298
314.58377 -2.7073715
318.84784 -2.710117
323.16968 -2.7162657
326.9989 -2.7215638
335.27008 -2.732555
338.95465 -2.7372625
346.2745 -2.7462904
349.6066 -2.753354
354.49747 -2.7642572
357.75082 -2.773922
361.71286 -2.7899053
365.3926 -2.8023043
368.72626 -2.8197749
370.6768 -2.8384852
373.06152 -2.854541
377.5514 -2.868399
381.81717 -2.8842802
384.8586 -2.9038408
384.30603 -2.921449
383.45175 -2.9316373
382.63458 -2.9419067
377.94128 -2.9535797
372.55524 -2.961726
366.89865 -2.9671416
359.6156 -2.9748418
352.69708 -2.988827
349.47446 -3.001843
345.12973 -3.014644
339.4732 -3.030267
332.22653 -3.0430415
325.07166 -3.047857
318.66742 -3.0522656
311.68634 -3.0590858
305.22562 -3.0671737
297.22638 -3.0786703
288.35233 -3.090531
283.23972 -3.0941255
278.9403 -3.0969794
273.62204 -3.103422
267.07727 -3.112227
262.77954 -3.1160707
258.74753 -3.1166818
250.78172 -3.1227636
246.73657 -3.1235702
242.71286 -3.127389
235.72318 -3.1312072
229.73332 -3.138506
221.73576 3.1391141
213.79846 3.1343486
206.76176 3.134102
200.51746 3.130156
193.87129 3.1232948
186.85132 3.1132724
180.93382 3.105412
174.66731 3.1041133
168.93182 3.1028404
162.69983 3.1013553
155.9734 3.099619
149.00157 3.0976536
144.93338 3.1016
140.88878 3.1076021
132.96318 3.1073928
128.91777 3.1063192
121.92595 3.1042955
115.04373 3.0869136
109.14559 3.0724177
102.649635 3.0680323
95.91896 3.0628603
89.212135 3.0569277
83.00143 3.0505755
77.37452 3.043936
72.05796 3.0367053
67.105255 3.028932
61.17375 3.0179548
53.549366 3.0002406
49.53917 2.9887116
43.370106 2.9667556
36.72935 2.9347224
30.943792 2.8953094
26.816854 2.856423
19.500607 2.7443619
15.879926 2.6465454
10.28462 2.318084
7.7414455 1.7970592
8.200159 1.1680747
11.124228 0.62900805
15.272898 0.3715974
19.352846 0.19746979
25.825502 0.033998866
32.517902 -0.059956335
37.332325 -0.08554821
43.389626 -0.14325587
49.00812 -0.15248656
54.396595 -0.21190882
62.80272 -0.24436723
69.393166 -0.2688977
75.208626 -0.28556806
79.51086 -0.28601485
85.428474 -0.30839014
90.932144 -0.33513367
99.69971 -0.35786912
105.27157 -0.37821928
113.70751 -0.3966327
120.41351 -0.41149086
127.295685 -0.42226213
135.04247 -0.428755
142.1012 -0.4352578
147.29721 -0.44303218
154.36415 -0.4505194
160.1187 -0.4621611
165.66551 -0.46888053
172.41466 -0.47523776
178.11797 -0.47925875
184.86482 -0.49078313
191.69963 -0.49390742
196.14526 -0.49038583
203.72205 -0.5007608
209.579 -0.50893456
217.24553 -0.524813
223.00612 -0.5369846
228.91602 -0.5455722
235.27011 -0.55453455
240.8742 -0.56071603
246.16447 -0.5700387
255.39038 -0.579356
260.11575 -0.58592755
264.2167 -0.5938492
268.95877 -0.5999683
275.1551 -0.6119755
282.1893 -0.61953
289.23828 -0.62856174
296.45056 -0.63903886
300.46417 -0.64578426
304.48877 -0.6523478
313.12643 -0.6633954
321.5701 -0.6705226
329.7872 -0.6776593
336.86234 -0.68470174
344.4086 -0.6920737
349.89014 -0.6986093
355.66196 -0.7037633
363.70377 -0.7106899
368.4224 -0.7192937
374.52768 -0.72974926
378.08478 -0.74020654
381.64594 -0.75036526
382.88358 -0.7680791
381.5838 -0.78695005
378.79648 -0.79813045
375.54538 -0.81090647
372.89053 -0.8263046
371.52078 -0.8383231
369.23642 -0.853423
365.7782 -0.8643282
359.01807 -0.8702399
354.24637 -0.880909
351.0881 -0.8918841
346.59628 -0.8999112
339.13077 -0.90873235
333.10873 -0.917384
327.0944 -0.9263616
319.4899 -0.93196887
312.09702 -0.9382855
305.15567 -0.9459267
299.1525 -0.9509778
293.0325 -0.9612656
285.5789 -0.96958584
279.46793 -0.97622955
271.13657 -0.9821612
265.0703 -0.9894404
258.7373 -0.991712
253.57904 -0.9938121
246.51007 -0.99329865
240.51135 -0.992551
232.09428 -0.99394447
226.27869 -0.9929958
220.46469 -0.9919955
212.03535 -0.9942809
205.50842 -0.9966978
198.58382 -1.004175
191.72893 -1.0121226
184.50778 -1.013284
177.31458 -1.0145038
170.15617 -1.015779
163.73672 -1.0205363
158.13232 -1.030083
151.78337 -1.0490557
145.45746 -1.0557607
138.31114 -1.0594705
131.99612 -1.0673594
125.88353 -1.0769917
120.292816 -1.089477
114.00114 -1.1003066
108.99895 -1.1255739
103.51386 -1.1351736
96.45552 -1.1464791
89.35479 -1.1596007
82.66161 -1.163837
76.26506 -1.15991
71.27409 -1.1446352
66.45124 -1.1574371
59.801125 -1.1630139
53.812325 -1.175454
47.794926 -1.1510988
41.958935 -1.1148003
36.72094 -1.0974876
32.469765 -1.0738183
25.995207 -1.0594193
19.83476 -0.99915135
15.218763 -0.97001785
9.323192 -0.8005453
5.237337 -0.53915435
4.0515637 0.53003985
7.3164554 1.607289
13.751283 1.8278213
19.11585 1.9041975
24.723879 1.9428897
30.636738 1.9824721
37.34712 1.9917842
43.754333 2.0263271
50.460052 2.027404
56.210392 2.0357137
61.14238 2.0502603
66.541336 2.0424616
72.35719 2.047988
79.16395 2.0493467
84.425964 2.0407715
90.19998 2.045166
96.69962 2.0455742
103.40961 2.04484
108.85954 2.0422106
113.902855 2.0468698
119.734 2.0500333
124.30975 2.0510192
130.99797 2.050214
137.2178 2.0512598
142.4996 2.0556571
147.61606 2.0594933
155.10869 2.0694718
161.03554 2.0722027
168.08577 2.0746875
173.70113 2.0840156
181.7204 2.0963008
187.92827 2.105066
193.63475 2.10972
200.85817 2.114293
205.67613 2.1129918
211.53389 2.112975
217.84097 2.1201456
225.91777 2.1262298
232.44427 2.128981
239.35413 2.1356437
246.67001 2.1370618
253.74724 2.1369355
259.70023 2.1497371
264.11673 2.1613863
269.81808 2.1728554
274.52194 2.1799493
280.29495 2.1906948
285.05948 2.19776
293.0328 2.2058182
301.40887 2.2142303
308.14896 2.2178655
313.7097 2.217549
319.65063 2.2239792
325.34103 2.225206
331.64926 2.226633
336.28955 2.234778
340.4933 2.2433655
345.39706 2.2500963
348.91342 2.2597084
352.81534 2.2696607
358.5108 2.2749894
362.6292 2.2823572
365.69553 2.2898173
368.68573 2.2983537
372.34854 2.3133101
374.27686 2.3267236
376.9576 2.3380635
377.87585 2.3552477
376.74442 2.37343
374.71378 2.3837402
370.07553 2.397078
365.285 2.4073334
361.16843 2.420051
355.19836 2.4307063
351.58292 2.438329
345.11407 2.4480956
340.47885 2.4589007
334.54547 2.4713438
328.64902 2.4843001
321.38345 2.4958773
315.3799 2.4996903
307.20346 2.5081942
298.47812 2.519873
290.32483 2.5294578
282.66412 2.5372407
277.21582 2.5455298
268.36185 2.5491815
260.32526 2.560765
252.89043 2.5697331
245.43124 2.5792863
238.55486 2.5858376
229.9606 2.5882747
223.19264 2.5863411
215.99866 2.5874424
208.27739 2.5927002
200.96733 2.6007533
195.18086 2.6044304
188.5663 2.609469
181.99776 2.6188307
176.77638 2.622643
169.49916 2.6265888
163.30464 2.619167
156.62619 2.6166987
148.8487 2.6158798
140.78984 2.6155133
133.09805 2.625363
125.42897 2.6364224
116.887726 2.6448767
111.32325 2.6584687
102.56433 2.6577163
94.50534 2.6607358
86.47264 2.6643224
78.37692 2.642395
71.30359 2.62009
63.339733 2.6170523
56.212856 2.5885606
48.271057 2.579481
41.08085 2.5840805
34.55988 2.6027098
28.684599 2.6060414
22.213293 2.5850954
16.087591 2.5750575
12.401071 2.3815958
15.23466 1.9541204
20.62164 1.7905048
25.723852 1.7464143
31.643795 1.7133088
37.920727 1.7161661
42.941784 1.7414358
50.037846 1.7412802
54.972935 1.7258452
59.917263 1.7129598
65.856346 1.7000636
69.73519 1.6810744
74.45649 1.6715709
79.64787 1.6649823
84.52251 1.6714052
89.68213 1.665599
95.535645 1.6682111
100.72686 1.6651328
106.33303 1.6601455
110.663994 1.6475849
118.39159 1.6378629
118.39159 1.6378629
