Mouse
48
130.79163 1.8934958
134.65508 1.8605851
138.2185 1.8453817
142.77887 1.8291442
147.61847 1.8204906
152.46841 1.8123869
157.32776 1.8047833
162.19565 1.7976358
166.09561 1.7922196
170.76651 1.780076
175.2675 1.7629863
179.99486 1.7522267
186.71304 1.7401937
191.17348 1.7203152
196.69753 1.7006884
200.4204 1.688208
204.28094 1.6810527
209.14624 1.6736697
212.8441 1.6577189
218.66226 1.6462245
223.5099 1.6356158
227.38315 1.6256989
231.32545 1.6204337
236.27296 1.6151564
241.22678 1.6100959
246.15413 1.601179
250.12442 1.596697
252.0527 1.5806264
249.04518 1.5646836
245.06584 1.5564228
241.15788 1.5395987
239.31807 1.5226312
235.4292 1.5133277
230.49846 1.5077505
225.50862 1.5063536
221.51707 1.5051907
217.46136 1.5085734
213.46925 1.5074083
209.54436 1.5014364
204.79152 1.4851297
200.31073 1.4581211
197.82649 1.4363227
193.6237 1.4072664
190.19977 1.388279
185.66808 1.3727975
181.1831 1.3565454
176.74841 1.3394731
172.12392 1.327158
166.30742 1.3184546
162.43716 1.3123064
156.64401 1.3025151
152.79077 1.2955755
148.94528 1.2882771
144.15024 1.2786074
140.32451 1.2703964
136.50877 1.2617257
132.70389 1.252557
138.07901 1.2501302
144.10204 1.2347231
148.8753 1.2245598
153.07932 1.2066299
156.4021 1.1872853
162.01286 1.1679025
168.09152 1.1443938
172.494 1.1304737
177.36867 1.1121811
183.18896 1.0973734
189.46709 1.0906155
194.40225 1.0864336
201.16628 1.076011
206.11241 1.0724167
211.93835 1.0712603
218.73155 1.0621443
225.04904 1.0574404
231.37126 1.0529935
236.33264 1.0503411
241.79665 1.044215
247.62706 1.0438892
254.46962 1.036786
261.32434 1.0300552
266.29846 1.0281292
271.27353 1.0262737
276.77036 1.0213981
282.2735 1.0167123
287.25388 1.0151579
294.14355 1.009683
299.66135 1.0054845
305.72452 0.9986829
312.63895 0.9938955
318.44406 0.98324144
322.33362 0.97635245
328.45322 0.97056127
332.37006 0.96402895
337.69412 0.95693123
344.20178 0.94532764
348.17123 0.93937707
352.74863 0.93128234
358.55832 0.91894627
362.5802 0.9135225
366.61255 0.9082179
371.89673 0.89880615
374.4 0.8904451
377.70178 0.8838781
380.89218 0.87372804
383.47232 0.8657302
386.0767 0.8578398
388.70474 0.85005563
390.61038 0.8406722
387.5734 0.83014524
383.89807 0.8213567
379.5659 0.81431156
375.22498 0.803336
371.6428 0.7939948
368.8008 0.7863917
365.27884 0.7767222
362.4863 0.7688518
359.02774 0.7588425
356.28723 0.7506959
353.57074 0.7424234
350.8788 0.73402345
348.21204 0.72549427
344.9148 0.7146483
340.13632 0.7073985
336.7853 0.7003008
331.40573 0.69034606
326.83823 0.6781399
322.77673 0.6723765
318.72623 0.6664665
314.0747 0.65788996
309.2579 0.65358675
303.84357 0.64652574
299.2481 0.6372154
294.67938 0.62761545
289.32404 0.6197159
285.3804 0.6123763
280.8852 0.6019028
276.9803 0.59408766
271.9917 0.57992333
267.5967 0.5683885
263.76807 0.5596894
258.91895 0.5441523
254.63997 0.53141856
251.76804 0.5197345
249.80557 0.505836
247.8921 0.49172023
252.71637 0.4681756
256.29233 0.46113265
259.44333 0.4508204
263.9528 0.44256684
269.38696 0.43302816
273.02292 0.42688033
277.58197 0.41942242
281.23996 0.41363043
290.42447 0.39979035
295.96054 0.39189953
299.66116 0.38680115
304.6705 0.38365012
308.38336 0.37879503
312.47006 0.37703454
317.12424 0.37122977
320.85504 0.36670732
326.81693 0.36298123
330.55936 0.3586847
336.1841 0.35241947
340.88116 0.34735656
345.58676 0.34243137
349.3571 0.33858684
353.46234 0.3374965
356.26755 0.3258329
359.12045 0.3143531
362.01996 0.3030557
364.9649 0.29193923
367.95422 0.28100204
370.98685 0.27024242
373.8062 0.25707296
376.68945 0.24410287
377.45944 0.22996804
377.54385 0.21904819
378.65173 0.2075888
378.82825 0.19671236
378.0668 0.18633609
377.17252 0.17330866
376.34253 0.16022153
374.5881 0.14747006
373.0307 0.13725719
368.6658 0.13068078
365.18765 0.12089123
359.87018 0.11429125
354.46298 0.10468871
349.18552 0.097640574
344.01767 0.093271464
338.85654 0.088769175
333.62 0.08114089
327.40613 0.07349338
323.27457 0.0682319
318.15414 0.063031726
313.0426 0.05766157
307.9404 0.0521133
302.848 0.04637826
298.80704 0.043655835
293.72992 0.037596203
289.66345 0.03121552
285.63553 0.028153324
281.58713 0.021453362
275.56845 0.018292401
270.53943 0.011238995
266.53015 0.0076559717
260.5241 -0.003682864
255.52985 -0.007668348
251.5535 -0.015740732
246.55412 -0.016059933
239.59647 -0.024875524
234.62558 -0.029666388
229.62782 -0.03031226
224.66338 -0.035435855
220.70427 -0.04060608
216.70763 -0.041355383
210.7578 -0.047273144
206.81293 -0.053017035
202.81865 -0.05406215
196.88591 -0.06078058
190.96259 -0.06791613
187.04398 -0.07470149
182.13771 -0.08222538
172.26321 -0.0927789
167.28537 -0.095548
162.41025 -0.10461438
157.54932 -0.11424104
153.57607 -0.11721007
149.72757 -0.12696731
145.8941 -0.13723835
142.07683 -0.14806248
137.45341 -0.16782121
133.68687 -0.1801944
130.13779 -0.200824
126.64715 -0.22260049
124.687775 -0.25920895
125.772484 -0.28995478
130.47472 -0.30322313
136.1493 -0.31328687
142.16829 -0.30697182
146.28369 -0.3052256
152.27219 -0.3204133
158.62419 -0.3404036
161.87465 -0.35957235
167.04266 -0.3735614
173.5456 -0.38987195
180.09134 -0.40500063
184.55598 -0.40642095
189.41975 -0.4126206
193.8862 -0.41379705
198.3529 -0.41492054
204.1393 -0.41849583
209.01625 -0.42383304
215.22475 -0.4312198
220.11504 -0.4360057
224.53606 -0.4465112
228.9809 -0.4566099
233.4482 -0.46632308
237.04814 -0.47760245
239.7948 -0.49050027
243.06415 -0.5067083
247.63681 -0.51495224
251.35982 -0.5248835
253.38791 -0.53854495
253.76173 -0.5561198
250.90987 -0.5679207
246.70941 -0.57882196
242.26883 -0.59582597
238.96863 -0.60521966
235.69011 -0.6148756
232.43417 -0.624803
229.20181 -0.63501143
224.59369 -0.6446328
220.80135 -0.6518987
216.84789 -0.66588813
212.31078 -0.67673296
206.39224 -0.68738395
203.31645 -0.6998676
198.97127 -0.7051278
193.981 -0.7067152
189.10532 -0.7009302
184.76147 -0.70661986
179.88606 -0.7005358
174.13217 -0.7058745
169.03831 -0.71605825
164.71167 -0.722839
160.393 -0.7299853
156.7572 -0.74224824
152.41942 -0.75958794
148.14743 -0.7683918
144.59102 -0.7826455
136.84827 -0.8083272
129.20656 -0.8370676
125.80635 -0.8553593
127.73292 -0.89877725
130.88687 -0.91780454
134.08598 -0.9359302
137.90857 -0.94729394
141.74799 -0.95804346
146.17201 -0.9625884
151.169 -0.9614214
156.16618 -0.96032894
160.59154 -0.9644029
165.01941 -0.9682583
169.44962 -0.97191215
173.88196 -0.97537977
178.87634 -0.9740362
182.19885 -0.9863739
186.93063 -0.9966697
191.37614 -0.9992461
195.28581 -1.0060192
199.20409 -1.0125262
203.98262 -1.0213526
208.43866 -1.0231912
213.75069 -1.0273815
219.06628 -1.0313685
228.33844 -1.0403413
232.8008 -1.0416237
239.495 -1.0434577
243.45755 -1.0481764
247.42534 -1.0527438
250.9083 -1.0606382
256.2492 -1.0633553
261.59195 -1.0659614
268.21414 -1.0753212
280.21417 -1.0862635
289.46893 -1.0949612
294.60675 -1.0999429
301.4312 -1.1076157
305.45786 -1.1105376
309.48706 -1.1133837
313.9808 -1.1204164
322.53278 -1.1297722
327.06253 -1.1362997
336.3135 -1.1455452
344.6564 -1.1530261
353.2987 -1.1607746
357.36642 -1.1626701
361.04138 -1.1670673
364.72318 -1.1713758
368.02777 -1.1781058
371.34872 -1.1847157
375.61465 -1.1921948
378.6068 -1.2010084
381.62796 -1.2096832
382.1116 -1.2213256
383.26102 -1.2362638
383.86246 -1.2478174
384.51498 -1.2593334
384.26306 -1.2700398
384.05527 -1.280759
382.9305 -1.2907686
381.84433 -1.3008362
378.8646 -1.3096039
374.9461 -1.3178443
370.3275 -1.3229842
365.71893 -1.328254
360.65616 -1.3390483
357.8074 -1.348645
354.9921 -1.3583947
351.23157 -1.3677269
346.7153 -1.373875
342.21246 -1.3801852
337.90814 -1.3837541
333.42734 -1.3903639
328.7902 -1.4001491
324.5112 -1.4041295
320.07718 -1.4112992
315.66003 -1.4186699
311.26056 -1.4262495
307.0174 -1.4308193
302.64758 -1.4387909
298.4227 -1.4436703
292.97485 -1.4550496
288.66617 -1.4637725
284.38007 -1.472759
280.20807 -1.4784651
274.88312 -1.491278
270.67065 -1.5011529
266.54672 -1.5075939
262.37955 -1.5180421
258.2419 -1.5288265
256.10574 -1.5441042
254.03035 -1.5596352
252.01721 -1.5754182
252.06744 -1.5912875
254.1798 -1.6068605
258.35016 -1.6217756
262.453 -1.6286095
266.56775 -1.6352328
271.6913 -1.6413938
275.9884 -1.6548291
280.14706 -1.6607447
284.51328 -1.6734843
289.6957 -1.6785825
295.11707 -1.6902355
300.32294 -1.6948638
304.54337 -1.6997552
309.76193 -1.7040824
315.12473 -1.7114094
319.6639 -1.7220455
324.23828 -1.7323828
328.677 -1.7394334
331.33963 -1.7503215
336.19443 -1.7628306
341.10037 -1.7749819
343.88785 -1.7851927
346.71057 -1.7952385
350.5405 -1.8044586
354.39954 -1.8134787
358.52264 -1.8135052
362.8874 -1.8162059
368.47034 -1.8208069
373.09314 -1.8259453
377.01843 -1.8342031
380.00565 -1.842996
383.3001 -1.8541577
385.97665 -1.8683589
387.16833 -1.8782364
388.39752 -1.8880525
388.717 -1.8986319
389.07996 -1.9091928
385.98413 -1.9175209
382.5689 -1.9235324
378.2316 -1.9305804
374.49036 -1.934341
371.47757 -1.943202
368.12332 -1.9496859
363.85846 -1.9573222
360.53873 -1.9640737
357.23575 -1.9709502
353.95 -1.9779547
350.2806 -1.9824768
347.02408 -1.9897302
343.78616 -1.9971205
340.56738 -2.004651
337.36826 -2.0123246
333.75626 -2.017446
330.15317 -2.0226793
326.55933 -2.028028
322.0805 -2.0348814
318.5086 -2.0405028
314.4905 -2.0434241
309.58652 -2.0479004
306.03873 -2.0539024
302.03354 -2.0571225
297.1494 -2.0620117
293.1524 -2.0654402
288.76147 -2.0736601
284.77664 -2.0773528
280.79584 -2.08115
275.45688 -2.0836813
271.48306 -2.0877016
267.01736 -2.0885932
263.0491 -2.0928166
257.71887 -2.0957637
252.391 -2.0988355
248.43465 -2.1034706
243.97336 -2.104735
238.65288 -2.1081836
234.7078 -2.1132474
229.39473 -2.1170325
224.93814 -2.1186726
220.48218 -2.1203792
215.1757 -2.1245904
210.72212 -2.126501
206.80031 -2.132597
202.35017 -2.1347628
197.05782 -2.1397483
191.77066 -2.1450088
187.87372 -2.1521046
183.43326 -2.1549666
178.99437 -2.1579704
170.95164 -2.1611762
165.68845 -2.1679475
160.43333 -2.1751628
156.00667 -2.1791835
152.1599 -2.1888156
147.74254 -2.19347
142.52037 -2.2025313
139.31238 -2.2194881
134.9191 -2.225587
131.14769 -2.2381134
127.39808 -2.2513797
124.314735 -2.271628
126.184166 -2.3009708
130.35268 -2.3136003
134.50464 -2.3359547
138.01393 -2.351841
141.55632 -2.3669357
145.1294 -2.3812904
148.73093 -2.3949528
153.03026 -2.4031131
156.67357 -2.4155798
161.75078 -2.4268556
166.08641 -2.4335456
171.0763 -2.4354308
174.77827 -2.445929
178.49872 -2.4559906
184.27026 -2.4605687
189.42079 -2.4689844
193.96884 -2.4810119
197.74797 -2.4894302
202.34114 -2.5004997
206.958 -2.5110765
211.36932 -2.5145907
216.01544 -2.5244226
219.86136 -2.5312424
223.71715 -2.5378275
230.62682 -2.547921
235.33891 -2.5562842
239.22949 -2.5620372
244.27184 -2.5754895
250.208 -2.5904953
253.62444 -2.5987537
252.44518 -2.6143677
250.45648 -2.6281703
248.51627 -2.642191
246.62567 -2.6564295
243.895 -2.6690257
241.20392 -2.6819048
238.55373 -2.6950727
235.94583 -2.7085335
231.55632 -2.7187767
228.10864 -2.7311707
223.77544 -2.7422123
217.6205 -2.7502124
211.85596 -2.7542994
207.02306 -2.7604198
201.268 -2.765014
196.8132 -2.7669897
191.06465 -2.772027
185.32124 -2.777377
178.29713 -2.7863524
173.85193 -2.7891357
169.0683 -2.797622
163.9715 -2.8123615
159.22389 -2.822069
154.4922 -2.832372
149.48715 -2.8497188
144.80331 -2.861612
140.14134 -2.8742983
136.22589 -2.8968039
133.35934 -2.9222722
129.60175 -2.947363
127.902954 -2.9765437
131.85022 -2.9815283
135.8006 -2.9862227
139.75378 -2.9906518
143.70956 -2.9948373
148.65761 -2.9997556
152.6185 -3.0034606
156.4503 -3.013312
160.41824 -3.0165021
164.04951 -3.03769
168.74776 -3.0584466
174.5787 -3.0727181
179.50305 -3.0801928
184.43687 -3.087268
188.3806 -3.0937216
192.37611 -3.0947165
196.32845 -3.1007593
200.28766 -3.1065633
205.25294 -3.1122854
210.22461 -3.1177373
215.18591 -3.1275833
220.16713 -3.1369846
225.16695 3.137216
229.1734 3.1329288
233.17325 3.1330776
239.18343 3.1291103
243.19745 3.125204
248.21487 3.121506
253.23553 3.1179545
257.23444 3.118322
261.25818 3.1148517
266.28455 3.1115997
270.31418 3.1083457
274.3466 3.1051874
278.34396 3.1057103
282.37854 3.1026795
287.45825 3.0964038
291.5005 3.0935967
296.54367 3.0910373
301.58875 3.0885637
306.69263 3.0829158
311.80597 3.077453
316.92828 3.0721664
320.98883 3.069923
327.1204 3.065138
331.26578 3.0600405
335.41953 3.0550692
339.58142 3.0502195
343.75107 3.0454874
349.23672 3.03261
354.90106 3.017336
359.38275 3.0076709
364.1883 2.9928093
367.76486 2.983262
372.19513 2.976997
374.84097 2.967344
378.5045 2.9583101
380.23526 2.9484458
382.98224 2.9391978
383.80627 2.9289885
385.64554 2.9193969
386.54672 2.909303
386.75818 2.8961267
384.84775 2.8841498
381.23935 2.878942
377.64148 2.8736346
373.78574 2.8708012
370.20456 2.8653083
364.71417 2.8581827
360.87546 2.8550832
357.32724 2.849235
353.49884 2.845974
348.06094 2.8382032
344.5491 2.831965
340.7415 2.8283882
337.25125 2.8219128
333.4563 2.8181431
329.989 2.811417
324.65018 2.8025112
321.21863 2.7954333
317.45877 2.7911582
313.11722 2.7826765
306.0012 2.7704332
302.08945 2.75826
298.76358 2.7501483
294.53693 2.740533
287.59058 2.7264717
284.34485 2.7175798
281.12213 2.7084837
277.0198 2.6976318
273.84964 2.68806
270.70514 2.6782653
267.13284 2.671573
264.49683 2.6579819
261.91068 2.6441195
259.37585 2.6299834
258.41315 2.6055315
258.77518 2.588294
260.05603 2.5731864
262.23087 2.5603306
265.27765 2.5497983
270.0039 2.5437012
273.09583 2.5336561
276.79507 2.520892
279.14044 2.509235
283.1253 2.502014
287.92325 2.497086
292.32358 2.4998379
297.12445 2.4950979
301.137 2.488496
303.5842 2.4780314
306.68912 2.4651875
311.119 2.447641
315.6419 2.430592
319.01886 2.4231372
327.3419 2.4083078
338.5761 2.3907194
345.83182 2.3829226
358.15262 2.3750784
368.22568 2.3639514
375.28845 2.3600368
376.7103 2.3487601
377.48657 2.3356616
378.32733 2.3226192
376.34314 2.3130405
376.71445 2.2942865
377.75815 2.2813241
376.69025 2.2698116
374.26508 2.2578657
371.74084 2.2495468
370.02682 2.239436
365.91718 2.2205856
361.1332 2.2029467
358.78418 2.193952
354.36954 2.1959567
349.59918 2.191701
344.83533 2.1873274
340.07828 2.1828315
335.08078 2.182362
331.1535 2.17594
325.5899 2.172825
318.63998 2.1687787
311.13712 2.161888
304.2022 2.1573997
299.49423 2.1518214
294.50415 2.1507614
289.80774 2.1448886
284.27917 2.1407151
279.60056 2.1344593
274.40576 2.124898
269.23703 2.1149685
263.74744 2.1098447
259.12646 2.10254
254.02081 2.0915623
247.69539 2.0875976
241.75888 2.0777917
237.20282 2.0691907
232.25648 2.066078
225.48999 2.0571072
219.63171 2.0454926
212.91022 2.0353389
207.99197 2.0310597
202.63956 2.0221422
197.73389 2.017313
192.83307 2.0122385
185.70226 2.0065675
180.8127 2.0008645
174.60716 1.991981
168.01881 1.9769892
162.7773 1.9641242
156.63614 1.9527713
150.15839 1.9342839
145.3597 1.9247774
140.2411 1.9079094
134.53539 1.8991584
127.89168 1.8920839
122.83336 1.8972137
122.83336 1.8972137
