Mouse
13
299.85266 2.0080872
301.5684 2.0201032
304.27063 2.0525675
305.2642 2.0656977
308.62366 2.099359
311.21594 2.1266642
313.58304 2.1446009
312.7369 2.169395
313.63116 2.206524
315.33975 2.2353182
318.04916 2.2612116
318.3228 2.2769024
317.8409 2.2990816
316.05603 2.3256328
314.54086 2.3389778
313.79602 2.3637254
313.1654 2.379548
311.25934 2.4001489
310.06274 2.4140198
308.38074 2.4350212
308.10602 2.4512177
304.8161 2.4802542
303.96936 2.4946806
301.4227 2.5172126
299.9201 2.5299828
298.7326 2.5475311
296.7999 2.5633779
295.47693 2.5765646
295.05786 2.591644
294.55545 2.6143353
292.94357 2.6308038
292.7669 2.6460629
292.65848 2.6613367
292.61838 2.6766183
292.25998 2.7026324
291.18405 2.7273147
290.51776 2.7413046
289.35693 2.7694638
288.08255 2.8013394
287.3949 2.8190672
286.5772 2.8514657
286.32358 2.8802407
286.28574 2.8946414
285.85303 2.915851
285.54922 2.9371157
285.19434 2.9618635
285.49283 2.9762752
285.5566 2.9975784
286.86606 3.0158293
287.16992 3.0369961
288.51724 3.0618517
289.9378 3.093349
291.7097 3.1142256
293.6074 -3.1347203
294.70953 -3.1143837
296.93155 -3.0943663
298.27295 -3.07443
299.91202 -3.0480363
301.30646 -3.0351286
301.8787 -3.0186586
302.39526 -3.0055304
302.96375 -2.992449
303.91324 -2.9729245
304.61023 -2.959979
306.36368 -2.9310813
307.6734 -2.9120095
307.91208 -2.8820646
309.23297 -2.8664365
308.63684 -2.8388467
308.9023 -2.8255208
307.65762 -2.8070421
304.64307 -2.7861488
301.57825 -2.7574608
300.0845 -2.7264955
299.35455 -2.6997056
299.3201 -2.6623535
298.62338 -2.638346
298.604 -2.6113462
298.60162 -2.5918186
298.7131 -2.5722978
299.21774 -2.5574346
298.13855 -2.5388424
298.55847 -2.5193489
297.49176 -2.4958935
298.1609 -2.476444
298.80316 -2.4523802
298.76642 -2.4215224
298.4505 -2.4026077
298.24158 -2.3836596
298.8418 -2.3623056
298.86075 -2.3433769
298.2584 -2.3267515
297.73874 -2.3100636
297.3023 -2.2933218
296.42133 -2.2692122
295.55997 -2.2497282
295.4251 -2.2328131
293.77924 -2.219981
293.79337 -2.2029617
293.89258 -2.185949
294.9037 -2.1670432
294.63583 -2.1472824
295.8608 -2.128577
296.16644 -2.1042376
296.55374 -2.0724301
297.2626 -2.04826
298.1298 -2.0317185
299.55383 -2.0108283
301.5159 -1.9931738
299.89838 -1.9810078
299.02795 -1.956871
298.68808 -1.9357388
297.20395 -1.9125341
296.51346 -1.8955156
295.9092 -1.8784225
294.8252 -1.854765
294.42813 -1.8375106
295.33572 -1.8226602
294.8712 -1.8021078
294.74234 -1.7848169
296.28152 -1.7595766
296.54172 -1.745694
296.7002 -1.7285118
297.79837 -1.7075577
299.26434 -1.6934048
301.28467 -1.6625342
302.7892 -1.6421952
304.3218 -1.6155022
304.1693 -1.6023644
304.05255 -1.5859274
304.018 -1.5694821
304.13376 -1.5431749
304.45975 -1.5169059
304.78137 -1.4999945
305.48547 -1.4727315
307.5 -1.4436494
308.03275 -1.4307683
308.92734 -1.4115351
309.7596 -1.3955972
310.67014 -1.3797487
310.88715 -1.3601881
309.7978 -1.3462118
309.97833 -1.3297675
309.53256 -1.3094
309.90045 -1.2929792
310.0632 -1.2796884
310.28067 -1.2664138
310.55273 -1.2531602
309.3167 -1.234774
308.77936 -1.220408
308.66412 -1.2029684
307.34082 -1.1873133
307.01508 -1.172793
305.83832 -1.156934
304.7391 -1.1409566
304.15085 -1.1219013
301.88986 -1.0997905
300.25357 -1.0744239
298.31522 -1.0517018
297.3899 -1.0304294
297.44675 -1.0108248
297.07135 -0.9940517
296.77975 -0.9772409
297.72308 -0.9548972
298.21945 -0.9353991
298.0363 -0.9139297
296.58453 -0.8929533
296.03073 -0.8739535
296.33936 -0.8571042
295.9168 -0.83326787
295.01453 -0.81662303
295.5813 -0.79024327
294.93903 -0.76388
295.7936 -0.7472008
295.39908 -0.7255798
295.906 -0.70172393
295.02567 -0.68221503
295.0473 -0.6605119
294.40564 -0.64084744
293.8783 -0.6211048
294.29105 -0.59937656
293.1689 -0.581445
293.52142 -0.56444246
293.1052 -0.5492615
292.6079 -0.5264179
292.74762 -0.50650054
292.59015 -0.49122933
293.3902 -0.47438356
293.37625 -0.45914018
293.90717 -0.43936494
294.9614 -0.42276478
296.62262 -0.40185818
296.00647 -0.38809967
296.37756 -0.37305284
296.81558 -0.358047
297.32022 -0.34308875
297.89114 -0.32818452
298.528 -0.3133406
298.9377 -0.2953659
299.33826 -0.26367894
299.77182 -0.24261506
300.67056 -0.21115637
301.43414 -0.1903015
302.32816 -0.16956097
301.6789 -0.15649162
302.0712 -0.14289515
301.52756 -0.1297642
300.9214 -0.11328751
301.39258 -0.09642832
301.87128 -0.076324336
301.31866 -0.046538178
301.09918 -0.026631452
300.99402 0.0032633222
301.03366 0.016551193
301.12643 0.029833222
301.27228 0.04310473
301.5291 0.059672233
301.20343 0.0897017
300.15698 0.12016706
300.81323 0.13705376
301.62695 0.17680794
302.10614 0.2226729
303.41028 0.24092142
304.08902 0.27712837
305.7341 0.3067655
306.35388 0.33363464
307.687 0.34591833
304.38837 0.36385152
301.74747 0.37786072
301.39722 0.3926447
298.76233 0.41451222
297.66718 0.43087175
295.31848 0.4457595
293.4824 0.46393436
291.28195 0.47929043
289.15125 0.49487656
287.0918 0.5106902
286.47256 0.52799106
285.93942 0.5453616
284.64764 0.5646662
284.01553 0.5870766
284.44052 0.62023604
284.96472 0.6406343
285.786 0.65603906
285.89243 0.67352766
286.8575 0.6887762
288.6519 0.70167685
290.39682 0.7192737
290.81805 0.73641807
289.22784 0.7508305
288.3921 0.7678995
286.9409 0.79245496
286.34955 0.8146981
286.57104 0.8344307
285.0541 0.86701035
285.5709 0.88675463
284.7948 0.90701944
286.13794 0.92389107
286.97354 0.9434157
287.0977 0.96083
289.2574 0.97441936
290.1285 1.0012124
290.8703 1.0231062
291.39114 1.0401874
289.27307 1.0598277
287.26822 1.07975
286.2918 1.0937184
284.92636 1.1109197
284.9783 1.1266133
284.68637 1.1454921
283.97586 1.1597764
282.93872 1.1773893
283.48853 1.2009962
283.9425 1.2166777
284.13562 1.235625
283.79395 1.250095
282.9154 1.2713373
282.72086 1.2858998
282.76654 1.3116481
282.2606 1.3331047
282.1012 1.3511662
281.07562 1.3866718
281.1895 1.404805
282.46072 1.4630933
288.9794 1.5244192
292.74963 1.55258
300.71237 1.6092752
305.75613 1.6388848
308.1299 1.6546332
308.4906 1.6675543
306.26688 1.6912518
303.80014 1.70551
300.71213 1.7270701
299.3894 1.741308
296.34888 1.7602268
296.3521 1.777433
295.247 1.7920831
294.20575 1.8068402
293.4789 1.8249995
293.5459 1.8390452
293.9509 1.856349
295.99893 1.879042
296.60626 1.8961285
297.29987 1.9131403
297.72894 1.9269236
298.21445 1.9406648
298.58548 1.9618236
299.21332 1.9754571
298.983 1.9903895
299.24185 2.0083728
299.24185 2.0083728
