Mouse
33
218.48337 1.5759009
219.49948 1.5576537
223.69902 1.5265943
229.10356 1.4970303
233.41672 1.4812025
238.78076 1.466391
244.19487 1.4522332
251.63852 1.439739
255.86974 1.4340326
260.10904 1.4285119
266.7889 1.4131484
272.2066 1.4051477
276.65607 1.3968363
281.3068 1.3852924
285.0131 1.3734399
287.78024 1.3611726
290.58987 1.3491408
292.93863 1.329909
296.36057 1.311857
298.3733 1.2997557
301.28055 1.2782568
303.71332 1.2634423
306.8465 1.252989
309.06604 1.2417058
311.05698 1.2234508
312.44122 1.2114127
314.80243 1.200635
317.19962 1.190019
315.93796 1.1747355
316.58478 1.1618599
316.78357 1.1448665
317.97757 1.129247
315.2355 1.1180882
312.08707 1.1096005
308.55737 1.0893365
305.95972 1.0774884
303.40573 1.0654392
300.52545 1.0486492
298.24625 1.028662
294.70895 1.0094364
292.95703 0.9934983
291.28046 0.9773727
288.8612 0.9590823
287.13077 0.9376757
285.72107 0.9209271
285.01187 0.90126
283.0058 0.8819821
281.65643 0.8547337
281.32114 0.83467245
283.2411 0.81684846
287.3815 0.8016279
292.29556 0.78925854
295.1267 0.7796377
298.68182 0.7726037
303.64087 0.7704837
309.3883 0.7570445
314.45462 0.74625164
317.4032 0.737696
322.53275 0.72747827
326.19077 0.7216133
329.2043 0.7135866
332.2387 0.70570606
336.82812 0.69415265
339.91214 0.68662435
343.01508 0.6792318
347.70383 0.6683914
351.64157 0.65957946
355.00098 0.6487224
360.0099 0.63476115
368.10977 0.6186515
371.37567 0.6124051
374.6558 0.60626787
377.9498 0.6002373
380.41818 0.5863054
381.0371 0.56956583
380.91177 0.55426383
381.3899 0.5412057
381.93286 0.52818245
381.67053 0.51648927
382.3361 0.5035168
382.18393 0.49182427
380.7355 0.4790077
379.3501 0.46609533
377.12955 0.45425126
374.9625 0.44226858
373.26804 0.43258333
370.28702 0.42145604
367.7524 0.41264322
365.24683 0.40370882
362.77075 0.3946517
360.3249 0.38547087
356.61276 0.3745874
352.0093 0.36448625
349.66547 0.35481757
345.1345 0.34425253
341.91583 0.33521414
338.72565 0.32600474
334.30368 0.31470978
331.17905 0.3050941
329.04248 0.29441172
325.98398 0.28444928
322.68906 0.27131605
318.48407 0.2587151
315.3011 0.2450074
312.409 0.23413868
308.35898 0.220623
304.57367 0.20996353
300.8238 0.19903705
299.0758 0.18658736
296.21783 0.17125276
293.5875 0.15898812
291.0021 0.14650366
288.46292 0.13379738
286.9638 0.12044739
284.41675 0.103839085
282.86102 0.083106466
282.5571 0.068998426
282.30954 0.054862827
282.11847 0.040705245
283.95874 0.022824066
285.89554 0.008676459
290.88873 -0.005223568
295.93625 -0.018651959
299.93555 -0.018403227
303.95468 -0.021450467
308.1002 -0.037397433
311.32333 -0.05308703
313.5569 -0.06548778
315.83795 -0.07771126
317.1696 -0.0900403
319.5438 -0.101944916
321.0844 -0.11711993
322.69827 -0.13214658
323.24963 -0.14441334
323.8495 -0.15663649
323.51178 -0.16933197
321.25958 -0.18317905
319.06985 -0.1972189
313.2481 -0.21725126
307.7941 -0.24119093
304.90375 -0.2570643
301.5581 -0.26685116
298.51688 -0.28007892
294.5719 -0.29455894
291.643 -0.30838472
288.14337 -0.31590503
284.98 -0.3269367
280.90894 -0.33939576
276.88275 -0.35221922
273.48312 -0.36069715
269.17136 -0.37072915
264.88754 -0.3810867
259.32755 -0.38969207
255.09798 -0.40076467
251.41977 -0.40697142
248.1549 -0.41705257
243.51657 -0.43454295
240.32329 -0.44532466
236.71967 -0.45260337
233.57475 -0.4639428
230.46068 -0.4755902
228.3225 -0.49529395
226.27461 -0.51536226
226.54982 -0.53507733
227.76347 -0.5524244
229.88771 -0.5672366
232.06145 -0.5817745
234.28331 -0.59603953
237.12627 -0.6134903
239.4515 -0.62714934
241.82056 -0.6405432
245.63416 -0.65443105
248.0893 -0.6672235
251.9906 -0.68035495
257.9827 -0.6965711
262.62915 -0.7116526
266.76163 -0.71811146
270.82233 -0.72958523
273.50482 -0.74048764
276.95093 -0.74871266
281.14322 -0.754293
284.6198 -0.762129
288.81033 -0.7722617
292.3257 -0.77967674
296.56583 -0.78929585
300.117 -0.79631823
302.98907 -0.80555093
306.6147 -0.8168473
309.54276 -0.8256931
312.4946 -0.83437234
316.21683 -0.8449925
319.21973 -0.8533096
320.29843 -0.8685783
321.45126 -0.883741
322.6775 -0.8987919
322.57373 -0.91428655
321.7465 -0.92792886
320.97943 -0.9416389
320.273 -0.95541203
318.50003 -0.97442055
317.9391 -0.9883633
315.21646 -1.0016106
313.92734 -1.0140606
311.83218 -1.0249511
309.77448 -1.0359876
307.755 -1.0471703
305.77454 -1.0584993
302.957 -1.0683897
300.58127 -1.0829691
297.83887 -1.0932591
294.236 -1.1022089
289.76135 -1.1098496
287.10367 -1.1207787
284.96436 -1.1365784
283.30478 -1.1493877
281.69226 -1.1623456
279.74393 -1.1787496
278.80255 -1.1966941
278.30167 -1.2113866
277.15875 -1.244328
275.59595 -1.2615131
279.19214 -1.2806126
282.74658 -1.2880493
286.5899 -1.2919433
290.16748 -1.299051
294.98706 -1.3036005
298.58792 -1.310368
302.20215 -1.3169737
305.82925 -1.323423
309.23154 -1.3328612
313.63483 -1.3428161
319.59662 -1.359959
322.90222 -1.3716367
328.2161 -1.3842136
331.6107 -1.3953412
335.2108 -1.403299
339.81897 -1.4115552
343.61362 -1.4162744
347.2678 -1.423738
350.94095 -1.4310457
354.63245 -1.4382014
358.09668 -1.4507507
361.61627 -1.4630575
364.09967 -1.4775969
366.73917 -1.4892181
370.42502 -1.5008608
373.1045 -1.5147914
376.81363 -1.5312843
378.64856 -1.544688
380.56503 -1.5553324
381.52417 -1.5658562
382.52536 -1.576326
382.5857 -1.5893952
379.71286 -1.6027081
377.90732 -1.6161014
375.1143 -1.6271162
373.3652 -1.6381143
369.66788 -1.6496385
366.02063 -1.6613939
363.52322 -1.675839
359.87592 -1.6852947
357.37863 -1.6973734
353.67188 -1.7044109
350.26926 -1.7172506
346.76807 -1.7274928
343.13904 -1.7350692
338.71802 -1.7462211
335.32288 -1.7571125
331.77362 -1.7652698
327.2675 -1.7742184
323.55692 -1.7797428
320.0709 -1.788448
316.38657 -1.7942642
311.9691 -1.8040676
307.34305 -1.8109939
303.94745 -1.820516
299.87256 -1.8343309
296.81827 -1.8476001
293.81732 -1.8611428
289.91742 -1.8759953
287.34802 -1.8934561
284.20624 -1.9045931
281.1005 -1.9159777
278.7369 -1.9343385
276.09744 -1.9496462
274.83194 -1.9672067
274.56772 -1.9834585
276.19623 -1.9967257
278.29932 -2.0130875
280.93323 -2.0244322
284.95987 -2.0449762
287.27737 -2.0604613
291.81384 -2.0677228
293.7418 -2.0796936
296.57916 -2.089829
300.31018 -2.098091
303.20154 -2.107832
305.78967 -2.1218817
307.90298 -2.1329498
310.8942 -2.1421218
313.07526 -2.1528692
315.85165 -2.166093
318.1119 -2.1765044
320.4062 -2.1867678
321.11517 -2.2005339
321.88477 -2.2142367
322.71448 -2.2278717
320.79425 -2.2404246
319.5567 -2.2555552
317.74957 -2.268393
315.9954 -2.2813754
314.95813 -2.29688
313.32242 -2.3101296
311.01318 -2.3257143
309.49878 -2.3392773
307.3379 -2.3506627
305.21738 -2.3622081
302.4194 -2.3716168
299.6487 -2.3812008
296.90604 -2.3909624
293.51828 -2.4034195
290.84158 -2.4135928
287.44293 -2.4216664
281.89636 -2.4279854
277.8851 -2.439233
274.54828 -2.4480011
271.23303 -2.4569843
267.16052 -2.4638488
263.88513 -2.473281
260.6338 -2.482949
256.8045 -2.4959636
253.61221 -2.5061886
250.44714 -2.5166733
245.91689 -2.5284052
241.98863 -2.5371675
239.73807 -2.5508966
236.6959 -2.5625796
234.53102 -2.5768557
231.56297 -2.5891364
229.48912 -2.603974
227.46669 -2.6190789
225.4971 -2.6344512
224.88043 -2.6582086
228.41472 -2.6761363
231.1193 -2.6916378
233.45862 -2.7106621
236.7973 -2.7309945
240.61388 -2.7469108
243.56084 -2.7608063
247.48729 -2.7758179
252.75146 -2.7880034
257.10974 -2.7983863
260.55 -2.8071668
264.64008 -2.8205073
269.08084 -2.829898
273.24817 -2.8424768
277.45746 -2.8546755
281.01874 -2.8621168
286.52203 -2.8712482
290.1168 -2.878252
293.72543 -2.8850842
296.61996 -2.9015503
299.81696 -2.9144418
303.0627 -2.9270592
306.35568 -2.939407
308.3396 -2.9572475
311.74365 -2.96906
314.04404 -2.9832485
317.3963 -2.997681
317.83878 -3.0105875
319.3271 -3.023825
318.7783 -3.0394018
318.3951 -3.0518997
318.06177 -3.0644257
317.71542 -3.0801167
316.44852 -3.0956938
315.29077 -3.108222
313.1831 -3.1207743
310.11896 -3.1366928
308.1252 3.1335423
304.1843 3.1202867
300.2982 3.1066854
297.4679 3.0928943
295.6933 3.0790532
292.97897 3.0647864
289.3296 3.0499408
286.73987 3.0350914
283.34546 3.0160432
281.04584 2.9970548
279.67505 2.9818711
279.35416 2.9671648
280.07605 2.953099
281.05588 2.9356232
285.04718 2.920605
286.92328 2.9077666
289.81592 2.8959389
294.9373 2.882793
299.14462 2.8692014
303.12543 2.8591545
306.1786 2.848428
310.22067 2.8388786
315.2422 2.8305495
319.97256 2.8254495
323.13272 2.8156083
326.32352 2.8059587
329.54416 2.7964969
334.0791 2.7854502
339.2309 2.7785099
342.53455 2.7696671
348.09286 2.760461
357.59888 2.746976
361.915 2.7399597
365.33105 2.732022
366.94226 2.7220225
368.58984 2.7121115
369.3685 2.7011383
371.52777 2.6889644
372.39966 2.6781304
373.31503 2.6673481
375.6247 2.6555057
377.50995 2.6461372
379.428 2.6368625
381.37836 2.627682
382.49454 2.6172898
382.79166 2.605628
382.28735 2.592624
381.002 2.5781891
377.8681 2.5666473
375.61856 2.556388
372.5816 2.5445
370.41876 2.5339634
368.29752 2.5233042
364.82172 2.5131261
361.59363 2.5066228
356.78082 2.4966474
353.59247 2.489847
350.42078 2.4829228
347.26617 2.4758728
344.12915 2.4686935
339.45764 2.4576771
334.06122 2.4444373
330.89377 2.4324183
327.7751 2.4201689
324.78235 2.4120347
322.48508 2.4014554
319.54294 2.3930135
316.62402 2.3844151
313.00897 2.3734426
309.4325 2.3622155
306.59998 2.353046
303.07864 2.34601
299.6006 2.3340893
294.12695 2.3144348
286.15198 2.2780502
284.43607 2.2598171
283.47018 2.2444391
284.76602 2.2274418
284.7442 2.2098827
286.20554 2.1931326
287.7463 2.176557
290.7526 2.1611102
292.9882 2.1478395
297.28558 2.126535
300.69916 2.1001248
303.66046 2.0906308
306.64862 2.0813208
309.66284 2.0721912
311.7618 2.0575855
313.9264 2.0431783
318.923 2.010787
320.88245 1.9941986
322.01105 1.9790452
322.2896 1.9651898
321.7017 1.9525157
320.23312 1.9409236
319.74466 1.9281291
318.03027 1.9133999
316.7089 1.9015037
314.48328 1.8905059
313.2491 1.8783833
310.14853 1.8680438
308.04108 1.8565785
305.01212 1.8458445
302.7258 1.8308452
298.81418 1.8204904
293.96396 1.8106675
291.0909 1.7989516
287.28195 1.7877506
282.73752 1.780434
277.02945 1.7700671
273.31723 1.7578942
268.6619 1.7460345
262.898 1.7306222
258.482 1.7216265
254.08763 1.7123189
249.71606 1.7026846
245.36848 1.692708
241.04622 1.6823725
236.75064 1.6716607
232.57501 1.6648368
228.24557 1.6490341
224.97343 1.6323502
223.76378 1.614782
221.6243 1.5971469
221.6243 1.5971469
