Stilus
21
49.125694 1.3138463
59.504864 1.3118825
64.79424 1.3177285
70.214096 1.3079234
74.794044 1.2968968
80.202415 1.2868042
88.03726 1.2578388
96.8778 1.2440141
105.724396 1.2325147
110.35615 1.227235
117.07158 1.2270898
124.378174 1.200992
132.4771 1.1902107
139.0632 1.1919242
147.66881 1.1877362
156.85149 1.1787035
164.4518 1.1514567
168.22232 1.1340381
173.31915 1.1093624
181.03694 1.0950917
187.64142 1.0877988
194.0987 1.0878879
202.52306 1.0831646
209.73994 1.0717747
213.6383 1.0578382
219.28377 1.0381222
222.67628 1.0235524
231.0174 1.014038
236.32585 1.01373
243.33714 1.0094198
250.15623 0.9962886
258.7548 0.98156184
265.5217 0.9690279
269.5309 0.95729065
274.3951 0.9448749
277.72583 0.93450016
283.19543 0.918957
287.69205 0.90009516
292.36758 0.8855699
297.7281 0.8742265
302.31882 0.8688479
306.26437 0.85138434
310.73422 0.83511424
315.6399 0.8181036
321.76688 0.80596936
327.9498 0.7978205
332.46664 0.79084027
336.0306 0.78436774
341.79855 0.77417034
346.43292 0.7653424
350.30032 0.7561977
354.77438 0.7443682
359.87045 0.73140126
363.56674 0.7223141
366.40625 0.71189827
368.92285 0.69893
372.788 0.684205
375.59583 0.67383456
379.5656 0.65883464
382.01807 0.64566106
385.13593 0.6315161
387.5246 0.6190774
390.69315 0.6117476
394.2166 0.60241175
396.20038 0.5883236
398.35605 0.577216
398.83527 0.5616865
398.9431 0.5466677
397.3531 0.53029186
396.58212 0.51674163
393.7642 0.5025996
391.40387 0.4915171
387.104 0.4798895
384.21674 0.46702754
381.86603 0.45466748
380.29822 0.440034
378.577 0.4239073
375.20383 0.40836525
371.96564 0.39675573
370.06512 0.38431296
367.96863 0.36997038
366.0826 0.35645023
363.77548 0.33900824
361.50723 0.3283526
358.69547 0.3147541
356.1536 0.29920298
352.24384 0.28192315
348.08966 0.26890123
343.79605 0.25884196
337.18536 0.25100213
331.93793 0.24049868
326.1028 0.22887793
319.6828 0.21370272
314.4926 0.19765362
307.76495 0.18300922
300.9395 0.16948077
295.44495 0.16494705
290.1452 0.16100644
285.28995 0.15773936
280.53055 0.14944433
275.40335 0.14124636
268.83896 0.13025118
260.3772 0.11459658
252.0002 0.09867021
245.55557 0.08470243
239.03568 0.07026021
232.93669 0.06245513
226.15796 0.05990295
220.1086 0.061551355
213.9843 0.050405283
207.91022 0.041103035
203.46626 0.032720406
197.83913 0.033087768
193.62529 0.033808123
185.78987 0.025712255
177.79552 0.019952564
171.76904 -0.0012109741
165.74487 -0.019533096
157.90343 -0.040827088
153.96935 -0.053429917
146.10864 -0.07004428
138.25441 -0.082848266
133.32578 -0.08591833
126.401024 -0.09857894
119.46553 -0.10432215
113.285416 -0.11003577
106.61713 -0.11694848
102.5709 -0.1215843
98.2757 -0.12692632
91.65334 -0.13615243
85.798134 -0.145508
78.86679 -0.15839978
71.98337 -0.17369404
67.99651 -0.18399143
62.12438 -0.20161146
55.835346 -0.20636845
48.782562 -0.20209646
43.62575 -0.19477126
38.429996 -0.17822996
33.355476 -0.16399787
28.277931 -0.15789925
22.711586 -0.11228161
17.738865 0.07552763
15.618889 0.34998125
13.540352 0.67396444
13.8091345 1.2167456
19.225649 1.4827904
24.377811 1.624557
31.572962 1.7392528
37.088284 1.7741628
42.408623 1.8160727
48.783154 1.8295912
54.823032 1.8192847
60.827286 1.8079807
67.56519 1.8296349
74.23216 1.843243
79.77557 1.8694235
87.454796 1.8861395
94.04088 1.896399
99.93789 1.9108015
105.152176 1.9147208
110.16575 1.9273397
115.47032 1.9333105
124.12501 1.9521118
128.96489 1.9621713
134.51706 1.9622611
140.82071 1.9658445
146.28401 1.9799237
152.46123 1.9909157
158.3134 2.0002499
163.71217 2.020506
169.73486 2.0295334
175.11198 2.0399108
181.03613 2.043327
187.86096 2.0532315
193.06912 2.062545
199.48247 2.0722446
206.7913 2.082535
210.04028 2.0990608
215.44536 2.1073375
222.16876 2.120816
228.16 2.1341739
235.05602 2.1407845
240.72853 2.1429305
245.76587 2.1521642
251.644 2.1623259
256.37338 2.172952
259.9355 2.1852915
264.28882 2.196872
270.26016 2.2083654
276.28366 2.2211955
279.444 2.2330155
283.32822 2.2504058
286.4925 2.2639618
290.49445 2.2803848
295.79465 2.2908158
299.83026 2.301048
303.27213 2.308751
308.63913 2.3182006
313.3687 2.3260624
318.51926 2.3376231
323.2194 2.3482018
326.94952 2.3554113
332.5213 2.3678632
337.7744 2.3788621
341.80243 2.386056
346.3282 2.3982954
351.4342 2.4077473
357.1566 2.4183788
361.63116 2.425593
365.26263 2.4378042
368.04266 2.4477348
370.90958 2.4638758
375.1609 2.4830756
378.55817 2.4940016
382.02924 2.5073664
384.9931 2.5187771
387.7085 2.527591
391.81613 2.5380623
393.7937 2.550115
395.95425 2.5694528
396.3301 2.5868278
396.3492 2.6021953
395.37305 2.61537
393.05038 2.626611
393.47318 2.6446106
392.2357 2.6569488
391.827 2.6734421
390.69458 2.6916378
388.82626 2.709309
388.44482 2.7271252
386.26932 2.7368236
384.59988 2.7470782
381.40036 2.762782
378.9336 2.7717865
377.26022 2.7814577
374.8485 2.7989507
371.8532 2.8138494
368.37616 2.8249469
365.32065 2.8340724
361.30414 2.8453717
358.47162 2.857173
355.84207 2.8728697
351.7122 2.8836327
347.74905 2.8932285
341.8331 2.9053729
335.75546 2.9171298
330.83765 2.926501
324.77563 2.9385257
321.19815 2.9505274
313.45575 2.9652557
307.65564 2.97916
302.2588 2.9862666
295.906 2.9871657
289.7896 2.9935145
284.04388 3.004713
278.86218 3.0156686
272.051 3.031905
265.21292 3.043717
260.78195 3.0502362
252.44107 3.063179
245.3204 3.0690656
238.21745 3.0752885
231.0519 3.0862384
222.95222 3.0942924
215.92593 3.0973847
208.94617 3.095907
200.95564 3.094089
193.73546 3.092317
185.99594 3.090265
177.94272 3.0977945
169.8765 3.1089416
161.865 3.113501
153.8584 3.1120389
145.8649 3.1104188
138.59637 3.1214654
133.58603 3.1299987
129.45586 -3.1381192
122.62158 -3.121627
116.178665 -3.1065478
109.696724 -3.1010468
102.96925 -3.098396
98.96307 -3.0966463
93.0287 -3.083021
88.79852 -3.0802271
82.252464 -3.0753365
75.09673 -3.0690126
68.875694 -3.0624437
61.892723 -3.053492
56.942886 -3.0458112
51.102936 -3.0544713
44.004856 -3.0805
37.728603 -3.1031814
30.939852 -3.1270592
25.971422 -3.1242788
21.993698 -3.075669
17.777979 -3.0600052
13.894525 -2.981559
9.466589 -2.7688649
5.65607 -2.237034
4.692129 -1.2458187
9.696995 -0.72700304
17.009773 -0.700395
23.820415 -0.74697626
30.035637 -0.73740077
36.19241 -0.7994936
44.148758 -0.82484347
50.707264 -0.82673943
56.256325 -0.85411966
61.959496 -0.8704581
68.39502 -0.87301576
74.65146 -0.85144424
80.47548 -0.8466749
87.9267 -0.8476148
95.89178 -0.8516103
102.29058 -0.85439813
108.034485 -0.8638478
112.7632 -0.8850116
119.20666 -0.8967083
125.65463 -0.9121767
129.40613 -0.93194443
133.6146 -0.9529237
140.48863 -0.9701501
145.85977 -0.995166
151.42245 -1.005236
157.7701 -1.0157785
164.72859 -1.0258318
171.25461 -1.0420337
177.60136 -1.0531075
182.65973 -1.0546107
187.38992 -1.0559428
196.00662 -1.0582039
202.56262 -1.0636755
208.97452 -1.0752182
214.47679 -1.0890353
218.68184 -1.099063
223.34868 -1.1096939
228.97734 -1.1218702
233.4922 -1.1264321
238.55235 -1.1329576
243.18327 -1.1408086
248.85596 -1.1512378
255.25978 -1.1624004
259.8124 -1.1657919
265.15494 -1.1687807
269.78165 -1.173565
274.78662 -1.177262
281.26642 -1.1868085
285.86975 -1.1933062
290.25702 -1.2020801
294.82635 -1.208948
298.46405 -1.2171268
304.9239 -1.2284164
308.54517 -1.2394509
313.1608 -1.2478821
318.2913 -1.2595087
321.82443 -1.268276
325.9345 -1.2770151
330.68253 -1.2900676
334.47742 -1.2964481
339.9699 -1.3044112
343.62067 -1.3121454
347.41153 -1.3246989
351.54828 -1.3364131
356.4085 -1.3490045
360.3353 -1.3642223
363.85767 -1.3753856
368.1923 -1.3859818
371.84152 -1.3952597
376.83234 -1.4091014
380.02185 -1.4237926
383.3873 -1.438561
384.54346 -1.4536957
386.06158 -1.4652084
387.66138 -1.4760345
388.36227 -1.4916838
389.94492 -1.5025939
392.74442 -1.5154788
396.37714 -1.5289301
398.77634 -1.5444956
400.92902 -1.5589992
402.13605 -1.5717474
402.1702 -1.5838665
401.31665 -1.6007534
399.7165 -1.6114134
397.95517 -1.6241547
396.25308 -1.6370242
394.38098 -1.6500573
391.85992 -1.6610981
389.57523 -1.6767663
387.37 -1.6949253
384.08978 -1.7097483
379.05368 -1.7275573
374.75986 -1.740215
369.58917 -1.7534802
364.437 -1.7673175
360.49863 -1.7830174
357.51108 -1.7969694
353.0994 -1.8172513
349.2245 -1.8289499
345.9278 -1.8404205
341.20975 -1.8533711
337.05264 -1.8661885
333.88565 -1.8761446
328.9354 -1.8961126
324.25983 -1.9107376
319.7472 -1.9198731
314.8224 -1.9323477
309.82013 -1.9419177
305.87695 -1.9469392
299.2902 -1.9528991
292.42178 -1.9586458
285.00586 -1.9684186
281.01123 -1.9715055
273.55075 -1.9820857
269.4497 -1.9887339
263.77997 -1.9941431
256.7393 -2.0065348
249.13823 -2.01634
245.49388 -2.0234418
241.88098 -2.0307188
236.10901 -2.042865
231.27063 -2.0449767
224.1813 -2.0601027
217.49176 -2.0713122
213.59114 -2.0772476
206.5818 -2.0948417
199.56999 -2.104934
192.55968 -2.1144915
184.72623 -2.127612
176.89229 -2.141914
170.51036 -2.1591508
164.43619 -2.169271
158.31787 -2.1802237
152.89923 -2.1890993
147.3368 -2.2057445
141.32188 -2.2196162
134.27751 -2.2243268
128.58014 -2.2390933
124.12825 -2.2465498
116.05601 -2.2694752
106.64679 -2.2950077
101.802895 -2.311123
94.31549 -2.3263717
87.194855 -2.340162
78.235634 -2.3630276
74.69034 -2.3920062
68.330925 -2.4289064
60.32016 -2.4827275
54.685265 -2.4960923
47.145363 -2.5337214
39.09529 -2.575442
31.861656 -2.6264005
24.181438 -2.6846387
18.538979 -2.7283943
13.00185 -2.933563
8.629499 2.9611413
8.481146 1.9545941
12.885496 1.6766634
12.885496 1.6766634
9.653397 2.0550811
15.521237 1.6368136
22.917757 1.4722292
29.260143 1.3981835
34.839592 1.3606985
39.209934 1.331941
39.209934 1.331941
