Finger
6
170.58237 2.636884
175.79602 2.68718
185.15147 2.7571645
192.39064 2.80301
197.89896 2.8338516
202.48692 2.8616881
206.64418 2.883553
210.7799 2.9034781
217.12166 2.9426448
222.58302 2.9840503
226.58368 3.009061
230.14604 3.0329459
234.76526 3.0524108
239.36371 3.0742471
243.08885 3.0959892
246.84483 3.116549
250.78326 3.1409752
254.8477 -3.1186585
260.1124 -3.0927696
265.22342 -3.070571
269.9793 -3.046542
274.6292 -3.0253541
278.64374 -2.9986005
281.88766 -2.9749997
285.08603 -2.9520175
288.24625 -2.9324284
290.93643 -2.909656
293.79822 -2.884537
296.47217 -2.862272
299.3803 -2.840674
301.76724 -2.8183863
305.01294 -2.7975721
307.1041 -2.779044
310.53812 -2.759463
312.85013 -2.7414758
315.64447 -2.7210362
318.0709 -2.704292
320.1696 -2.683371
321.30853 -2.6640716
322.3541 -2.6446362
323.875 -2.6236155
325.29712 -2.6038249
325.8607 -2.5833447
325.9239 -2.561494
325.3828 -2.5420117
326.1801 -2.5211694
326.82834 -2.5028932
327.92264 -2.4833307
328.06238 -2.4641714
328.90646 -2.4467206
329.85736 -2.42919
330.15836 -2.4098947
329.49612 -2.3906732
328.6265 -2.3713143
327.89746 -2.3521223
325.99658 -2.336367
324.72925 -2.318762
322.85565 -2.3033462
320.3803 -2.2852228
317.41653 -2.2684145
314.98618 -2.2502427
312.51825 -2.235218
309.7908 -2.2185795
307.64188 -2.2040112
304.49738 -2.184033
301.7859 -2.1652963
298.87033 -2.1444464
295.75345 -2.1264842
292.60864 -2.1089272
289.5903 -2.0912013
286.64743 -2.072997
283.35675 -2.0514247
280.65118 -2.0325947
278.03217 -2.013292
275.53192 -1.9937366
273.11374 -1.973614
269.51608 -1.9511517
266.34976 -1.928613
264.02682 -1.9068824
261.163 -1.8864973
258.42236 -1.8658261
255.03993 -1.845254
252.27513 -1.8235587
249.1593 -1.8023399
245.86018 -1.7802237
242.85902 -1.7608762
240.06094 -1.7423837
237.38863 -1.7269573
234.79466 -1.7113094
233.1898 -1.6916845
230.66301 -1.6713421
229.21637 -1.6500722
226.93767 -1.6323197
224.41527 -1.606183
222.3076 -1.5875585
218.53885 -1.5569822
217.43675 -1.5328577
218.74327 -1.5056655
219.05026 -1.486882
221.30061 -1.4695754
223.69302 -1.4488087
227.56766 -1.4286973
231.57426 -1.4017076
234.80717 -1.3738945
238.9916 -1.3472328
243.5883 -1.3210995
246.68787 -1.307044
249.77345 -1.2902434
252.92128 -1.2659721
254.15784 -1.2508705
258.0676 -1.2189825
261.85397 -1.1916767
264.5198 -1.1671335
267.3417 -1.1430947
270.75565 -1.1162225
274.36017 -1.0900381
278.14038 -1.0645981
281.21713 -1.045201
285.18515 -1.0216866
289.44058 -0.9981107
293.27948 -0.97811794
297.38318 -0.95792836
299.76508 -0.9467178
302.63757 -0.9336547
306.7054 -0.91594553
310.22977 -0.89611727
313.39294 -0.878586
316.58078 -0.862209
319.25793 -0.8519482
318.7633 -0.8220676
318.58075 -0.7998767
318.55273 -0.7788063
319.229 -0.7540034
320.52097 -0.72594434
321.04572 -0.7028639
321.22574 -0.6791538
320.0404 -0.6543175
317.65125 -0.6284857
316.30966 -0.6006964
316.5924 -0.5735515
317.10834 -0.54649234
316.49173 -0.5183058
314.5785 -0.49275795
312.99902 -0.4693572
312.13693 -0.4493679
310.1595 -0.42827222
307.8462 -0.40331587
305.79065 -0.38061863
303.21896 -0.35658458
301.1771 -0.3379158
299.24036 -0.31898627
296.09824 -0.2968689
293.4609 -0.27561876
290.63043 -0.25614125
288.99545 -0.23356399
286.68875 -0.21398899
284.49878 -0.19419642
282.48737 -0.17039329
278.28195 -0.14393355
274.51105 -0.12387947
270.9321 -0.10603597
267.46454 -0.0886468
264.07596 -0.07079331
260.7737 -0.05248146
257.55893 -0.03369837
253.43925 -0.010612747
249.4484 0.009215042
243.53307 0.025826637
237.66814 0.04335281
231.90533 0.061635736
227.2717 0.083786726
223.68619 0.104274556
219.55112 0.12917064
213.48016 0.15997344
207.29198 0.18572962
201.20305 0.21678446
197.50398 0.24681954
195.20625 0.28167006
193.71007 0.325847
191.07072 0.37496662
189.80121 0.40042832
184.97972 0.44716373
181.07437 0.50089073
179.91484 0.5562108
179.75835 0.61524713
180.43547 0.641463
180.68704 0.69662577
181.50125 0.7517523
182.80229 0.78273386
184.11913 0.8126801
185.95471 0.8437324
188.41928 0.8692561
190.22987 0.8908676
193.152 0.9112726
196.07547 0.9338005
200.20421 0.9567359
203.35101 0.97797245
206.62523 1.0000601
209.79556 1.0209358
212.20392 1.0388824
215.30077 1.0579791
218.07469 1.0755916
222.224 1.0958012
225.34944 1.117759
228.92111 1.1385187
232.00087 1.1587182
234.37668 1.1816956
238.98528 1.2132062
244.58957 1.246535
250.6145 1.2766192
254.97832 1.306267
258.72968 1.3440384
259.75247 1.3615115
262.14856 1.3945482
262.46585 1.4102244
262.59128 1.4399507
262.71356 1.4591635
262.37778 1.4820759
261.91376 1.50493
260.6356 1.523702
258.74533 1.539737
256.64346 1.5551325
252.66586 1.5893387
250.81706 1.6105062
249.11287 1.6338359
247.51106 1.6540635
244.89738 1.6728109
242.5746 1.6975304
239.71931 1.7242848
236.77641 1.7518742
233.30087 1.7808055
228.79231 1.8119229
224.51341 1.8442644
219.79456 1.8787116
215.18059 1.9198648
210.4961 1.9637913
205.60643 2.005439
200.40569 2.0510623
195.07709 2.0961652
188.47409 2.163507
181.77313 2.2489522
178.47928 2.3330941
175.10127 2.403203
172.73479 2.4725444
170.08522 2.5424154
168.29285 2.6184964
168.53877 2.6881106
167.63289 2.7401705
167.63289 2.7401705
