Stilus
10
301.39105 2.1672235
300.21283 2.1446157
299.10825 2.1263163
296.92935 2.1063807
295.38626 2.0907426
295.79056 2.073177
295.6723 2.0538225
295.51846 2.0359476
295.71878 2.008499
296.17084 1.9832158
296.72455 1.9617487
297.54282 1.9414831
296.89386 1.9164703
296.27432 1.9003487
296.21017 1.8781455
297.85583 1.8526419
299.34875 1.8330743
299.59293 1.8096592
300.03967 1.7905937
298.5433 1.7753103
297.57202 1.7589254
296.4727 1.7383336
295.452 1.7164946
294.89572 1.7030203
294.25443 1.6854756
293.5578 1.6626008
293.03778 1.6407228
292.6427 1.6176432
292.429 1.5978948
293.12265 1.5834783
294.3359 1.5604266
296.2359 1.5402524
296.7006 1.5200422
296.951 1.5055172
297.31018 1.4890976
297.7797 1.4716914
298.2651 1.4564855
298.9055 1.4391356
299.57025 1.4233215
299.3919 1.4056664
298.58072 1.384825
298.45654 1.3676891
297.9433 1.3441446
298.63068 1.320485
298.45132 1.2994914
298.72577 1.2816657
299.77542 1.2590612
299.80005 1.2377739
299.56415 1.2139297
299.5386 1.1942611
299.2533 1.1768774
298.00003 1.1568975
295.44574 1.1409783
295.08646 1.1179452
296.17502 1.09707
297.89066 1.0772865
298.24185 1.055823
297.91742 1.0311621
296.6973 1.0119817
294.1005 0.99434704
289.99045 0.97354037
287.37363 0.95041656
287.67392 0.91998494
289.90576 0.8972407
291.25327 0.8698891
292.784 0.85215014
292.7594 0.8288153
293.3745 0.80170816
294.0618 0.775315
293.38687 0.74823827
294.25226 0.7262186
296.90137 0.70150983
296.916 0.6701086
295.11978 0.6553079
293.91312 0.6328731
294.12848 0.6105321
294.60648 0.5888649
297.2175 0.5590968
298.80914 0.53699803
298.95905 0.50971276
299.51077 0.48504508
298.5458 0.46417725
297.5233 0.44798034
298.74286 0.4268115
298.75623 0.4020274
297.21646 0.37872413
295.0914 0.3525715
293.57623 0.32559037
291.9156 0.30829617
290.18256 0.28895354
290.24786 0.26455492
290.20398 0.23618397
290.2294 0.20512588
290.38336 0.19025774
290.90585 0.16554162
291.26318 0.1514205
292.14545 0.12335378
291.89047 0.10965553
292.4024 0.09310019
293.0353 0.07841629
293.54932 0.06451657
294.46286 0.0473874
297.20963 0.02335142
299.12793 -0.0035073136
300.26086 -0.030098818
299.6112 -0.05691291
298.36432 -0.083306156
297.54825 -0.097681835
296.39716 -0.11756323
295.82272 -0.13493778
294.91833 -0.15593351
294.41754 -0.17072359
293.30405 -0.18626365
291.99832 -0.21400747
292.08994 -0.2305581
291.33188 -0.24899532
291.64362 -0.2661909
292.80432 -0.28310508
293.05832 -0.29790834
294.4162 -0.32133177
294.22046 -0.35036916
295.01373 -0.37827384
295.7789 -0.3918637
297.14978 -0.40459415
299.51413 -0.42264906
301.6381 -0.43804234
302.5354 -0.45945266
303.58945 -0.48657668
305.5107 -0.5131125
306.23605 -0.54187024
304.1797 -0.56217104
303.2518 -0.58762884
304.36932 -0.6161496
305.08484 -0.6307024
305.86176 -0.64513165
306.47925 -0.6691342
307.14752 -0.6925514
305.2177 -0.71931225
304.09894 -0.74465936
303.72275 -0.77679855
303.80176 -0.8094601
304.1249 -0.83727294
303.41476 -0.86580706
301.408 -0.8945641
299.65118 -0.9237259
299.78494 -0.9570385
300.6331 -0.98702025
300.30112 -1.0022484
300.35828 -1.0335753
300.00424 -1.0636582
298.34467 -1.0879971
296.94943 -1.1120094
295.8154 -1.1355901
294.37247 -1.1630499
293.4361 -1.1793324
291.86124 -1.1926192
290.05316 -1.2086327
289.14377 -1.2250627
288.69086 -1.2398587
288.06427 -1.257538
287.57578 -1.2744745
287.52286 -1.2896507
287.14856 -1.3072426
288.8731 -1.3375049
290.43185 -1.3605386
291.3912 -1.3822371
292.98764 -1.4103396
295.5984 -1.4391023
297.6359 -1.4670308
299.06802 -1.4876668
300.61627 -1.5080191
301.41016 -1.5347785
303.22665 -1.5613525
303.25662 -1.5877315
301.6511 -1.6109096
300.1433 -1.641171
298.56274 -1.6581769
298.12024 -1.6779534
296.83597 -1.6987884
296.4131 -1.7131796
295.19196 -1.7308636
295.18515 -1.7508591
294.36096 -1.7720398
294.64117 -1.7926842
294.85434 -1.8133065
294.614 -1.8345977
294.9946 -1.8518733
294.80463 -1.8732525
294.43326 -1.8914896
295.43506 -1.9118387
296.961 -1.9278427
297.88385 -1.9453359
298.82877 -1.9621605
299.10455 -1.9798751
300.13562 -1.9958292
301.32678 -2.012337
301.70056 -2.0301032
301.91272 -2.052119
301.62302 -2.0714152
301.53503 -2.0912755
299.53848 -2.1190095
298.1485 -2.1369634
298.21494 -2.168958
300.3534 -2.196603
301.272 -2.2273936
299.63684 -2.2580059
295.5673 -2.2834659
292.12338 -2.3112843
292.45782 -2.3383121
294.53094 -2.3600595
296.81604 -2.3900607
298.0641 -2.4254417
297.36572 -2.449994
295.9243 -2.4720194
295.4826 -2.5007696
298.18015 -2.5130787
300.31107 -2.5297258
302.0415 -2.5577404
302.89145 -2.590213
302.23923 -2.6195953
301.60266 -2.644973
301.7627 -2.6616175
299.86084 -2.683824
297.42175 -2.7021513
294.92963 -2.7272172
294.58084 -2.7563138
294.75192 -2.7796526
297.05618 -2.7993395
298.3714 -2.8281305
299.11703 -2.843811
300.45715 -2.8763423
301.37012 -2.890898
301.49365 -2.9127412
303.50684 -2.9332812
306.07135 -2.958414
307.6759 -2.9857342
307.96378 -3.0055563
307.18726 -3.0254734
306.56876 -3.0442882
306.04434 -3.0637927
305.52853 -3.0897846
305.34683 -3.102926
304.3143 -3.1291409
303.1318 3.133187
301.23956 3.1138468
301.41992 3.0972478
302.74197 3.0776021
303.18365 3.0578957
303.74478 3.0381887
303.45218 3.0176291
304.36926 2.9954245
303.9933 2.96591
304.534 2.952856
305.5056 2.936874
305.37704 2.9232595
305.29825 2.9097316
305.5556 2.892563
306.53708 2.8679423
306.7409 2.8538785
306.96936 2.8402128
307.53336 2.8238049
308.13904 2.8078425
308.58142 2.7940998
307.40222 2.7781303
305.26538 2.7513995
303.42923 2.7242718
303.25555 2.709506
303.1069 2.6800518
302.85797 2.6527905
302.11954 2.6297672
302.11746 2.600177
302.2088 2.5840683
302.2298 2.5654306
301.45425 2.546725
301.82712 2.5274243
300.9061 2.4923303
301.72104 2.4607337
302.59073 2.4416966
303.3863 2.4235494
304.66592 2.4038684
305.3079 2.3835585
304.48914 2.3569474
303.95096 2.3231587
304.52786 2.2948267
306.2307 2.2674847
306.94067 2.2497413
307.81995 2.2216694
308.45187 2.1959615
307.5806 2.175025
306.34528 2.161989
304.30783 2.145931
302.8735 2.1324189
302.8735 2.1324189
