Stilus
10
180.21729 2.3322444
183.68797 2.3011994
185.69043 2.2772946
187.56396 2.2474687
190.41872 2.2106812
193.7916 2.1725183
199.5452 2.1329944
202.57718 2.11781
206.8795 2.0940104
209.80444 2.0599332
213.31128 2.0302281
216.27791 2.002928
220.67079 1.9829124
225.29994 1.9652662
229.0865 1.9358959
229.93918 1.9159143
230.90413 1.890598
230.22752 1.864364
230.28159 1.833578
233.42535 1.8025875
234.81152 1.7727768
237.56174 1.7433155
239.54765 1.7128689
240.02429 1.6955857
241.55913 1.6780063
242.27103 1.6574763
246.65912 1.6343995
250.35236 1.6094602
253.39574 1.5893588
256.85373 1.5649637
257.42813 1.5459884
256.10782 1.5259343
255.93498 1.5031999
257.3927 1.4807435
256.40903 1.4542001
255.35278 1.4262627
252.42746 1.3954046
249.29507 1.3761872
245.13997 1.3601509
239.96118 1.3427867
236.71323 1.3126751
231.95474 1.2773968
227.42676 1.2482334
222.40135 1.2161609
217.4667 1.1879767
213.82927 1.1701529
209.67047 1.1408736
204.38052 1.1181332
201.12535 1.1056647
198.47758 1.0876106
193.39748 1.0501546
191.46025 1.026067
190.0554 0.99678165
191.31569 0.9756882
192.4223 0.9422156
192.23567 0.90913063
190.72401 0.8690045
186.93481 0.83748657
183.18642 0.80393535
180.32402 0.77885747
180.32925 0.74242985
180.39456 0.7117105
181.99094 0.66177076
184.14235 0.61806107
186.03264 0.58406883
187.45174 0.5498045
189.81505 0.5057552
193.70581 0.46858144
197.60338 0.4486809
202.18051 0.4269595
206.4009 0.39130014
208.8128 0.35183203
208.95334 0.32511374
211.01323 0.2931363
213.09883 0.26351285
216.51924 0.24611078
221.2281 0.22339536
224.85736 0.19260308
227.8212 0.15895674
230.76752 0.12501732
232.9964 0.09478712
235.61966 0.075599544
238.49394 0.04946169
241.9841 0.02099296
246.95563 -0.011910208
251.22028 -0.047548607
255.24425 -0.06640393
260.94968 -0.08892852
266.70374 -0.116129905
270.7007 -0.1441182
272.2971 -0.15815577
273.956 -0.1720739
276.08496 -0.18914554
279.09824 -0.20667624
282.63022 -0.2226219
285.03122 -0.23951598
286.97302 -0.2528372
288.99207 -0.2654795
290.34308 -0.27856
292.17752 -0.29109547
295.24762 -0.31028473
298.0059 -0.3277023
301.02347 -0.3560142
302.7914 -0.37139845
304.6524 -0.38677943
306.57425 -0.40189093
308.6956 -0.41776356
310.64352 -0.43929404
313.5785 -0.45880783
315.37137 -0.47018573
316.3196 -0.48289505
320.11914 -0.5050663
322.67078 -0.519189
324.3734 -0.54039294
325.60608 -0.5641225
327.7956 -0.5845209
330.0587 -0.6054607
330.8483 -0.6194618
329.96555 -0.6399683
327.9021 -0.6532696
324.73416 -0.6755325
323.39685 -0.69482803
322.1789 -0.71436733
319.02878 -0.7397744
314.71188 -0.7620559
311.0838 -0.79037905
308.85846 -0.80229753
305.3535 -0.8238585
303.54858 -0.84497744
301.88428 -0.86648947
298.4662 -0.89059436
294.94955 -0.91223484
290.83612 -0.930735
287.7683 -0.9571508
284.63513 -0.9792228
280.79965 -0.99987274
277.4202 -1.0260402
275.0987 -1.0546657
273.85602 -1.0779282
272.29593 -1.1029443
269.89706 -1.1313998
269.1275 -1.1464525
266.6552 -1.1750022
265.4548 -1.198367
263.33273 -1.219572
261.3355 -1.2410607
258.927 -1.2694196
256.933 -1.2954814
255.31241 -1.3189265
254.11418 -1.337955
252.03432 -1.3562813
249.28699 -1.3742976
246.97383 -1.3971565
245.01993 -1.4205816
244.19472 -1.4448575
243.51486 -1.4692633
242.98071 -1.4937955
242.59364 -1.5184017
245.11392 -1.5466212
246.2598 -1.5749905
248.86836 -1.6008997
250.59375 -1.6228355
252.73631 -1.6460866
255.2573 -1.6689792
257.80893 -1.6883682
261.55618 -1.7098004
264.2584 -1.7274399
266.06857 -1.7453976
267.19855 -1.7636486
268.20102 -1.7819341
269.29257 -1.8000785
271.62378 -1.8198323
274.13434 -1.8402375
275.8548 -1.8619685
279.83875 -1.8838024
282.32965 -1.910005
286.3805 -1.9384636
289.34616 -1.9642153
290.874 -1.9852974
292.47577 -2.0119748
294.8469 -2.0380316
295.81708 -2.0518432
297.56378 -2.075463
299.78415 -2.1020536
300.3096 -2.1242995
302.72885 -2.150611
304.28876 -2.1630278
307.8377 -2.1868088
310.0207 -2.2063887
313.57275 -2.2227695
316.46002 -2.2397382
318.40213 -2.2610755
320.5877 -2.2801335
323.68625 -2.2982056
327.18237 -2.3123922
329.1243 -2.3276956
328.61197 -2.3469775
325.63235 -2.3681111
323.8036 -2.3873339
323.87683 -2.4052436
323.54575 -2.4250333
326.0149 -2.4445488
330.0034 -2.4643776
332.7647 -2.475893
332.46613 -2.4979537
331.10693 -2.5136528
329.6323 -2.535605
329.96964 -2.5654948
331.3294 -2.5840294
334.74796 -2.60626
334.06512 -2.6290388
332.97708 -2.6410913
330.11905 -2.663694
329.16476 -2.676036
327.38232 -2.686993
325.4685 -2.699176
322.385 -2.7198172
319.15152 -2.7429974
317.5916 -2.7548265
316.101 -2.7665746
311.3834 -2.7881415
309.958 -2.8008242
307.5036 -2.824099
305.06824 -2.8493662
303.9201 -2.8621974
301.8158 -2.8876295
299.34137 -2.906913
294.34387 -2.9254897
289.82468 -2.94329
287.31198 -2.956378
284.59293 -2.9690871
281.13525 -2.9957902
277.54752 -3.0158038
273.8958 -3.0360568
272.1215 -3.0575504
269.77405 -3.086546
265.4592 -3.1157868
260.3721 3.1402392
254.42354 3.123722
249.47223 3.1161695
244.58063 3.103417
239.82938 3.0827134
236.29395 3.0554862
232.77902 3.03351
228.45473 3.008536
224.38824 2.979039
220.1593 2.957457
213.88351 2.9424746
210.1834 2.9292524
206.93102 2.9109197
203.83197 2.8719707
199.68663 2.8401089
196.57587 2.8046129
192.95357 2.7687616
189.30675 2.7325885
184.9954 2.7034328
182.794 2.6686118
181.23935 2.6297133
179.68648 2.5860083
179.23833 2.5489686
179.38461 2.5075922
178.46164 2.4755955
176.42072 2.431316
177.97168 2.3861156
180.72676 2.3526614
182.92778 2.3256836
185.10489 2.3001077
187.05974 2.269695
187.05974 2.269695
