Mouse
10
249.4366 2.3242188
249.76266 2.2959185
249.92195 2.2533724
249.95381 2.2277532
250.26025 2.1821783
249.64116 2.1644583
249.10083 2.1466558
248.09778 2.1018598
247.34737 2.0803328
247.58426 2.0349395
247.31615 1.9897587
247.58313 1.9700056
247.91127 1.9520028
249.83914 1.9274676
249.41322 1.9110386
250.02078 1.880637
249.89716 1.8515149
250.74924 1.8339765
251.51526 1.7957803
253.72345 1.7554631
255.02817 1.738127
256.0772 1.7137206
257.52203 1.6972393
258.92798 1.6771077
260.43774 1.6572014
262.11804 1.641339
265.61142 1.6026074
269.88733 1.5654305
272.1578 1.5492256
276.3433 1.5312711
280.47305 1.5211467
284.75665 1.5043058
289.0376 1.4914165
293.65564 1.4687322
296.31265 1.4492753
298.94128 1.4334832
302.78488 1.4152089
303.59988 1.3989381
304.49478 1.3827586
306.74146 1.3475226
310.50446 1.3118125
311.9751 1.2945791
315.8419 1.2653455
317.0704 1.2532879
318.34186 1.2413505
319.99445 1.226565
320.78012 1.2108399
321.27927 1.1980908
321.83044 1.1853834
323.35544 1.1739204
324.4044 1.1585133
326.36423 1.1376328
328.0275 1.1197504
329.34402 1.1047629
331.1607 1.0939721
332.13232 1.0818899
334.1172 1.0646294
340.8382 1.0301241
344.41827 1.0130517
349.5626 0.9898885
350.11398 0.9772025
349.6532 0.9589489
349.53067 0.9446507
348.67834 0.9286316
346.9514 0.9067317
346.02692 0.8823876
345.52496 0.866092
345.69104 0.8434981
346.0865 0.8250211
346.57272 0.8025128
346.52206 0.78618985
347.28247 0.7678622
346.79935 0.74539953
346.32645 0.73103666
345.26917 0.7144537
344.18652 0.7018665
342.6656 0.68284166
341.26974 0.6636542
340.60214 0.6466637
340.25552 0.6255054
340.06152 0.60431343
340.0204 0.5831069
339.60037 0.5594128
339.5397 0.54224193
340.0815 0.52761436
340.59277 0.50647914
340.4306 0.4933541
340.29742 0.4736488
339.83887 0.45787057
338.61435 0.436715
337.94727 0.41812286
337.78763 0.40219098
337.5247 0.37689844
336.29886 0.35921413
334.51462 0.33577228
333.84952 0.3206443
332.3712 0.29685107
331.9037 0.28156343
331.25226 0.26332378
330.23367 0.2516284
329.0244 0.23690999
328.10864 0.22505915
326.6178 0.20416634
325.64084 0.18913034
324.23203 0.16489425
323.44888 0.14964496
322.47958 0.1281791
320.99942 0.11621818
319.3639 0.097919635
317.9173 0.082574524
315.36093 0.05781376
313.0727 0.039048925
309.8508 0.010398889
307.83917 -0.0057756263
303.99133 -0.032170787
302.1956 -0.048921462
298.6292 -0.0729912
296.95502 -0.086917
294.55325 -0.108095646
294.019 -0.121988185
292.6886 -0.13977668
290.46408 -0.15826264
288.34036 -0.1770274
287.30057 -0.19538575
284.19214 -0.21192627
281.16315 -0.22882788
277.4926 -0.25046563
272.5791 -0.2817151
270.19156 -0.3036084
268.566 -0.3211616
267.69577 -0.34596926
266.27286 -0.36392292
265.68887 -0.38904846
264.87234 -0.41081265
264.67383 -0.42768666
264.96228 -0.47330534
264.71536 -0.50373435
264.93408 -0.5207197
265.07407 -0.5513392
265.20184 -0.57332647
265.72852 -0.5900559
266.3293 -0.6067144
265.97076 -0.6307356
264.18256 -0.65941817
262.12515 -0.68015146
260.94702 -0.6987313
259.85974 -0.71747315
258.12448 -0.73896766
256.5488 -0.75523204
254.31447 -0.77999556
251.6268 -0.81928635
250.55402 -0.84768695
248.55083 -0.88815796
247.00194 -0.90897405
245.98505 -0.9414221
246.10646 -0.9617379
244.97035 -0.99787205
245.18512 -1.0272838
245.12125 -1.0601709
244.95195 -1.078409
247.0871 -1.1058104
249.4717 -1.1416829
251.78885 -1.1804992
253.08766 -1.1996264
254.47813 -1.2185515
258.17606 -1.2361406
261.64105 -1.2568587
264.84653 -1.2687054
268.37643 -1.2766972
271.09106 -1.295097
274.86276 -1.3140532
277.52368 -1.3351407
279.54453 -1.3515606
281.63965 -1.3677405
283.26465 -1.3940835
284.40344 -1.4126277
285.63922 -1.4310176
286.10153 -1.4453498
286.4075 -1.4665728
287.5356 -1.5018934
288.18378 -1.5229044
288.89316 -1.5541929
290.8617 -1.5783726
292.03165 -1.6057435
293.30127 -1.6260701
294.54706 -1.6394423
296.19913 -1.6661593
297.60086 -1.6792194
300.6898 -1.7082591
302.71588 -1.7307142
306.24332 -1.7586913
309.37814 -1.7765372
311.19638 -1.7884635
314.96326 -1.8118948
318.63947 -1.8317305
322.43817 -1.8511062
325.77112 -1.8641572
328.20508 -1.8778601
329.4362 -1.8894343
332.63907 -1.9084783
333.9856 -1.9197787
335.37442 -1.930987
336.23853 -1.9459519
336.79855 -1.9580907
336.87814 -1.9740765
335.7237 -1.9885426
335.54822 -2.0018568
335.43228 -2.0151825
336.71524 -2.029867
335.83426 -2.0445032
336.44373 -2.0670877
336.237 -2.0844135
337.35477 -2.0961971
337.66025 -2.109417
338.02463 -2.1226103
338.14136 -2.1398542
338.6411 -2.1529872
338.93466 -2.170177
340.1446 -2.1856318
340.8468 -2.1986032
340.80502 -2.213273
340.65857 -2.2320607
342.8167 -2.2494574
342.26028 -2.2658918
342.55453 -2.2804692
341.5099 -2.2947652
341.20932 -2.3113136
341.68994 -2.3300138
342.30325 -2.3445234
342.284 -2.36105
342.39133 -2.3817031
341.84677 -2.396231
341.4547 -2.414938
341.07584 -2.4295473
340.1285 -2.4464395
338.80978 -2.4698699
336.69373 -2.4875164
335.87595 -2.500591
333.36243 -2.5210102
331.8721 -2.532568
329.30573 -2.5492501
328.7617 -2.562741
328.27768 -2.5762742
327.00278 -2.5882418
326.4702 -2.6087084
325.69632 -2.6250517
324.93594 -2.6483457
324.3742 -2.6648428
323.9011 -2.6813927
323.9474 -2.695198
323.63742 -2.7118022
324.73462 -2.7268498
325.67355 -2.7514732
326.59753 -2.7691264
327.0351 -2.7827446
327.5331 -2.7963243
326.82074 -2.8117564
326.49713 -2.8243396
325.2715 -2.8360236
324.47607 -2.8545866
323.79297 -2.8732343
323.22293 -2.8919544
322.25803 -2.9039824
322.31476 -2.9167745
321.0305 -2.934995
320.2339 -2.9472206
318.9558 -2.9687555
316.99078 -2.98686
316.399 -2.9993515
314.86517 -3.0114772
314.25555 -3.0272539
312.82953 -3.0395925
310.3675 -3.0549634
308.77972 -3.080497
307.5158 -3.0965283
307.3616 -3.1095293
306.25955 -3.1224792
305.2048 -3.1387968
303.21994 3.1312149
301.31375 3.1145523
299.45007 3.1010182
296.82178 3.0770423
292.46622 3.048639
289.9909 3.0305102
286.88702 3.0047123
285.48294 2.9898756
284.14233 2.9748955
281.461 2.9480088
279.5327 2.9283898
277.45135 2.8971534
276.07028 2.8734336
272.8626 2.8357937
272.21466 2.8079503
271.7787 2.779996
271.35956 2.7636003
271.0136 2.7471585
269.31247 2.7243087
268.2353 2.7061424
266.7902 2.6828234
264.18994 2.6523988
262.47833 2.6094275
261.64526 2.585201
262.3516 2.5597386
261.26685 2.5385323
260.88644 2.514049
259.8687 2.487174
259.19058 2.4655342
258.51453 2.4383416
258.11197 2.4164975
257.83286 2.3945956
259.11874 2.3780239
257.64667 2.36168
256.96002 2.3424315
254.18695 2.331152
254.18695 2.331152
