Finger
8
13.018319 1.2989435
26.477371 1.7159534
39.0048 1.8318895
47.795494 1.8694894
55.929108 1.9001148
63.47319 1.9089541
69.755135 1.9102926
76.46993 1.9186238
82.81037 1.9189175
90.28047 1.924414
97.06755 1.9293925
103.77641 1.9362446
110.828094 1.9506065
116.92586 1.9664289
123.58784 1.9861248
130.58192 1.9974931
136.89311 2.008163
143.965 2.0164707
149.94318 2.0196471
155.70284 2.0229652
161.26857 2.0266087
166.44481 2.031802
173.25276 2.0373964
179.72327 2.0448835
186.6457 2.0560942
192.79678 2.062734
198.17941 2.0703268
208.16171 2.0879016
212.10202 2.09912
221.71478 2.119516
226.8967 2.131416
231.69179 2.1399956
235.55392 2.1497457
243.30536 2.1682289
251.98375 2.1833463
256.4737 2.194728
261.04095 2.205805
266.08127 2.2187612
269.6353 2.2285337
274.05185 2.238917
277.34186 2.248025
280.07004 2.258673
283.87885 2.2693863
288.37924 2.2836533
293.08737 2.2969062
296.73068 2.3095343
300.84058 2.3195465
304.2457 2.3315136
308.2789 2.3451614
313.05438 2.3606346
318.0468 2.3760755
322.52414 2.3893323
326.94095 2.4019012
330.64243 2.4120696
335.6947 2.42234
341.44876 2.433181
346.29355 2.4442785
350.9048 2.4552367
355.49332 2.4657657
359.49234 2.4746532
363.60056 2.4869866
368.51517 2.5005698
373.1883 2.5157754
376.89978 2.5293515
379.8266 2.5410798
381.66956 2.553874
384.1546 2.573637
387.1503 2.5988007
387.56314 2.6137314
387.6726 2.6288414
388.5235 2.644711
388.82175 2.6597362
388.5486 2.6737647
388.11444 2.687597
386.73254 2.7025983
385.73828 2.7189386
384.23874 2.7341216
382.19473 2.7485983
379.87225 2.763619
377.71182 2.7782958
374.9457 2.792482
371.72748 2.808677
365.05154 2.837689
360.43008 2.8510761
356.13583 2.8649745
351.62903 2.8791037
347.21136 2.893552
342.62418 2.9081995
337.8506 2.9200215
333.93423 2.9324203
329.0006 2.9447937
323.57452 2.9548702
316.87878 2.9638586
309.7699 2.9725134
302.9381 2.9789484
296.64636 2.9832342
282.9661 2.9934838
275.67886 3.000456
269.50415 3.0046446
263.19507 3.0127995
256.956 3.0175493
249.88457 3.026142
242.56244 3.0307918
235.21086 3.0402467
227.98978 3.0459309
221.20682 3.0519278
214.76192 3.0586166
207.73271 3.0619006
200.62347 3.0640671
193.50658 3.0663893
187.48543 3.0693138
181.50839 3.0669293
174.49905 3.0639243
166.7699 3.0663269
160.68965 3.0634732
153.53465 3.0598247
147.58078 3.056518
140.65033 3.0523152
133.90106 3.0478022
126.87505 3.048557
120.646774 3.045787
114.69151 3.040796
109.76508 3.0362556
104.73639 3.031178
99.699 3.0331805
93.65566 3.036814
88.57259 3.04217
83.59314 3.0392125
79.37387 3.0337496
70.25223 3.0446532
65.20615 3.0523808
60.118896 3.0617108
55.051735 3.0726597
50.02051 3.0855842
41.93869 3.1284883
35.02653 -3.0788095
28.453325 -2.9581442
20.294434 -2.7792187
15.54459 -2.4276078
14.385043 -1.9815642
16.439018 -1.5556567
21.361189 -1.237335
27.952417 -1.0460644
34.531376 -0.9542618
40.8392 -0.8974305
47.309402 -0.87459105
54.16987 -0.8633
61.95885 -0.86495215
69.70653 -0.88408047
77.06841 -0.8953833
85.63455 -0.9155048
94.424614 -0.9335544
103.24802 -0.9485378
111.44232 -0.95729977
119.54643 -0.974106
127.003456 -0.9855156
131.04333 -0.994479
139.24629 -1.009175
147.11127 -1.0266304
155.13725 -1.027926
163.2179 -1.02912
172.95493 -1.0361212
178.92676 -1.0428702
183.73964 -1.0518565
189.08237 -1.0558009
194.36502 -1.0594661
199.2862 -1.0674298
204.11546 -1.0749196
208.66006 -1.0852587
214.0009 -1.0983827
219.67781 -1.1077409
224.60686 -1.1137042
229.50555 -1.1193894
234.13936 -1.1277478
237.96393 -1.1353604
242.28146 -1.1436349
246.51848 -1.154712
251.2576 -1.1641693
255.84831 -1.1718835
260.4475 -1.1793152
265.0852 -1.1865263
269.08786 -1.199511
274.1104 -1.2105554
278.31107 -1.2238172
283.39056 -1.2340443
287.44724 -1.2462918
292.85126 -1.2561184
297.92944 -1.2686532
303.39377 -1.2777363
308.57767 -1.2895459
314.0323 -1.2978156
318.59595 -1.3083485
322.93567 -1.318382
327.45923 -1.3258799
331.9128 -1.334658
340.15137 -1.3472563
344.63876 -1.3553907
349.27362 -1.3619673
356.53537 -1.3741215
362.84332 -1.3860048
368.12036 -1.4024708
373.83307 -1.4212984
380.68567 -1.4445304
386.9269 -1.4621618
391.3018 -1.4787832
394.03152 -1.4946675
395.7527 -1.5152005
397.38614 -1.5355834
397.23587 -1.5488013
399.14325 -1.565752
399.18314 -1.5858009
399.28223 -1.5976576
398.42007 -1.6083661
396.8048 -1.628668
394.61032 -1.64933
392.33765 -1.6702126
390.35443 -1.6939046
389.02765 -1.7072103
386.98218 -1.7203555
384.69577 -1.7323829
382.39905 -1.7439795
379.16577 -1.7562242
371.7089 -1.7791921
367.9441 -1.7924293
363.74243 -1.8062724
359.1371 -1.8208221
353.42914 -1.8345116
347.5305 -1.8480155
341.62665 -1.8621061
335.55103 -1.873746
329.45895 -1.8859347
322.49402 -1.8995334
314.37277 -1.9116846
306.305 -1.9219677
297.93295 -1.9358685
288.83972 -1.9479291
280.2619 -1.9600816
270.9098 -1.9702796
261.73538 -1.9851251
252.20522 -1.9974512
244.27014 -2.007751
235.72775 -2.020036
226.565 -2.0346923
218.04959 -2.049162
210.35248 -2.0628364
202.45604 -2.0740435
194.49397 -2.0848784
186.21771 -2.093181
178.1695 -2.1045716
169.75587 -2.1133597
161.00327 -2.1191182
153.01254 -2.13375
144.66995 -2.1457098
137.72156 -2.1611757
130.24658 -2.1719716
122.54113 -2.1954803
114.919136 -2.21124
107.71328 -2.229631
100.58504 -2.2484946
94.22156 -2.2567785
87.45117 -2.2652287
80.32567 -2.2747302
73.63573 -2.2936282
66.665794 -2.3112743
60.22973 -2.3417566
55.121323 -2.3753862
50.018738 -2.3952515
45.236515 -2.4462306
39.758503 -2.49471
34.241833 -2.5803723
28.711348 -2.7021606
23.825733 -2.8769274
19.773552 -3.0912242
16.50457 2.895601
15.019752 2.4980009
16.1381 2.0916948
19.324848 1.8198296
24.166025 1.6851764
29.70364 1.5969508
35.72995 1.5364379
40.939636 1.467317
47.258232 1.4173985
53.84058 1.3658675
61.29247 1.3413861
69.05731 1.3080415
75.93868 1.2776556
83.53617 1.2551937
91.44018 1.2374023
99.36979 1.2224447
107.84592 1.2041719
116.20624 1.1855519
124.9263 1.1622978
133.36183 1.1487063
140.89017 1.133811
148.1469 1.1248616
155.282 1.1183027
161.83304 1.1055548
167.91608 1.0903308
175.7504 1.0752329
183.56696 1.054576
191.35571 1.0461756
198.13573 1.0370085
205.65749 1.0260158
212.84012 1.0134469
219.60358 1.000617
227.04417 0.99029934
233.71347 0.97819525
239.93611 0.9693437
245.93669 0.9575964
251.83891 0.94503844
258.40057 0.9298824
264.22516 0.91318065
269.50848 0.9000757
274.78897 0.88758594
280.1632 0.8754532
285.56122 0.8638124
291.6507 0.85003424
297.06604 0.83582205
302.04822 0.8261527
306.70596 0.81459826
310.84787 0.805161
316.47345 0.79137206
320.89374 0.7786682
326.58435 0.7658552
331.42053 0.7549237
336.00687 0.74325716
341.0864 0.7335916
345.5944 0.7218949
349.5523 0.71196926
353.26382 0.6992363
356.47214 0.6880569
359.25354 0.6755052
362.53217 0.66480243
366.0556 0.6503982
369.65295 0.6362734
373.33282 0.62238604
376.44928 0.6100258
379.44473 0.598071
383.87405 0.5777577
386.68924 0.5555558
388.39508 0.5429327
391.39383 0.51548266
392.58615 0.5000163
393.44382 0.48653013
394.01422 0.47429228
393.906 0.46095723
392.86288 0.44821063
391.6123 0.4355163
389.79095 0.42075315
387.6336 0.40643832
385.2959 0.39210227
383.041 0.3776117
380.18536 0.36367428
376.91776 0.35006824
373.26715 0.33653605
369.45404 0.32306904
364.71588 0.30999887
359.38174 0.29731768
353.90005 0.28457862
348.13757 0.26905406
342.65274 0.25452393
336.4147 0.23803782
328.27948 0.22285527
319.15723 0.20929167
309.23428 0.19382256
298.42313 0.18295278
287.56818 0.16880676
276.88455 0.15705413
263.4376 0.14215863
248.71796 0.12236937
236.77045 0.10289107
224.91995 0.08607133
211.34283 0.06335561
198.24788 0.040702496
183.49158 0.012944734
169.90025 -0.011268914
160.6941 -0.03226388
150.8815 -0.059158485
141.12694 -0.07922614
131.424 -0.10806574
121.82788 -0.13301174
112.18428 -0.16265951
103.50711 -0.18624216
95.443245 -0.20506103
88.3417 -0.2218103
81.547005 -0.24064235
74.149704 -0.2652001
67.097725 -0.2938605
60.432423 -0.32741433
54.83669 -0.36228585
48.840942 -0.38705418
43.734516 -0.4168212
38.420753 -0.47105616
33.313675 -0.5160001
28.069143 -0.59369695
23.388475 -0.66536134
18.906185 -0.7366315
13.81713 -0.97559035
10.084637 -1.2940779
7.951026 -1.9297907
8.245824 -2.7102737
8.245824 -2.7102737
