Finger
6
139.6477 2.8397267
143.07202 2.8657875
149.16013 2.9102306
155.37126 2.9475951
160.77528 2.979459
166.08516 3.0088649
171.62898 3.036908
178.26279 3.0575273
185.76659 3.0727668
192.64455 3.0897694
199.48518 3.1026163
205.67805 3.1174622
211.61177 3.1285412
218.58772 3.1381025
225.51837 -3.1362064
231.60136 -3.1276162
237.60445 -3.1195912
242.67961 -3.1117713
247.97665 -3.1011515
253.83118 -3.0934122
259.9661 -3.0838242
266.13412 -3.0767717
271.50943 -3.0677102
277.49384 -3.058538
282.7504 -3.0493999
288.0129 -3.0373628
293.55167 -3.025349
299.9314 -3.014521
306.4287 -3.0040128
311.13437 -2.9931636
316.8082 -2.9805226
321.47815 -2.9695508
330.74072 -2.9499612
339.61472 -2.9279392
344.32443 -2.916268
347.8612 -2.9013584
351.2797 -2.8860846
353.7165 -2.8734217
355.07535 -2.8598309
356.51938 -2.8461604
358.31006 -2.8301594
358.90808 -2.8162036
359.18475 -2.79866
359.08685 -2.7830586
359.01385 -2.7681983
359.01712 -2.753224
358.67764 -2.735283
358.35187 -2.716518
357.25952 -2.6966949
354.3144 -2.6763554
351.2758 -2.6560035
347.18903 -2.6366804
343.7814 -2.6178412
339.93903 -2.597556
336.08142 -2.5765233
331.591 -2.5535896
326.67084 -2.5323396
322.07504 -2.5114868
315.86597 -2.4910247
309.4055 -2.4709191
302.84958 -2.4493473
296.84494 -2.4280128
290.69904 -2.4095602
284.0643 -2.388369
278.24918 -2.368589
271.8787 -2.3507087
265.05054 -2.3339834
257.45975 -2.3141572
249.89226 -2.2987814
243.09947 -2.28573
236.64687 -2.273805
230.53023 -2.2624588
225.02574 -2.2538102
219.42723 -2.2439873
213.94478 -2.234398
204.32744 -2.2216904
197.66434 -2.2190628
191.67978 -2.2100601
186.59814 -2.1989563
183.96457 -2.1756
181.3947 -2.1471221
179.78922 -2.111948
179.11961 -2.0832691
181.28764 -2.0378325
185.43324 -1.9968438
188.00209 -1.971933
192.5085 -1.9353827
197.72282 -1.9038551
202.58919 -1.8656957
207.19609 -1.8188827
212.40857 -1.7790363
217.22072 -1.7414415
223.84612 -1.704766
227.32243 -1.6849744
229.76706 -1.6620307
232.59454 -1.6392919
238.17345 -1.6041214
241.07501 -1.5861888
243.27937 -1.55816
242.73904 -1.5253376
242.02614 -1.5045949
240.4135 -1.483283
237.04294 -1.4650689
233.51076 -1.4461368
226.57236 -1.411038
222.53871 -1.3899328
219.32938 -1.3650249
215.5489 -1.3377167
211.92516 -1.3093199
208.25224 -1.2835491
204.87195 -1.2582886
202.14905 -1.2330143
199.76212 -1.2074596
197.8224 -1.177855
196.13336 -1.1463692
195.98212 -1.1121341
196.06345 -1.0780326
196.65976 -1.0493813
197.88873 -1.0192224
200.08867 -0.99036396
203.06448 -0.9597541
207.29872 -0.93117326
211.39389 -0.9055715
215.77725 -0.8800884
220.95616 -0.8521974
227.71692 -0.82532567
233.1662 -0.8003453
239.34602 -0.77862644
245.85698 -0.7585225
253.08707 -0.73704594
259.74173 -0.7191664
265.91995 -0.70002866
271.98297 -0.6813965
280.19885 -0.66135806
288.1432 -0.6444309
295.95685 -0.6288957
303.41168 -0.6120085
311.2652 -0.59747374
318.02448 -0.5838694
324.0555 -0.5716221
330.6256 -0.55889124
336.05643 -0.54533446
341.82962 -0.5324238
347.76102 -0.52172065
353.43317 -0.50998557
357.93356 -0.5022709
361.8306 -0.49322692
367.3469 -0.47963095
372.05167 -0.4640037
377.89856 -0.44747663
381.37466 -0.42868108
383.50446 -0.40900907
382.8756 -0.39046472
380.26343 -0.37342158
377.418 -0.35368064
373.7802 -0.3345373
369.98117 -0.31252012
365.462 -0.2913298
362.57312 -0.28172654
359.27402 -0.26986402
356.08804 -0.25798005
352.6725 -0.24340521
349.53812 -0.23082304
346.66055 -0.22039859
343.6641 -0.20754212
340.72903 -0.19489546
338.96664 -0.18335672
336.11792 -0.16980678
329.90097 -0.14839932
321.26263 -0.12731728
315.82272 -0.11677737
309.5094 -0.10881087
303.26007 -0.101147845
296.9148 -0.090418614
290.75055 -0.08213222
283.65817 -0.07277196
277.2533 -0.060735613
271.07336 -0.050299212
264.98462 -0.04017266
258.83444 -0.026364703
251.9502 -0.0112024
244.93555 7.3087035E-4
237.95566 0.013370871
231.85849 0.023077678
225.9105 0.037032846
219.06758 0.051013384
212.51546 0.0665571
205.54794 0.083507426
198.82649 0.10161378
193.23677 0.12110442
188.76445 0.14446048
183.50711 0.17054729
178.16573 0.19277768
172.87566 0.21662356
167.52502 0.23703058
163.22182 0.26106325
159.2298 0.2873053
153.45465 0.3398289
151.89659 0.3928638
152.95876 0.42540374
155.44542 0.4594401
158.78386 0.49024653
163.7435 0.52050185
169.60062 0.555807
177.01462 0.5901459
184.62534 0.6147715
193.73169 0.63853097
203.41016 0.6588427
212.84029 0.67774856
221.489 0.69722795
229.90027 0.71359456
238.06677 0.7278041
245.92285 0.74346083
252.85979 0.75574654
259.18262 0.77021253
264.38913 0.78371406
269.38586 0.7969851
273.7033 0.8122842
278.10022 0.82716215
282.52792 0.84148294
285.77542 0.8551149
288.83112 0.8653708
291.99078 0.87900025
295.06964 0.8919695
297.28204 0.90547585
300.62473 0.93500185
301.83188 0.9694892
301.52237 0.98857296
300.30722 1.0086856
299.76984 1.0242734
299.4323 1.0392228
298.6 1.071166
297.23828 1.088582
296.17822 1.108507
294.99942 1.126366
294.17313 1.1464993
292.67996 1.1600895
291.37357 1.1794041
288.81467 1.1944414
285.37842 1.2159543
282.39716 1.2346759
278.5849 1.2525892
274.8411 1.2711122
271.22687 1.2899649
267.2589 1.3156533
263.39426 1.3431937
259.208 1.3671173
255.87431 1.3887603
252.30754 1.4064584
248.97522 1.43291
246.08078 1.4625275
244.1429 1.4906836
242.03227 1.5119362
240.81474 1.5293449
240.41403 1.5500336
240.36339 1.5739145
240.45589 1.5987114
241.69649 1.6234561
242.74672 1.643766
244.34996 1.6608485
246.57712 1.6803087
248.39285 1.6988989
250.79976 1.7176157
253.51382 1.7356788
256.56018 1.7576594
259.5458 1.7761248
262.51434 1.7923151
265.40057 1.8061655
268.57742 1.8226554
271.7756 1.8385508
274.30975 1.8577728
277.98645 1.876492
280.76547 1.8956348
283.59204 1.9109715
285.04056 1.9250503
287.0739 1.9437304
287.3241 1.9622786
287.83176 1.9841512
287.8039 2.0068452
287.4645 2.0306556
286.38904 2.05215
285.2285 2.0741136
282.71664 2.0991037
280.65875 2.1286268
278.3125 2.1552892
275.70074 2.1846168
272.96112 2.214472
269.22437 2.240112
265.15686 2.2668452
260.33954 2.2926915
255.74887 2.319216
250.78452 2.344697
245.85078 2.3703125
241.0439 2.3910482
236.16902 2.4134521
230.32039 2.4356968
224.55087 2.454136
217.332 2.4747503
209.95674 2.489005
202.42274 2.505468
194.79509 2.5151033
188.04547 2.528505
180.70413 2.5405385
173.88695 2.5478632
165.4825 2.5577407
157.2866 2.5684118
149.53276 2.5832822
142.58621 2.5958033
136.56255 2.611948
131.2805 2.632223
126.50223 2.6561205
122.62308 2.676591
117.43282 2.7297428
117.43282 2.7297428
