Mouse
32
1.1050812 -3.0741594
5.926425 1.5881044
12.27247 1.3324543
16.186964 1.3908286
20.303127 1.3776354
24.2409 1.4093163
29.337204 1.4030752
33.449524 1.3935616
37.393513 1.4124224
42.338284 1.4310489
46.302643 1.4430823
50.272648 1.4532167
55.356926 1.4458724
60.443687 1.439764
65.6756 1.4195182
70.93046 1.4022659
76.39221 1.3745261
80.92934 1.347804
86.993034 1.3044484
92.619804 1.2874084
97.61665 1.25952
102.682014 1.2343652
108.74296 1.214821
115.20963 1.1892648
122.27651 1.1771743
128.84012 1.156217
134.62695 1.150781
140.8327 1.1393242
147.48587 1.1227068
152.3938 1.1163361
159.99046 1.1047187
165.3709 1.0939802
171.65363 1.0866451
176.18372 1.0744762
182.97249 1.0634594
189.78188 1.053232
195.24278 1.0455643
203.45421 1.0348355
210.83322 1.0224779
218.56288 1.0172641
223.22514 1.0090858
229.28333 0.99992144
233.97559 0.992465
238.68036 0.98530215
245.34564 0.9739294
249.25763 0.9651661
255.16013 0.95252657
259.1169 0.944421
263.0902 0.9365597
266.88065 0.9236882
270.10242 0.9141049
273.3484 0.90474826
280.05615 0.891714
284.76505 0.882462
288.0888 0.8739438
292.84268 0.86523354
297.72232 0.86154014
304.57623 0.8505144
309.3871 0.8426313
314.21655 0.83499
317.65088 0.82776827
321.83374 0.8228196
326.6689 0.8114371
331.5694 0.8046527
338.58575 0.79172206
341.4081 0.78338516
344.95438 0.7772562
349.9787 0.76322836
354.33862 0.7515231
357.27167 0.7438789
360.22522 0.7363597
363.19885 0.7289632
366.9433 0.7198868
371.47562 0.7092377
375.28406 0.70056075
381.2985 0.69073087
384.39008 0.6841011
387.65298 0.67395043
389.55142 0.66353047
391.49176 0.6532127
393.47336 0.6429978
395.49557 0.63288623
398.95346 0.6234522
401.8708 0.61214745
404.01437 0.60240674
405.08197 0.5886747
405.3867 0.57635903
403.52808 0.56461924
401.7256 0.55277246
399.63992 0.54425395
398.44376 0.5343657
397.28683 0.52441895
396.16943 0.514415
395.96768 0.50313514
394.93518 0.49304098
393.4798 0.4806441
392.0853 0.4681571
390.75238 0.45558298
389.9113 0.44524196
390.01923 0.4337772
388.8567 0.42102867
386.84012 0.40923193
386.18735 0.398699
384.65213 0.38911545
382.78323 0.37702942
381.32874 0.36727637
379.9108 0.35744962
378.5298 0.34755018
375.9119 0.33595026
373.02795 0.32164812
370.52502 0.3096987
367.1198 0.2983872
364.04663 0.2895001
361.00272 0.28046235
355.26587 0.26464453
351.3375 0.25588918
347.43668 0.24693653
343.56436 0.23778133
338.7475 0.22908665
334.17682 0.22306204
329.40485 0.21390592
324.66132 0.20448142
320.14255 0.19784288
315.82965 0.19412325
310.35114 0.18774618
304.08447 0.1849674
299.78738 0.18086372
292.36682 0.17507674
288.08243 0.17065893
283.8038 0.1661078
279.6937 0.16494635
275.74878 0.16732821
269.50122 0.16371867
265.39194 0.1624576
260.1369 0.15797938
254.8873 0.1533166
250.63249 0.14786766
246.10986 0.13418624
241.63501 0.11999532
238.10257 0.10065403
235.65863 0.0803957
233.37523 0.06399878
230.11162 0.04314696
225.93156 0.01737577
219.90009 -0.0048861606
215.93591 -0.018869974
212.01552 -0.03337386
208.14142 -0.04842093
204.198 -0.05426057
199.32672 -0.065640256
194.40761 -0.07246006
190.49484 -0.079216
185.51094 -0.08134885
179.61818 -0.0896123
174.73369 -0.09787324
169.75833 -0.10075137
165.88507 -0.10917448
160.91576 -0.11256004
156.94171 -0.11542283
151.97607 -0.119211815
147.13907 -0.13000149
142.32034 -0.14152321
137.37213 -0.14665714
132.42783 -0.15217459
126.500435 -0.15936457
121.56638 -0.16589154
116.63795 -0.17297041
112.69974 -0.17907904
106.80104 -0.18908605
102.875084 -0.19639444
96.79547 -0.19835766
92.67705 -0.19628428
86.80015 -0.20976575
82.89201 -0.21981421
77.79436 -0.22128353
73.8971 -0.2331642
67.10602 -0.25726873
61.322495 -0.28216657
56.537365 -0.30679324
52.422752 -0.31165195
46.098564 -0.31026646
42.307182 -0.33913672
38.204308 -0.34928367
34.10631 -0.36187056
30.015198 -0.37789184
26.3388 -0.4339544
22.302551 -0.46869004
16.072845 -0.5263338
12.77328 -0.68430805
8.604252 -0.965275
6.140402 -1.4241142
5.12123 -2.2215915
5.103082 -3.1270003
8.64332 2.5352495
12.748389 2.3660123
17.039246 2.2804701
21.404446 2.2295616
26.623596 2.173973
31.373178 2.1097732
35.339577 2.0759575
39.33821 2.0489907
44.26009 2.017059
48.306988 1.999994
53.282505 1.9780074
57.90752 1.943804
62.590225 1.9146885
66.69442 1.9085835
71.13339 1.9164755
75.57628 1.9234401
79.67674 1.9178793
83.779434 1.9128631
88.22022 1.9190112
93.2645 1.9107966
97.704056 1.9164419
103.08612 1.9182626
109.751854 1.9253479
114.19844 1.9296118
119.93813 1.9383924
124.75646 1.9493105
130.89404 1.963591
135.35533 1.96593
140.20729 1.9746965
146.38701 1.9863993
151.67525 1.9998794
156.9892 2.012449
161.42795 2.0269072
166.79091 2.0378747
170.39874 2.0535502
176.28148 2.0681396
181.32771 2.0844808
186.41974 2.0999334
192.41035 2.111872
196.19957 2.124097
200.01698 2.135857
204.46663 2.133643
208.91727 2.131523
213.36877 2.1294913
217.82114 2.1275427
224.18102 2.1309052
229.69838 2.1364067
232.70372 2.148616
237.13023 2.161672
241.02962 2.1708314
246.34091 2.1807065
254.4652 2.1920006
259.01788 2.2032042
270.13162 2.232076
286.70248 2.27519
294.98407 2.2937963
307.52832 2.3144135
311.73468 2.319542
316.61176 2.3268106
320.09116 2.3337595
324.99973 2.3406267
328.50903 2.347251
332.03244 2.3537347
336.99213 2.3642626
341.2689 2.37245
344.84464 2.3784342
347.74625 2.386385
350.66946 2.3942037
353.61377 2.4018927
356.57867 2.409454
359.56357 2.4168906
364.07748 2.4278157
367.1104 2.4349492
374.00098 2.4505742
377.8674 2.4590075
380.97952 2.4656305
384.2743 2.4758015
386.2058 2.4862716
388.37973 2.500242
391.21658 2.511985
393.29202 2.522084
395.40714 2.5320761
397.5613 2.541961
399.19855 2.55382
400.34766 2.567675
400.72632 2.5801227
401.16696 2.5925448
400.8103 2.603662
400.5032 2.6147978
400.2459 2.6259491
400.0384 2.6371136
398.5267 2.64931
398.42374 2.6605303
397.47955 2.670616
397.02927 2.6841245
396.65155 2.6976612
395.8573 2.7078714
395.10446 2.7181218
393.47763 2.7273898
391.88492 2.736734
389.94254 2.74852
388.428 2.7580328
386.94888 2.767619
384.57138 2.7763515
382.2236 2.7851918
378.96594 2.7932425
375.73328 2.801432
371.58096 2.8088863
368.3975 2.8173757
363.98062 2.8277717
359.60406 2.8384216
355.5587 2.8466396
352.49722 2.8558478
350.42834 2.8659954
347.43103 2.8755078
342.78787 2.880883
336.93564 2.8885286
332.07394 2.8971746
326.26553 2.905362
320.47977 2.913845
315.69412 2.923328
310.9377 2.9331014
306.21198 2.9431777
301.7068 2.9503129
298.01993 2.9615765
293.38605 2.9725492
288.9474 2.9804547
284.5273 2.9886065
278.8551 3.0035958
274.62173 3.0088058
270.52493 3.0105119
266.42896 3.0122707
262.20856 3.0178673
258.11618 3.0197995
254.1463 3.0178874
249.81905 3.0278287
245.41606 3.0421724
241.15193 3.052905
235.8439 3.0679216
231.71378 3.0752592
227.59657 3.0828624
222.44551 3.0950065
218.44994 3.094154
213.33115 3.1070895
209.3008 3.1112053
205.25047 3.120353
201.23222 3.1248991
197.21829 3.1296303
191.20901 3.1344845
187.20451 3.1396742
181.2053 -3.138056
176.21182 -3.1322806
172.24266 -3.1204531
168.26819 -3.114009
163.33923 -3.1009245
158.43997 -3.0870285
154.50526 -3.0791538
149.6576 -3.0637307
145.75337 -3.0547557
140.86618 -3.044605
135.89055 -3.041042
127.05056 -3.0260994
123.201035 -3.014295
119.369774 -3.0017312
113.43145 -2.994357
108.645905 -2.9785004
101.74514 -2.967329
96.82475 -2.9583755
91.91296 -2.9484642
87.99067 -2.939739
80.16914 -2.9197314
74.32793 -2.9019678
67.54838 -2.8773699
63.69576 -2.8609688
59.86248 -2.8424616
56.0525 -2.8214304
47.594204 -2.761882
42.08038 -2.7090085
35.8455 -2.6270506
31.04153 -2.5758014
26.348686 -2.5060542
21.348883 -2.507919
17.48803 -2.6247911
12.12728 -2.748897
13.371221 -2.43896
18.364859 -2.4550505
23.251236 -2.4037547
27.46932 -2.3449526
32.433247 -2.3248665
38.782524 -2.348232
43.74284 -2.332968
50.124626 -2.321813
55.098366 -2.3120751
59.411896 -2.2914429
64.39818 -2.285459
69.38644 -2.2803354
73.732086 -2.2655704
78.092026 -2.2524517
83.08861 -2.2501562
88.867035 -2.2410688
93.24856 -2.2312295
98.24788 -2.2303677
104.039795 -2.2237055
108.43534 -2.2159464
112.83691 -2.2087922
117.24381 -2.2021754
121.0729 -2.1893413
125.493385 -2.1838434
129.9174 -2.1787198
133.77992 -2.1677775
138.21364 -2.163476
142.09697 -2.153589
147.3763 -2.1462476
153.20381 -2.1449146
158.49174 -2.1383772
163.25578 -2.127077
167.70924 -2.1246104
171.12428 -2.1123164
175.07156 -2.1054344
179.02678 -2.0988562
183.48987 -2.0972874
187.45418 -2.091177
191.42519 -2.0853198
195.89168 -2.0841587
199.87016 -2.0786884
203.8544 -2.073432
208.24991 -2.0618653
212.72041 -2.0612888
218.07384 -2.0585783
223.85106 -2.0499625
227.40805 -2.041853
232.32141 -2.0359213
236.80086 -2.0264504
242.17116 -2.024781
247.10663 -2.0195441
250.7166 -2.0126226
254.33826 -2.0058978
257.97107 -1.999362
261.6146 -1.9930081
266.58774 -1.9887441
270.2483 -1.9827365
273.91837 -1.9768896
277.59753 -1.9711976
281.2855 -1.9656546
285.53024 -1.9556855
290.17053 -1.9492159
293.89124 -1.9441874
297.6192 -1.9392848
301.35413 -1.9345037
304.74585 -1.9267675
308.1554 -1.919202
311.2492 -1.9087747
314.37616 -1.8985537
320.69757 -1.8885746
325.1445 -1.880848
329.61026 -1.8733305
333.13757 -1.8668876
338.59555 -1.8588922
343.1136 -1.8519573
346.41486 -1.8432066
349.4827 -1.8318594
352.84338 -1.823457
355.98785 -1.8124882
359.92102 -1.7983723
363.1612 -1.7878392
365.25778 -1.775376
368.58398 -1.7652016
371.94766 -1.7552102
374.19016 -1.7432312
376.48572 -1.7313967
379.8223 -1.7193166
381.2321 -1.7081633
384.79968 -1.6990169
388.28122 -1.6874821
389.8246 -1.6766933
393.40402 -1.6655077
397.03177 -1.6545252
401.6324 -1.641078
404.3659 -1.6306893
406.1437 -1.6205631
406.9636 -1.6106241
405.7692 -1.5959467
405.6883 -1.5860898
404.64688 -1.5762435
402.65057 -1.5638527
402.71634 -1.551437
401.81406 -1.5414356
400.95215 -1.5313903
401.18024 -1.5189364
401.53595 -1.5040133
400.82568 -1.4938896
400.1566 -1.4837308
398.5337 -1.4732955
395.9604 -1.4625037
393.43378 -1.451572
390.9548 -1.4405004
387.25665 -1.4340374
383.71912 -1.424871
379.2265 -1.4151269
375.92282 -1.4029651
372.32248 -1.3958741
368.74124 -1.3886452
365.56168 -1.3759017
362.23746 -1.3656379
358.7395 -1.3579081
355.70673 -1.3445405
352.26883 -1.3364604
348.8544 -1.3282214
344.4955 -1.3190994
340.4255 -1.3069063
336.83078 -1.3009428
332.5609 -1.2911382
328.32382 -1.2810795
324.783 -1.2746104
321.25607 -1.2679989
316.79117 -1.2602793
313.29556 -1.2533389
308.86777 -1.2452098
304.46097 -1.2368449
299.74167 -1.2313771
295.37137 -1.2225486
291.6147 -1.2178677
287.28088 -1.2085855
283.54398 -1.2035867
279.24966 -1.1938161
275.9091 -1.1851093
272.2071 -1.1795812
267.59167 -1.1724563
263.9094 -1.1665771
260.2365 -1.1605318
256.97958 -1.1507549
252.42245 -1.1426771
247.8824 -1.1343029
243.3604 -1.1256168
239.75644 -1.1184324
236.16525 -1.1110291
232.5874 -1.1033977
228.1348 -1.0935225
223.23865 -1.0872129
218.82431 -1.0765889
213.95346 -1.0696185
209.96751 -1.0646423
205.98698 -1.0594738
202.01218 -1.0541017
195.69147 -1.0592515
188.99123 -1.0575521
184.03473 -1.061081
178.6958 -1.057198
174.72398 -1.050935
170.2591 -1.0494593
166.29625 -1.0426942
160.97157 -1.0377744
156.6858 -1.0215585
151.90932 -1.0099903
147.45891 -1.0070484
143.25754 -0.98839706
139.37361 -0.97860324
134.11342 -0.9701665
130.25626 -0.95914435
125.83475 -0.9539035
121.41694 -0.94828105
117.00326 -0.9422343
113.19029 -0.92860144
108.79215 -0.9213007
103.61053 -0.9074876
99.08148 -0.88436633
91.141655 -0.8696371
85.39097 -0.8587079
79.651955 -0.8462021
73.191315 -0.8225539
67.49655 -0.80472827
62.539528 -0.7723391
58.33423 -0.7471454
52.010643 -0.7288795
46.36392 -0.7219873
41.38117 -0.73146105
34.990227 -0.7418353
30.018394 -0.7581886
25.057775 -0.7810251
20.855742 -0.8479942
14.590291 -0.923721
9.59034 -0.9218576
9.59034 -0.9218576
