Finger
9
290.57117 2.987788
290.7212 3.0031478
291.74765 3.029541
293.091 3.052166
293.56348 3.0755377
295.2044 3.0968382
295.97165 3.1205878
296.1337 -3.1364768
296.25455 -3.1125755
295.80972 -3.0855072
295.37772 -3.0584538
294.26602 -3.0271852
293.45728 -2.9961631
292.93057 -2.9649117
292.8504 -2.9306192
292.97702 -2.8985274
293.34665 -2.8672006
293.94287 -2.836451
293.1987 -2.8032584
292.94446 -2.7667701
292.7683 -2.7321723
292.85056 -2.6988735
293.6164 -2.6629174
294.376 -2.629558
295.45004 -2.5966365
294.95917 -2.5625062
295.06287 -2.5258443
295.5625 -2.4892902
296.4484 -2.4534276
296.33173 -2.4169204
296.62955 -2.3857224
297.20172 -2.3549337
296.80914 -2.323496
297.9602 -2.29266
297.3763 -2.2634554
296.23157 -2.237333
295.16034 -2.2103844
293.72784 -2.180383
292.15714 -2.1541681
291.20395 -2.1287587
291.21024 -2.103911
289.96268 -2.0755665
288.84515 -2.046104
287.6071 -2.0202577
287.18396 -1.9940821
286.41663 -1.9688684
285.72092 -1.9443163
284.38196 -1.9197637
283.75928 -1.8944921
283.0053 -1.8723042
282.46268 -1.853654
282.0707 -1.8356208
281.83374 -1.8184294
281.62518 -1.8003784
281.5088 -1.782313
281.47815 -1.7641264
281.68765 -1.7488668
281.98624 -1.7341428
281.6943 -1.7084504
281.7117 -1.6807041
282.30383 -1.6661787
282.7966 -1.6341369
283.18643 -1.6058338
283.25314 -1.5839343
283.25778 -1.5564661
283.37332 -1.5388466
283.5756 -1.5213281
284.6435 -1.5038807
285.24338 -1.486394
285.70688 -1.4690043
286.2575 -1.451647
287.0027 -1.431631
288.0526 -1.4076581
289.09012 -1.3871328
290.08267 -1.3695446
290.13956 -1.3520991
290.30054 -1.33444
289.7337 -1.3170322
290.06543 -1.2995467
291.23474 -1.2826992
291.73523 -1.2653613
292.53723 -1.2483343
292.95993 -1.233613
293.16342 -1.2192603
294.35132 -1.1917307
295.94415 -1.1765089
296.8791 -1.162452
298.68723 -1.1467854
299.46576 -1.1331222
300.9873 -1.1089636
301.75717 -1.0949996
301.5246 -1.0716994
300.3314 -1.0444707
300.0017 -1.0253642
300.92725 -1.0077784
301.52673 -0.9923897
302.0723 -0.97764003
302.90158 -0.95057076
303.6857 -0.9247126
304.32132 -0.900504
306.13397 -0.87256444
306.44882 -0.8562617
306.6984 -0.8308512
305.89783 -0.8060211
305.672 -0.78246856
305.07788 -0.75705874
305.46567 -0.7379204
306.5093 -0.7186328
307.70975 -0.69785357
308.43417 -0.66991276
308.728 -0.6446221
308.18173 -0.6146442
308.68146 -0.59310293
308.84448 -0.5703455
309.46063 -0.5492177
310.29767 -0.52222145
310.06625 -0.50775385
311.14655 -0.48034447
311.10565 -0.4587648
310.30508 -0.43854702
309.62958 -0.41840905
309.08557 -0.39792016
307.9369 -0.37148178
307.3426 -0.34796926
307.49536 -0.3298078
307.5707 -0.3099766
306.96506 -0.2901718
306.4875 -0.26351437
306.89612 -0.23962207
306.6747 -0.22233336
305.4086 -0.20318338
304.878 -0.18089613
306.3564 -0.15020242
307.24725 -0.12347952
307.74948 -0.103034995
307.19025 -0.083601534
307.69644 -0.061429158
308.08704 -0.035329193
308.13922 -0.012572449
308.12225 0.0069218255
308.221 0.026244361
309.43506 0.045583207
309.82928 0.06797995
310.12912 0.080946356
310.02316 0.1043876
309.49176 0.123982646
310.2937 0.14323556
311.20694 0.16232081
311.57 0.1873595
311.5874 0.20045422
311.85876 0.22324285
312.08505 0.24025562
311.13004 0.25430477
310.0239 0.27523544
309.06464 0.2989744
308.1075 0.3211354
307.4907 0.34511256
306.84845 0.3675035
306.57803 0.3915861
306.9779 0.41939566
307.18344 0.44422227
306.33496 0.46812156
306.7896 0.4901995
304.45758 0.5122192
304.0014 0.5358153
303.5031 0.5522241
302.49673 0.57773733
302.51147 0.60153
302.93018 0.62060905
301.9321 0.64187896
300.3191 0.6643942
299.68765 0.68321645
298.47122 0.70828676
298.58176 0.7302476
299.69006 0.75398254
300.8222 0.7724186
301.66626 0.7893753
301.74307 0.8081235
300.5766 0.8317281
299.48105 0.85070693
299.1943 0.87244964
299.97653 0.8961278
302.03174 0.91359115
303.4071 0.92953163
304.48825 0.95219105
304.36636 0.9760497
304.10553 0.9951542
303.43582 1.0171672
303.82028 1.0342427
303.2775 1.0518208
305.11667 1.0739661
307.15182 1.0954895
307.45883 1.1169509
307.5955 1.1387577
307.06107 1.1565881
306.60904 1.1701587
305.72394 1.1856586
306.00433 1.207961
305.43277 1.2247355
305.34982 1.2453759
304.20786 1.2675027
304.10632 1.2888165
303.6791 1.3088611
303.6336 1.3224751
303.25424 1.3383669
303.12802 1.3584346
301.92252 1.3778259
301.81638 1.3979242
302.08344 1.4127184
302.3459 1.4291098
303.6644 1.4463128
304.07718 1.46305
304.4862 1.4829854
305.01596 1.5028547
304.65665 1.5232432
305.43634 1.5422003
304.33502 1.5585607
302.31644 1.5749526
300.38058 1.5916338
299.52747 1.6083617
298.99048 1.6251652
297.38208 1.6456566
295.7094 1.6596646
294.93515 1.6754718
293.56522 1.6944864
294.36398 1.7146745
294.42343 1.7378824
295.66696 1.7612082
294.5405 1.7766016
294.40872 1.7905967
294.5122 1.8071202
294.79602 1.8215969
295.078 1.841554
295.11368 1.8662151
295.0856 1.8883603
294.6158 1.9036691
295.109 1.9196483
293.83405 1.937145
292.79886 1.9627749
292.39172 1.9858042
292.61783 2.0050845
293.3958 2.02556
292.948 2.0433295
291.48416 2.0633988
290.6803 2.0815232
289.3562 2.107985
289.59424 2.142215
289.39493 2.1598737
289.494 2.1848328
290.26654 2.2105281
288.53345 2.2314446
288.04626 2.2582753
289.41248 2.290654
291.0663 2.3225465
291.7064 2.3452694
291.08356 2.3668532
289.98724 2.390709
288.753 2.4159205
289.34686 2.4438388
290.05753 2.468368
291.1655 2.4982526
292.251 2.522251
293.23868 2.5412939
292.59064 2.56442
293.34375 2.5972846
292.76016 2.62077
292.56592 2.6430194
291.95135 2.6688836
292.76645 2.6941
293.54617 2.7208042
295.36563 2.749247
296.76367 2.7737997
297.36176 2.799688
297.06256 2.823363
296.6362 2.8476243
295.7266 2.8608005
295.1321 2.8911097
294.33667 2.9050756
294.18414 2.9223342
294.0825 2.936185
293.34268 2.9529712
293.59955 2.9670494
293.68564 2.9809291
293.7361 3.0084412
293.9937 3.0290802
293.54654 3.0434802
293.54654 3.0434802
