Stilus
19
225.41875 1.5508571
240.2152 1.4855436
248.89532 1.4529067
254.15224 1.433224
259.0309 1.4156741
262.68436 1.4022694
269.81802 1.3884096
276.08142 1.3797116
282.91684 1.3717945
288.00876 1.3615617
295.0327 1.3481982
300.6577 1.3322204
303.8401 1.3176941
306.59866 1.2987059
309.15594 1.2816088
310.61267 1.2662423
312.14993 1.2509465
313.66733 1.2366494
315.72153 1.2183874
317.22552 1.2057134
319.45154 1.1878967
321.54422 1.1720494
319.48373 1.1528354
315.95288 1.1293229
311.24045 1.1113919
305.14786 1.0929614
301.9056 1.0710144
298.4258 1.0441898
293.5977 1.0186292
290.6932 1.0071636
286.5982 0.9897918
283.1637 0.96976316
283.43906 0.94888663
286.06918 0.924482
287.45728 0.90764683
290.89307 0.8863442
293.04156 0.86417615
295.05188 0.8496878
297.55 0.82904005
302.32513 0.8119611
306.9999 0.7960357
310.66223 0.7840663
314.40475 0.77226365
317.7478 0.7534074
322.88205 0.73859465
327.6797 0.7253431
331.08905 0.7162503
335.04337 0.7060222
338.6524 0.6969704
341.86328 0.6853524
345.11942 0.67395216
347.97498 0.6609721
351.67838 0.6461399
355.56378 0.63316095
358.24625 0.62423444
360.83264 0.61060566
364.34186 0.594352
367.19266 0.58128387
369.5243 0.56995845
371.89413 0.557046
374.10114 0.5439895
376.61642 0.5303582
378.8877 0.5090119
378.2962 0.49112278
377.34595 0.4778306
375.91818 0.4645482
373.90857 0.4537058
370.8596 0.44286948
366.81995 0.4322382
361.66592 0.42098725
356.3561 0.40648314
350.87692 0.3915467
345.84866 0.37883267
339.22922 0.36128396
333.4239 0.34876752
328.484 0.33400053
324.4445 0.31634355
319.45636 0.2984013
315.83322 0.28468373
308.3911 0.2682035
304.23734 0.2533974
297.85867 0.23548825
292.93903 0.21583314
288.97052 0.201117
287.10773 0.18615665
285.13504 0.16741362
284.23212 0.14743406
283.3182 0.123836346
285.07635 0.10023819
286.12228 0.08273648
288.2371 0.06435092
293.1858 0.04355693
297.04114 0.02949538
300.926 0.012523319
303.1226 -0.0031314734
305.18207 -0.020398993
306.3269 -0.036988348
309.3067 -0.052416205
314.48218 -0.07457814
316.4554 -0.09237683
318.94363 -0.10746714
319.41025 -0.120251365
320.06198 -0.13606864
320.74442 -0.15081474
321.3874 -0.16345406
318.50708 -0.18050848
313.58307 -0.19953325
309.57684 -0.2151003
304.89218 -0.23508787
299.93323 -0.25331175
295.8653 -0.26743206
292.15787 -0.28008267
288.62018 -0.29226956
285.34525 -0.3140825
281.62228 -0.33045366
276.63562 -0.34430802
271.1734 -0.3515405
266.31232 -0.3582437
261.63428 -0.3649464
256.05713 -0.3732814
251.61407 -0.38020656
247.70267 -0.38652536
243.99922 -0.3927107
239.4324 -0.4006245
235.21515 -0.4128635
232.5047 -0.43105996
228.92041 -0.45388028
230.0517 -0.47820833
229.98581 -0.503297
230.70717 -0.5264237
232.85844 -0.5521762
236.35527 -0.5679327
239.07683 -0.58553195
242.28381 -0.6052029
246.71356 -0.6237929
251.09001 -0.6358274
254.44893 -0.64623463
259.43155 -0.66128707
263.26364 -0.6767504
268.29736 -0.69527394
273.6664 -0.7172348
277.782 -0.7340603
281.29153 -0.74254817
285.14902 -0.7520592
288.0878 -0.7629014
292.11084 -0.7772014
296.6565 -0.7926568
301.34726 -0.8078847
305.14163 -0.81970596
308.09253 -0.8286114
311.84595 -0.84293735
315.72086 -0.8589376
318.78323 -0.87538564
322.39142 -0.88868624
322.50464 -0.907059
321.69232 -0.9215968
320.07745 -0.9440706
318.2517 -0.9563205
316.34128 -0.97052264
313.9194 -0.9888419
311.06067 -1.0029615
306.9355 -1.019567
303.17844 -1.0321317
299.2794 -1.0476246
295.4558 -1.0635123
292.1801 -1.0768036
289.52017 -1.0941439
286.24194 -1.108927
283.16455 -1.1230417
281.4421 -1.1359581
279.77988 -1.1489304
279.93973 -1.1724225
279.54938 -1.1873376
283.24 -1.2099752
287.19003 -1.2359334
292.16702 -1.2554119
297.14978 -1.272286
302.16156 -1.2835175
306.84155 -1.2887751
310.20346 -1.3012261
315.45685 -1.3221524
319.86255 -1.3376286
323.86667 -1.3512979
328.79758 -1.3666984
334.9662 -1.3848646
338.66425 -1.3988456
342.4148 -1.4134684
346.53552 -1.4269929
349.80963 -1.4427247
353.28082 -1.4560481
356.98776 -1.4699073
362.3375 -1.4832567
366.91913 -1.4980099
371.56375 -1.5123509
374.36203 -1.5235195
377.33676 -1.5397905
378.2213 -1.5520056
380.16183 -1.5639545
381.1663 -1.5793883
380.31375 -1.5998759
378.50403 -1.6137717
375.04034 -1.6301581
370.46033 -1.6471108
365.21417 -1.6646798
359.74515 -1.6800818
354.6022 -1.7009248
351.01086 -1.7143483
345.7985 -1.7252065
340.3008 -1.7367355
333.8242 -1.7467257
330.0062 -1.7518586
324.36282 -1.7660184
318.38776 -1.7802243
312.4376 -1.7940607
307.05496 -1.8047167
300.8174 -1.8173149
295.66037 -1.8313941
290.4467 -1.8469418
286.1711 -1.8701569
282.1809 -1.8853011
279.86133 -1.9064522
279.3388 -1.9224436
280.16095 -1.9403597
282.0314 -1.9571191
286.68015 -1.9735285
288.92816 -1.9871621
290.6891 -2.0006552
294.66046 -2.0214462
297.57507 -2.0338216
301.286 -2.0507815
305.0743 -2.067281
307.87302 -2.0838094
307.48764 -2.1062655
308.56662 -2.1306295
309.9515 -2.150887
311.79068 -2.170123
314.2328 -2.1880388
316.08743 -2.2069778
316.088 -2.2309163
316.51556 -2.2539587
318.32916 -2.266947
316.54852 -2.2957003
314.80795 -2.3096895
311.71237 -2.336335
309.66562 -2.351861
307.57635 -2.3642116
304.84317 -2.3780918
300.23422 -2.3991752
292.84045 -2.4178388
287.45157 -2.428743
282.51743 -2.4381378
278.40167 -2.4444644
271.5919 -2.451793
262.21814 -2.4653354
258.00366 -2.4733682
254.54039 -2.482641
248.95026 -2.5054212
246.56837 -2.5186183
243.95874 -2.5336664
238.66386 -2.551116
234.52159 -2.570089
231.36249 -2.5916858
228.29814 -2.6139905
225.35724 -2.636836
223.16293 -2.6549304
225.55971 -2.6779556
229.03508 -2.6879566
232.9934 -2.7009697
237.84491 -2.7197955
242.52681 -2.7374208
248.04521 -2.7469172
253.59006 -2.756008
259.59793 -2.7685878
266.62103 -2.7837825
271.5591 -2.798399
276.23785 -2.8159213
278.69498 -2.8406208
280.86618 -2.8615665
284.16452 -2.8860128
289.67084 -2.909439
295.25113 -2.9182374
299.04175 -2.9262495
302.8225 -2.9400449
306.1896 -2.9556017
308.17807 -2.9791276
310.15234 -2.9964178
312.54413 -3.011193
314.4988 -3.031919
318.0735 -3.0545087
318.8447 -3.0733411
318.48703 -3.0924387
317.25046 -3.1111696
315.12738 -3.1299715
313.11145 3.1373267
308.59958 3.121758
305.54947 3.104537
302.9591 3.0848308
299.09995 3.070247
296.58136 3.0500522
295.9251 3.0314617
293.97583 3.0153248
291.82056 2.9911058
292.4148 2.9703896
293.49594 2.950255
295.302 2.9369242
296.15503 2.9234827
299.50894 2.9018776
302.89258 2.8843195
307.35394 2.867946
309.62244 2.8565445
314.6356 2.8346093
318.27478 2.8118079
322.75046 2.7955675
327.84186 2.7823517
332.42667 2.7714455
337.4242 2.758086
342.43076 2.7393973
345.66525 2.7307785
348.90707 2.7182255
356.63226 2.709827
362.59842 2.699614
367.4604 2.6908092
369.95578 2.6790805
371.82642 2.6690898
373.66467 2.6595535
374.42032 2.645539
375.09125 2.6258044
374.23254 2.6084244
373.353 2.5911028
371.90848 2.5725515
369.51926 2.5528615
367.63773 2.536298
365.8627 2.5196455
364.2416 2.5037913
361.6388 2.493257
358.84378 2.4811692
354.87335 2.4715695
350.3857 2.4613807
346.51837 2.4523182
342.15768 2.4417691
337.35562 2.4297225
332.83755 2.4179509
328.38235 2.4058993
324.69394 2.3955677
320.31537 2.3828595
316.734 2.3720846
312.62656 2.3592772
308.39487 2.3455458
304.75803 2.3332782
300.65027 2.318865
296.7652 2.3046484
293.11295 2.2907248
290.17593 2.2791057
286.80246 2.265262
284.1687 2.2540581
283.40872 2.2308862
283.57275 2.208408
286.75113 2.1820383
289.53452 2.1700113
293.03128 2.1467843
296.09473 2.1308837
297.75262 2.109157
300.71967 2.0843182
304.31644 2.064899
308.0174 2.044853
311.59546 2.0246227
315.00934 2.0122569
315.57062 1.9915679
314.71576 1.9752477
314.00015 1.96162
312.7816 1.943373
312.63116 1.9266356
313.0317 1.9039598
312.38046 1.8853284
311.12372 1.8698173
308.98846 1.8550745
306.669 1.8437076
304.1009 1.8315573
302.43112 1.8168694
299.5845 1.8021536
296.73105 1.7905675
291.7678 1.7768469
287.04703 1.7660545
281.75638 1.7625314
275.30487 1.7559949
269.6786 1.7448537
263.96384 1.724641
259.4167 1.7100606
252.78577 1.6936861
245.79324 1.6685598
241.17293 1.6528136
234.39764 1.6349591
229.94136 1.6219419
225.72878 1.5975611
224.3747 1.5709374
221.72853 1.5439637
217.68338 1.5180087
217.68338 1.5180087
