Finger
16
12.55016 1.610596
23.711685 1.8724799
29.964464 1.9480772
36.991306 1.9885033
44.090755 2.016094
50.803658 2.018522
57.460957 2.0202496
70.87543 2.0229197
78.06151 2.035475
85.1693 2.069656
92.821175 2.0859532
109.08046 2.0884266
116.283745 2.092779
122.88515 2.0895405
129.60782 2.086699
136.35052 2.0841482
143.06432 2.0818224
156.9707 2.0833254
163.24213 2.0896246
169.81541 2.0948925
177.21301 2.102899
183.54996 2.1078465
190.01788 2.112494
196.51274 2.1162462
202.76888 2.120199
209.10483 2.124002
222.55785 2.144063
229.6308 2.151353
241.53027 2.158584
252.96724 2.1698027
259.2788 2.1777945
265.85776 2.187063
271.55023 2.1983593
277.15 2.2069025
282.001 2.212564
287.50595 2.220289
297.54648 2.231544
303.01205 2.238514
308.5676 2.2457387
313.43222 2.249723
322.0383 2.2569818
328.8374 2.264429
335.61142 2.2732646
341.71906 2.280904
347.2682 2.2896268
350.60306 2.296997
355.49594 2.3073618
359.5361 2.3196707
362.17877 2.3354914
364.3817 2.3565629
365.92242 2.3726585
364.26794 2.397416
360.39987 2.4174414
355.45468 2.4385166
352.20688 2.4494672
349.03375 2.4605086
344.50467 2.4684663
339.3209 2.4782019
334.10098 2.488604
328.81955 2.4995441
323.65897 2.5106633
317.78943 2.5201738
312.62396 2.5322175
306.73715 2.5426912
301.09268 2.5537705
294.07315 2.561461
286.61975 2.5694056
278.20782 2.575964
269.97275 2.5827904
262.9823 2.589575
255.522 2.5980422
246.80475 2.6051812
237.69984 2.6118464
228.47481 2.61852
220.15671 2.6228025
211.51955 2.6278834
202.12024 2.6299887
192.34485 2.635738
182.43788 2.643277
172.28833 2.6444905
162.01985 2.6451333
151.5708 2.6451209
141.67566 2.6411653
132.29143 2.643834
122.93915 2.648448
113.53248 2.6539016
104.11461 2.6603644
95.77994 2.6645503
87.981285 2.6696317
80.59687 2.6786733
72.55557 2.6849372
64.83621 2.6942983
57.41528 2.7101407
50.984547 2.7386224
44.865448 2.77685
39.766567 2.8350372
34.84075 2.9100049
27.707876 3.1134062
21.34338 -2.942423
16.711184 -2.5576613
15.705199 -2.1418822
13.582936 -1.7162448
13.630161 -1.4033456
16.763855 -0.9301271
22.49943 -0.6401639
29.599302 -0.54868287
34.8933 -0.5232597
43.494804 -0.5090511
51.527836 -0.5106775
55.555634 -0.49118358
64.03579 -0.47360367
70.94057 -0.4713019
77.21962 -0.48807406
84.181564 -0.4978116
93.09214 -0.49455857
102.89416 -0.48728693
107.38803 -0.48630512
112.226 -0.4915571
120.56257 -0.51112795
129.88516 -0.51683784
134.35408 -0.5150731
140.15987 -0.5161413
146.37294 -0.5217368
151.34912 -0.52578413
161.28711 -0.53309447
167.16933 -0.5344574
174.10991 -0.5362335
181.31769 -0.53830177
187.91754 -0.5356267
193.92766 -0.5367338
200.10631 -0.5402193
205.27747 -0.5421822
211.42442 -0.54672605
217.73212 -0.55047613
224.05363 -0.5540165
230.70515 -0.5569118
236.98668 -0.56002057
243.40785 -0.5630968
253.79129 -0.5746188
263.8401 -0.5860531
274.11145 -0.59625125
279.34766 -0.60498655
284.28992 -0.6101432
294.45297 -0.619215
303.36023 -0.6307407
310.6871 -0.6412697
314.70572 -0.6476828
321.1908 -0.66382116
327.72916 -0.679279
333.6946 -0.69181454
339.21295 -0.70213383
344.7155 -0.7115018
350.8206 -0.71903574
356.95392 -0.7292672
361.18018 -0.7381674
365.24713 -0.75032604
368.71265 -0.763885
370.96942 -0.77754414
372.81454 -0.79390156
373.59964 -0.80785084
371.95056 -0.82429695
368.12967 -0.84045005
361.33472 -0.85325
353.83575 -0.8647254
347.03857 -0.8744374
339.02103 -0.8853032
333.594 -0.8911367
327.73764 -0.899583
322.2154 -0.9063918
316.73154 -0.9129889
311.4155 -0.9193191
306.51715 -0.92423445
301.19333 -0.93143994
295.40076 -0.94101363
288.5257 -0.94980156
281.80927 -0.958831
275.6846 -0.9653149
268.6284 -0.9706272
261.11844 -0.9732578
254.09462 -0.97908455
246.58522 -0.9867637
238.84029 -0.9915935
230.63966 -0.9984102
222.94759 -1.0026245
214.74544 -1.0015883
206.74268 -0.99962693
198.07704 -0.9953585
189.09555 -0.990016
179.82005 -0.98794067
171.03658 -0.9892013
162.47618 -0.99119896
154.3101 -0.98911405
146.29169 -0.9856611
139.71317 -0.9798371
133.45726 -0.9684975
127.38031 -0.95471555
121.372826 -0.93966943
115.35563 -0.92294246
108.87612 -0.9101703
102.48146 -0.8974794
96.396355 -0.88803625
90.65449 -0.87888336
84.21792 -0.8776059
73.44743 -0.8621674
67.98394 -0.8497663
63.3307 -0.83195984
57.59393 -0.8118168
48.392635 -0.7729906
38.68144 -0.7664557
28.088963 -0.73405534
22.652245 -0.65899855
17.426052 -0.5463737
13.582327 -0.36521676
10.681032 0.015320771
10.0990305 0.5352278
11.973303 0.9771858
15.848778 1.2700834
20.477457 1.3895326
29.088501 1.4848529
33.16585 1.5195528
38.955635 1.5323293
43.84043 1.559405
49.937656 1.5769674
54.85243 1.5799001
59.907467 1.595806
64.15733 1.6067327
69.14306 1.6069156
73.980034 1.6154255
79.17151 1.6149634
84.97604 1.6119447
90.21961 1.6186206
95.96626 1.6176465
101.01696 1.6252015
106.209465 1.6225393
112.03721 1.6198455
117.142235 1.6177064
122.958885 1.6089402
128.10706 1.6058866
133.9675 1.5982054
139.08717 1.5901142
144.84036 1.5825337
150.86479 1.5807266
156.87903 1.5739794
162.88138 1.5738621
168.86858 1.568923
175.86919 1.5679568
182.80898 1.5680646
189.81584 1.5681654
196.8341 1.5682592
202.82805 1.5683342
208.82887 1.5684049
214.83989 1.563823
219.83147 1.5594379
225.84843 1.5553179
230.84753 1.551326
236.88347 1.5441824
242.92932 1.5366287
249.02814 1.5293962
255.09166 1.5225624
260.1844 1.5158197
266.3556 1.505817
272.45175 1.4999498
278.6445 1.4907572
284.78714 1.4854465
291.03375 1.4769387
298.24243 1.4698151
304.49042 1.4645835
311.71252 1.4580408
318.01062 1.4508073
324.47342 1.4407701
330.96628 1.4311279
336.78793 1.4186498
343.32587 1.4067988
348.1427 1.3973992
357.1074 1.38424
364.10974 1.3716047
369.24866 1.3601148
371.4395 1.3480998
372.80682 1.3324443
372.75934 1.3129966
372.58612 1.2985485
372.23712 1.2870713
371.13007 1.2698759
369.46716 1.2485678
368.3983 1.2265072
365.9588 1.2109555
361.17267 1.1933742
356.61584 1.1785263
350.2456 1.1647904
342.91232 1.1555787
338.27368 1.1519746
333.89978 1.1502109
325.8849 1.1451082
321.16394 1.1418335
316.1957 1.1381301
311.14853 1.1350358
305.89777 1.1333357
300.79877 1.1299969
295.5646 1.1281899
291.20044 1.1258199
285.92508 1.1238189
280.56097 1.1225415
275.42493 1.1216068
270.0517 1.1202334
263.61182 1.112546
257.06906 1.1087201
251.1515 1.1025138
245.69241 1.0992453
240.01097 1.0930028
234.79034 1.0898424
228.54308 1.085448
222.32529 1.0808257
216.95757 1.0780964
210.92503 1.0788476
205.11322 1.0802189
199.2825 1.0816678
193.95 1.0786577
187.98373 1.0736306
181.22525 1.0723253
175.18834 1.0730343
169.1856 1.0671899
163.94907 1.0632694
158.03404 1.0643638
151.92273 1.0568379
145.62378 1.0484068
138.97932 1.0456336
133.03674 1.0436172
126.604614 1.0412503
120.728455 1.0417899
114.935394 1.0423411
108.24927 1.0383192
102.19723 1.0374641
96.36662 1.0378934
90.930305 1.0313643
86.454865 1.0274236
77.53244 1.0182042
69.17764 0.99441725
60.864605 0.96409917
53.24518 0.9327597
45.513134 0.9152623
37.023712 0.9348334
29.668623 0.93018234
21.910723 0.89264506
13.331129 0.8550329
6.7642045 0.7908502
4.5648246 -0.69854826
8.972446 -1.4871026
16.470413 -1.830804
26.033506 -1.9750248
36.125774 -2.0593019
45.02856 -2.0868182
53.70867 -2.0804327
63.55064 -2.066244
68.84126 -2.057294
73.33491 -2.0558817
82.734406 -2.0642266
92.98459 -2.087228
99.290344 -2.0973244
105.57551 -2.106143
111.60421 -2.1085715
117.41654 -2.108701
122.71577 -2.101832
128.03893 -2.0955229
133.9753 -2.087067
140.18779 -2.0783372
146.42494 -2.0703306
152.66324 -2.0629873
159.20909 -2.0602815
165.90463 -2.0592272
172.61743 -2.0582652
179.27858 -2.0573456
186.00156 -2.056526
192.72214 -2.0557623
199.02847 -2.0518553
205.33879 -2.0469153
211.5823 -2.0423207
217.95149 -2.0379083
225.07097 -2.0318573
230.66971 -2.0295122
236.27834 -2.0225058
241.62965 -2.0209265
246.54773 -2.0157669
252.82385 -2.0126896
258.6816 -2.0062654
264.9885 -2.003544
270.87128 -1.9976026
276.44244 -1.9963553
282.11572 -1.9911447
288.35953 -1.9890001
294.37042 -1.9845526
299.86017 -1.9829144
305.55173 -1.9783607
310.22247 -1.9726938
315.22858 -1.969389
320.11182 -1.9655352
324.86206 -1.9602541
329.46927 -1.9545215
334.11023 -1.9489197
337.73364 -1.9422945
341.1417 -1.9351912
347.924 -1.9216588
353.11774 -1.9102356
359.48065 -1.8952044
365.1044 -1.8785183
368.98114 -1.8666935
371.8703 -1.8454095
373.1617 -1.8250201
373.17365 -1.8029071
371.79285 -1.7866341
368.64056 -1.7724885
363.02814 -1.7588608
354.91235 -1.7432301
350.21863 -1.7319176
344.80743 -1.7218862
340.04593 -1.7121519
333.86234 -1.7049882
328.44287 -1.6956744
322.22882 -1.6911391
314.92978 -1.6843584
306.9583 -1.6783328
298.6427 -1.6711632
290.39978 -1.663659
282.2635 -1.6584386
274.2119 -1.6511767
265.9109 -1.6449851
258.81964 -1.6393102
250.7025 -1.6335374
243.59875 -1.6271518
235.47264 -1.6205639
228.36194 -1.6133239
222.13168 -1.6100494
216.12357 -1.6054623
210.05731 -1.5980493
204.03221 -1.5939469
197.35953 -1.5898101
191.18185 -1.5890816
185.02917 -1.5896899
179.00423 -1.5847454
173.05879 -1.5852246
167.05423 -1.5812104
161.79655 -1.5800557
156.0587 -1.5803962
150.80658 -1.5807304
145.79785 -1.5742214
141.78427 -1.5743183
136.81635 -1.5671463
132.79874 -1.5670358
124.83052 -1.5587946
120.82618 -1.5583969
112.82068 -1.557517
106.83033 -1.5567724
98.82719 -1.5657431
91.62162 -1.5544442
86.62544 -1.553501
80.85647 -1.552267
73.632126 -1.5504487
68.650444 -1.5489719
63.65087 -1.5472573
57.424694 -1.5447047
51.664913 -1.541795
46.67127 -1.538691
40.880123 -1.5341411
34.886307 -1.5278397
28.928833 -1.5189861
20.879082 -1.5468758
13.673674 -1.5342662
7.2603235 -1.2525775
6.268357 0.016066786
12.043324 0.55182296
19.432325 0.6864084
28.52831 0.74310887
36.45903 0.76722485
44.234055 0.7864309
53.10845 0.7995988
60.48171 0.7978957
67.54363 0.7756969
74.67262 0.74290013
81.88422 0.71214825
87.79694 0.69918895
93.34835 0.6740765
98.251976 0.6505471
104.30098 0.61882496
111.995346 0.5920572
118.82515 0.57158923
125.13401 0.55815506
133.7711 0.53756076
141.1741 0.51469535
145.16083 0.5070875
152.68607 0.48730096
159.69025 0.47670648
167.72562 0.46543354
172.52423 0.45934308
177.43109 0.45196024
182.31638 0.44376695
186.60275 0.44003814
195.45465 0.44005755
200.58453 0.4389615
205.575 0.43301314
210.94165 0.43168178
215.91295 0.42620078
221.27493 0.4250997
225.52802 0.42142412
230.00998 0.42225093
237.2953 0.4186849
245.93138 0.4075333
250.90991 0.40330893
255.86967 0.39928702
260.8154 0.3945672
267.93372 0.38840824
274.58932 0.38242927
282.65347 0.37773237
290.1934 0.36826333
296.26767 0.36320087
303.0374 0.3589936
311.81387 0.3518639
316.75394 0.34949946
321.4972 0.3441275
325.28156 0.3399611
329.06436 0.33589807
332.8492 0.33193085
338.45032 0.32623214
344.29535 0.32355353
348.25125 0.31974673
352.06265 0.3161643
355.86942 0.3126669
359.6797 0.30924422
367.31216 0.30261233
373.9713 0.2970579
377.76004 0.29154226
380.30954 0.27583927
379.822 0.26015344
379.29605 0.2442303
376.74326 0.22743699
374.45575 0.21238019
371.43304 0.19978474
366.81287 0.18506445
360.82486 0.17191716
354.13065 0.1609485
347.41852 0.1495003
339.67035 0.14099348
332.3112 0.12961486
323.1063 0.120203346
317.71393 0.11595706
311.7399 0.11170624
305.5757 0.107400686
298.51733 0.10580386
291.6226 0.102252536
283.5011 0.101587124
276.492 0.0997287
269.1076 0.09589022
261.17398 0.091101475
253.07831 0.08613458
244.03389 0.084243394
235.91946 0.079673074
227.75778 0.07368796
218.68074 0.06762426
209.54321 0.060974415
199.72807 0.05399365
190.6879 0.05129688
180.6674 0.04861149
171.6658 0.045363367
163.36775 0.041497856
155.34668 0.042143155
147.35124 0.044431355
140.3986 0.04663318
133.44447 0.04906526
127.17572 0.051485874
121.21929 0.054018173
115.98522 0.05645839
110.263016 0.05939172
105.01661 0.062362563
99.31312 0.06594907
93.20042 0.05953763
87.20182 0.05476118
82.22235 0.055322763
77.20073 0.058925346
72.00528 0.06318251
66.270035 0.068658814
60.289528 0.0754819
54.307858 0.0838143
49.33168 0.071968056
45.03582 0.07884655
40.32776 0.08807411
36.086143 0.09845825
31.487127 0.14489718
27.51126 0.19308224
23.579062 0.23741817
17.534344 0.4304643
11.696544 0.7010073
7.634765 1.0298942
7.69196 2.1239529
14.215874 2.582186
19.04847 2.6765006
23.722134 2.7376945
27.676542 2.7895796
32.234486 2.8410535
36.998352 2.880726
41.72885 2.9108715
47.6922 2.940147
52.650455 2.9593422
58.416737 2.9909399
63.46051 3.0189633
69.1409 3.0322626
75.12861 3.041007
81.05998 3.0483892
86.97156 3.0662684
92.910835 3.079527
98.874725 3.0854754
105.75119 3.0985875
112.59994 3.1012046
120.467155 3.1121428
127.49119 3.1137657
134.52112 3.12265
141.44537 3.1235774
149.43987 3.129751
157.42354 3.1367028
164.40994 -3.140202
170.56714 -3.1389565
177.30501 -3.1390567
184.28549 -3.1296604
191.39569 -3.1235802
197.66295 -3.1151497
203.65892 -3.1110566
209.7039 -3.1024232
216.50789 -3.094457
224.37222 -3.0905793
231.91069 -3.0845826
238.98927 -3.08114
246.04918 -3.0756593
253.89969 -3.0698433
262.06006 -3.0643933
269.19232 -3.0589921
276.39398 -3.0510774
283.56784 -3.0455
290.76382 -3.0383527
298.90765 -3.0337074
306.4398 -3.0272317
313.62415 -3.0227382
319.95016 -3.0163133
325.18567 -3.0114634
330.69742 -3.0052385
336.8302 -2.998732
342.32657 -2.989295
347.1869 -2.9796503
355.6416 -2.960764
361.87085 -2.944197
366.22388 -2.9271085
368.9647 -2.9092581
370.88162 -2.888337
372.7574 -2.869573
373.45663 -2.8533762
372.04434 -2.8382332
369.17682 -2.8222115
363.89844 -2.8051186
358.32883 -2.7907884
353.56717 -2.776801
346.8675 -2.757022
343.01227 -2.746172
338.1957 -2.736302
333.79245 -2.7273674
328.91895 -2.717513
324.81836 -2.7084193
319.3727 -2.7005193
313.97116 -2.6923819
308.24503 -2.6862028
301.85413 -2.6766448
295.71945 -2.6729558
290.82114 -2.6682682
284.90457 -2.6624455
278.13406 -2.6569633
271.4546 -2.6481872
264.3712 -2.642335
258.41174 -2.6341918
252.23936 -2.6295972
245.50742 -2.6282525
237.3824 -2.62239
229.82385 -2.6186197
222.96779 -2.616361
214.9235 -2.616138
206.24097 -2.6140192
196.86668 -2.614546
188.51869 -2.6146312
180.50163 -2.6142795
172.62502 -2.6145587
164.16826 -2.618286
155.1165 -2.6160748
146.84378 -2.606495
138.67433 -2.6055198
130.63843 -2.6044974
122.23206 -2.5921137
113.3714 -2.585402
105.06711 -2.5814648
98.55944 -2.5748827
92.41653 -2.5720391
86.614784 -2.5700433
80.82111 -2.567741
74.97032 -2.5652454
70.40162 -2.5607102
61.526924 -2.5437317
53.328495 -2.5296936
46.953136 -2.538255
40.57843 -2.5495248
33.173428 -2.5156581
27.218899 -2.4463146
21.470652 -2.3246999
16.320776 -2.1178322
17.105103 -1.7538435
17.105103 -1.7538435
