Mouse
12
169.92361 2.4572918
172.36833 2.4311445
174.18758 2.401892
176.15273 2.3732681
177.58777 2.3333101
179.14815 2.3098123
180.51793 2.2589855
181.55763 2.2117033
183.6273 2.1897824
186.31519 2.1536038
188.91183 2.1257746
192.51526 2.0961037
196.7604 2.072015
199.80751 2.0580063
203.77803 2.0312097
208.3123 2.009809
213.44925 1.9831446
216.33974 1.9672643
221.70576 1.9425875
225.66759 1.9262805
232.4962 1.8926401
236.99124 1.8686179
240.2481 1.8557737
244.9439 1.8332136
249.75963 1.8115128
255.2375 1.7821407
257.3717 1.7644987
259.4111 1.7433571
258.44846 1.7204844
257.8823 1.7051462
257.26028 1.6858846
256.3827 1.651006
254.81996 1.6161078
254.61786 1.5924054
254.59041 1.5549401
253.72157 1.5349324
250.95468 1.5145912
249.21638 1.4981147
248.5427 1.4817705
245.94693 1.4644859
245.411 1.4478456
242.96294 1.4299911
239.4496 1.4152415
237.32199 1.392467
235.12158 1.3734599
233.9844 1.3550197
231.95503 1.3354044
230.27106 1.3112489
228.44514 1.290954
227.67023 1.2716405
224.13374 1.24801
220.72636 1.2236359
217.63684 1.184001
215.39818 1.1494402
215.2555 1.1286813
212.52493 1.112122
210.31396 1.0909095
207.32335 1.0669372
205.31947 1.0447338
202.899 1.0263093
198.861 1.0020756
196.60522 0.98254585
192.78825 0.95664275
190.71245 0.9359839
187.1388 0.90836173
185.25888 0.88656807
182.60814 0.85306287
180.95761 0.83019745
179.37854 0.7990413
178.1036 0.7435435
177.12982 0.7033133
177.4185 0.65132564
176.8681 0.61855453
176.25064 0.57302153
176.67316 0.54478717
176.25633 0.5068439
177.89493 0.47626603
179.2674 0.4412418
180.46295 0.40170214
182.29393 0.3678716
185.8966 0.3261355
189.13734 0.29261726
192.14413 0.27166107
195.23268 0.25135925
201.09624 0.22343193
207.50862 0.20655796
211.03168 0.19339438
215.05759 0.16610646
218.6877 0.1540623
223.0646 0.13290143
226.77823 0.12182251
232.29523 0.10159048
236.99092 0.08685684
241.66547 0.06857163
246.41776 0.050985992
251.21127 0.030092407
256.1381 0.01779763
262.09814 0.002130542
267.13446 -0.01662756
270.2625 -0.034941994
274.5902 -0.05991266
277.92587 -0.07722533
283.334 -0.09345902
288.04538 -0.11636075
290.6509 -0.13264902
296.91223 -0.16047104
300.88162 -0.17856407
305.14343 -0.19939463
308.34106 -0.2171842
310.6617 -0.23535149
314.8143 -0.26167327
317.38074 -0.27912027
320.63187 -0.30224815
321.8452 -0.31411338
324.69498 -0.3307373
326.35294 -0.34522828
327.7282 -0.35671365
330.23773 -0.37657747
329.8789 -0.3900834
330.371 -0.40918368
331.48035 -0.42422312
332.18692 -0.44316354
333.02322 -0.45530233
333.01593 -0.46873143
333.53357 -0.48481515
333.26038 -0.50228566
333.95734 -0.51829225
333.8792 -0.53575313
333.90292 -0.5532168
333.4893 -0.56814927
333.70187 -0.585617
332.12207 -0.61066014
331.77356 -0.6299214
330.9448 -0.6468091
328.98242 -0.6589881
326.75955 -0.6799113
323.91815 -0.7031031
322.00208 -0.72462916
317.96146 -0.7616984
315.75302 -0.78168976
313.6991 -0.8064621
313.13574 -0.82231385
311.16733 -0.8339201
310.83542 -0.8544816
309.7477 -0.8684616
309.6372 -0.88913465
309.04623 -0.9123679
308.41406 -0.9311437
307.31046 -0.9526369
307.47778 -0.9688937
306.06158 -0.98151654
304.6946 -0.99425465
302.84436 -1.0098966
301.5888 -1.0228916
299.5247 -1.0342915
297.8673 -1.0504358
295.80676 -1.0697166
294.3222 -1.0862492
291.57825 -1.1121281
289.8294 -1.1245033
288.61566 -1.1416268
286.97427 -1.1543016
284.00378 -1.1879332
282.39984 -1.2122513
281.96237 -1.2267805
279.99573 -1.2469553
278.14462 -1.267407
276.97592 -1.2811894
276.553 -1.2995499
275.5082 -1.3135382
274.0431 -1.3347136
273.1352 -1.3489527
272.28302 -1.3632836
271.48715 -1.3777018
270.57217 -1.3958386
267.93048 -1.4092411
265.19238 -1.4266375
263.65573 -1.4411072
260.07446 -1.45868
257.47968 -1.4809693
256.08188 -1.5000665
255.77716 -1.5195671
255.54018 -1.5430181
255.46037 -1.5586708
255.44318 -1.5743293
256.5095 -1.593809
256.63272 -1.609392
258.8709 -1.6283953
259.2068 -1.6476542
260.63397 -1.666488
261.15915 -1.685547
261.77875 -1.7045226
262.342 -1.7196344
261.9784 -1.7353007
263.0276 -1.757806
262.82092 -1.773468
264.09406 -1.795724
265.25403 -1.8141001
266.50275 -1.8323101
268.39777 -1.8575068
269.85437 -1.8752798
272.3597 -1.9033053
275.075 -1.9307988
276.51117 -1.9443537
279.53314 -1.9710305
281.1158 -1.9841354
283.1612 -2.0003068
284.85013 -2.0130742
287.0257 -2.0288186
289.72873 -2.0473943
292.52985 -2.0656202
296.04276 -2.0939827
297.71396 -2.1102097
299.78812 -2.121658
301.90106 -2.132948
303.21228 -2.145868
305.4063 -2.156859
306.81012 -2.1695237
307.20508 -2.1884732
306.90646 -2.209304
308.32446 -2.2261927
309.9926 -2.2383893
311.70636 -2.2504532
313.33566 -2.2668772
314.39594 -2.2807198
316.26608 -2.292373
318.92252 -2.3017893
320.86917 -2.3131514
321.40112 -2.3286328
322.0099 -2.3440597
322.69495 -2.3594244
321.3815 -2.3814425
320.1034 -2.3948042
318.1407 -2.4061666
317.0624 -2.4242096
318.26276 -2.4440095
319.58694 -2.463653
321.47375 -2.4763029
322.80496 -2.491264
324.42206 -2.5104094
325.5832 -2.5318716
327.72546 -2.554865
329.19406 -2.575924
331.32666 -2.5942054
333.0647 -2.6148388
334.06885 -2.6337974
332.957 -2.6524658
331.96194 -2.6712527
331.06497 -2.6833923
328.93414 -2.703824
328.16913 -2.7161555
325.73865 -2.7329342
324.16992 -2.7442575
322.64316 -2.7556896
320.79462 -2.7701302
316.44327 -2.7884493
313.47443 -2.805306
310.28217 -2.8153484
308.41162 -2.833778
305.97626 -2.8483613
302.64566 -2.8622673
301.56735 -2.8750176
299.07312 -2.8934913
296.9116 -2.9089892
294.8224 -2.9247105
293.00833 -2.937308
289.7016 -2.95957
287.0328 -2.9720144
285.09244 -2.9921677
281.28616 -3.0116742
278.69485 -3.0285347
276.2818 -3.042104
272.9242 -3.055596
269.5472 -3.0731223
264.2577 -3.0907052
259.0532 -3.1090007
253.93893 -3.1280394
248.91624 3.1393492
244.92899 3.131147
240.00523 3.114263
236.10918 3.1010985
231.31332 3.0829442
226.6766 3.0596292
221.06958 3.0393727
216.67531 3.0140595
212.42555 2.9877164
208.96326 2.9705946
204.96846 2.9424016
201.89407 2.9190586
198.93304 2.8950071
196.36093 2.8653374
193.66661 2.8398302
192.04877 2.815298
191.48769 2.7921612
189.16838 2.7650514
187.91129 2.7393827
185.45532 2.716052
184.43874 2.6895812
183.55278 2.6628356
181.92517 2.6331873
180.11993 2.5954173
178.32056 2.5693867
178.86035 2.544528
177.30214 2.517848
176.48 2.4862068
177.38658 2.461455
177.64 2.4333234
177.64 2.4333234
