Stilus
8
263.35373 1.9211344
263.87988 1.8951347
264.8964 1.869798
264.4269 1.8508091
265.0219 1.8305839
265.8991 1.813513
266.9248 1.797023
268.56564 1.7729863
271.75497 1.7451743
275.78748 1.7131602
278.30945 1.6965266
281.44925 1.6694294
284.12354 1.6503358
287.55286 1.6261407
290.2745 1.6042149
291.27176 1.590015
294.11713 1.563736
295.1752 1.5502012
298.37863 1.5270902
300.97943 1.5043571
302.61362 1.4781061
304.09268 1.4625789
305.34995 1.4492532
307.06485 1.4367986
309.88666 1.4187319
313.6103 1.3985423
315.31207 1.38656
318.20844 1.3723453
320.34976 1.3571167
321.46994 1.3449365
323.59363 1.3306102
326.096 1.3128052
327.82266 1.2935462
329.4698 1.2698584
330.3964 1.2477438
330.81357 1.2256736
332.32056 1.2047781
332.3008 1.1820823
332.26346 1.1591853
332.05872 1.1456292
333.6326 1.121417
334.58078 1.1021614
336.66113 1.0825067
339.9996 1.0643317
343.02762 1.0486399
346.1427 1.0275959
347.11942 1.0021666
348.4876 0.9846792
347.6651 0.95916265
348.32877 0.9315076
348.58347 0.9070415
348.2619 0.889905
348.18594 0.87205136
349.2389 0.85908127
349.4851 0.83830965
349.1306 0.81337655
350.13208 0.79424304
350.43655 0.77162236
349.8502 0.75567406
348.90347 0.7345447
348.4991 0.7124767
347.7039 0.691079
345.19672 0.6719121
342.73282 0.654441
341.88004 0.6316605
339.2473 0.614666
339.63397 0.58676654
337.80908 0.5659179
336.38638 0.55360264
333.57758 0.5280592
332.3377 0.5155647
330.8128 0.50112253
332.078 0.47762835
332.6028 0.45413065
332.6753 0.44059375
333.40286 0.41648126
333.40112 0.3936195
332.64105 0.3719168
330.63492 0.35418376
327.763 0.32967338
326.19586 0.31533104
324.89944 0.30286044
324.6835 0.29015958
323.9311 0.27098757
322.17572 0.25062877
321.48654 0.22879626
319.7663 0.2044164
318.23657 0.17976119
317.34973 0.16367
316.31354 0.14247218
315.18454 0.11483489
313.65878 0.09942105
312.445 0.08403179
311.88556 0.07048354
311.56143 0.053769745
309.4742 0.03213834
308.12106 0.0063452045
307.37057 -0.009652332
305.43573 -0.026258852
303.608 -0.042912558
299.9322 -0.064214714
295.97513 -0.08944652
293.27725 -0.10866954
290.71164 -0.12764479
288.54395 -0.14881955
287.21762 -0.16444609
284.52393 -0.19097346
282.42664 -0.22423473
282.61163 -0.24217114
281.92007 -0.26112646
281.33237 -0.27998874
279.94635 -0.300994
276.1595 -0.32888046
271.70364 -0.35721397
269.7816 -0.37969792
268.917 -0.40103903
268.50342 -0.4252525
268.60596 -0.44512203
267.94342 -0.4642569
266.10342 -0.49319422
263.68906 -0.5273086
262.7485 -0.55264425
262.48077 -0.5792444
261.95068 -0.60378945
261.6894 -0.62895626
260.97247 -0.6645885
260.77927 -0.7037723
260.37787 -0.72559106
260.19125 -0.7529334
260.05814 -0.7801104
260.67413 -0.8050963
260.39716 -0.845966
260.55206 -0.88672227
260.72147 -0.90872866
260.86044 -0.9349819
261.89493 -0.96230286
262.7918 -0.99131167
263.47995 -1.0156431
264.7322 -1.0369639
264.8278 -1.0588496
264.8232 -1.0761788
266.7725 -1.1178424
267.60626 -1.1391492
268.97137 -1.1627277
269.80075 -1.1841078
271.6951 -1.206736
273.77988 -1.2283505
276.19415 -1.2474707
277.67627 -1.2680565
278.20157 -1.2867098
278.98096 -1.3030572
280.4334 -1.3229872
281.4164 -1.3413578
283.21887 -1.3579346
284.56653 -1.3733689
287.88113 -1.4075332
289.89536 -1.4252652
291.4905 -1.4405513
293.67734 -1.4587171
296.23904 -1.4807197
299.74133 -1.5018079
302.35123 -1.5249978
306.13715 -1.5457722
309.2139 -1.5648615
311.23465 -1.5841669
311.4059 -1.6065538
311.79422 -1.632188
312.38727 -1.6577576
312.83856 -1.6729759
314.0935 -1.6858976
315.68298 -1.7007202
317.21985 -1.7132775
318.17108 -1.7288641
318.82596 -1.7412682
318.89978 -1.7571236
319.65442 -1.7720098
321.65692 -1.7864757
323.55917 -1.7985483
325.69446 -1.8128089
326.88113 -1.8271023
327.95404 -1.839302
328.7647 -1.8571681
330.02304 -1.8716085
331.61212 -1.8866892
333.20193 -1.9009758
335.8744 -1.9234565
337.0281 -1.9472595
339.8465 -1.9693888
343.00662 -1.9907265
343.75555 -2.0025787
343.84946 -2.0153112
342.89197 -2.036053
342.14386 -2.0510752
340.55264 -2.0794454
339.54453 -2.108259
340.12827 -2.134796
340.1528 -2.1565475
341.22513 -2.181934
343.26105 -2.1964903
343.4014 -2.225101
343.68353 -2.2532878
343.70715 -2.280635
343.0801 -2.3015456
341.52185 -2.32153
341.9247 -2.3365421
344.33926 -2.348883
345.94342 -2.3648472
346.93036 -2.3836493
344.59283 -2.4080062
342.3204 -2.4331222
339.4848 -2.4568028
338.2545 -2.4802015
336.85977 -2.5002794
335.92163 -2.5184927
335.21173 -2.5322323
334.14987 -2.547627
334.1081 -2.5627367
334.32724 -2.585285
337.02124 -2.600619
337.94092 -2.6312528
337.28427 -2.6470942
335.91867 -2.6626847
334.3307 -2.6769772
332.26685 -2.698114
331.53406 -2.7227879
330.54648 -2.7371588
328.85043 -2.7512975
327.89954 -2.766639
326.01077 -2.781646
324.28513 -2.7960625
322.54935 -2.8113368
320.41498 -2.831354
318.28696 -2.8529367
316.17026 -2.8764122
314.17053 -2.9009614
311.229 -2.920021
311.13275 -2.9446535
309.66458 -2.9700325
307.49872 -2.9984035
304.4767 -3.0234542
303.50143 -3.0462267
302.24344 -3.071436
300.78683 -3.088643
299.52676 -3.1077633
297.40094 -3.1243389
295.37128 -3.1384532
292.53958 3.125132
288.81717 3.095022
286.9465 3.0785935
285.31384 3.0606804
284.53055 3.0429034
283.3193 3.0246706
280.1604 3.000926
277.53778 2.9683785
277.3194 2.9528046
276.34576 2.9336927
275.42212 2.9153101
273.90292 2.895219
272.07468 2.8774803
267.72928 2.849735
265.633 2.827709
263.47552 2.8052373
262.37756 2.7801497
260.79147 2.7564006
259.94397 2.7341435
257.79062 2.6964295
255.71472 2.6544054
254.87933 2.6260033
254.0598 2.5999262
253.70506 2.5723925
252.6876 2.5498004
252.23787 2.5244827
252.34193 2.5026684
252.45702 2.4774766
253.12344 2.4485257
253.4081 2.4183338
253.75188 2.3875403
253.09283 2.3618982
252.43034 2.3366988
253.18404 2.3109891
254.56792 2.289105
256.11896 2.2646854
258.1021 2.2433815
259.6047 2.2191117
260.76077 2.178019
260.59387 2.149637
261.87033 2.115961
264.88412 2.082972
269.07278 2.0489683
272.7 2.0095186
274.21167 1.9749547
274.6074 1.9498051
273.60455 1.927837
273.60455 1.927837
