Finger
6
221.40465 1.5865854
233.04802 1.6277695
248.64851 1.6742766
256.3894 1.6949818
264.28998 1.7172459
270.22635 1.7334614
276.39288 1.7517781
281.09805 1.7639822
286.0278 1.7784774
289.9898 1.7924961
293.8296 1.8041741
297.3944 1.8213934
300.59067 1.8357915
303.3689 1.8535496
306.07013 1.8716612
307.65393 1.8878319
308.30045 1.9042114
308.11804 1.9382422
307.3834 1.956535
305.69888 1.9774184
303.16583 1.9989831
299.63394 2.0191414
296.07172 2.039821
291.86334 2.0628295
287.89178 2.081942
284.0406 2.105839
280.1143 2.1310375
276.65277 2.1591895
273.89407 2.1884294
271.3503 2.2144792
269.6542 2.2377326
268.2653 2.261226
268.00458 2.3013027
269.73233 2.3193345
272.25897 2.3358295
275.9363 2.349612
279.97934 2.3641374
283.54678 2.372694
288.00238 2.3816693
292.12372 2.38672
296.3962 2.394551
301.48227 2.4021716
306.57907 2.4118462
311.7621 2.422367
316.17416 2.4303584
319.8735 2.437136
323.83707 2.4465628
331.4385 2.4616663
335.92706 2.4724233
339.5592 2.4836848
343.55273 2.4963338
346.2933 2.5057042
348.98157 2.5150995
353.9974 2.5390081
356.80954 2.551185
359.23285 2.5623453
361.1089 2.5749218
362.37756 2.5901666
363.79648 2.6212862
363.28323 2.636187
362.65094 2.6509573
360.69193 2.6686454
358.81024 2.685276
355.7637 2.703044
352.25903 2.7193844
348.52164 2.7365599
342.87137 2.7548218
337.16565 2.773359
330.6369 2.7915075
324.18414 2.8104935
317.87445 2.8301742
311.88388 2.8483686
306.39398 2.863242
301.12912 2.8763206
296.71594 2.8897858
292.89108 2.9037764
289.58105 2.9180708
286.75797 2.9307358
284.55682 2.9463613
283.63126 2.9636176
283.55017 2.981559
282.87933 3.0025628
283.95645 3.0216079
284.33188 3.042365
285.86368 3.0603397
287.4909 3.0790806
290.18262 3.096655
293.77698 3.1143274
297.66183 3.1314158
301.6851 -3.1382458
308.0313 -3.112333
312.39746 -3.0840204
314.73923 -3.0663626
316.21588 -3.0498047
317.01645 -3.0317554
317.73016 -3.0129833
317.5635 -2.9939234
316.64258 -2.9769037
314.53635 -2.9594939
311.7734 -2.941506
308.91028 -2.9231176
304.9583 -2.906858
301.06482 -2.8900397
296.50867 -2.8720887
291.86026 -2.8534725
285.7993 -2.8390088
280.28946 -2.8216414
275.06265 -2.8076873
268.398 -2.7911139
261.46155 -2.776394
254.29895 -2.7613742
247.5553 -2.7504628
242.04912 -2.7410636
237.28943 -2.7325552
233.60782 -2.7257133
227.477 -2.7003272
223.11635 -2.6671317
222.04259 -2.6196835
223.3873 -2.5919268
225.53436 -2.5665658
228.0366 -2.5420427
231.10884 -2.5154486
235.29784 -2.4912355
240.2084 -2.4648194
245.25851 -2.4445198
250.53085 -2.4257526
255.40723 -2.409918
261.47314 -2.3956797
267.1748 -2.383678
272.71518 -2.37284
277.82242 -2.3602922
282.78238 -2.3477027
287.5892 -2.3351016
292.10645 -2.321451
295.3572 -2.3030694
298.00214 -2.282831
300.64383 -2.262288
302.48096 -2.2435875
304.10278 -2.2236853
305.09506 -2.2047648
305.5533 -2.184483
303.98856 -2.1641896
303.18643 -2.1421537
301.03152 -2.1232505
298.80453 -2.1045027
296.6646 -2.0853639
293.7352 -2.067439
290.57938 -2.047013
287.7871 -2.0278456
285.61395 -2.0121217
284.7562 -1.9972969
284.754 -1.9818825
286.29205 -1.9493492
288.47394 -1.9102051
290.42596 -1.8897583
293.6795 -1.8681881
298.02386 -1.8489679
302.76205 -1.830763
307.7399 -1.8157405
314.41043 -1.7981089
320.5574 -1.7841456
326.85 -1.767415
332.6031 -1.7493961
337.89297 -1.7315549
344.03265 -1.7140446
349.32477 -1.6973585
354.623 -1.6814858
360.09366 -1.665796
364.88864 -1.6507025
369.43167 -1.6335182
373.09195 -1.6145744
375.10843 -1.6004647
375.19232 -1.5845437
375.16632 -1.5636994
373.53055 -1.542416
371.79193 -1.522711
368.48526 -1.5012547
364.25998 -1.4811267
360.08157 -1.4577076
356.0446 -1.4361589
350.95367 -1.4168714
344.97006 -1.4018954
338.54794 -1.3866185
331.5305 -1.372831
324.3335 -1.3589548
316.1937 -1.3436872
309.8454 -1.3323176
304.52432 -1.3178856
300.49063 -1.3014199
296.99216 -1.2841793
294.42303 -1.2638605
292.17612 -1.2433882
290.0962 -1.222921
288.8049 -1.202577
289.12216 -1.1702893
290.59338 -1.149997
293.09677 -1.1313014
296.39053 -1.1141754
299.9529 -1.0977696
303.62817 -1.0816467
307.3196 -1.0660956
312.42468 -1.0500932
316.41425 -1.0346485
320.06442 -1.0230343
323.08603 -1.0137137
326.07697 -1.0048467
328.3958 -0.9839027
329.0373 -0.9594852
327.4345 -0.9258958
324.9786 -0.91163164
323.5118 -0.8962705
320.9089 -0.881807
317.8801 -0.86982083
313.45724 -0.8569135
308.41397 -0.842659
302.42694 -0.82486695
296.7529 -0.81076336
290.34354 -0.79054415
283.32523 -0.765719
275.93335 -0.7416373
269.78644 -0.71764153
263.17996 -0.69434196
256.9191 -0.66453797
250.67041 -0.6387511
245.19124 -0.61361504
239.66655 -0.58923244
234.78824 -0.5573851
231.33438 -0.52615666
230.73312 -0.49686587
230.59941 -0.46807095
231.91112 -0.44007674
233.46323 -0.41360906
237.25742 -0.38811937
243.32686 -0.3638166
249.77501 -0.3412595
257.3837 -0.32262042
266.60492 -0.3071154
275.29858 -0.2963174
282.97723 -0.2880432
291.33322 -0.2795558
300.81232 -0.2677972
308.8995 -0.25399074
315.27533 -0.23958686
319.61752 -0.22671138
323.05954 -0.21482237
325.20108 -0.20068811
326.60767 -0.18726355
326.69986 -0.17165582
325.96417 -0.15418212
325.20367 -0.13832566
324.45227 -0.12055477
323.78876 -0.10225645
321.5907 -0.08776456
319.07382 -0.06918551
314.99704 -0.05129696
310.70322 -0.032460272
306.574 -0.013346648
302.57645 0.0028728736
298.6019 0.017129613
295.54587 0.03688812
292.78018 0.05432124
291.11172 0.072607145
289.67218 0.09581596
289.2316 0.12030318
289.3132 0.1481897
290.74036 0.178083
293.27838 0.20493813
296.98972 0.2333987
302.05508 0.25984833
308.27634 0.28711247
315.62332 0.31107968
324.2131 0.3319646
331.47055 0.34960896
338.28046 0.36766392
344.5365 0.382379
350.59064 0.39458603
356.27805 0.40920174
360.91925 0.42472476
365.72568 0.44008094
369.63577 0.45599356
372.49332 0.4701087
375.2594 0.48441496
376.15414 0.4988985
376.82925 0.5131239
375.3339 0.53689486
372.41434 0.54846627
367.82364 0.55934286
363.44946 0.57087475
358.8203 0.58177376
353.95746 0.5915908
349.42203 0.60306036
343.8086 0.61511296
338.15125 0.6269839
333.3314 0.6375002
328.49734 0.6484441
322.98367 0.6614442
317.64133 0.6746041
312.20853 0.68859994
307.45972 0.70137876
302.89706 0.7141714
299.72998 0.72336733
296.52112 0.7364929
292.99945 0.7484825
289.47113 0.7646359
286.46194 0.78339225
284.19644 0.8015247
282.7719 0.8209329
282.28815 0.8386349
281.9872 0.88330686
281.9823 0.9058695
282.3217 0.9336868
284.09183 0.9599062
286.64908 0.98378384
289.9507 1.0046666
293.45596 1.0242279
296.69946 1.0386629
300.2147 1.0532084
303.2288 1.0693339
306.34753 1.1007117
306.48282 1.121707
305.42484 1.1445798
303.5133 1.1670535
300.40405 1.1940148
296.12585 1.2245818
291.9323 1.2556367
286.38922 1.282289
280.06802 1.3125697
272.0988 1.3424952
263.53738 1.3700323
254.9643 1.3999624
246.58392 1.4340601
238.63472 1.4642211
231.007 1.4920667
222.72644 1.5147142
222.72644 1.5147142
