Mouse
44
13.177806 2.0106938
19.737772 1.8590871
25.547176 1.7922635
31.428282 1.7503155
41.18225 1.683015
49.056355 1.644487
57.982067 1.6158552
62.943855 1.5964049
68.94206 1.5941764
73.92575 1.5790713
78.92559 1.578547
84.92542 1.5779995
90.92527 1.5775242
95.92517 1.5771735
99.92509 1.5769182
103.92502 1.5766826
109.92492 1.5763613
113.92486 1.5761659
117.924805 1.5759838
121.92475 1.5758135
126.92469 1.5756159
132.92462 1.5753984
137.92458 1.5752316
141.92453 1.5751065
147.92973 1.5614115
151.94199 1.5550773
158.95934 1.5494794
162.95845 1.5500026
168.98021 1.5448242
173.00714 1.5396465
179.00433 1.5406904
183.03473 1.5358872
188.03177 1.5368153
193.06464 1.5325186
197.06177 1.5332954
201.09825 1.5290719
205.13815 1.5250148
213.22755 1.5173619
217.27667 1.5137492
223.38707 1.506342
227.44438 1.5030873
232.50151 1.500251
237.56044 1.4975357
243.61818 1.4952446
249.67714 1.4930646
255.73723 1.4909881
259.7247 1.4922159
264.78845 1.4899333
271.76617 1.4920138
276.83002 1.4898342
281.8951 1.4877329
290.1258 1.4797158
294.20084 1.4775676
300.36438 1.4727975
305.43866 1.4711409
310.61642 1.4663355
314.6994 1.4645005
319.99887 1.4568361
325.19696 1.4524742
330.40103 1.4482497
334.61887 1.4437788
340.10165 1.4339745
345.47168 1.4273459
351.16064 1.4152888
357.0668 1.4008564
360.71643 1.3913335
364.58713 1.3793081
366.34918 1.3691084
369.55118 1.3542852
371.40546 1.344345
374.50314 1.3325336
376.68332 1.3202611
378.66116 1.3106819
379.97784 1.2979656
378.19537 1.2856425
374.93185 1.2775223
371.03772 1.2658862
368.14526 1.254851
364.35153 1.2427605
360.89392 1.2365664
355.90295 1.2257273
352.48447 1.2192189
349.0812 1.2125833
344.40305 1.2074933
340.66708 1.2033207
335.07462 1.1968876
331.35422 1.1924783
326.71298 1.1868256
323.00772 1.1821867
317.62274 1.1820493
313.54272 1.1801652
308.54016 1.1769916
303.1555 1.1767554
296.31326 1.1708019
290.00848 1.1690972
285.9366 1.1668466
280.9479 1.1631244
276.88007 1.1607124
273.21637 1.1548754
268.2409 1.1507543
261.86496 1.1398531
256.0008 1.1336118
252.38268 1.1269014
246.07944 1.1146847
240.70732 1.1037053
232.70667 1.0862893
228.29404 1.076088
222.15814 1.0611277
218.67522 1.052203
214.34697 1.0406407
210.90575 1.0310502
207.48457 1.0211425
204.08446 1.0109036
200.16818 1.0045235
195.4208 0.9951152
190.69159 0.9852394
186.25343 0.9823195
181.81696 0.97925705
175.99388 0.9775641
170.17133 0.9757553
164.62013 0.9822571
158.24176 0.9857409
150.48087 0.9914223
145.20573 0.98409545
140.76848 0.980196
135.77574 0.98214316
131.33968 0.97789776
126.90615 0.97335565
120.26123 0.96591485
115.835335 0.9604802
110.59855 0.9493885
104.78777 0.9448868
98.97937 0.9398566
94.5726 0.9319825
90.172264 0.9233393
84.989716 0.906624
80.612114 0.8955737
71.39838 0.8998862
67.02827 0.88615596
60.501076 0.8618494
54.761467 0.84398866
48.36817 0.837099
41.977867 0.8281111
34.914555 0.83675903
29.2666 0.84668225
23.622906 0.8613489
18.18294 0.9626812
13.5267725 1.0789306
6.9340987 1.5147675
5.332539 2.314874
7.6120815 -3.1315055
12.012412 -2.8825724
17.140766 -2.7159977
20.805452 -2.5801618
23.95213 -2.4607413
28.08497 -2.3948493
31.616503 -2.3234217
35.925816 -2.2879403
41.67856 -2.263342
46.832863 -2.2280335
51.228683 -2.2112384
57.628456 -2.2150486
63.430885 -2.2055206
69.82935 -2.209189
75.63449 -2.201648
80.63412 -2.2024324
88.4302 -2.2080019
95.04468 -2.1958134
100.04387 -2.196737
105.854675 -2.1920319
111.09198 -2.1804748
116.34278 -2.1699595
121.60533 -2.1603532
126.04332 -2.1558976
130.77809 -2.1411564
135.76523 -2.1438477
140.21147 -2.1403651
144.65932 -2.1370966
150.48839 -2.136094
156.31761 -2.1351662
162.46402 -2.1258135
167.77 -2.1202402
172.22612 -2.118015
178.3962 -2.1100893
183.20807 -2.1007578
188.5349 -2.0965047
192.49998 -2.0905704
196.96524 -2.0892968
202.68314 -2.0789113
206.18697 -2.0694726
210.18065 -2.064549
213.7113 -2.0556784
217.71854 -2.0511787
221.27351 -2.0428247
225.29272 -2.038705
229.31561 -2.03473
233.7978 -2.02516
237.8324 -2.0215566
243.20457 -2.0200024
247.24341 -2.0166202
251.28497 -2.013347
255.75613 -2.0137157
262.46295 -2.0142455
266.50635 -2.011195
271.45834 -2.0066752
277.74268 -2.004082
284.8698 -2.007983
293.33258 -2.0133216
297.3766 -2.0106003
301.00076 -2.0049424
304.6343 -1.9994192
308.27695 -1.9940263
312.84253 -1.9874622
316.50446 -1.9823474
321.09317 -1.9761181
324.77292 -1.9712616
328.07596 -1.9637015
331.39737 -1.9562925
334.73663 -1.949031
339.0253 -1.9408435
343.33615 -1.9328611
348.01648 -1.9277722
353.30182 -1.9191856
357.33667 -1.909148
362.67642 -1.9010556
367.0909 -1.8940616
370.26193 -1.8855078
373.76233 -1.8796511
374.4779 -1.8678513
376.33597 -1.8469528
378.16046 -1.8346127
378.82516 -1.8204935
377.6207 -1.807663
376.70215 -1.7973409
375.61066 -1.784369
374.78326 -1.7739384
373.01532 -1.7639762
369.31842 -1.7549062
363.68317 -1.7466103
358.0737 -1.7380539
353.79898 -1.734362
349.68967 -1.7334032
345.4212 -1.7295642
341.15796 -1.7256293
336.90012 -1.7215948
332.6479 -1.717457
327.41168 -1.7136458
322.1804 -1.7097107
317.0902 -1.7087709
312.8564 -1.7041974
308.7593 -1.7027105
303.54257 -1.6983454
298.4562 -1.6971531
294.1204 -1.6887482
290.031 -1.6869473
284.72714 -1.6785169
280.4394 -1.6694148
276.26654 -1.6636361
272.19177 -1.6613404
267.03583 -1.6555744
261.88916 -1.6495817
256.75226 -1.6433489
252.69127 -1.6405494
247.56952 -1.633898
243.51555 -1.6308355
239.46396 -1.6276693
233.31822 -1.6162937
229.27834 -1.6127301
223.24294 -1.6093813
219.20897 -1.6055268
215.21143 -1.6061722
211.1803 -1.6021098
207.1528 -1.5978893
202.1547 -1.5985593
198.13046 -1.5940745
194.13158 -1.5945541
189.13303 -1.5951821
184.11221 -1.5904144
180.113 -1.59085
174.09637 -1.5857983
170.08441 -1.5802723
165.07791 -1.5745019
159.07726 -1.5683553
155.07727 -1.5682924
148.07729 -1.568174
142.08357 -1.5610251
138.08376 -1.560742
132.08408 -1.5602853
127.084366 -1.5598718
121.08474 -1.5593305
115.08516 -1.5587327
111.08546 -1.5582983
107.085785 -1.5578315
102.08623 -1.5571966
97.08671 -1.5564961
93.107414 -1.5451424
88.10915 -1.5436867
84.14503 -1.5305179
79.14934 -1.5279742
75.204926 -1.5124118
69.28662 -1.4929494
64.30294 -1.4869024
60.41548 -1.4648588
55.446033 -1.4553232
51.60838 -1.4271418
47.653023 -1.4151245
43.70579 -1.4009343
38.989807 -1.3539602
34.12385 -1.3224313
30.262568 -1.289934
25.496178 -1.2355493
20.839561 -1.15653
17.253204 -1.0630739
13.894559 -0.92264766
10.358134 -0.62693775
8.641568 -0.24270034
8.605953 0.22537845
10.268797 0.6148269
12.993611 0.8690249
17.987482 0.8852139
22.984018 0.8943658
28.525208 0.82345605
32.748844 0.77535594
37.03088 0.73830974
41.35318 0.7089743
46.482914 0.67159235
50.86709 0.6534407
57.7026 0.6071965
61.575504 0.583467
66.32701 0.5545148
73.01008 0.54617727
77.467865 0.5414183
81.92722 0.5371773
88.11596 0.5218337
92.96317 0.504348
97.9173 0.5114308
104.61833 0.508368
110.93811 0.51792663
115.90043 0.5233298
121.73058 0.52414834
127.56079 0.5248921
133.39107 0.5255708
139.2214 0.5261927
143.68507 0.5242473
149.51529 0.52487797
153.9793 0.52310073
160.18106 0.5152042
166.88072 0.51313263
174.45386 0.5084166
181.1556 0.50675935
187.37582 0.5005502
193.20229 0.50175315
197.67125 0.50089127
201.66278 0.4957159
206.13266 0.49502027
210.60265 0.4943542
215.95381 0.49152133
223.07439 0.48461533
228.43108 0.48216543
233.32913 0.476026
237.34456 0.4720479
240.91397 0.46449804
244.93979 0.46083245
249.42812 0.45191807
256.60184 0.44701698
261.54587 0.4422008
268.30862 0.43440485
272.35907 0.43155435
277.32147 0.42728817
282.28876 0.42317206
287.26062 0.41919836
296.70386 0.41608748
301.17102 0.41679344
308.38306 0.4135344
312.84967 0.41425046
318.7482 0.40954578
323.2139 0.410294
326.8858 0.40541303
332.797 0.40106365
337.7922 0.39801046
342.40686 0.39235073
347.9585 0.38575745
354.45386 0.3783267
360.24753 0.36599007
365.50525 0.35756052
368.9097 0.35122636
371.9916 0.34247848
375.76172 0.3389036
378.55972 0.32791656
381.09207 0.3145988
381.7818 0.30301455
383.48047 0.29072428
384.00076 0.27675647
384.59583 0.26282918
383.32715 0.25023308
382.1197 0.23755537
380.97406 0.22479935
378.1485 0.21566647
373.1929 0.20487246
369.45667 0.195924
364.58316 0.18460768
357.96207 0.17669988
353.67508 0.17312106
349.3927 0.16945449
343.14267 0.16665831
337.8821 0.16327591
333.61282 0.15930966
326.38535 0.15666181
322.12512 0.15246646
318.01987 0.15126877
313.9151 0.15003973
309.52066 0.14238787
304.15396 0.13495702
299.79657 0.12683631
296.3364 0.11472688
291.0358 0.106453225
285.65988 0.094389305
280.32715 0.081864506
275.1107 0.07248237
270.9817 0.06619012
265.92734 0.063681535
260.81558 0.05724877
254.76904 0.05467759
250.72159 0.051566947
245.67781 0.048551
241.6826 0.049354237
233.59917 0.042492464
229.60284 0.04323252
224.56566 0.039745916
220.53069 0.035935696
216.53331 0.03659939
211.50165 0.032739483
202.47498 0.02925825
197.44969 0.02493662
191.42851 0.020495862
187.39818 0.010262915
179.39069 0.0051464313
173.39165 -0.006210156
165.40134 -0.012556348
161.41763 -0.01906216
155.44177 -0.026230076
151.4734 -0.033522274
145.51524 -0.041772597
141.6188 -0.05706281
137.6255 -0.058720406
133.69678 -0.06794307
127.78624 -0.078938514
123.8845 -0.089531735
119.901054 -0.092514604
114.92336 -0.09653394
109.9477 -0.10091713
103.97998 -0.10673054
97.02268 -0.11441641
91.94218 -0.10981974
87.85843 -0.10349612
81.6954 -0.08673271
76.62963 -0.07938404
71.568596 -0.07099552
66.58214 -0.07632249
60.60133 -0.083871745
54.624733 -0.09307358
50.64341 -0.10041432
43.684307 -0.11647844
37.731407 -0.13495989
33.772068 -0.15089688
29.823586 -0.17106012
25.89092 -0.19736227
21.982569 -0.23304966
18.114273 -0.28406933
14.318535 -0.36244363
15.357672 -0.63233006
21.99951 -0.5811157
28.159283 -0.52348155
32.14351 -0.48821017
36.61446 -0.48521036
42.437748 -0.49279234
47.792812 -0.4801665
51.81132 -0.46162143
56.283447 -0.46178243
60.755577 -0.4619197
64.78812 -0.44822124
70.16189 -0.44302782
77.35265 -0.4275937
84.1607 -0.40391287
88.23425 -0.39651716
92.6968 -0.39975345
99.00336 -0.39477548
104.775986 -0.40285227
110.159874 -0.40175998
115.02072 -0.41216668
119.48715 -0.41409266
122.96075 -0.4373315
129.63023 -0.45593786
134.99525 -0.4694956
140.81215 -0.47243008
148.44019 -0.48403108
154.26222 -0.48616138
159.2024 -0.49108252
164.14618 -0.49570736
169.57503 -0.5052367
175.51228 -0.519135
179.25046 -0.5329749
184.22078 -0.53596866
190.05168 -0.5361052
195.0236 -0.53885335
200.85455 -0.5388988
205.82788 -0.5414352
209.61699 -0.5528713
215.12555 -0.5589308
220.64163 -0.56468755
226.16466 -0.5701633
231.69412 -0.5753778
236.68277 -0.57681584
241.67189 -0.5781945
249.14877 -0.58739454
254.14105 -0.58849776
261.07916 -0.59379625
268.0242 -0.59882027
272.76166 -0.6047339
278.90106 -0.611328
285.8679 -0.61561203
290.631 -0.6208878
295.40198 -0.6259934
300.98846 -0.6289766
305.77115 -0.63378274
310.56067 -0.6384407
315.35678 -0.6429571
319.36194 -0.6492264
323.37936 -0.65534025
328.0237 -0.6637097
332.85355 -0.6676235
336.906 -0.6732718
340.96893 -0.6787857
344.26764 -0.6860054
349.12485 -0.6894276
353.09164 -0.6985527
357.84778 -0.70565814
361.8654 -0.7143836
364.49854 -0.7226745
367.90158 -0.72903156
370.5782 -0.737082
373.27847 -0.74501646
376.68628 -0.75477374
379.438 -0.76245284
382.90854 -0.77189577
383.5808 -0.7848239
382.1877 -0.79592294
380.1511 -0.8090018
378.18024 -0.82221925
375.4693 -0.83002454
372.78156 -0.83794296
368.88858 -0.85386133
366.2727 -0.8620938
363.68198 -0.8704441
361.11697 -0.8789137
358.57825 -0.8875038
356.06635 -0.89621574
350.77383 -0.9060133
347.52847 -0.9132971
343.69754 -0.92303395
339.69482 -0.9288714
335.70398 -0.93484783
331.7254 -0.94096786
327.75958 -0.94723624
322.99188 -0.9518662
316.02075 -0.9555738
309.6292 -0.9568039
304.05676 -0.95997727
299.3091 -0.9651762
294.56985 -0.97054267
291.49808 -0.97992855
285.95 -0.9837526
280.95813 -0.9847568
275.96652 -0.98579735
270.97525 -0.9868762
264.8888 -0.9942996
259.90024 -0.99558765
254.37062 -1.0002277
249.6915 -1.0072205
244.17642 -1.0123174
239.19487 -1.0140926
233.3647 -1.0136857
227.85822 -1.0193042
222.87984 -1.0213653
217.38377 -1.027449
212.40941 -1.0298027
207.43628 -1.0322691
201.09435 -1.036593
194.25316 -1.0456411
188.79239 -1.0533512
183.83313 -1.0567707
178.87616 -1.0603796
173.92163 -1.0641944
169.45374 -1.0630611
164.98605 -1.0618664
160.03267 -1.0660583
154.69044 -1.0617446
150.22305 -1.0603933
145.2688 -1.064961
140.31778 -1.0698509
134.01569 -1.0781131
128.19168 -1.0802836
123.721214 -1.0793127
117.015755 -1.0777171
113.02344 -1.0687588
108.075676 -1.0752817
103.60591 -1.0739064
98.25917 -1.0675422
93.310875 -1.0750327
88.36841 -1.0833616
83.4328 -1.0926766
78.958626 -1.120177
74.05755 -1.1331192
68.766266 -1.1611542
63.912872 -1.179284
58.729336 -1.2162584
54.28598 -1.2252293
49.528008 -1.2548679
44.822754 -1.2907665
40.43404 -1.3109627
36.065834 -1.3360635
31.726595 -1.3680553
27.607716 -1.3743615
23.324203 -1.4250106
19.225702 -1.44625
14.145077 -1.4724904
10.084261 -1.5322807
6.286878 -1.8300492
9.149405 -2.553379
12.673009 -2.7294233
16.416416 -2.827188
20.531582 -2.8411193
24.95489 -2.8120024
29.223806 -2.715571
34.57656 -2.6580012
39.151283 -2.6031494
45.204918 -2.5535474
48.335518 -2.4961383
53.014496 -2.4434679
58.007683 -2.4481738
64.4098 -2.4500306
70.17977 -2.4625409
74.55468 -2.4753625
80.536 -2.5018861
84.94262 -2.5111077
90.17024 -2.5258825
94.0251 -2.5417702
98.45771 -2.5479364
104.563705 -2.5641816
108.46942 -2.5765867
112.91951 -2.580594
120.4485 -2.5904248
124.90413 -2.5935543
131.07512 -2.6043804
136.3969 -2.610542
142.2276 -2.610158
146.18733 -2.6181273
151.51952 -2.6231909
156.8553 -2.6279101
162.68423 -2.626952
170.25624 -2.6318514
176.9576 -2.633598
184.14653 -2.6304684
188.61374 -2.6315937
193.95508 -2.635179
198.4232 -2.6361425
202.41002 -2.6413887
208.16414 -2.6509972
212.16588 -2.6557226
217.9469 -2.6645212
223.29396 -2.6768599
226.8768 -2.6847618
230.90936 -2.6885164
234.94505 -2.692142
239.88632 -2.697443
245.73958 -2.7042599
250.69545 -2.7090936
254.74745 -2.7121108
258.8017 -2.7150335
262.85806 -2.7178662
266.91647 -2.7206125
274.12457 -2.724389
280.01923 -2.7298067
284.08594 -2.7322164
294.98404 -2.7408395
299.97977 -2.7442725
303.6721 -2.7493694
307.7512 -2.751335
312.38104 -2.757424
316.09302 -2.762167
322.03928 -2.7661834
327.05896 -2.768944
330.78763 -2.7733467
334.52258 -2.777651
338.26358 -2.7818604
342.01044 -2.7859776
346.70197 -2.7909987
350.12283 -2.797605
354.5024 -2.8050172
358.28043 -2.8087044
362.36954 -2.8184295
365.23294 -2.8296964
368.142 -2.8407867
371.09564 -2.851702
372.85657 -2.8642824
375.64117 -2.8774397
378.48987 -2.8904011
380.42953 -2.902546
379.50232 -2.9127865
377.42285 -2.9250884
373.6479 -2.933819
366.76373 -2.9437842
361.0871 -2.9519246
356.78384 -2.955316
352.48474 -2.9587903
348.19003 -2.9623501
343.72656 -2.9688635
339.27805 -2.975548
334.01822 -2.978979
329.74985 -2.9830005
322.523 -2.985696
318.26385 -2.9899526
313.86548 -2.997476
309.7636 -2.9988165
303.40518 -3.0057898
298.1833 -3.010165
294.0871 -3.0117536
287.6374 -3.0228424
283.43265 -3.0281773
279.2362 -3.0336723
275.04846 -3.0393353
269.97293 -3.0411294
264.80176 -3.0467503
259.55228 -3.0564325
254.40512 -3.062594
248.19986 -3.0727358
242.02142 -3.0833964
234.87303 -3.0944145
230.83176 -3.0979245
225.7942 -3.1013825
221.75882 -3.105163
215.69731 -3.1134162
208.67346 -3.1172614
202.65271 -3.1214743
194.62277 -3.1309216
189.62306 -3.1306403
184.61484 -3.13576
177.61496 -3.1355302
170.61171 -3.1411426
166.61171 -3.1411319
159.61171 -3.1411116
155.61171 -3.1410992
148.61456 3.1353805
144.62448 3.1282942
135.62534 3.1274118
126.64544 3.1185088
120.64711 3.1173608
114.678825 3.1073754
103.78086 3.0844874
95.93942 3.0589128
89.059845 3.0412307
83.20554 3.0220466
78.2435 3.0144253
70.4635 2.9859455
66.51475 2.9766228
60.79241 2.9441829
55.14729 2.905053
51.528404 2.867987
47.68944 2.8453214
43.879253 2.8187037
39.76995 2.8106346
35.663834 2.8007066
31.230156 2.8182425
26.536875 2.7583382
22.082104 2.774603
17.996649 2.7467155
14.387 2.6395543
11.049535 2.4644587
16.621643 2.6447177
22.082104 2.774603
32.589516 2.89601
37.459225 2.928467
42.359303 2.9534366
47.45813 2.9524438
51.26724 2.886768
55.2665 2.830382
60.015152 2.8032017
65.395935 2.7997346
69.500854 2.8054729
73.93886 2.7977803
80.02161 2.771778
84.846275 2.7558496
91.00216 2.7357955
95.46716 2.733087
100.336494 2.721484
104.80457 2.7196267
109.68788 2.7096105
115.01179 2.6925864
119.9214 2.684528
124.8382 2.6771042
129.76135 2.670243
135.1252 2.6738584
139.62405 2.657974
144.09532 2.6585937
148.10538 2.6651576
153.50401 2.653952
159.32713 2.6520212
163.86945 2.6390874
168.33829 2.6401196
172.90413 2.628174
179.72531 2.6176047
185.5555 2.6170883
189.52199 2.6230907
193.49501 2.6288466
197.47421 2.634371
201.94218 2.6353357
207.76984 2.634377
212.72455 2.6311836
217.30576 2.6218667
220.18037 2.6083539
224.46844 2.5937002
228.27158 2.5833058
231.79811 2.567295
233.9952 2.5529425
237.06404 2.5412512
240.16447 2.5298603
245.73817 2.5258825
253.76407 2.5289457
260.15515 2.5274184
265.73105 2.523791
271.08282 2.5151663
277.25983 2.5090146
285.64914 2.5044925
296.9575 2.5064173
302.60596 2.5062618
310.16788 2.5025764
317.165 2.4993246
321.1688 2.4930818
323.6005 2.48323
326.06314 2.4735265
328.556 2.463969
331.8522 2.4564679
335.93695 2.4510148
340.03143 2.445693
342.6095 2.4367325
349.54947 2.4310725
352.92444 2.424329
355.56653 2.415851
360.46667 2.4130743
364.62582 2.4085405
371.61746 2.4037447
377.8812 2.3973367
384.15988 2.391138
385.44885 2.3800094
383.2598 2.3709188
381.10275 2.3617244
379.68872 2.350571
378.3223 2.3393354
376.27777 2.3298457
373.53613 2.3220766
370.81735 2.3141932
368.12198 2.3061938
364.70413 2.2999
362.05157 2.2916605
358.66788 2.2851226
355.2998 2.2784607
351.94778 2.2716713
347.97357 2.2625425
345.43576 2.2536247
340.58658 2.2500713
336.52274 2.2445571
331.68494 2.240776
327.63885 2.234997
323.604 2.2290738
318.17914 2.222411
313.3709 2.218068
308.56876 2.2135894
303.1783 2.2063203
297.5861 2.203482
290.5993 2.1997805
283.03268 2.1930315
278.26758 2.1876347
271.29932 2.1832623
266.54956 2.1774538
260.98477 2.1736
254.03452 2.1685457
246.53412 2.159842
239.05359 2.150593
234.35863 2.1433275
229.67656 2.1357653
222.78195 2.1288254
218.12645 2.1205518
211.25725 2.1127372
206.63246 2.1036415
202.02556 2.0941303
197.06253 2.0910885
190.24751 2.08135
183.45189 2.070889
178.03082 2.061946
173.51173 2.049772
167.23557 2.0423243
160.5248 2.028724
156.05273 2.02856
150.24246 2.0253558
145.77051 2.0250769
141.29858 2.0247805
133.25446 2.0208406
127.926285 2.0062873
119.48081 1.9930605
115.01266 1.9914517
108.31103 1.9887898
102.52619 1.9818444
97.66747 1.9700508
93.20505 1.9669633
88.365685 1.9531102
82.98052 1.9532275
78.52397 1.9486071
70.55125 1.932509
64.82144 1.9165183
59.43983 1.9133675
55.3378 1.9206275
47.14478 1.9389349
43.05588 1.9506993
38.052803 1.975022
33.079037 2.0066826
29.04138 2.0336254
25.524763 2.1036508
21.603065 2.1578648
21.603065 2.1578648
