Finger
19
10.9899435 2.6126604
19.255194 2.2607288
24.936646 2.2186117
31.113556 2.1589818
38.8103 2.1432393
46.720455 2.1343367
54.151108 2.1350462
61.895294 2.1514213
69.17604 2.152175
77.26809 2.1456747
85.94849 2.1355162
94.7958 2.1260378
103.776566 2.1180756
113.27523 2.1079903
121.98901 2.0945294
130.38127 2.0837839
138.78313 2.0743396
145.96175 2.064597
153.73055 2.0517712
161.89546 2.0396545
170.06679 2.028722
177.2105 2.021405
184.37556 2.014642
192.01341 2.013056
199.67519 2.0101337
206.98785 2.0054893
214.89983 1.9986744
223.01851 1.9919411
230.11493 1.983919
236.2985 1.9806728
243.0278 1.9741102
249.44595 1.970928
256.4301 1.9678221
262.96747 1.9656785
268.84457 1.9605408
275.1561 1.9589756
281.1325 1.9541811
287.42136 1.9528278
292.61282 1.949353
298.03342 1.9429243
303.26993 1.9397221
308.67456 1.9329613
314.66324 1.9291475
319.5958 1.9259645
325.31833 1.9201741
330.40005 1.917789
334.2879 1.9135864
338.76028 1.9064485
344.17722 1.9002821
347.8531 1.8936417
355.13095 1.883836
360.4946 1.8738306
364.91608 1.8665737
368.90576 1.8553914
371.61887 1.8315458
371.05188 1.8124714
368.4712 1.7947505
363.2717 1.7782589
357.13766 1.7641408
349.20193 1.7487851
339.1884 1.7332628
333.99112 1.7261001
329.22354 1.7167147
324.15363 1.7120968
318.81796 1.7050135
313.57217 1.7008145
308.21503 1.693262
301.98453 1.6890962
295.7763 1.6814922
290.3566 1.6766078
285.09506 1.6680242
279.92203 1.6626399
270.76642 1.6472692
265.57346 1.6374615
261.17688 1.6278282
253.77515 1.6129123
247.53868 1.6091356
242.51791 1.5938317
242.1626 1.5695524
249.03572 1.5463077
254.93976 1.5312457
260.14307 1.5166005
266.4042 1.5027726
272.64914 1.4897138
279.93558 1.4775711
287.40503 1.4631572
294.84976 1.4515413
302.3626 1.4385886
310.02084 1.4254967
316.54178 1.4152218
323.89783 1.406282
330.494 1.3976638
337.2747 1.3888315
343.1301 1.3800898
347.67865 1.3732649
355.75293 1.3605974
361.06387 1.3473173
366.3243 1.333779
370.1518 1.3167384
373.1759 1.3050759
374.73816 1.2920002
374.01187 1.2796346
370.27664 1.2605865
365.424 1.2472893
359.61304 1.235961
354.9543 1.230858
349.4905 1.2253234
343.83728 1.2193996
337.91635 1.2155776
331.99594 1.2121223
326.0486 1.2085373
318.93314 1.2068179
312.83722 1.2027773
306.16782 1.1985329
298.86075 1.1955067
290.96503 1.1891686
283.07574 1.1847324
275.69513 1.1815993
267.77753 1.177522
259.653 1.1728423
250.20792 1.169956
241.59389 1.1684091
232.37486 1.1655201
222.92165 1.1619582
214.22292 1.1595583
205.66904 1.1573511
197.27452 1.153885
188.77496 1.1512446
181.44025 1.1468031
174.30882 1.1408045
167.74283 1.1360636
161.46089 1.1316423
155.19948 1.1268767
147.74416 1.1254598
140.92506 1.1242368
133.37698 1.121793
126.648384 1.1225877
120.98512 1.1204433
114.93299 1.1142577
109.24826 1.1188627
102.43031 1.1194682
97.065346 1.1155385
91.70357 1.1111516
87.020164 1.1101594
78.08592 1.1104821
69.562675 1.0980244
64.487144 1.0920541
60.22689 1.0743251
52.451626 1.059049
45.062943 1.0433547
37.68746 1.0521195
30.510767 1.0683676
24.04034 1.0617961
17.337639 1.0441704
13.015825 0.95757866
22.197561 0.8828443
32.803345 0.8729553
37.92647 0.87620145
50.48389 0.8818622
56.97236 0.8856085
63.886253 0.87695736
71.45222 0.8553869
78.59455 0.8326791
84.91195 0.8208642
91.94822 0.80277044
99.58001 0.79308075
107.21807 0.77558196
115.239914 0.76869243
122.871025 0.7537079
130.18762 0.7434712
137.93652 0.7313438
145.17894 0.72347564
153.6839 0.7093537
161.5354 0.70003706
170.03418 0.69510126
178.1002 0.6879894
186.68779 0.6848677
195.83284 0.6781171
204.15897 0.671991
212.71417 0.669921
219.89897 0.667246
227.10321 0.664734
234.24045 0.66239816
241.4286 0.6601858
247.9801 0.6601081
254.37386 0.6604808
260.8089 0.6608554
266.5955 0.65823644
276.5824 0.657712
282.9519 0.6580902
289.20135 0.65839857
294.97736 0.6560748
301.36795 0.6564738
308.3784 0.655346
314.91925 0.65527695
321.34225 0.6517699
328.0636 0.64853364
334.6845 0.64482445
339.85153 0.6407197
344.7862 0.634535
350.49887 0.62881684
355.4576 0.6195003
360.9382 0.6120912
365.87027 0.6026586
369.36697 0.5961595
375.0327 0.5803129
376.54987 0.56584775
375.7396 0.5421181
374.04932 0.5293453
371.74915 0.5173677
369.30096 0.5055966
366.9119 0.4937066
363.04822 0.48397577
359.4685 0.47098538
355.34695 0.4604509
350.342 0.44923306
345.37146 0.4393341
339.32034 0.42896515
333.61887 0.42032176
327.93115 0.41135466
321.41638 0.40341982
316.0554 0.39600772
305.98065 0.384958
295.98032 0.37320852
287.66556 0.35842642
278.24655 0.34730786
269.30417 0.33171234
263.7146 0.3190091
267.41803 0.31261584
273.44757 0.30935365
279.2361 0.30361906
284.9516 0.29734093
291.42142 0.29054505
297.89844 0.28139606
305.30377 0.27100214
310.82922 0.25936812
317.05536 0.24770366
322.44452 0.23703673
327.0325 0.22743101
331.24036 0.21828677
335.54938 0.20700485
339.2331 0.19802432
343.49927 0.18962014
347.10947 0.17885599
350.58118 0.16906524
356.49026 0.14348027
362.4701 0.12656641
367.99124 0.10885271
374.84198 0.09019209
378.75925 0.08137373
382.2402 0.060228914
386.73343 0.049244676
390.6488 0.038912136
393.393 0.026165253
395.68304 0.015897175
397.68027 -3.1984807E-4
391.1284 -0.0062590064
384.19217 -0.008973043
376.00967 -0.011825857
368.05756 -0.012081375
361.02396 -0.012316761
354.86264 -0.012530622
349.8449 -0.014858903
343.9144 -0.017977279
338.88074 -0.021253273
332.8964 -0.02465444
326.96677 -0.02812324
321.03336 -0.03172928
314.09857 -0.038816117
307.42426 -0.043730438
300.48727 -0.05058479
294.26254 -0.052487202
288.3431 -0.057036392
282.38965 -0.061785195
276.49152 -0.066726446
271.58093 -0.071623
265.7965 -0.079741
259.8985 -0.0854237
253.015 -0.092742816
246.0265 -0.095385134
239.05792 -0.09817447
231.52855 -0.10571688
223.6461 -0.1139534
215.74677 -0.118144855
207.73659 -0.12272302
198.83487 -0.12824692
190.93047 -0.13358742
182.07344 -0.130438
173.67876 -0.13084187
164.77594 -0.13656346
155.72786 -0.13807085
147.04622 -0.14115156
138.75272 -0.14780694
129.94754 -0.1579036
120.31699 -0.1706621
111.12155 -0.17808652
101.48521 -0.19269419
92.5188 -0.21163982
83.5559 -0.22565565
74.95716 -0.24849822
66.69088 -0.26452523
58.840775 -0.28752258
50.820477 -0.3086511
43.42795 -0.32080033
36.470802 -0.3552529
29.59948 -0.4057865
23.628845 -0.45772722
18.182892 -0.4982454
13.85358 -0.6553991
7.9497924 -0.6921962
11.953937 -0.4033736
16.260557 -0.2136266
21.926111 -0.12277037
27.684439 -0.08854291
34.54431 -0.070926666
41.58558 -0.058902036
49.585373 -0.069579184
56.697998 -0.09190057
63.8778 -0.11306027
70.915 -0.11934708
78.007515 -0.13082767
86.28685 -0.14183223
93.70992 -0.15198182
100.71892 -0.16149946
107.54679 -0.1867992
114.76813 -0.20347945
121.63804 -0.22332348
127.444725 -0.24529286
133.29237 -0.26530048
139.09491 -0.28340805
144.34116 -0.3018124
149.38939 -0.3194884
154.73247 -0.34064424
160.21059 -0.36174396
166.3833 -0.374885
176.80011 -0.40040657
187.34956 -0.42313588
196.81998 -0.44041222
205.94727 -0.457171
215.3517 -0.47201687
224.4155 -0.48255205
233.08008 -0.49584794
243.7063 -0.50953114
252.8908 -0.5175733
262.31937 -0.5267953
271.22104 -0.5375283
277.49075 -0.54184884
286.1236 -0.5513007
293.19305 -0.5614083
300.83514 -0.5672188
309.5637 -0.5740086
318.58972 -0.5846191
325.59564 -0.59342384
333.26212 -0.60600597
339.7011 -0.62162226
346.01526 -0.6370179
351.95355 -0.6501629
357.80966 -0.6623645
363.56055 -0.6736317
367.59558 -0.6829743
367.34268 -0.7013005
365.0925 -0.711027
358.01257 -0.7253533
353.38016 -0.7361162
348.45242 -0.74603146
343.21878 -0.755249
337.70822 -0.76354736
332.51715 -0.7701417
327.03186 -0.77796346
320.1187 -0.7871879
314.3607 -0.7955752
308.7203 -0.8049634
303.6345 -0.8128743
298.2573 -0.82224673
293.2453 -0.8306913
287.8744 -0.8408115
282.9139 -0.84987116
278.19717 -0.8625118
274.10925 -0.87004834
269.97458 -0.8812065
266.07126 -0.8886021
259.20135 -0.902951
254.56836 -0.91842556
251.7781 -0.9397694
250.75131 -0.9661143
254.10716 -0.99984246
260.6047 -1.0237111
265.593 -1.0361435
269.42746 -1.0488324
273.72916 -1.0578481
278.63232 -1.0636361
283.48022 -1.0690995
287.20667 -1.0762025
291.59814 -1.0843068
296.71173 -1.0934
301.35562 -1.1013554
305.82516 -1.1087551
310.31744 -1.1159514
314.7847 -1.12288
319.298 -1.1296607
323.5126 -1.1383793
328.62668 -1.1463599
333.0302 -1.1556071
337.29993 -1.1636256
340.59396 -1.1710012
346.85663 -1.1879818
350.74426 -1.2004178
353.8669 -1.2170655
354.7442 -1.235271
353.02847 -1.2515264
347.59756 -1.2644734
340.304 -1.2761624
330.38986 -1.2922584
324.05795 -1.296219
317.2356 -1.303192
309.84964 -1.306812
302.36746 -1.3103087
292.1476 -1.3116267
282.77023 -1.3136829
272.2232 -1.3150493
261.79745 -1.316467
250.8621 -1.3142569
239.28923 -1.317811
227.67374 -1.3182106
216.23466 -1.3199751
204.81409 -1.3208191
194.41287 -1.3230429
184.27289 -1.3202643
173.80559 -1.3226985
163.3755 -1.3254554
153.90237 -1.3301411
144.70432 -1.3287386
136.02718 -1.3356332
127.60963 -1.3420944
117.40863 -1.3481305
107.91504 -1.3588787
99.29856 -1.3709517
91.6275 -1.3873363
84.35421 -1.3955489
77.16191 -1.405159
69.90602 -1.4169178
63.843967 -1.4330178
58.270504 -1.455051
52.39264 -1.4800112
48.03751 -1.4979631
44.02736 -1.4913157
36.96632 -1.5031999
30.757887 -1.4895282
24.780169 -1.4698635
20.600628 -1.4980091
27.977495 -1.6158088
36.029858 -1.6401516
44.00205 -1.6275709
48.002056 -1.6228354
53.053703 -1.6367327
58.76692 -1.6428626
64.09521 -1.6409744
69.80524 -1.6352255
74.8734 -1.6410933
80.96211 -1.6510667
87.07544 -1.6657605
93.10684 -1.6728793
99.30717 -1.6843339
105.293465 -1.6871389
110.47995 -1.6931427
115.87973 -1.7026731
120.79254 -1.7076504
125.98691 -1.7161311
132.02164 -1.7169828
137.30473 -1.7261317
142.62526 -1.7273849
147.87578 -1.7354572
152.9557 -1.7365195
158.9959 -1.7429615
165.23688 -1.7486459
171.46948 -1.7539057
176.989 -1.7596277
183.01553 -1.7644345
188.25899 -1.7697084
194.59941 -1.7737254
201.02208 -1.7822778
207.5417 -1.789294
214.08908 -1.7979198
220.59703 -1.805028
226.90636 -1.8074634
233.42561 -1.8139136
239.87012 -1.8189993
247.24527 -1.8208711
253.57379 -1.8226594
259.88226 -1.824355
266.35916 -1.8287431
272.73807 -1.8310485
279.0643 -1.8324411
285.31665 -1.8337568
291.09363 -1.8382174
296.73145 -1.8435516
302.36728 -1.8486683
308.0483 -1.8542732
313.67587 -1.8589829
320.0533 -1.8628457
325.92987 -1.8670273
331.6018 -1.8712792
336.31982 -1.8762761
344.71375 -1.883789
352.91904 -1.8933918
360.53876 -1.9039028
364.99567 -1.9119682
368.8205 -1.9230063
370.53204 -1.9353669
370.382 -1.9491882
368.4946 -1.9637276
364.7419 -1.9799076
358.7226 -1.9970385
353.9385 -2.0062947
348.8228 -2.0155816
342.65497 -2.0249133
336.15314 -2.0377014
328.47244 -2.0521603
319.9582 -2.066931
311.2739 -2.0820954
302.83752 -2.0948842
293.92078 -2.1085505
285.47134 -2.1221457
278.5681 -2.1364918
272.94388 -2.1462932
267.80853 -2.1577275
262.90268 -2.165597
257.61047 -2.1748435
254.12279 -2.184346
250.5594 -2.1943967
247.23857 -2.204093
249.14719 -2.226174
253.25836 -2.243642
258.70813 -2.2576423
267.3779 -2.268799
276.01855 -2.2766697
284.12592 -2.2883604
288.70667 -2.2961197
293.0463 -2.3024595
297.90125 -2.3104796
305.68842 -2.3226817
313.7163 -2.3370214
318.60486 -2.3439295
324.24994 -2.3528795
328.65097 -2.3610108
333.08206 -2.3699253
337.90826 -2.3796494
342.9002 -2.386459
348.48407 -2.3936117
353.0243 -2.4016304
357.41223 -2.409
363.55377 -2.4232697
367.60364 -2.4364345
370.56287 -2.4467275
369.76648 -2.4685829
367.1683 -2.486387
361.71848 -2.5026226
357.32123 -2.5099325
352.6187 -2.5185828
347.6584 -2.528683
342.41647 -2.53652
335.88376 -2.54383
328.63174 -2.5546215
321.17038 -2.5615406
313.9501 -2.5691853
307.09177 -2.5782015
299.9004 -2.5865924
292.995 -2.59213
284.0833 -2.5976973
276.23785 -2.6014793
268.07886 -2.609113
260.98758 -2.6154826
254.59152 -2.6199675
247.04578 -2.625951
239.86066 -2.6281288
231.82239 -2.6283286
224.62804 -2.630734
218.1271 -2.6349957
211.33095 -2.644222
205.0394 -2.6497316
198.54523 -2.6493304
191.39275 -2.6529279
184.54724 -2.6531138
178.54092 -2.6542308
172.76949 -2.6560316
168.25345 -2.6554482
158.31326 -2.6562092
153.5101 -2.6562169
147.70042 -2.658395
141.87886 -2.6607504
136.08076 -2.6633098
130.2557 -2.6660943
124.68802 -2.6700141
119.533775 -2.6762624
114.40078 -2.6732106
109.05734 -2.6689086
102.78988 -2.6596375
97.43117 -2.6540403
92.30439 -2.6612988
87.47551 -2.6682773
76.9589 -2.68572
71.15018 -2.6926622
66.04626 -2.7058415
60.243572 -2.7160447
54.80513 -2.7152698
50.33353 -2.7186048
45.8521 -2.7225988
37.85617 -2.743904
31.773153 -2.7989953
25.575705 -2.877867
20.951672 -2.9277382
26.380943 -2.9722333
32.295727 -3.003472
40.31121 -3.0120447
45.36197 -3.0046642
50.25286 -2.9976332
54.60052 -2.9905317
59.69148 -2.982735
64.6822 -2.9675188
69.02794 -2.9638705
75.07704 -2.9511764
81.13444 -2.9501495
86.68497 -2.9416296
92.52342 -2.9434686
97.59466 -2.9435298
102.11232 -2.9325516
108.16191 -2.9255016
113.28129 -2.926312
119.31903 -2.928887
125.41786 -2.9311597
130.73695 -2.932033
136.57814 -2.9336538
141.68758 -2.9340162
146.59888 -2.9394882
151.53079 -2.9461527
157.50974 -2.948745
162.50305 -2.9532464
167.80878 -2.9532108
172.7094 -2.9586174
177.38667 -2.9634945
181.40012 -2.9717028
187.07133 -2.978222
191.86311 -2.9876099
196.8652 -2.9966836
201.65613 -3.0051532
206.48106 -3.0132418
212.09013 -3.0202854
218.00461 -3.024677
224.86006 -3.0327284
231.72763 -3.039297
236.90541 -3.0425234
242.54152 -3.048971
248.36932 -3.0541525
255.38939 -3.0575702
262.2794 -3.0636044
268.17004 -3.0681624
274.17334 -3.070648
279.30496 -3.0755394
284.9763 -3.0795295
290.92157 -3.0842671
297.8808 -3.0890055
303.7684 -3.0932667
309.74374 -3.097468
314.653 -3.1012943
318.8685 -3.1057048
323.79434 -3.1117384
331.69635 -3.1214738
336.43826 -3.1254056
340.63562 -3.1307998
348.60587 3.1406734
354.65686 3.1244118
358.97342 3.110149
363.1929 3.096651
364.66812 3.0831237
364.99423 3.0694556
363.69098 3.053296
360.29376 3.0357277
354.27942 3.0169463
346.06424 2.99871
338.73627 2.9836159
331.36505 2.970934
327.03052 2.962453
322.31433 2.9566658
316.64426 2.9501362
311.67908 2.9437513
306.95963 2.9372962
299.39395 2.9278731
291.99646 2.9161694
287.41415 2.9116824
282.7625 2.9041963
278.654 2.9006274
271.1165 2.890877
265.88846 2.8849285
261.81946 2.8729389
258.1184 2.8649673
253.91386 2.850007
249.41577 2.8303788
244.86641 2.8200686
241.99202 2.802531
242.9406 2.779828
247.04132 2.7676656
253.84291 2.7612898
261.30505 2.7520385
267.09976 2.7407997
273.44913 2.7238092
276.9366 2.713469
284.82593 2.703242
294.44534 2.695813
300.28592 2.6939268
310.00616 2.6877441
318.284 2.6793964
322.76782 2.6724243
332.0785 2.662149
340.9969 2.6560042
346.0023 2.6537356
353.62552 2.6491976
360.06485 2.640756
365.61597 2.6302612
369.6798 2.6177113
371.87497 2.6075823
372.11328 2.593484
368.95703 2.571419
363.91403 2.5526364
359.43884 2.5367444
355.50717 2.5230637
352.39203 2.5158746
345.13934 2.5006056
341.17416 2.4919064
334.84842 2.4774747
331.69388 2.4700089
325.65466 2.4591413
322.04895 2.453049
318.32645 2.4474928
313.864 2.4397662
309.4459 2.4318373
305.7555 2.4257898
298.46063 2.4132936
291.89648 2.4024298
288.25818 2.395636
279.70837 2.3867648
270.46774 2.3799746
265.49976 2.3777516
256.83417 2.3723257
247.8054 2.365075
243.0397 2.3572812
238.09303 2.348388
232.51044 2.3422434
223.16281 2.3312898
217.68565 2.3298352
211.6325 2.3266938
205.14883 2.3221743
198.91351 2.3104851
192.50475 2.2989032
179.88795 2.2850215
172.9826 2.2812505
165.43135 2.2745273
157.0595 2.270176
148.83699 2.2569861
141.15033 2.2453854
133.5078 2.2336984
127.069664 2.2232578
120.248665 2.2037547
113.20428 2.192685
106.174 2.1817667
93.11154 2.1492777
87.56655 2.1359813
78.67723 2.1038353
70.46254 2.0734665
63.610397 2.0391963
54.293926 1.9823878
48.38842 1.9459809
42.994038 1.8954215
36.823795 1.8103962
32.000385 1.7433091
27.403416 1.6620376
21.641819 1.6400746
21.641819 1.6400746
