Stilus
24
8.781422 2.108082
26.563837 2.1523242
38.705982 2.1399715
45.75593 2.1428394
52.06338 2.1184883
57.835953 2.0995665
63.193695 2.0869424
68.48991 2.0776978
73.1225 2.0736687
80.89431 2.0631952
85.84292 2.0719657
93.89973 2.0734994
101.47676 2.0661683
108.41483 2.0525928
115.98379 2.0475442
122.925354 2.0431595
128.32397 2.0261078
134.2053 2.021229
138.61995 2.0195942
142.81854 2.0137687
150.9483 2.0030313
157.47977 1.9991866
164.94107 2.0105896
173.6163 2.0122564
177.78828 2.0087998
182.20084 2.0083885
190.70648 2.004856
196.83769 1.9971238
204.27641 1.9966943
212.25868 1.9888891
220.11032 1.9790766
227.8618 1.9786879
233.35844 1.9778343
239.37079 1.9843421
247.36852 1.9826783
251.47704 1.9799641
259.3631 1.9723563
263.67484 1.9695294
267.69717 1.9665406
273.51044 1.9608086
282.0069 1.9537235
290.7196 1.9453691
299.30072 1.9341224
303.10394 1.9293561
310.70697 1.9236245
318.20917 1.9149566
326.095 1.9095477
333.52097 1.9072814
339.4858 1.9018989
346.8837 1.8976153
354.1374 1.8877108
360.3438 1.8762494
365.3075 1.8613324
370.96497 1.8531884
373.35626 1.8387421
374.42044 1.8262824
373.2521 1.8140099
370.55646 1.8040369
369.4013 1.7936223
366.40637 1.7819281
359.85843 1.768541
353.68112 1.7575568
346.67862 1.7474494
340.408 1.7403111
332.79483 1.7266834
327.03583 1.7171246
319.77905 1.7078339
311.21082 1.6954564
306.03027 1.6910353
300.79663 1.6856005
294.09915 1.665857
286.7306 1.6509393
282.5543 1.6441451
274.3865 1.63541
270.32614 1.6326647
266.26334 1.6298285
259.93716 1.6235679
253.88026 1.6170632
246.97047 1.6021266
240.69234 1.5865668
236.49179 1.5734389
240.95497 1.5499018
247.06033 1.5364279
253.0962 1.52935
259.24744 1.5196122
265.34793 1.5124222
271.18484 1.5063006
277.6334 1.4977769
285.93506 1.4858565
291.0296 1.4797281
295.6975 1.462057
302.8834 1.4480067
307.3267 1.4428862
311.72513 1.4349412
315.96667 1.4303825
320.21136 1.4259481
326.7457 1.4164872
331.5077 1.4092261
336.7916 1.403121
344.20557 1.3953975
349.6614 1.3894386
355.11368 1.383693
359.96548 1.3745387
363.91684 1.3654577
366.91724 1.353264
369.2312 1.3379778
369.43967 1.3242711
368.10864 1.3097103
367.1622 1.2948738
364.15854 1.274385
360.853 1.2611803
357.6046 1.251182
351.4744 1.2340503
348.0367 1.2275392
342.93216 1.2190961
337.3503 1.2123408
332.23587 1.2090898
327.18826 1.2065483
319.8686 1.2018476
313.93634 1.1979493
307.68033 1.1934777
301.0237 1.1875172
296.13986 1.1816336
288.95822 1.1778095
284.4132 1.1747679
278.182 1.1696812
272.04355 1.1650941
266.23608 1.1598014
261.08524 1.1544894
257.02213 1.1517558
247.62958 1.1480249
241.49818 1.1457456
235.57109 1.139982
228.765 1.1310947
223.8957 1.1247953
219.70221 1.1206537
214.75066 1.1147202
209.74811 1.1093806
204.21848 1.1002382
199.49591 1.0893182
193.91386 1.0800663
189.0756 1.0723665
184.51085 1.069923
180.90732 1.0603231
172.09624 1.0448885
166.21854 1.0367655
160.04517 1.0284388
154.5496 1.0221131
145.57024 1.0309564
134.93884 1.0355936
129.13106 1.0358121
123.30781 1.0360582
117.88686 1.0305641
113.24068 1.0265799
104.49956 1.0317993
95.07842 1.0214959
89.807175 1.0114943
84.52976 1.0001976
78.95375 0.96973443
73.67899 0.9536123
66.81901 0.95402056
59.931652 0.9543164
51.916817 0.93919504
43.943188 0.91866803
37.41011 0.90962696
31.634796 0.8874054
25.709438 0.87501365
20.197603 0.83986664
26.199806 0.80871093
33.221607 0.84581476
41.131145 0.85196424
48.163136 0.84219086
54.597416 0.8251043
61.71707 0.8205488
68.0736 0.82767135
75.04646 0.8407724
81.60048 0.84669966
88.5875 0.8563265
95.6345 0.8539874
100.80703 0.8434398
106.161064 0.8289199
111.92985 0.8238228
122.65493 0.82518387
132.48706 0.83390343
138.60318 0.83576447
145.05156 0.8306162
150.82208 0.8280315
160.03247 0.80430704
169.03062 0.79002017
179.25426 0.7858291
185.13995 0.78350085
192.01851 0.779359
199.0895 0.7795746
205.43088 0.7763433
210.73274 0.7732265
215.00531 0.76688063
222.88026 0.75166756
232.04037 0.74125
239.48643 0.73645645
246.76335 0.73205405
253.1219 0.730628
263.18304 0.7320603
268.9164 0.7291979
274.60858 0.72527075
279.68033 0.7187687
284.96347 0.71192056
289.56076 0.703905
294.0165 0.6955268
297.60132 0.68883884
303.93005 0.6727977
309.99356 0.66138494
314.24994 0.6578555
318.0608 0.6526405
322.45944 0.65003455
329.2473 0.6458293
337.42346 0.64572453
342.25214 0.6436408
349.3566 0.638147
353.764 0.6298915
357.02267 0.6232542
361.579 0.607478
362.40814 0.587469
362.44485 0.57012314
362.24536 0.554953
359.33313 0.5404776
355.489 0.52650666
351.94803 0.5102596
346.14758 0.49649736
339.81155 0.48661736
333.20355 0.4860973
325.5967 0.48112708
317.82513 0.46988267
311.12338 0.45564085
304.5176 0.44085324
297.44952 0.429757
290.8933 0.41814277
282.484 0.40396357
278.1004 0.3948835
273.38077 0.38214925
265.89417 0.36428294
260.71365 0.35237578
263.19598 0.33078885
269.2906 0.31911677
274.61215 0.30508164
279.0834 0.29629475
282.85416 0.28854057
286.13538 0.27152455
290.14465 0.2549942
294.05646 0.23942146
298.4579 0.22549695
303.7342 0.20893748
308.70435 0.19434331
313.39386 0.18778135
319.8953 0.17757031
325.4753 0.16863789
329.38696 0.16163379
335.01376 0.15773565
339.17044 0.15544109
344.192 0.14507945
348.46207 0.13967137
352.7606 0.13509934
359.30975 0.124210015
365.81998 0.11168166
370.3934 0.100120135
375.82126 0.08262955
379.98373 0.07547496
379.98993 0.060721353
379.4851 0.04918103
372.86578 0.03972197
368.78812 0.034724157
361.6382 0.024294212
355.58887 0.0134898415
351.31006 0.007930256
346.31293 -5.8935594E-4
341.4762 -0.0060078157
334.6234 -0.016274951
327.70114 -0.025768464
319.81696 -0.035781346
313.68915 -0.045215283
307.04434 -0.052743256
299.2458 -0.064991735
294.34326 -0.0694783
286.3645 -0.07141738
282.3715 -0.072429046
277.15512 -0.0737947
270.5251 -0.07931137
266.61374 -0.08423815
258.61542 -0.08399157
250.50966 -0.081660524
243.4519 -0.07991523
236.50179 -0.08226895
228.52876 -0.08514603
219.59753 -0.08861791
215.54529 -0.08680287
208.24115 -0.083829924
202.24535 -0.086321265
195.52335 -0.08929673
186.82448 -0.093466416
182.59827 -0.095636226
174.62823 -0.10001536
168.43266 -0.1037073
161.73021 -0.10802161
152.79399 -0.11436621
148.09293 -0.11801334
143.89328 -0.121474445
139.79836 -0.11785006
133.47598 -0.11592015
125.78452 -0.12304336
117.09883 -0.13222167
111.96489 -0.13832253
106.96767 -0.14482908
99.66487 -0.14538434
93.81857 -0.14374454
87.657265 -0.13367593
81.68508 -0.14052482
74.632744 -0.14037006
68.5563 -0.13817462
62.47704 -0.13555917
55.174526 -0.09886121
49.327183 -0.06994397
43.004154 -0.0569569
36.71577 -0.019184913
30.709469 -0.014642457
24.705875 -0.018200967
18.814089 -0.023901705
13.877452 -0.079196736
8.70201 -0.40732315
11.801155 -0.76789975
17.9825 -0.7443739
27.077093 -0.6405721
32.300507 -0.5978099
37.20905 -0.5495625
42.025265 -0.5077723
46.916756 -0.47443423
51.810905 -0.44778344
55.637684 -0.41499886
59.35429 -0.3875727
67.429344 -0.3669357
76.315674 -0.37824836
85.23074 -0.38721976
90.68266 -0.3893634
97.71935 -0.40961996
102.51525 -0.41325393
111.44214 -0.417308
116.81622 -0.41562122
125.321106 -0.4117563
134.2829 -0.41523466
141.58241 -0.40976802
148.3829 -0.39723673
152.08435 -0.38704756
160.91202 -0.38990438
168.1953 -0.39778814
174.54587 -0.3956885
182.25665 -0.4010323
191.56337 -0.40876007
196.03557 -0.4100176
204.4565 -0.4188001
210.64473 -0.42649284
217.0713 -0.43328068
221.89156 -0.4293937
229.18333 -0.43629143
236.67305 -0.4414614
242.90065 -0.4475554
249.68571 -0.46008092
255.49611 -0.4684605
262.2498 -0.47903627
268.63962 -0.48279738
274.9067 -0.4888681
283.3982 -0.49997845
290.13226 -0.5118498
297.0521 -0.5257749
302.79727 -0.5377634
306.3614 -0.54691815
312.65616 -0.555297
318.7316 -0.5665813
323.11243 -0.57630837
329.333 -0.58855647
334.1048 -0.5978431
337.61765 -0.6077943
345.52307 -0.616577
351.8535 -0.6275984
357.79126 -0.64041233
361.75122 -0.65384173
365.896 -0.66848505
366.38324 -0.6826998
362.58185 -0.6952745
359.51126 -0.70242107
355.61383 -0.7154512
352.52216 -0.72688526
347.01425 -0.7381786
341.7373 -0.7473124
336.71533 -0.75405383
331.54675 -0.7594259
326.7071 -0.76931864
320.48352 -0.7805718
315.36322 -0.79115164
308.52472 -0.80096644
302.0643 -0.81358147
296.44888 -0.81887895
290.86337 -0.8243782
285.27097 -0.83009475
278.44385 -0.83564997
273.389 -0.8397898
267.92233 -0.8514616
263.87167 -0.86186266
258.475 -0.87442255
254.52307 -0.8869667
252.02838 -0.9056018
251.09291 -0.9258042
249.21976 -0.9470586
251.9907 -0.9693878
254.8155 -0.98290145
259.2999 -0.9989719
263.82352 -1.0144318
268.7064 -1.0213411
274.3926 -1.0265834
278.3572 -1.0309553
283.85123 -1.0415124
289.69626 -1.0532744
296.29037 -1.0620434
301.96335 -1.072491
308.84668 -1.0772485
314.14493 -1.0862995
319.2653 -1.0947223
323.68265 -1.1017466
328.1607 -1.10865
331.95975 -1.1143426
338.47617 -1.1204997
344.08838 -1.1283696
349.2916 -1.1354151
353.82486 -1.1413665
358.37335 -1.1471709
362.78546 -1.1571625
366.00717 -1.1765858
365.00104 -1.1924359
362.83075 -1.20778
359.12344 -1.2194651
352.9484 -1.2281308
345.3274 -1.238614
339.70203 -1.250748
334.58173 -1.2590455
329.25293 -1.2697766
323.70102 -1.2837795
316.5319 -1.2935841
308.69257 -1.3031422
299.96188 -1.3089186
295.57147 -1.311955
291.19434 -1.3150754
282.2293 -1.3250166
277.1677 -1.3278396
271.54813 -1.3303504
265.49344 -1.3324995
259.79343 -1.3379236
253.65149 -1.3413997
248.38795 -1.3446367
243.75902 -1.3487277
238.42162 -1.3523113
232.36746 -1.3553398
227.06534 -1.3592274
221.54645 -1.3630546
216.22614 -1.3673546
210.95743 -1.3718106
204.71245 -1.3806325
198.43817 -1.3848138
192.25812 -1.3892018
185.92622 -1.3940032
179.75795 -1.3990093
174.41702 -1.4054666
168.02094 -1.4171847
162.81238 -1.4245826
156.5841 -1.431636
150.35283 -1.439288
144.20529 -1.4474977
138.9837 -1.4573755
133.88501 -1.4624176
128.79097 -1.4659139
122.70251 -1.4688747
117.65437 -1.4730186
111.634315 -1.4744605
107.33742 -1.4798234
103.307976 -1.4788233
98.48073 -1.4844854
93.49632 -1.4798716
88.47088 -1.4860271
83.46109 -1.4809254
78.16069 -1.4876424
72.32679 -1.4915152
68.106834 -1.490054
62.035336 -1.498284
53.071384 -1.4860091
48.30871 -1.4983727
44.053703 -1.4913634
39.060173 -1.4811828
31.752438 -1.492079
25.727432 -1.5125322
21.433289 -1.5707964
16.505325 -1.4799043
20.948458 -1.5469551
28.934181 -1.5535359
33.937206 -1.5560807
38.921295 -1.5579652
44.658703 -1.5763342
49.679573 -1.5808481
53.933037 -1.5800554
62.682518 -1.5946985
67.682106 -1.5929326
72.668945 -1.6051624
77.75348 -1.612751
82.745255 -1.6130546
87.96487 -1.6105458
95.9926 -1.6176336
105.08402 -1.6303737
110.10061 -1.636602
115.159744 -1.6424259
119.18968 -1.6420825
127.20536 -1.6454548
135.41585 -1.6613305
144.56242 -1.669481
149.64487 -1.679237
155.56523 -1.6818318
160.73293 -1.690705
165.91577 -1.6990284
171.19365 -1.7069397
177.3941 -1.7134938
183.61072 -1.7196136
189.82787 -1.7253269
195.0728 -1.7315003
199.57706 -1.7379649
209.1517 -1.7496862
215.1511 -1.7540442
221.43199 -1.757993
227.65901 -1.7616909
232.9705 -1.7660543
238.25885 -1.770209
244.53333 -1.7733597
250.78194 -1.7763394
257.10037 -1.7792042
264.4245 -1.7837955
269.8764 -1.7881156
275.1731 -1.7912838
281.6626 -1.7970014
287.9641 -1.7990954
295.10117 -1.8029485
301.72443 -1.805464
307.05762 -1.8080103
311.69174 -1.81106
319.63278 -1.8203104
326.0161 -1.831892
332.79507 -1.8411887
342.198 -1.8525287
351.59012 -1.8625954
359.07208 -1.8737727
363.79214 -1.8876748
366.7581 -1.9009424
369.37296 -1.9192151
370.74692 -1.9351096
368.83835 -1.9516442
363.19086 -1.9697518
359.39572 -1.9802314
355.2199 -1.9884174
351.66403 -1.9936786
343.5236 -2.010027
339.09637 -2.0169413
332.84384 -2.0259461
327.00958 -2.0312846
321.21063 -2.0367768
315.93942 -2.0429811
310.11795 -2.0512137
304.76355 -2.060392
299.4705 -2.069834
294.24167 -2.0795457
289.28125 -2.0860865
285.03256 -2.0936086
281.40268 -2.1010585
273.13812 -2.1146133
269.09686 -2.1237187
264.84988 -2.1336453
260.6381 -2.143874
257.6244 -2.1560853
254.76321 -2.1706538
256.376 -2.186571
258.86935 -2.2130568
261.7213 -2.2337136
265.1613 -2.2561321
270.21753 -2.274348
277.7147 -2.2893217
284.82413 -2.2965271
293.4081 -2.3000784
297.90417 -2.3056579
303.5004 -2.3112674
308.37567 -2.3188767
313.7839 -2.3280182
318.14148 -2.333353
323.03287 -2.3402455
327.26236 -2.3447773
332.19058 -2.3513243
336.41675 -2.3587887
340.11658 -2.3654447
344.40414 -2.3735676
348.69855 -2.3814487
352.1391 -2.3906972
355.2656 -2.3988793
358.9609 -2.40829
364.93216 -2.4229348
370.4912 -2.4386835
372.09717 -2.4597535
369.80505 -2.4815562
366.91208 -2.4917822
364.3837 -2.500969
357.18048 -2.5104675
349.22604 -2.5185957
344.4577 -2.5229468
338.71136 -2.5316482
334.00647 -2.5401163
329.4571 -2.549702
325.57016 -2.5564785
316.9905 -2.560277
311.6772 -2.562239
303.6561 -2.5670052
295.9059 -2.570176
289.53687 -2.577464
283.5239 -2.5848002
276.60745 -2.5906284
270.66104 -2.5911446
264.1984 -2.5894263
257.12204 -2.5896454
249.10208 -2.5885878
242.7818 -2.5917892
235.46701 -2.6015682
228.62474 -2.6090772
220.80219 -2.6157222
213.6116 -2.6178236
205.56287 -2.6176493
198.39821 -2.6199737
190.69391 -2.627039
183.1452 -2.6335511
174.4802 -2.6402736
165.63133 -2.6504188
156.78383 -2.6509655
149.39774 -2.6549096
141.81897 -2.6505356
133.76761 -2.6522398
124.576744 -2.6583881
116.7409 -2.6714964
109.260895 -2.6854722
102.01815 -2.69687
95.387314 -2.7216358
89.317856 -2.7308104
83.25426 -2.7252507
77.537704 -2.731751
72.06577 -2.7325604
66.30799 -2.744103
61.633392 -2.747411
56.257206 -2.7461162
50.881626 -2.7445478
45.530823 -2.742572
40.120228 -2.7401657
34.727406 -2.7369776
29.350906 -2.732591
21.369833 -2.7740881
15.940335 -2.7929392
9.616964 -3.0831134
16.213013 2.9837785
24.062166 3.0673146
28.966547 -3.134658
34.05586 -3.0766098
39.178036 -3.034252
44.56289 -2.979091
50.51654 -2.9586902
56.248154 -2.9232967
62.31314 -2.9118633
68.635605 -2.9033535
74.95721 -2.8962839
81.232285 -2.8903582
87.54049 -2.8852582
93.81554 -2.880868
99.88274 -2.8866572
105.89345 -2.8918233
111.828964 -2.9029984
117.652695 -2.9150207
123.50107 -2.9259238
129.35112 -2.9358213
135.36403 -2.939381
141.45026 -2.9409566
147.69946 -2.9358027
153.6444 -2.9422448
159.50499 -2.9496624
165.40413 -2.9565885
171.30774 -2.963034
177.37126 -2.963479
183.45729 -2.9639168
189.32741 -2.9694817
194.2343 -2.9738715
199.313 -2.9820652
204.9132 -2.9876251
210.8755 -2.9920115
216.8422 -2.9927227
222.19331 -2.9917772
227.21811 -2.9939563
231.87656 -2.9969435
236.10593 -2.9995525
241.8129 -3.0029266
246.74992 -3.0057185
251.90044 -3.0085132
256.8968 -3.0111165
261.84842 -3.0135975
267.58243 -3.023005
275.37128 -3.030875
283.12546 -3.0401692
291.0779 -3.043773
296.00418 -3.0454059
300.6967 -3.0494657
304.85855 -3.0514994
309.52576 -3.0582685
313.8566 -3.0656343
318.0553 -3.074926
323.86905 -3.08624
328.95093 -3.096236
335.9673 -3.1150842
343.6068 -3.1330833
351.6053 3.1350036
357.86798 3.1239743
362.9096 3.1088572
366.5385 3.0895607
368.1129 3.0652673
367.8135 3.04342
362.0152 3.0245545
358.40106 3.014922
352.0089 3.001158
345.92807 2.987386
340.9634 2.9810407
335.41824 2.975343
329.65958 2.9700828
324.78674 2.9667244
320.43716 2.961157
314.67142 2.9558141
308.23056 2.9506273
301.7704 2.9431105
295.08688 2.935936
289.42328 2.928308
284.75674 2.9211566
280.72107 2.9111493
274.76062 2.901805
269.463 2.889384
262.92877 2.8790004
258.35504 2.8701952
254.40036 2.864901
251.01596 2.8537989
245.61736 2.8355892
246.5488 2.8111281
249.97244 2.7818265
253.50653 2.7672164
258.8574 2.754469
264.49304 2.7425988
269.83084 2.733885
275.26456 2.7336264
279.7546 2.732729
288.84302 2.7278993
298.74298 2.7184064
305.07544 2.7124019
310.89456 2.7042484
316.35034 2.6973834
324.93726 2.6851835
335.0498 2.67762
340.43146 2.6723564
345.36612 2.6633873
350.1768 2.655356
354.57495 2.645739
358.67227 2.6362746
362.52814 2.6285949
369.20892 2.6178644
373.2552 2.6098406
376.34064 2.6011748
379.40036 2.5898201
381.53036 2.5808163
383.537 2.559287
383.1335 2.5422075
378.48578 2.5241024
372.7313 2.5089831
365.52036 2.4944422
361.09464 2.4877882
356.56097 2.481511
352.13885 2.479014
343.69635 2.474064
338.58017 2.4695933
332.57263 2.4633932
326.56982 2.456543
320.8499 2.453981
315.25296 2.450663
309.48227 2.4478407
303.7194 2.444913
298.08762 2.4419203
293.20163 2.434815
288.26523 2.4281688
283.1978 2.4219809
277.4781 2.4182582
271.2524 2.416418
264.82544 2.4151857
257.70303 2.411341
250.46648 2.4122548
244.08255 2.4108303
237.71411 2.4093258
231.44426 2.4023678
225.08743 2.3955927
217.87395 2.3890169
210.81108 2.383458
202.57707 2.3767097
195.19574 2.371159
188.07281 2.364176
180.3617 2.360681
172.76228 2.3496435
164.4038 2.3395739
155.85141 2.3285356
148.05406 2.3223171
139.62228 2.3202848
131.14508 2.3179777
123.39324 2.30986
116.26482 2.2963753
108.523056 2.2855315
101.51238 2.2807283
94.46515 2.2750933
87.418106 2.2685394
80.35335 2.2607539
73.345795 2.2516854
66.54362 2.2197115
60.396824 2.1940284
54.042187 2.1579492
47.988205 2.1174483
42.050076 2.0654726
35.33166 2.0081043
24.99391 1.8531673
18.972122 1.7154682
14.962794 1.411048
12.995114 0.9795801
15.447959 0.6658424
15.447959 0.6658424
