Mouse
13
177.74014 2.7010958
177.25345 2.6683578
175.11801 2.642696
172.2362 2.6135075
170.88422 2.5814884
170.27066 2.544121
168.7176 2.5160794
168.70177 2.4864416
169.6098 2.4605536
169.77092 2.4228292
171.58661 2.3849902
172.22258 2.3561397
173.68884 2.331711
176.66956 2.3080933
179.09189 2.2810535
182.27515 2.2590063
184.927 2.2334769
187.90901 2.2012408
190.57686 2.1846285
193.00975 2.1569974
196.43463 2.1273735
198.81088 2.1082017
202.12753 2.0870373
205.53177 2.0665648
209.90868 2.0445848
214.82211 2.0276983
218.04076 2.005232
221.76912 1.987561
224.6436 1.9722116
227.19461 1.9531765
229.47223 1.930498
229.97926 1.9111559
232.47058 1.8891907
233.15988 1.870211
232.97194 1.8525385
233.82233 1.8337266
234.75485 1.8150579
235.76854 1.7965431
237.24397 1.7649505
238.13141 1.7386043
240.17288 1.7118838
240.6354 1.6948411
242.16185 1.6774274
242.7648 1.660605
243.43611 1.6438705
244.12083 1.623143
243.94424 1.6067675
243.80222 1.5821708
244.79657 1.5616992
244.86562 1.5453635
244.99997 1.5290416
245.25957 1.5086714
245.54037 1.4924115
244.98729 1.4717438
244.42178 1.4550536
242.9335 1.4377468
242.50758 1.4208504
241.16508 1.4032105
240.08482 1.3812851
238.91293 1.3632643
238.04518 1.3409777
236.07967 1.3215836
233.78203 1.2924875
231.38501 1.2669579
229.14188 1.2409111
226.0279 1.2268068
223.09866 1.1981459
220.50644 1.1788689
217.48572 1.1530871
213.76173 1.1350456
211.00876 1.1184509
208.31543 1.1014222
204.39236 1.0750507
202.35194 1.0526048
199.39275 1.0383111
197.52353 1.0149429
195.21823 0.9954272
191.90384 0.9652938
189.79382 0.94463235
186.36601 0.92456037
184.42046 0.90283954
181.92874 0.88490504
180.14629 0.8622484
177.79158 0.84333616
176.14012 0.8117341
174.66527 0.7876633
172.60359 0.75901026
172.9347 0.71812445
172.63394 0.689238
172.65987 0.65214825
171.29352 0.6218582
171.47461 0.59270203
171.07117 0.54568404
172.40411 0.5008694
174.53159 0.47478375
177.72769 0.43431848
179.75165 0.40476343
183.7909 0.3718963
186.47571 0.34911147
188.93573 0.32197213
192.48814 0.29403618
195.92369 0.26220974
199.29065 0.24731386
203.22337 0.22220439
206.499 0.20376372
209.84264 0.1859048
213.2511 0.1686114
217.56151 0.14662808
221.97293 0.12550865
225.48505 0.105686724
230.07932 0.0861047
233.83025 0.0718508
237.6272 0.058049686
241.42535 0.040547192
247.27325 0.019358085
251.23328 0.007110734
255.24716 -0.012590334
260.3269 -0.027713178
264.50906 -0.04619088
268.71652 -0.06037372
272.97635 -0.0741166
279.36707 -0.09037543
284.8339 -0.106274255
289.37744 -0.121989645
292.99966 -0.1376824
296.69226 -0.15298821
298.31436 -0.16572978
301.51343 -0.18753532
304.44443 -0.20244649
306.25082 -0.21458471
308.328 -0.22973922
310.2343 -0.24156018
313.40286 -0.25552475
314.4377 -0.26783314
316.07852 -0.28614
317.23074 -0.29823673
319.99585 -0.3152418
321.58124 -0.33002433
323.9174 -0.35047
325.0932 -0.36886147
325.6284 -0.38142675
325.53876 -0.40481684
325.71414 -0.4213461
325.07303 -0.4391574
326.33136 -0.45432884
326.77267 -0.47076455
328.243 -0.49253577
329.37686 -0.5114591
329.62088 -0.52501154
331.64383 -0.53544843
333.36963 -0.54987866
335.16412 -0.5641573
333.96838 -0.58068347
332.8645 -0.59732383
331.8534 -0.6140703
330.12894 -0.63270116
329.1276 -0.65393704
328.27557 -0.67529285
327.7022 -0.69245136
327.22565 -0.7096649
326.84634 -0.7269235
325.888 -0.7419598
324.31778 -0.7548402
322.78018 -0.7722244
321.33795 -0.78536874
319.25485 -0.8008732
317.93506 -0.8142852
315.99728 -0.83013713
314.1399 -0.8461806
312.3643 -0.86241066
311.44257 -0.8808706
311.2506 -0.89691824
310.34814 -0.91101146
309.5077 -0.92518413
307.11758 -0.9355872
303.83295 -0.9560867
301.80228 -0.97153264
300.39676 -0.98440605
297.4247 -1.0058719
295.30264 -1.017313
294.42358 -1.0353315
292.27716 -1.0547336
290.32416 -1.0667173
288.82568 -1.0835487
287.86438 -1.097454
285.61972 -1.1130356
284.34976 -1.1303643
282.75693 -1.1510681
280.7565 -1.167332
278.45554 -1.1871506
276.6229 -1.2039126
274.869 -1.2208933
273.52356 -1.2346315
271.29498 -1.258992
269.13885 -1.271998
267.98865 -1.2862632
266.8934 -1.3006483
264.63446 -1.3178494
262.69022 -1.3316398
260.1433 -1.3568742
258.34338 -1.3711833
257.58008 -1.3864046
255.72406 -1.4049096
254.1054 -1.4197857
252.28041 -1.4427038
250.5898 -1.4659435
250.11594 -1.4858258
248.74341 -1.5055144
248.46733 -1.5255963
248.29166 -1.5457146
248.2166 -1.5658534
248.28069 -1.5940506
247.49374 -1.6183834
247.71625 -1.6345134
248.26027 -1.6626561
248.76875 -1.6826717
249.50986 -1.7065707
250.23569 -1.7263694
251.05902 -1.7460457
252.5767 -1.7772392
253.42688 -1.7926883
255.3092 -1.80711
257.24387 -1.8213177
259.4929 -1.83903
260.8626 -1.8575128
263.5754 -1.878276
265.76233 -1.8914827
267.9948 -1.9044716
272.24234 -1.9263614
274.38873 -1.946862
275.88287 -1.960348
278.34686 -1.9722779
281.25278 -1.987253
282.89453 -2.0001843
286.77963 -2.0209272
289.43768 -2.0318675
291.23935 -2.044168
293.96936 -2.054728
298.26312 -2.0814412
301.24103 -2.0988188
303.9746 -2.1203697
305.23648 -2.1332562
307.6413 -2.1514893
309.02414 -2.164087
310.4556 -2.1765707
312.51556 -2.1915457
314.6447 -2.206321
316.04614 -2.22281
318.1534 -2.2416158
319.87863 -2.2533543
320.87952 -2.2669594
321.83554 -2.2848587
323.6387 -2.3005817
324.78677 -2.318215
326.7284 -2.3379266
328.09265 -2.3509347
328.8279 -2.3703005
330.32883 -2.3830829
330.59448 -2.4044657
331.01105 -2.4258044
331.5779 -2.44708
331.3606 -2.46215
332.3651 -2.4875398
333.95746 -2.5061555
333.45477 -2.523564
333.31622 -2.5451903
333.58902 -2.5601628
333.93646 -2.5751073
334.1694 -2.5966833
332.82687 -2.6152158
331.21463 -2.6297855
329.67337 -2.6444948
328.62906 -2.663446
327.70093 -2.6756878
327.72134 -2.6893344
326.05103 -2.7072275
324.48615 -2.7252991
323.41718 -2.7406895
321.1232 -2.7578933
320.57907 -2.7706316
318.80057 -2.785249
316.7574 -2.8030019
315.45132 -2.8149624
314.53064 -2.8340511
312.48285 -2.855403
311.3773 -2.867727
309.3535 -2.8793013
308.34048 -2.8918307
306.4043 -2.903674
303.314 -2.9181404
301.4749 -2.9303439
299.68127 -2.9426954
296.76697 -2.9578805
294.09152 -2.9700108
291.14975 -2.9891443
287.32556 -3.0082
284.83536 -3.021185
280.1971 -3.04073
277.83023 -3.0543296
273.4489 -3.071271
270.14725 -3.0889542
267.96777 -3.1034684
265.8457 -3.1182177
261.77588 -3.1369567
258.7881 3.1308253
253.92514 3.1069832
249.10144 3.0902398
244.42108 3.0687587
239.85788 3.0464494
237.28981 3.0284667
233.5539 3.0180244
228.98997 3.0023315
222.66762 2.9801757
216.27937 2.9612823
212.71983 2.9486601
207.66016 2.924213
204.67255 2.9009123
198.48405 2.8619373
193.89928 2.8335645
189.14908 2.8088307
186.3945 2.786607
183.36813 2.768797
180.78552 2.7452817
178.30574 2.7210987
175.46652 2.6886504
172.78154 2.66811
170.17174 2.64693
167.64064 2.6251006
167.64064 2.6251006
