Stilus
36
28.419043 2.0256114
34.96067 2.0527842
40.877117 2.0610323
48.32557 2.066151
48.32557 2.066151
8.557917 1.6291801
15.42806 1.8504266
21.327559 1.9177514
28.59232 1.9749913
35.001762 1.9662347
40.770584 1.9868985
46.311413 2.004833
52.550186 2.026762
60.118477 2.0571992
65.94696 2.0619998
71.746216 2.068195
76.88285 2.0762315
80.98794 2.0655172
88.52748 2.0808055
96.98332 2.0937736
101.53997 2.0880628
106.6559 2.0633688
110.21424 2.0461202
115.26681 2.0506458
121.36372 2.0451145
130.82884 2.056281
135.01404 2.0514252
143.77644 2.0480826
148.99258 2.038604
154.13872 2.0362375
158.364 2.0298846
164.8456 2.0375779
173.563 2.0379884
182.50606 2.0378058
190.93036 2.03297
197.13385 2.0244362
204.43141 2.022129
208.14876 2.0146735
215.67857 2.0020452
220.75223 1.9976122
225.82382 1.9960216
230.1337 1.99338
235.50655 1.9924212
241.99968 1.9939568
246.9743 1.9893253
251.81947 1.9878124
256.19153 1.9844562
261.49005 1.9813683
266.02264 1.981254
273.25922 1.9785663
279.42606 1.9837986
289.04327 1.9842707
294.1423 1.9811872
299.05353 1.9776866
302.9977 1.9720837
308.67914 1.9642868
316.95773 1.9629548
324.7252 1.9571043
328.82712 1.954635
336.27893 1.9463592
340.94302 1.9409711
346.05386 1.9290754
351.3291 1.9204315
356.4516 1.9122214
361.49893 1.9014165
366.61627 1.8908842
371.51364 1.8786978
374.52945 1.8673706
375.72217 1.8501039
375.86914 1.8356128
372.29086 1.824603
368.1266 1.8142513
362.24756 1.8013614
355.243 1.7914557
348.15637 1.7779975
344.18716 1.7685171
339.3092 1.7563944
331.58127 1.742444
324.14386 1.7369862
317.70285 1.7339758
310.5471 1.7280741
302.9924 1.7186316
298.48462 1.7089134
290.23376 1.6924464
285.78427 1.6856314
281.42688 1.677452
276.236 1.6713094
267.9099 1.6594801
261.58853 1.6462694
257.06573 1.6388398
252.08421 1.6257011
246.39551 1.6110146
241.84375 1.5952079
241.36505 1.5762526
242.38899 1.5555058
243.49654 1.5372902
248.38686 1.5215997
253.26472 1.51071
257.6905 1.5002007
262.01212 1.4925735
267.97336 1.4810292
274.89816 1.4686556
282.20853 1.4590838
286.3764 1.4552097
291.86472 1.4524624
299.06653 1.4351282
303.8434 1.4290417
311.34003 1.4187367
317.7443 1.4122559
324.02563 1.4082596
329.21835 1.4108455
335.6426 1.4048882
343.2645 1.39333
349.38535 1.3836042
354.6802 1.3749121
361.44568 1.3641821
365.67435 1.3526531
367.07687 1.3391346
369.22278 1.326616
369.70462 1.3148093
369.73782 1.3000786
367.58386 1.281175
363.56955 1.2660329
358.55002 1.2529554
352.90228 1.2418214
346.50656 1.2344625
339.03632 1.2267487
334.67874 1.2252531
330.8298 1.2210617
323.45554 1.2160287
318.5689 1.2191136
308.55783 1.2212988
302.37775 1.2210319
297.36658 1.2193437
293.03595 1.2175542
288.97595 1.2150542
284.6295 1.2131159
278.3291 1.2122731
270.27814 1.210129
265.2192 1.2069577
260.57974 1.2001691
253.11452 1.1886826
249.20636 1.1823722
241.35901 1.176888
233.51007 1.1686907
227.12918 1.1567123
223.41638 1.1493968
217.10577 1.1413944
212.57903 1.1368062
206.27545 1.1225961
199.13834 1.10529
195.09837 1.1006114
186.71684 1.0942972
181.02055 1.0951209
175.81433 1.0934885
168.24924 1.0902106
159.11324 1.0892271
153.68546 1.0856805
149.18773 1.0850275
143.4567 1.0806596
136.28311 1.0763565
128.28358 1.0779079
123.74828 1.076829
115.29347 1.066837
106.86257 1.0552698
100.336464 1.0641387
92.452225 1.0519853
87.08673 1.043432
81.45453 1.033509
75.62901 1.0337344
70.40209 1.0218927
62.90288 1.0242786
55.06037 1.0224545
50.0852 1.0319012
45.613712 1.02449
37.152397 0.9871228
29.869501 0.9352539
24.535439 0.8880183
29.35591 0.9747612
36.48078 0.99136233
42.82712 0.9689157
50.795963 0.9399104
55.825974 0.91610605
61.4918 0.8578235
68.52387 0.8457457
75.03637 0.8426176
80.2578 0.8300944
87.37684 0.82646966
93.65172 0.816185
101.87088 0.8137192
110.47589 0.8001736
117.13323 0.7905608
123.503075 0.785918
131.04381 0.7859017
139.75162 0.78384495
149.08757 0.781131
155.80298 0.7745239
161.49916 0.76835436
166.00664 0.76079017
172.32706 0.7499481
178.95128 0.7358427
186.31647 0.72235215
194.87157 0.71076053
200.0353 0.7088612
207.43524 0.710056
214.21683 0.7197987
220.12354 0.7247834
225.33636 0.72373664
230.71005 0.71600026
236.08078 0.7019039
240.67007 0.69537103
246.42467 0.6917299
252.28076 0.6932405
258.34665 0.69816095
265.97556 0.6936523
272.63556 0.69235194
279.95227 0.6897281
285.1485 0.68899244
289.67657 0.68560725
294.4115 0.68122923
300.73575 0.67276424
306.43198 0.66584706
309.82733 0.6577209
313.85822 0.6508512
319.491 0.647516
323.73535 0.643678
329.23697 0.6420196
334.89792 0.6403312
340.08084 0.6398215
344.81845 0.6380689
350.40433 0.63599676
357.6362 0.6350503
361.76675 0.6308566
365.45407 0.6235065
368.89374 0.61681634
373.0586 0.6056601
375.92203 0.5929347
376.1869 0.57886726
376.07333 0.56263584
373.4469 0.5513827
367.5158 0.53953916
362.41257 0.532001
358.14792 0.52276427
355.11615 0.5146646
348.39194 0.5025603
342.4124 0.4949032
336.51605 0.487461
329.02472 0.48856014
322.6257 0.4868274
317.50125 0.4806859
310.96826 0.46928966
304.3496 0.45527616
297.64297 0.4395021
290.11023 0.4327181
281.77197 0.41911188
276.4093 0.411122
270.7391 0.39779067
265.41718 0.38091543
259.15424 0.36158577
255.88492 0.3497283
253.38303 0.33615708
256.8703 0.30817753
261.85733 0.2864689
267.0177 0.27494362
270.7823 0.26719615
276.6524 0.25392222
281.1313 0.2461232
284.99936 0.22940992
290.61923 0.21147741
295.98972 0.20241179
300.49823 0.19255343
306.9963 0.1818055
310.68094 0.17340468
315.02786 0.16164312
319.61093 0.15237376
324.1009 0.14712928
329.93536 0.13594554
336.2778 0.1243812
342.76138 0.11026403
348.82877 0.1005703
354.3417 0.09520667
360.24292 0.08762357
364.25784 0.082565956
368.46112 0.07070316
371.48386 0.058504798
367.74863 0.04064374
362.37787 0.026886793
358.27698 0.013229665
354.24115 0.004879163
349.25443 -0.004148428
343.5206 -0.012327786
338.46558 -0.018058404
333.35718 -0.022332717
327.39056 -0.025792914
321.6584 -0.031850997
316.531 -0.03871451
311.57697 -0.04255667
306.6461 -0.04710336
299.85706 -0.04817064
291.875 -0.04948905
285.69214 -0.05056098
280.70728 -0.05145964
275.6743 -0.048770756
268.05273 -0.05389131
263.3339 -0.05485798
259.072 -0.05576136
254.09169 -0.05291707
249.23741 -0.05090522
244.99843 -0.050798938
239.68263 -0.044595573
232.92204 -0.044844765
225.94891 -0.046229713
218.00368 -0.051384784
210.02675 -0.05450118
204.819 -0.055888362
198.82506 -0.057575054
192.10364 -0.059591867
184.10956 -0.06218263
176.12991 -0.06500373
169.15822 -0.06768681
163.27954 -0.07626415
154.56992 -0.08057051
150.46257 -0.08944052
145.4515 -0.09253057
141.46553 -0.09514554
134.52269 -0.10007212
126.57974 -0.106374785
118.525154 -0.10515289
110.565765 -0.112753764
105.636536 -0.11803912
101.57437 -0.11547133
94.60519 -0.12123134
90.6269 -0.12658107
82.56937 -0.12680086
74.4197 -0.11709748
69.40008 -0.11149324
65.35994 -0.11414242
59.222435 -0.0964951
53.143654 -0.083768
45.032314 -0.0600285
36.97115 -0.012162378
30.81941 0.08277077
25.105095 0.1712325
19.537823 0.28779852
14.539743 0.628071
11.829521 0.9384989
13.740524 0.51972353
16.650476 0.23151529
22.223576 -0.052651122
28.858719 -0.21551698
36.348167 -0.28338143
43.619648 -0.35503817
49.99534 -0.39346424
57.075012 -0.3849657
63.364037 -0.4082962
71.377686 -0.42082492
80.03693 -0.42698088
89.40578 -0.4408434
94.97044 -0.45968562
103.652115 -0.48280346
111.55563 -0.49635005
118.33304 -0.49555844
123.90927 -0.48169702
131.18077 -0.48467308
135.85019 -0.48445293
142.79735 -0.48920164
151.1776 -0.49753526
159.70781 -0.50413334
169.11272 -0.50717956
174.56023 -0.5045455
181.14572 -0.51300263
187.49573 -0.513702
192.38759 -0.5112321
199.32391 -0.5090601
207.64514 -0.51420945
215.693 -0.51440257
221.85358 -0.51548666
229.58919 -0.52405846
239.1689 -0.5347662
247.35835 -0.53506637
254.2222 -0.5327295
260.98068 -0.53134257
266.699 -0.5366106
273.29288 -0.55009997
281.80508 -0.5533808
289.06808 -0.55817944
295.76346 -0.5639731
302.93396 -0.5645269
309.7562 -0.57363445
316.74442 -0.5811547
322.29004 -0.5891932
326.74817 -0.5985127
333.73175 -0.60677683
337.80746 -0.6148663
342.33704 -0.62342703
349.39047 -0.6308243
355.70798 -0.6380436
362.15427 -0.64618766
368.64908 -0.65598595
372.62036 -0.6653809
375.1984 -0.6736684
376.7053 -0.6874787
375.11078 -0.70137835
372.60828 -0.71417063
369.57803 -0.7220355
365.76843 -0.7312455
361.09406 -0.7362036
355.17282 -0.7429532
350.8809 -0.7472716
347.12256 -0.7525719
343.49567 -0.7625057
338.62286 -0.7763434
333.51776 -0.7872349
327.3206 -0.79764175
320.3092 -0.80671614
314.12003 -0.8143499
307.7719 -0.8268422
303.53107 -0.83631384
298.18927 -0.8471448
292.74576 -0.8579641
286.5617 -0.86694527
280.51685 -0.8758359
276.06738 -0.88289046
269.44382 -0.89055985
263.98114 -0.8981237
257.82 -0.90836704
254.50008 -0.9187768
251.29025 -0.9290252
247.7505 -0.9415113
250.4141 -0.96630096
253.779 -0.98726743
257.699 -0.9995826
261.90955 -1.0098807
265.51706 -1.0183935
269.1103 -1.0266035
273.51672 -1.0320755
279.60577 -1.0409069
285.74432 -1.049419
290.28818 -1.0583869
294.43155 -1.0662856
298.85184 -1.0744345
303.20523 -1.0821943
309.42984 -1.0928581
314.97852 -1.1019617
320.34622 -1.1104306
324.13907 -1.116225
330.0025 -1.12489
334.50653 -1.1313165
340.85324 -1.1400528
345.38998 -1.1460804
348.86368 -1.1537123
353.72128 -1.162867
357.53537 -1.173539
361.38223 -1.1914233
362.16077 -1.2048908
363.21875 -1.2206814
363.381 -1.2358055
360.15863 -1.2469445
355.7241 -1.2576047
349.18835 -1.2694664
344.16464 -1.2771525
340.00034 -1.2860875
333.9746 -1.2959815
329.2418 -1.3021461
323.63593 -1.3069767
318.3582 -1.3082274
313.25595 -1.3104345
307.87393 -1.3099481
302.7889 -1.3088791
298.4613 -1.3111223
293.0675 -1.314096
287.72925 -1.3164029
280.75986 -1.3274013
274.20724 -1.3327717
267.12634 -1.3349359
260.80832 -1.3369905
254.35428 -1.3420951
247.84581 -1.3483806
241.31598 -1.3550378
235.79057 -1.3585618
228.7073 -1.3618494
220.26944 -1.3676283
212.83826 -1.3748035
208.18535 -1.3887945
200.74174 -1.398294
194.26253 -1.4029183
186.27165 -1.4065235
179.84283 -1.4105716
174.71362 -1.4129376
168.63779 -1.4131994
161.66885 -1.4188572
155.48717 -1.4241751
149.35956 -1.4265281
143.15654 -1.4327265
137.6937 -1.4435179
130.73515 -1.4521055
125.4282 -1.4550785
119.35417 -1.457587
113.40897 -1.4516248
105.46953 -1.4595392
100.15212 -1.4658942
94.428856 -1.4595106
87.375336 -1.461991
79.250046 -1.4730744
75.229805 -1.4710611
67.86522 -1.4864196
62.829903 -1.495225
54.2416 -1.5063059
49.971184 -1.5159551
44.973846 -1.5152491
40.93099 -1.5341866
36.152695 -1.5293453
29.690653 -1.5203166
21.955227 -1.5025072
13.986533 -1.4634775
9.927575 -1.4973596
2.7221038 -1.3862941
7.1043377 -1.3583246
12.074441 -1.4464005
16.274364 -1.4786108
24.226786 -1.5089188
30.8614 -1.554614
35.9753 -1.5291407
43.986824 -1.5367309
48.97086 -1.5401992
55.19947 -1.5436525
60.90585 -1.5749196
65.95262 -1.6049933
69.99006 -1.6173254
74.007286 -1.6180476
81.07724 -1.6356374
86.32991 -1.6344689
92.30697 -1.6303409
98.13385 -1.636998
105.249794 -1.6515434
113.2999 -1.654638
120.58383 -1.6578739
126.56917 -1.6537464
133.79591 -1.6717415
140.72807 -1.6810234
148.98302 -1.6935413
157.2994 -1.7062314
165.072 -1.7165211
169.69057 -1.7199281
173.89478 -1.723591
182.243 -1.7331786
188.7056 -1.7382967
194.79143 -1.738214
199.89482 -1.7389667
208.00969 -1.7458407
216.39691 -1.7530258
224.83423 -1.7597245
233.04796 -1.7616849
239.54202 -1.764953
246.96106 -1.7755284
251.84299 -1.7764807
257.1226 -1.779214
262.6583 -1.7825426
267.96057 -1.7859087
272.30164 -1.7899494
281.20355 -1.8047408
286.7432 -1.81086
292.3269 -1.8167561
298.13483 -1.8222346
303.43613 -1.824489
308.8149 -1.8267177
316.59 -1.8333266
322.31195 -1.8369411
327.83255 -1.8430829
335.6535 -1.8489448
341.98926 -1.8558003
347.1906 -1.860398
352.37292 -1.8678122
359.52347 -1.8756161
363.17236 -1.8868848
365.49503 -1.8973527
367.9525 -1.9084269
369.62387 -1.9210792
371.1902 -1.9324522
371.25845 -1.9461279
367.86176 -1.9592364
361.41653 -1.9725426
354.07144 -1.9813727
348.37943 -1.9884963
342.21323 -1.9965075
336.22256 -2.0020664
329.10022 -2.011293
321.86044 -2.0219228
316.28052 -2.0304873
310.25327 -2.040128
303.12622 -2.052088
295.7086 -2.0622818
288.55148 -2.0746977
282.93906 -2.0856683
277.0756 -2.0976822
272.0193 -2.1085303
266.77106 -2.1203039
261.53873 -2.1371217
255.48067 -2.1522713
254.1852 -2.1734533
253.89714 -2.1983862
255.26523 -2.2188165
259.36594 -2.234602
262.47217 -2.2495883
265.31702 -2.2627733
269.03812 -2.2793002
272.78897 -2.295199
276.37268 -2.30435
282.52185 -2.3085618
286.85168 -2.3006477
291.37485 -2.295968
298.63153 -2.2992783
306.4448 -2.307143
312.7005 -2.3149052
316.5352 -2.322352
321.80362 -2.3285801
326.03485 -2.3354845
331.50156 -2.3406398
336.057 -2.3492906
340.7988 -2.359173
343.84348 -2.3679373
348.87366 -2.3819258
352.49536 -2.3916402
355.45322 -2.3993638
359.68146 -2.410093
362.95505 -2.41816
366.60922 -2.426929
370.40952 -2.435797
374.7839 -2.4457026
374.27914 -2.4610708
373.6837 -2.4803295
371.80115 -2.496693
369.63135 -2.5090945
366.69073 -2.520119
358.26273 -2.5194523
353.03278 -2.522911
343.8394 -2.525334
336.11682 -2.5309381
330.68292 -2.5386548
326.86288 -2.549163
320.51642 -2.559123
314.00528 -2.5588012
309.15732 -2.553864
301.4469 -2.5523264
291.36487 -2.5611696
283.15717 -2.5717642
278.50278 -2.5832295
273.50507 -2.5933409
266.5133 -2.5948412
261.09268 -2.59216
254.52951 -2.5891654
245.08441 -2.589403
236.86475 -2.5976884
230.67534 -2.6067786
224.20316 -2.620705
215.35968 -2.6291888
208.36461 -2.6280084
202.45242 -2.6216693
195.78558 -2.6197574
188.3907 -2.6325822
182.92896 -2.65308
175.35547 -2.6639977
167.30968 -2.6660068
159.2626 -2.6682189
151.91063 -2.6730313
144.51518 -2.6703372
136.93324 -2.666663
127.61019 -2.6728556
122.40216 -2.6698081
117.73715 -2.6686494
112.387276 -2.66424
106.2595 -2.6685429
97.73104 -2.6876235
89.17908 -2.7058196
79.80456 -2.7203226
72.19836 -2.718615
64.63336 -2.716481
57.309868 -2.7353892
50.106533 -2.736647
41.55492 -2.7811673
34.56916 -2.8282602
27.69522 -2.898975
19.756632 -3.0574694
14.751928 3.050659
9.765478 2.6692548
13.264307 -3.1076872
19.497826 -2.9765031
25.416372 -2.9373329
31.89225 -2.9060037
38.36996 -2.8722918
44.666508 -2.8649132
49.369953 -2.8447948
56.635674 -2.8330133
60.78784 -2.8372035
69.00378 -2.8442948
76.94633 -2.8593109
80.84051 -2.873254
84.70495 -2.8857777
92.88802 -2.8890572
101.04307 -2.8898358
105.234184 -2.8899474
112.98436 -2.905485
116.93376 -2.913603
121.57076 -2.922444
125.667465 -2.929699
130.5817 -2.9377878
135.18182 -2.9448159
140.12608 -2.9518452
144.29018 -2.9573848
153.15425 -2.9681578
161.01299 -2.9767025
165.97034 -2.9816706
170.68495 -2.9861245
174.83076 -2.98984
179.77132 -2.9940414
187.66179 -3.000288
191.63931 -3.0032399
199.54922 -3.008757
203.52718 -3.0113685
211.45624 -3.0162778
219.35515 -3.0208127
223.33852 -3.022977
231.2808 -3.0270689
235.27348 -3.0290205
241.40758 -3.0318928
248.35007 -3.0349712
255.04633 -3.0377808
259.09613 -3.0394092
263.99792 -3.041313
268.98724 -3.043179
275.89175 -3.0456495
279.94394 -3.0470426
286.1352 -3.0490942
292.09982 -3.0509882
298.82593 -3.053033
304.68948 -3.058033
311.55075 -3.0655706
315.4726 -3.0697126
323.29517 -3.0776286
331.1178 -3.085887
335.0374 -3.091827
340.05057 -3.1072803
342.88742 -3.1220686
346.84048 -3.1338537
350.8317 3.1378396
356.83932 3.1288514
361.09933 3.1248505
369.75232 3.111597
374.12045 3.0955288
375.7462 3.079893
374.2465 3.0685446
370.72623 3.0521572
365.47662 3.0387492
361.72195 3.0299232
355.49142 3.0245364
350.65204 3.020043
346.1633 3.0100205
341.3306 3.003418
336.63663 3.0006208
331.8725 2.9948902
326.09918 2.9891744
321.59488 2.9782445
317.89948 2.9696014
313.07574 2.9580007
306.58276 2.9474254
300.98273 2.9391963
294.06738 2.9308949
286.8624 2.9155488
281.85864 2.91071
278.30664 2.900729
273.95743 2.8926508
268.73978 2.8809612
264.46484 2.8647656
260.82626 2.8563576
256.9276 2.851497
252.94043 2.8385205
254.77737 2.821627
258.59805 2.8062646
264.65918 2.7940893
269.47647 2.7814095
273.52548 2.7710857
276.20447 2.7584665
277.76862 2.7447286
284.42355 2.7396939
290.72028 2.7406604
297.8378 2.7338953
305.6651 2.7271347
310.97153 2.7205017
316.00632 2.7108505
322.7584 2.7024565
326.51678 2.690919
332.9083 2.684244
338.17307 2.6756437
345.15665 2.6662219
349.72287 2.6594346
354.41025 2.6480198
357.7911 2.636471
361.1359 2.6255445
364.13406 2.611212
364.9755 2.596642
366.4252 2.5798314
366.89575 2.56583
368.69327 2.5514147
369.0286 2.5356247
367.33685 2.5162263
364.9429 2.5008035
360.92194 2.4917514
355.09595 2.4863405
349.2955 2.4825928
344.43475 2.4771554
338.99167 2.4770117
331.345 2.475524
321.93213 2.4728549
314.32587 2.4626157
308.25467 2.4550295
300.5881 2.4504528
293.14923 2.442696
287.18723 2.43065
280.72388 2.4192648
273.30865 2.414792
266.20905 2.414238
258.06345 2.4133377
247.52261 2.4129252
236.90866 2.4124937
228.90868 2.4058278
220.05197 2.3975432
209.21046 2.3911507
202.91095 2.3878605
196.49834 2.385268
191.26285 2.382395
185.07213 2.3786724
179.51868 2.372333
173.09973 2.3606503
168.04128 2.3490899
162.44073 2.33147
156.11879 2.31678
149.97055 2.3095696
144.93294 2.3020775
138.55391 2.3047
131.62358 2.3030922
124.607025 2.3001728
118.28535 2.2911725
112.740105 2.2753932
108.33999 2.2589705
97.26015 2.2464354
85.26163 2.239292
73.226135 2.2297363
62.828564 2.1973302
55.19594 2.1596203
47.349068 2.0987692
38.72572 2.0740626
30.499329 2.073116
25.831 2.1199605
20.600086 2.0223303
20.600086 2.0223303
