Mouse
17
332.70062 1.168378
331.70007 1.183429
329.8438 1.197465
327.70312 1.2145139
325.99283 1.2288889
324.67358 1.2404962
323.3984 1.2521964
321.86722 1.2669495
320.4068 1.2818404
318.32825 1.2929902
316.73532 1.3112082
314.5187 1.3257573
313.57233 1.3381327
312.45737 1.3537045
311.6203 1.3662395
310.6432 1.3820003
309.74374 1.3978565
309.08057 1.4106054
308.4678 1.4234071
307.77325 1.4394773
307.15854 1.4556161
306.72458 1.4685711
306.34225 1.4815606
306.01172 1.4945803
305.67166 1.510891
305.45828 1.523963
304.29773 1.5369401
302.18906 1.5499456
301.13214 1.5631571
300.12817 1.5764592
299.17764 1.5898483
299.28058 1.6032116
298.48553 1.6200634
296.71317 1.6338606
294.00098 1.6480825
291.34933 1.6625662
288.86795 1.680755
284.63107 1.7036374
284.19922 1.7180545
282.8397 1.7330819
280.7393 1.7523857
280.5083 1.7670555
279.57184 1.7859927
278.50586 1.8015579
277.50784 1.8172389
275.87473 1.8374697
275.99496 1.8524058
275.51538 1.8718574
275.15482 1.9028622
276.5786 1.9279702
276.50537 1.9474419
273.9223 1.9629978
271.80518 1.9822229
269.3738 1.9983697
267.01398 2.0148063
266.06827 2.0332267
264.793 2.0568676
263.28595 2.0858927
261.8322 2.1067145
260.1766 2.1330543
258.98355 2.1543567
257.34158 2.1726506
256.36945 2.194347
256.12167 2.2193172
255.41127 2.2412598
255.59494 2.260816
255.87619 2.2803369
256.25473 2.2998075
256.6817 2.3247192
257.26736 2.3495326
257.29187 2.37152
258.122 2.390653
258.46222 2.4179983
258.3549 2.4482212
257.53098 2.4706004
258.0424 2.5063114
257.80225 2.5342553
257.47806 2.556853
257.82004 2.576214
257.40433 2.5934992
256.2038 2.608859
255.06432 2.62436
253.98665 2.6399963
253.39255 2.6610944
253.80849 2.684029
254.35745 2.7068768
255.44064 2.7260268
257.53937 2.7465081
260.11227 2.7630727
260.5306 2.7801769
261.96643 2.7985098
262.54184 2.815421
264.1447 2.833406
267.46625 2.8568919
270.49225 2.8716903
273.3252 2.889698
276.01453 2.910855
279.8031 2.9323394
282.54895 2.9560544
284.79486 2.9718025
288.7882 2.995208
291.94305 3.0175405
296.94095 3.0501225
298.44803 3.0707562
302.02997 3.094814
303.86826 3.1082716
304.7611 3.121499
304.70166 3.1379058
304.72424 -3.1288705
304.82886 -3.1124685
305.0154 -3.096082
305.28375 -3.07972
305.55716 -3.066654
305.97214 -3.0503576
306.80444 -3.024388
309.4116 -3.0090945
311.71576 -2.980895
314.69992 -2.963091
316.41656 -2.951211
319.5634 -2.933958
321.82864 -2.9163547
325.404 -2.8967578
326.39664 -2.884868
328.3994 -2.87386
329.48016 -2.8621519
330.6058 -2.8505218
331.77585 -2.8389723
332.0389 -2.826575
331.40616 -2.813229
331.16916 -2.7969894
330.43964 -2.776831
330.3987 -2.760533
330.05988 -2.7470295
329.78134 -2.7335005
330.38684 -2.7144277
330.25394 -2.7008948
331.08047 -2.6886787
331.9669 -2.6697896
333.38474 -2.6550667
333.517 -2.6416607
334.69586 -2.6230624
336.34012 -2.6086767
337.53415 -2.596964
338.4557 -2.581266
341.10333 -2.558281
342.79324 -2.5404575
346.3397 -2.5157585
347.8934 -2.5047557
349.29755 -2.489842
350.16138 -2.4772952
351.08005 -2.4648123
351.28195 -2.450586
350.14523 -2.4367025
348.4187 -2.4248912
345.92117 -2.4069576
344.99872 -2.3927324
344.11792 -2.3743253
342.6545 -2.3496382
341.29462 -2.33718
341.50226 -2.3164763
341.02853 -2.3018909
341.3823 -2.2853441
340.54733 -2.2643368
339.70685 -2.2473722
339.57828 -2.2326555
337.92984 -2.2214992
337.93082 -2.2067032
337.19305 -2.1936362
337.33337 -2.1788168
337.54773 -2.1640127
337.29028 -2.1467483
336.81842 -2.133554
336.40533 -2.120325
335.89645 -2.1004262
335.63123 -2.0871303
335.82227 -2.0697713
334.81003 -2.0578513
334.2802 -2.0418322
334.29797 -2.021765
334.38458 -2.0083914
333.6198 -1.9962609
332.50406 -1.9813223
332.386 -1.9651273
331.9873 -1.9461257
331.4766 -1.9337924
331.6146 -1.9175549
330.89426 -1.9023161
330.25104 -1.8870143
329.98322 -1.8745508
330.15756 -1.8553965
328.78873 -1.8408004
328.9297 -1.8186667
328.034 -1.794274
328.1486 -1.7817117
327.33453 -1.7697624
326.38306 -1.7547445
325.5056 -1.7396424
325.84515 -1.7270252
324.96564 -1.7087855
324.43964 -1.6965735
323.7417 -1.6781856
323.244 -1.6628059
322.74802 -1.6442931
322.47897 -1.6319224
319.21533 -1.6168617
318.02466 -1.6013005
317.9278 -1.5887246
316.8813 -1.5761598
314.90607 -1.5571398
313.98645 -1.5443577
312.1602 -1.5281757
311.35773 -1.5152032
307.6859 -1.4982549
306.0966 -1.4814888
303.81912 -1.4576576
301.32077 -1.443343
299.87515 -1.4292642
298.64627 -1.4117439
296.52545 -1.3934913
294.90048 -1.3683296
293.77747 -1.3536226
291.7453 -1.3380177
290.75458 -1.3230442
287.1976 -1.3018953
286.36578 -1.2865729
283.6913 -1.2690842
282.05478 -1.2523817
279.22513 -1.2376926
276.457 -1.222706
273.7522 -1.2074196
271.48416 -1.1884099
268.92645 -1.1725094
268.67142 -1.1558988
266.19275 -1.131135
264.77454 -1.1076146
263.9738 -1.0805064
262.87476 -1.0565592
263.13882 -1.0395848
261.77362 -1.0186679
261.9068 -0.9964042
260.78067 -0.97519165
260.58914 -0.9560252
260.49347 -0.9368376
260.31107 -0.9122576
259.02826 -0.89364654
259.24463 -0.8743695
258.80334 -0.85259646
259.1605 -0.8279101
260.39566 -0.8059731
259.63376 -0.7869677
260.38016 -0.7679526
261.22015 -0.749053
260.7408 -0.72998244
260.46573 -0.70543414
260.20413 -0.6862541
259.42093 -0.66401404
258.568 -0.6470635
257.429 -0.62143934
256.76425 -0.60423756
256.4584 -0.5815455
256.08212 -0.55011845
255.7347 -0.53269553
256.33575 -0.5133083
256.09042 -0.4871429
256.9165 -0.46791756
256.93634 -0.45051122
258.85068 -0.42987004
261.39606 -0.40450788
263.17776 -0.38105866
264.51907 -0.36280262
266.55386 -0.33993804
268.10837 -0.31034443
269.78488 -0.2928293
272.93472 -0.26649067
273.8459 -0.2504755
276.54327 -0.2293726
278.17706 -0.20591433
280.33243 -0.18975821
283.0431 -0.16280204
284.4004 -0.14778295
286.55518 -0.12552942
288.95486 -0.107060924
290.45538 -0.08920841
292.12073 -0.07495945
292.84656 -0.0610826
294.50134 -0.036941033
296.34055 -0.016457178
298.3017 -0.0029390051
300.34412 0.017058898
301.4385 0.030270467
303.67722 0.049821153
304.96506 0.06603354
306.41602 0.08535794
308.87247 0.10093551
310.4095 0.11663731
312.02225 0.1321806
313.85815 0.1507119
315.63394 0.16589835
317.4817 0.18091148
318.4193 0.1963584
319.22382 0.20864831
320.5204 0.2269629
321.68237 0.24210815
322.66473 0.25414366
323.69357 0.26610437
324.36307 0.28476292
325.50943 0.29655674
326.0537 0.31211913
326.99985 0.33052135
327.3779 0.34306997
327.80737 0.35558766
328.08224 0.37485516
328.64166 0.38729572
329.64218 0.4024866
330.31403 0.41481477
330.12595 0.42834577
329.52475 0.44593072
329.47586 0.4595025
329.48767 0.47307578
329.2149 0.49754158
327.40735 0.5250793
327.36984 0.54288965
327.96902 0.56328064
328.44403 0.5768297
328.14883 0.5920334
328.50125 0.6097608
329.18213 0.6232021
328.91443 0.6426449
329.56052 0.66024655
329.68213 0.67541116
330.651 0.68863463
330.9143 0.7037295
331.82428 0.7253175
332.2703 0.7403157
332.7908 0.75527036
333.38553 0.770175
334.0565 0.7892567
335.51382 0.8018859
336.38574 0.8207684
337.37692 0.8395467
337.18216 0.8626966
336.89636 0.87750757
336.68454 0.89234036
335.3187 0.9118873
334.47974 0.925004
333.1084 0.9406055
331.81876 0.95633215
330.61182 0.9721775
329.20663 0.98392713
328.9875 1.0016329
328.0202 1.0177594
327.65125 1.0313544
327.343 1.0449775
326.60666 1.0612928
326.78387 1.0859656
327.15964 1.103762
327.6785 1.1283352
327.80377 1.1419754
328.50424 1.1596159
329.30652 1.1771759
329.6496 1.1907094
329.6496 1.1907094
