Mouse
43
2.6975033 1.3323097
6.7599416 1.7737812
11.140785 1.877421
15.258174 1.8607726
19.377993 1.8512014
23.248137 1.8035676
27.15594 1.7695832
31.087204 1.7441707
35.20098 1.7525506
39.141773 1.7340777
43.093475 1.7189884
48.044346 1.7036217
52.01181 1.6934365
57.971394 1.6807748
62.850365 1.656226
66.83665 1.6511195
70.82448 1.646588
75.81107 1.6415939
79.80155 1.6380483
84.79092 1.6340854
88.72848 1.6199859
92.68218 1.607087
97.64974 1.594995
102.6302 1.5840751
108.621765 1.574136
113.62294 1.5651879
118.62287 1.5654243
122.62281 1.5655996
126.62276 1.5657637
130.62271 1.5659178
135.62265 1.5660977
139.6226 1.5662323
144.62256 1.5663902
151.6225 1.5665935
156.62245 1.5667276
160.62242 1.566829
165.62238 1.5669488
170.62901 1.5612009
174.62883 1.5614207
179.64052 1.5561152
183.65717 1.5509906
187.67845 1.5460854
192.70363 1.5415387
198.73203 1.5373921
202.72984 1.5380511
208.7609 1.5342045
212.79651 1.530196
219.8325 1.5269433
225.87178 1.5236847
229.86742 1.5245043
235.90836 1.5214468
239.95415 1.5181067
245.00098 1.5151056
248.99489 1.5159998
254.10277 1.5092183
259.15573 1.5065544
263.1476 1.5075302
268.20172 1.5049877
275.32236 1.4994112
280.38168 1.4971256
286.5168 1.4917055
291.5808 1.4896414
296.64603 1.4876479
301.71234 1.4857213
306.9599 1.4773674
311.13324 1.4721667
316.41418 1.4642874
320.72064 1.4563123
325.04694 1.4485489
329.39233 1.44099
333.89426 1.4306614
338.43088 1.4206088
341.02643 1.4098887
345.63144 1.4003193
350.44748 1.3881948
355.12183 1.3791635
358.84442 1.3698128
362.59778 1.360655
367.3571 1.3522772
371.16714 1.3435086
373.06085 1.3336662
374.02072 1.3232707
375.02078 1.3129295
376.06076 1.3026444
376.73477 1.2865833
376.919 1.2756525
373.98633 1.2648665
369.5279 1.2582107
366.03574 1.2522506
362.55685 1.2461758
359.41766 1.2373521
355.9724 1.2310197
352.28677 1.2182603
347.94974 1.2106013
344.56686 1.2037938
339.90457 1.1985155
333.39377 1.1908783
328.75552 1.1852381
323.74792 1.182292
319.12616 1.1763569
314.1274 1.1731791
310.05286 1.1711572
306.372 1.1660773
301.78238 1.1595533
296.80148 1.1559074
291.82465 1.152137
287.76447 1.149661
281.88412 1.1441971
277.33994 1.1367373
269.7275 1.135914
264.35046 1.1348068
258.49457 1.1285111
254.45273 1.1253346
249.51294 1.120317
244.14124 1.1187748
239.21007 1.1134056
234.73802 1.1135248
229.3691 1.1117243
225.34183 1.1078368
219.52882 1.1098922
214.1615 1.1078728
208.34853 1.1100395
202.08688 1.1057031
194.9381 1.0987675
189.57611 1.0961714
182.90744 1.083544
179.38272 1.0731037
174.03563 1.0694858
169.17717 1.060466
163.8388 1.0562109
156.16122 1.0651724
148.97575 1.0691555
143.63153 1.0646249
138.7823 1.0534593
133.95164 1.0414867
129.66045 1.022014
125.73221 1.0122038
122.35857 0.9948771
119.023735 0.97657365
115.15818 0.9643217
109.91654 0.9533445
103.29263 0.9433951
95.281555 0.93425286
89.47927 0.9279985
83.88368 0.9375826
76.90182 0.95152235
70.50943 0.95655686
64.695786 0.94990957
57.489075 0.94578546
51.09486 0.95201504
45.284103 0.94193506
40.284702 0.943752
35.285477 0.94608384
30.879553 0.9228563
25.090076 0.89791393
18.898958 0.97297114
13.906048 0.9893892
7.5544004 1.0684667
3.090453 1.0124755
1.9386642 -2.3503397
2.6974962 1.3323207
9.479457 0.93393356
15.031937 0.78464305
19.327219 0.7115717
24.318018 0.6975861
30.719818 0.6928248
35.71459 0.68592227
41.49254 0.6655454
47.283504 0.65015465
52.283405 0.6495184
60.88257 0.6453834
65.28606 0.6330025
71.90718 0.61727816
76.32971 0.60831225
80.757706 0.600329
86.85585 0.58030385
91.29907 0.57460254
97.12682 0.5725508
102.11486 0.5760219
109.62706 0.5641912
115.45645 0.5629908
120.75615 0.5548978
126.063095 0.54748577
131.37642 0.54067296
138.57986 0.54313487
143.8966 0.53707546
149.72752 0.53720564
154.18791 0.53507406
158.64897 0.53306234
163.97363 0.5280716
168.43674 0.52636224
175.13226 0.5239616
181.8287 0.5217378
188.03142 0.5150558
194.73106 0.51328564
199.19781 0.5121717
204.53758 0.50871515
209.87968 0.5054345
213.86636 0.50046974
218.33554 0.49971572
223.6834 0.49685255
227.67873 0.49233934
232.56229 0.48596588
236.56828 0.48180628
240.57825 0.4777853
245.92183 0.46656653
251.73683 0.45939302
257.5642 0.4525438
264.782 0.4393324
268.82867 0.43637028
275.603 0.4289237
279.65756 0.426227
285.13156 0.41752693
290.6263 0.40915525
294.30045 0.40374804
300.75018 0.39460385
305.37198 0.38830915
309.07788 0.38340908
312.79105 0.37862524
317.4423 0.372803
320.8122 0.36535862
326.42322 0.35879132
330.17148 0.35453725
333.58368 0.34756315
338.28897 0.34252885
342.67267 0.3348793
346.1292 0.3283526
349.91788 0.3246662
353.3969 0.3183737
358.14905 0.3140037
361.9556 0.31059036
365.46506 0.30464
369.65063 0.29542127
374.26764 0.28052875
378.26566 0.26924798
378.18805 0.2583487
378.15543 0.24744625
377.19565 0.23716451
373.12802 0.22602816
369.32196 0.2172933
364.5664 0.2089447
360.81693 0.19982438
356.3075 0.19380057
351.6262 0.18482853
346.16595 0.17896423
340.71802 0.17291217
334.13196 0.16420878
329.7034 0.1572153
325.44238 0.15306997
321.18713 0.14881474
314.67532 0.1390706
309.3161 0.13170615
303.97427 0.12408243
297.54285 0.113237865
292.35233 0.10837313
288.2682 0.10642533
284.18515 0.10442155
280.1033 0.10235936
275.02774 0.100600034
268.86078 0.095440075
263.88397 0.0972457
259.8065 0.09490971
255.73045 0.09249924
249.75671 0.09471822
245.68085 0.09220597
239.61467 0.09035592
234.54546 0.08803331
227.48497 0.086359836
223.41457 0.08344479
218.43237 0.08535266
212.28888 0.0783752
208.22398 0.07509147
200.1719 0.0731081
195.04597 0.06475385
188.99483 0.061528087
184.88771 0.05206134
180.84282 0.047690164
176.80154 0.043119065
170.69977 0.027075136
166.67654 0.02172735
160.6586 0.016315786
156.65913 0.01673236
152.65971 0.017170763
148.66032 0.017632753
141.64648 0.011445326
136.63863 0.004545984
128.63776 -0.0029450587
123.63779 -0.0030641588
115.637825 -0.0032761416
109.63786 -0.00345543
101.63792 -0.0037274093
97.63795 -0.0038801122
93.63798 -0.0040458613
89.63801 -0.004226403
85.63805 -0.00442381
81.638084 -0.0046405615
75.64977 -0.018227702
70.650665 -0.01951762
63.65214 -0.021663891
59.653145 -0.023116434
55.688038 -0.042730346
51.691975 -0.046035886
47.696568 -0.04989526
41.705105 -0.05707064
36.714355 -0.06483875
30.729422 -0.07749015
24.67576 -0.055907648
15.697881 -0.08794973
11.643373 -0.032543156
7.6465974 -0.049564578
2.6642792 -0.14267784
2.4430766 2.8845193
1.7510797 0.36262178
6.7789183 -0.20483127
11.877857 -0.20163924
16.976845 -0.20036465
20.91198 -0.16228603
25.217533 -0.21494925
30.541962 -0.24401124
36.158768 -0.2911305
40.27793 -0.2864078
45.64208 -0.29749402
50.05809 -0.31227034
54.483257 -0.32464874
59.251972 -0.35110468
64.98801 -0.3679902
71.50945 -0.40808734
77.7046 -0.42980275
82.59767 -0.44264096
88.84131 -0.45922023
94.654236 -0.46421686
99.126366 -0.46419117
104.49365 -0.45988342
109.413414 -0.46822745
117.465935 -0.47172076
122.85917 -0.48592833
127.39791 -0.50269455
132.8396 -0.51457375
139.1645 -0.52191186
145.49626 -0.5286116
150.46439 -0.532421
156.29517 -0.53271943
163.49574 -0.5351565
171.21124 -0.5424054
178.93498 -0.5490289
183.91328 -0.5515935
188.89275 -0.55402285
194.40317 -0.5606957
199.38647 -0.56276983
205.75075 -0.56624717
214.88098 -0.5723354
220.70905 -0.5714924
226.24016 -0.57680017
231.22928 -0.5782414
237.05617 -0.5773113
242.5938 -0.5821286
248.97018 -0.58450705
255.34793 -0.58676666
261.45447 -0.5942212
267.5749 -0.601335
272.88815 -0.610224
278.22214 -0.61877286
282.17926 -0.62620896
285.34616 -0.63551337
291.53787 -0.6411712
296.14465 -0.65066236
301.56802 -0.6578292
307.00635 -0.6647425
313.24237 -0.6694288
318.70422 -0.67589027
323.40335 -0.6840831
327.48633 -0.6896897
331.45493 -0.69940734
335.45404 -0.7088942
339.4827 -0.7181567
344.2874 -0.72527033
347.6969 -0.73197144
351.86176 -0.7366289
358.123 -0.7434116
362.98682 -0.7498229
367.13824 -0.75793314
372.0071 -0.7677991
375.49713 -0.77737904
378.31354 -0.78491527
379.05057 -0.7979748
377.7502 -0.8129964
373.70987 -0.82844156
370.34805 -0.8383902
364.39157 -0.8567563
360.49075 -0.86933494
356.5143 -0.8782384
352.42566 -0.88334996
349.12317 -0.89038736
344.27695 -0.89393663
340.2176 -0.89941984
336.9557 -0.9068684
333.71286 -0.9144621
327.6879 -0.92338157
324.48807 -0.9313556
320.50256 -0.93764645
315.72064 -0.9422379
309.91275 -0.94058174
305.94656 -0.94729203
300.94757 -0.9476242
293.15787 -0.94952923
287.57852 -0.95274335
282.58017 -0.95319355
276.4293 -0.9595606
271.6814 -0.96528095
265.55295 -0.97218853
259.9966 -0.976229
253.88942 -0.983718
249.1816 -0.9904138
242.26288 -0.9963559
235.35324 -1.0026472
228.98747 -1.0056221
222.62384 -1.0087671
216.7943 -1.008186
211.81102 -1.0100935
206.82857 -1.0120927
201.84698 -1.0141908
194.1141 -1.0197309
186.38768 -1.0257307
180.04022 -1.0303297
171.82051 -1.0423052
164.12303 -1.0501802
156.43674 -1.0588297
151.48134 -1.0631589
145.65364 -1.0644709
138.95186 -1.0624112
133.12402 -1.063814
127.29648 -1.0653454
119.23502 -1.0662714
113.40803 -1.0681165
107.987274 -1.0827307
100.81472 -1.0898671
95.884056 -1.0983075
89.17614 -1.0976424
84.704216 -1.0971406
77.996376 -1.0962797
72.17911 -1.1015998
65.92371 -1.1214253
61.452072 -1.1224642
56.980503 -1.1236662
52.947826 -1.1080308
47.58293 -1.0987315
43.11097 -1.0978583
38.63905 -1.096783
31.045918 -1.0798398
25.700422 -1.0567415
19.003746 -1.0389547
14.045937 -1.0786306
9.134239 -1.1612482
3.7546027 -1.1195879
2.117864 2.269826
6.5502486 2.1099198
2.4430766 2.8845193
3.6433227 -1.954171
7.406307 -1.4846541
13.636289 -1.3761737
17.986883 -1.310041
23.077929 -1.3240312
28.708927 -1.2652079
32.825413 -1.2728163
36.66795 -1.3048487
40.79024 -1.3069681
44.664017 -1.3303249
48.558266 -1.3499447
52.468426 -1.3666458
56.391193 -1.381027
60.3241 -1.3935353
65.25172 -1.4070475
70.04499 -1.4327725
74.87866 -1.4551896
79.847374 -1.4624128
84.63948 -1.4922984
90.554474 -1.5085039
94.54705 -1.5111376
99.48698 -1.5241683
103.44281 -1.5356276
109.41063 -1.5466902
114.390564 -1.5564834
118.39017 -1.556967
123.38971 -1.5575273
127.389366 -1.5579439
133.38037 -1.5660189
138.38031 -1.5661916
144.38025 -1.5663829
150.37927 -1.5732088
154.37927 -1.5731463
159.38467 -1.5793468
163.39592 -1.5852574
168.41243 -1.5907652
173.43373 -1.5959544
179.45898 -1.6006839
183.45724 -1.6000323
187.48685 -1.6047401
193.51897 -1.6088524
197.51613 -1.6080819
201.5134 -1.607342
205.54904 -1.6114928
209.54579 -1.6107161
214.5832 -1.6144426
219.62346 -1.6179982
224.61801 -1.6169479
228.66135 -1.6205095
233.65529 -1.619446
237.75465 -1.6270301
241.80579 -1.6302294
245.92381 -1.6373816
249.98254 -1.6403083
254.04337 -1.6431415
258.03305 -1.6420211
263.09232 -1.6444598
267.23407 -1.650822
271.30206 -1.6533176
275.45834 -1.6593566
279.62436 -1.6652158
283.79968 -1.670903
287.98392 -1.6764249
292.06763 -1.6783857
296.15244 -1.6802925
300.23825 -1.6821474
304.3251 -1.6839525
308.4129 -1.6857096
312.50165 -1.6874208
316.47482 -1.6859502
320.68176 -1.6907123
324.89584 -1.6953511
328.98947 -1.6968567
333.3441 -1.7042764
337.5778 -1.7085713
341.96048 -1.7156547
347.1991 -1.719276
351.45367 -1.7232203
355.04346 -1.7330731
358.83948 -1.7454735
361.8945 -1.7608408
364.83118 -1.7732638
369.3589 -1.7790424
372.15912 -1.7884474
375.9662 -1.7971126
378.82846 -1.8062177
380.75146 -1.815821
381.7415 -1.8259865
382.77078 -1.8360984
384.1121 -1.8486603
383.31122 -1.860127
379.69672 -1.8739814
376.48907 -1.8822234
372.99423 -1.8880615
369.8312 -1.8965738
366.3684 -1.9026539
363.2523 -1.911447
359.8235 -1.9177806
356.7567 -1.9268656
353.3639 -1.933464
349.0544 -1.9412245
345.32877 -1.9454178
341.6093 -1.9497025
337.89627 -1.9540814
333.2643 -1.9596921
328.25995 -1.9626486
324.5667 -1.9673553
320.4915 -1.9692979
315.88922 -1.9754399
312.21625 -1.9804838
306.72208 -1.9882756
302.1583 -1.9949851
298.51736 -2.0005002
294.8857 -2.0061512
290.83813 -2.008834
287.22083 -2.014741
283.61377 -2.0207987
279.57828 -2.023801
275.98727 -2.0301445
271.95996 -2.0333695
267.93555 -2.0366917
262.13202 -2.0435658
258.57718 -2.0506098
252.33344 -2.0545552
247.91808 -2.0639355
242.5678 -2.0664308
238.18132 -2.0764148
233.32773 -2.0830445
227.99033 -2.0861473
223.03224 -2.0832822
217.69507 -2.0865376
213.22911 -2.0876296
207.39984 -2.0869665
199.33762 -2.086846
194.87177 -2.0880482
189.53828 -2.0919213
182.84157 -2.094029
176.64949 -2.101194
172.18756 -2.1029263
166.86617 -2.1078007
162.06729 -2.1182816
156.75957 -2.1239913
150.92911 -2.124485
145.0987 -2.1250181
137.36978 -2.1170552
132.9134 -2.1198316
125.70809 -2.1175969
120.40051 -2.1250005
114.570145 -2.1257021
109.80803 -2.1419528
104.52542 -2.1517158
100.085365 -2.1569438
95.64831 -2.1626573
90.65534 -2.1598103
82.05765 -2.1565363
76.23315 -2.1600015
71.79839 -2.1678019
65.15586 -2.1814916
60.73552 -2.1922803
56.127434 -2.2296717
51.747524 -2.2464375
47.38485 -2.266297
40.88521 -2.3040073
36.59396 -2.3365588
30.937876 -2.3786838
26.018148 -2.4101377
20.371807 -2.4251099
15.517814 -2.492585
9.943286 -2.5700161
5.5372314 -2.8899198
2.9542067 2.050263
5.398639 3.026291
11.854538 -2.8525543
16.634478 -2.7480366
21.514685 -2.6905208
26.439693 -2.654347
31.388424 -2.6295547
36.86688 -2.588119
42.13232 -2.5245483
47.130756 -2.5217419
51.91836 -2.4925935
56.742615 -2.4683838
62.367123 -2.458229
69.40515 -2.4478514
76.44928 -2.4393857
84.25933 -2.440078
92.06941 -2.4406528
96.42197 -2.4515557
102.19147 -2.460061
106.562256 -2.4691331
110.941124 -2.4774895
116.729744 -2.483652
121.12082 -2.490781
126.31863 -2.502165
131.53151 -2.5126479
135.3632 -2.5240583
140.03423 -2.538911
143.9036 -2.548943
147.2384 -2.564118
152.83081 -2.5800683
156.23111 -2.5937018
159.65921 -2.6067522
163.61455 -2.613955
168.44617 -2.6237712
173.29309 -2.633039
179.03241 -2.6444788
185.26326 -2.6504347
188.79984 -2.6604273
192.81088 -2.6654313
198.17209 -2.6680267
203.08266 -2.674873
209.34286 -2.6792374
215.16632 -2.6875165
220.53728 -2.6893113
225.00912 -2.6890855
230.38068 -2.690767
235.75284 -2.6923718
239.7917 -2.6958594
243.83339 -2.6992314
249.20847 -2.700567
253.25386 -2.7037385
257.7909 -2.7119622
264.07956 -2.7145407
268.13556 -2.7173252
273.10632 -2.7215247
278.99673 -2.7270226
283.06152 -2.729481
288.0455 -2.7332528
291.72095 -2.7386975
295.7935 -2.7408895
299.48068 -2.7460995
304.10083 -2.752434
308.7328 -2.7585788
312.44653 -2.7633631
317.46375 -2.7662518
321.1886 -2.7708173
325.85388 -2.7763772
330.17816 -2.7846146
333.58472 -2.7916136
337.94916 -2.7994664
342.33392 -2.8071182
345.79135 -2.8136473
349.58054 -2.8173327
352.7491 -2.8263202
356.24863 -2.8324704
362.33087 -2.8436062
365.8672 -2.849429
370.37503 -2.8559027
373.66168 -2.8640552
378.20355 -2.8702202
380.0501 -2.8824763
381.95316 -2.894612
380.76163 -2.9073455
379.85312 -2.9175885
377.79608 -2.9299047
375.01654 -2.9392123
371.09763 -2.9507864
366.4253 -2.9594343
362.76617 -2.9687803
357.33093 -2.974645
351.90836 -2.9806902
345.51102 -2.9864788
341.40475 -2.9875627
336.01086 -2.9941022
330.77356 -2.9978616
325.5411 -3.001742
321.17105 -3.0092554
317.0744 -3.0107172
312.851 -3.0153868
308.51514 -3.0234015
304.31097 -3.028378
299.12042 -3.033133
292.8402 -3.0410995
288.76068 -3.0431554
282.69174 -3.0445898
278.61435 -3.0467718
272.6419 -3.0446882
268.5646 -3.0469532
264.48874 -3.049288
260.41434 -3.0516958
254.34921 -3.0534937
250.36497 -3.052088
244.30003 -3.0539696
239.23236 -3.0563047
235.24715 -3.0548563
231.09479 -3.0619788
225.03487 -3.0642881
219.90121 -3.0716
214.77989 -3.079261
210.7267 -3.082815
206.67627 -3.086508
202.62878 -3.090349
195.54239 -3.0987298
190.5471 -3.0976055
185.5096 -3.1018057
179.51451 -3.1004763
174.47943 -3.1050248
169.48288 -3.1039462
165.48578 -3.1030366
161.45242 -3.1082706
153.4253 -3.1130478
147.40154 -3.1186676
139.3831 -3.1245244
133.36992 -3.1312535
124.36337 -3.138546
120.364395 3.1364324
115.37418 3.1275415
109.394196 3.1176302
105.425 3.1072383
99.47019 3.0951188
95.52831 3.0827165
90.60504 3.068451
85.702324 3.0525498
80.8239 3.0347242
76.9665 3.016261
72.99959 3.0094116
67.05659 2.9976184
61.124725 2.9835343
56.192562 2.9695284
49.125175 2.9651868
44.21148 2.9453385
39.112465 2.9454873
34.01345 2.9456809
29.89599 2.9524453
22.835258 2.9378188
16.758678 2.9238021
12.637594 2.9326715
6.5660553 2.892123
0.71928865 2.099457
3.65689 -0.10380064
1.6611935 1.7909636
6.355192 2.3274508
10.076359 2.5498
14.913186 2.6815617
19.3853 2.6807275
26.193722 2.7654824
30.286228 2.7832842
34.061092 2.8244796
38.83023 2.7831826
43.280174 2.7723281
48.112396 2.744181
52.97576 2.721186
58.29496 2.686542
62.766945 2.6859295
67.238945 2.6853983
72.1575 2.6724946
76.62958 2.672813
81.55808 2.6621556
86.4948 2.6527138
91.85021 2.6590555
97.264244 2.6417084
103.090675 2.6394162
109.31846 2.6497982
119.61298 2.648481
124.08325 2.6495428
129.02821 2.6436963
132.7204 2.6244123
137.82993 2.6036406
142.99467 2.584361
149.59222 2.5644593
154.29834 2.5533426
162.06648 2.5482204
167.62283 2.5417798
175.39948 2.5375593
181.21901 2.5396047
186.21483 2.5384903
192.60207 2.5361106
197.59856 2.5351489
202.5952 2.5342345
208.41347 2.5361059
215.05638 2.5405154
219.48721 2.5433068
223.91968 2.5459878
230.30333 2.5437899
237.5141 2.5440874
242.50891 2.5431395
249.71964 2.543441
256.10446 2.5415282
263.88077 2.5387301
269.4456 2.5349193
274.19534 2.5291722
280.34833 2.5227804
287.3239 2.5186996
294.30402 2.5148125
298.87042 2.5051877
303.66376 2.5004652
307.66556 2.4939337
314.67114 2.4908483
320.88635 2.4860022
327.1088 2.4813404
332.55157 2.4749978
338.0073 2.4688597
343.47534 2.4629166
347.4079 2.4535205
351.49774 2.4483433
355.5968 2.4432852
360.3523 2.436226
364.3689 2.4275572
367.7518 2.421118
371.8149 2.4127865
374.49072 2.4048188
378.603 2.396812
382.739 2.388978
385.48428 2.381404
388.25134 2.3739376
390.32596 2.3647845
387.48346 2.357548
384.6616 2.350205
382.57794 2.3409302
379.80386 2.3333704
377.05182 2.3256996
374.3223 2.3179166
369.60126 2.3040214
366.18842 2.2977326
363.54236 2.2895112
359.40738 2.2847984
354.63016 2.277836
351.27966 2.2710278
345.76877 2.265561
341.67624 2.260315
337.59335 2.2549422
332.11432 2.2489839
327.43063 2.2409248
321.81195 2.238903
316.98157 2.2348602
310.14188 2.2275743
305.32663 2.2231982
301.3154 2.2166789
296.51532 2.211996
291.722 2.207159
286.7221 2.2070346
280.53873 2.201171
275.17743 2.192919
269.59738 2.1895082
265.65646 2.1816087
260.6592 2.1809819
255.34654 2.1716664
249.22734 2.164192
243.67682 2.1597621
238.68442 2.15862
233.97568 2.1515043
228.43982 2.1464708
222.61258 2.1473942
218.76695 2.13705
213.7822 2.1352448
208.58925 2.1226861
202.2359 2.1188061
196.7422 2.1120446
189.88852 2.1030428
183.05139 2.0933678
176.23273 2.0829432
169.9172 2.0768428
163.60852 2.070272
157.78264 2.0687592
152.83722 2.0640147
148.3671 2.064906
143.8971 2.0658526
138.48647 2.0541584
132.66542 2.051652
127.73398 2.0453134
122.373634 2.0494444
117.90202 2.0500133
112.972305 2.042775
108.50033 2.0431182
104.028366 2.0434911
97.76394 2.0303476
91.518715 2.015407
85.71632 2.0088995
79.104034 1.9784706
74.25162 1.9627365
68.86683 1.9636306
64.03511 1.9442611
59.23132 1.92174
54.789867 1.9125601
48.498356 1.8499382
44.109756 1.8313367
38.539368 1.7895299
33.235836 1.7634292
28.817968 1.6877537
24.734207 1.6664696
20.666077 1.6367877
20.666077 1.6367877
