Mouse
39
126.336555 1.9110311
129.8291 1.8691235
133.10039 1.8459257
136.69363 1.8309349
140.31602 1.816715
143.96535 1.8032134
148.61577 1.7889159
152.1143 1.770388
155.84673 1.7590098
159.42496 1.7419909
164.19179 1.7308015
169.1298 1.7260914
173.08278 1.7225169
178.02695 1.718272
182.97414 1.7142566
186.93393 1.7111974
190.89539 1.7082651
194.85843 1.7054521
199.81429 1.7020926
203.78053 1.6995229
208.74014 1.696448
213.70164 1.6935158
217.5542 1.6867031
222.30415 1.6751654
227.08246 1.6641119
231.88736 1.6535151
235.6492 1.6394249
240.57259 1.6338527
244.50482 1.62874
248.34534 1.6157472
252.26083 1.6071142
256.16855 1.5948436
258.10352 1.5791636
258.11014 1.5597914
255.21495 1.5400707
251.32838 1.5276505
247.4818 1.5148422
243.61003 1.5057267
239.68683 1.5004783
234.77332 1.494733
230.86453 1.4890974
226.96333 1.4832678
221.17546 1.4718881
216.30377 1.4650049
212.551 1.4536606
208.7004 1.4466618
204.73177 1.4442428
201.0316 1.431862
197.0709 1.429051
192.42236 1.4150902
185.6737 1.4039228
181.90285 1.3948491
176.98221 1.3899039
172.254 1.3789709
168.52704 1.3686206
164.61046 1.3637412
158.74342 1.3559709
154.08507 1.3427123
149.21884 1.3351357
145.57536 1.3220403
141.7019 1.3150905
138.09909 1.3007584
134.24828 1.2928097
130.69249 1.2770524
130.01105 1.2431431
134.51335 1.2151233
139.1144 1.1889375
145.64397 1.1698718
152.22192 1.152448
158.42406 1.1421982
164.21988 1.138236
169.11229 1.1320454
173.58307 1.131404
178.05392 1.1307949
182.95355 1.1252717
189.1948 1.1175817
194.10684 1.1127096
201.70773 1.1036315
208.4355 1.0930167
215.18527 1.0830668
221.95506 1.073723
230.97719 1.0653415
236.9106 1.0550505
245.09967 1.0458279
251.58833 1.0331588
257.0762 1.0277625
263.09375 1.019348
268.92435 1.0195872
274.42996 1.0148038
279.94156 1.0102086
286.30392 1.0076611
292.6681 1.0052245
299.8774 1.0046852
307.32474 0.9969337
314.2417 0.9922091
318.94534 0.9868526
325.04507 0.98080355
329.7675 0.97578573
333.67303 0.9692178
337.34595 0.9586757
341.28784 0.95245063
345.0188 0.942322
348.18945 0.9347175
351.37985 0.9272506
355.80484 0.91544664
358.25662 0.9065944
362.76587 0.89527
366.056 0.88845074
369.36282 0.8817533
373.3276 0.87311876
376.67148 0.8666863
380.03067 0.8603673
379.6489 0.8455084
378.61334 0.82884157
376.3562 0.81970096
374.82074 0.8085177
372.63458 0.79916376
368.3577 0.78780544
365.53336 0.78008616
362.7525 0.768349
359.9842 0.760359
357.23923 0.7522457
353.16672 0.7398406
349.7389 0.7333211
344.16754 0.72836196
340.01645 0.72349817
335.12146 0.72047853
330.22958 0.7173694
324.58606 0.7161847
316.87784 0.71226096
311.2364 0.71093285
304.94495 0.7070679
298.77792 0.69832283
294.6797 0.6922897
290.88657 0.676411
286.37943 0.66225815
283.1426 0.65328896
280.72937 0.6419741
277.54556 0.6325885
274.61902 0.617904
272.32123 0.60593116
270.06314 0.5937563
267.0106 0.5834348
264.82806 0.570829
261.31067 0.55679566
258.70316 0.54038703
256.16672 0.5236489
254.19014 0.5100209
253.14137 0.49430126
256.62732 0.4781967
259.28348 0.46424872
262.42612 0.45401648
265.59555 0.4440274
269.21313 0.4376446
272.9226 0.42324245
276.17075 0.4139921
281.2813 0.40215626
286.05048 0.38751194
291.24524 0.37654787
298.34216 0.36357033
301.73428 0.35575846
306.08463 0.34700623
310.45773 0.33849993
315.79883 0.32920372
319.2686 0.32218933
325.60715 0.3124687
331.97528 0.30312017
339.99902 0.2896041
344.51352 0.28267768
349.0441 0.27593076
353.32535 0.26662886
356.9262 0.26097333
360.5383 0.25543097
369.00787 0.24664645
373.6188 0.24078348
377.50464 0.23825675
380.7032 0.22811931
382.53497 0.21361318
382.48627 0.20028329
383.48813 0.1864677
382.76678 0.17619845
382.0859 0.16589151
380.4579 0.15595607
376.88913 0.1467079
372.2267 0.13499016
367.61676 0.12297684
363.17294 0.1133969
358.86807 0.10635214
354.68182 0.101942286
348.51218 0.09798539
343.25174 0.09071234
337.09836 0.0864161
331.94806 0.08171356
327.88046 0.0796696
322.74112 0.074725285
318.67838 0.072533146
311.6247 0.07096047
306.63748 0.072116576
301.6507 0.073310904
294.59665 0.07166595
289.53857 0.069457576
285.4146 0.06343973
280.24725 0.05388738
275.1064 0.043977093
269.96182 0.029988298
264.88947 0.019233672
259.8589 0.0119086
255.8428 0.004277962
251.84209 -0.0035955848
247.84778 -0.0076883333
242.85783 -0.011964147
238.87239 -0.016350536
233.91501 -0.025249107
229.9163 -0.025688335
224.94647 -0.030703316
217.98386 -0.03627448
213.02669 -0.04181689
209.07524 -0.04739551
204.13196 -0.053449303
197.20016 -0.06040949
192.27406 -0.06717093
188.35445 -0.073893555
184.44373 -0.080901586
179.54636 -0.08870353
175.56244 -0.09072189
171.57927 -0.09283398
165.60605 -0.09619258
159.63481 -0.099802494
152.67125 -0.10437088
148.8039 -0.113855205
144.95062 -0.12384473
141.25008 -0.14139462
136.77211 -0.16826503
132.20752 -0.1895144
128.47925 -0.20302379
129.34512 -0.23331828
135.64612 -0.23743612
139.7691 -0.2376586
148.0151 -0.23806642
153.34764 -0.24305166
157.71443 -0.24925628
160.67497 -0.27031288
163.70416 -0.29059893
168.4049 -0.30086076
173.1224 -0.3105643
179.44032 -0.32858145
184.87187 -0.34719923
191.65562 -0.36776176
194.98329 -0.38321745
198.74582 -0.40278903
203.08911 -0.41511855
207.87807 -0.43130878
214.95477 -0.4469416
219.40111 -0.4574726
222.97859 -0.46960554
226.58784 -0.48135367
230.22742 -0.49273187
235.25467 -0.50542533
240.31825 -0.51758575
243.18466 -0.5298454
246.60396 -0.54529196
247.85497 -0.5611832
245.56258 -0.57674813
241.38678 -0.5880436
237.24286 -0.5997351
232.81287 -0.6023412
228.95477 -0.6086406
223.71246 -0.6140847
219.05946 -0.62350583
214.42676 -0.63333493
207.6161 -0.64552474
200.66437 -0.66553044
196.90773 -0.6740793
192.39137 -0.68624026
188.03215 -0.6914908
183.03807 -0.69280124
177.92107 -0.70210075
173.47533 -0.7163143
168.40031 -0.7268524
164.7578 -0.7384504
160.45805 -0.74601346
154.80574 -0.74457467
148.4189 -0.747585
144.13127 -0.7562773
139.16417 -0.76032066
133.47969 -0.7698498
127.80841 -0.7802256
122.15217 -0.7915636
117.96159 -0.8157647
113.18145 -0.8483217
110.577194 -0.8754616
114.46123 -0.90345037
119.45986 -0.9044483
124.45861 -0.90536606
133.51247 -0.8918675
139.1386 -0.887547
143.9955 -0.8791567
148.35535 -0.8859701
153.50156 -0.89648247
158.49925 -0.8974544
162.87608 -0.90316993
168.04771 -0.91224504
174.02948 -0.9242552
178.4289 -0.92881376
182.23828 -0.93756187
186.06107 -0.94595116
190.71303 -0.9570351
193.99666 -0.96891075
197.30673 -0.98038954
202.31859 -0.9968999
205.68922 -1.0074579
209.08203 -1.0176744
213.35266 -1.0299864
218.67047 -1.0339173
222.98167 -1.0453861
228.684 -1.054763
233.53181 -1.0616031
238.3901 -1.0681647
247.72806 -1.075054
253.07826 -1.0775007
258.84387 -1.0850744
262.38788 -1.0921913
266.40067 -1.0957744
269.964 -1.1025511
273.9863 -1.1058831
279.80356 -1.1123027
286.07037 -1.1153164
289.66794 -1.1213909
295.04056 -1.1226475
298.65057 -1.128451
303.5999 -1.1325239
308.07065 -1.1321555
312.11768 -1.1346979
317.98267 -1.1398178
322.94537 -1.1434724
327.00098 -1.1457589
331.97043 -1.1492254
338.2641 -1.1510886
341.92084 -1.1558557
346.90143 -1.1590282
351.4892 -1.1647216
355.16742 -1.1691703
358.8525 -1.1735277
363.46826 -1.17885
367.16812 -1.1830115
370.13013 -1.1921005
374.41647 -1.1995193
377.4329 -1.2083023
381.07162 -1.2203163
384.15552 -1.2287812
382.83252 -1.2386246
382.49554 -1.2493634
380.94547 -1.2618167
380.4114 -1.2751377
379.2652 -1.285227
377.88715 -1.297923
376.82883 -1.3081453
374.84192 -1.317758
369.97903 -1.3255185
365.3754 -1.3308252
360.78235 -1.3362671
356.20026 -1.3418492
350.87775 -1.3441664
345.3362 -1.3493781
340.56885 -1.3582573
335.26068 -1.3609426
330.5295 -1.370258
325.63953 -1.3828582
321.15698 -1.3897079
316.68997 -1.3967513
313.06128 -1.4076761
308.48242 -1.4183651
303.0929 -1.4256436
298.7106 -1.4336443
294.2211 -1.4452533
289.66083 -1.4606506
286.26254 -1.4733874
282.00168 -1.4825958
276.76862 -1.4918019
272.55746 -1.5016165
268.4343 -1.5080192
264.2177 -1.5221791
261.05524 -1.5369256
258.93402 -1.555964
257.90558 -1.571415
257.93906 -1.5869231
259.0675 -1.6061596
261.23718 -1.6211916
265.33893 -1.6279602
269.45245 -1.6345224
273.57724 -1.6408871
277.63837 -1.6434711
282.85522 -1.6527659
288.00656 -1.6582654
293.1663 -1.6635715
297.3388 -1.6690227
301.62485 -1.6776204
307.04218 -1.6888376
312.62683 -1.7028368
318.27063 -1.716342
323.97043 -1.7293744
328.40225 -1.7364715
332.8502 -1.7433794
337.13666 -1.7471861
340.80908 -1.7571962
344.51495 -1.766992
347.2743 -1.7771668
352.23755 -1.7887338
355.07208 -1.798515
357.94006 -1.8081403
363.0247 -1.8189368
365.9615 -1.8281901
369.89395 -1.8365833
372.20013 -1.8488398
374.56152 -1.8609436
375.72543 -1.8711448
377.54407 -1.8863262
378.80444 -1.8963646
381.37674 -1.9079479
382.71857 -1.9178112
384.44778 -1.9300419
384.00748 -1.9416246
381.01855 -1.9503214
376.3789 -1.9552431
371.74863 -1.9602876
367.128 -1.965459
363.43875 -1.9696908
359.75613 -1.9740093
355.16254 -1.9795332
351.49564 -1.9840561
347.8361 -1.9886744
342.36102 -1.9957867
339.13882 -2.0033362
335.5114 -2.0083337
331.41992 -2.0174592
328.25485 -2.0254705
324.666 -2.0308812
320.1936 -2.037815
316.62708 -2.0435028
313.071 -2.04932
308.6412 -2.0567796
305.11008 -2.0629032
300.71265 -2.0707593
296.2435 -2.0713074
290.5065 -2.0781984
285.6548 -2.0836442
281.68085 -2.0875182
274.61203 -2.0937793
268.92303 -2.1017015
264.96988 -2.1060905
261.02194 -2.1106122
256.2247 -2.117294
251.11795 -2.1297116
245.82011 -2.1335995
242.44647 -2.1424024
236.32347 -2.14902
232.4311 -2.1548226
226.32878 -2.162068
222.45482 -2.1683588
218.59001 -2.1748724
212.77118 -2.1766157
208.34512 -2.1796572
202.52821 -2.181626
195.89502 -2.1866481
188.68681 -2.1877122
183.68864 -2.1869888
179.26971 -2.1907794
172.87654 -2.1887524
169.0436 -2.1976402
164.63249 -2.2020535
160.22476 -2.20671
155.8207 -2.2116299
151.42062 -2.2168355
145.62347 -2.221057
140.44038 -2.2312758
135.27309 -2.2422764
130.90044 -2.249326
125.7626 -2.2618997
121.29657 -2.2818224
121.7362 -2.3228128
125.21896 -2.3406875
129.44958 -2.3630445
133.0161 -2.3788106
137.29596 -2.3884099
143.00073 -2.39702
149.38893 -2.4000108
154.36566 -2.4031827
160.0868 -2.4103472
167.97697 -2.4204512
172.41135 -2.435243
176.11292 -2.4456654
180.46788 -2.45137
184.19757 -2.4610105
190.13228 -2.4726923
195.9166 -2.4765058
199.68825 -2.4849272
203.47354 -2.4930358
208.67128 -2.499871
213.07417 -2.5035887
217.11102 -2.5173056
220.94633 -2.5242155
225.04195 -2.5370777
229.73308 -2.5458665
234.44124 -2.554303
237.78134 -2.5636244
241.14154 -2.5726867
244.52101 -2.5814993
248.77121 -2.5921774
252.19118 -2.6004598
254.61745 -2.6152854
254.76646 -2.6381724
254.62785 -2.6557229
253.22443 -2.6750283
251.45052 -2.6892364
248.82281 -2.7019389
244.35199 -2.702378
239.88123 -2.7028334
234.5054 -2.7014964
230.03455 -2.7019544
225.14035 -2.7064505
219.83553 -2.7152803
214.54868 -2.724546
210.19975 -2.7361636
205.34416 -2.741906
200.49568 -2.7479262
195.65482 -2.7542446
189.89412 -2.7589266
185.437 -2.7608774
180.61331 -2.768069
174.86606 -2.7736084
169.48134 -2.7740061
165.03038 -2.7766054
158.94397 -2.7888856
152.27882 -2.793763
146.22928 -2.8078246
141.79597 -2.8119094
137.69131 -2.832343
132.97815 -2.8446786
128.28671 -2.8579185
123.61946 -2.8721607
118.73184 -2.8956692
121.94299 -2.9275217
126.83331 -2.9358966
130.5571 -2.949653
134.48581 -2.9553268
138.4186 -2.9606783
143.16945 -2.9738333
148.10161 -2.9794705
152.05052 -2.9837167
156.00206 -2.987748
159.95598 -2.99158
165.74988 -3.0029557
169.58032 -3.0120559
173.54758 -3.015033
179.3819 -3.0247853
183.35522 -3.0273278
188.2151 -3.035635
192.09215 -3.043014
196.97507 -3.0505645
201.86867 -3.0577493
206.6977 -3.0694172
210.61908 -3.0755224
216.54445 -3.0819597
220.53748 -3.0830407
225.47409 -3.0887659
232.37077 -3.0989516
236.3672 -3.099673
240.32462 -3.104528
245.28697 -3.1093574
250.28442 -3.1100013
254.25334 -3.1144292
259.22684 -3.1188095
264.20508 -3.1230245
268.2044 -3.1233015
273.17502 -3.1309564
277.1661 -3.1347177
281.15955 3.1412566
285.16724 3.1342478
289.2044 3.1239762
293.27127 3.1139884
299.40393 3.1011865
304.53387 3.0920064
309.5782 3.0895808
313.62576 3.0870597
317.79547 3.0783195
321.85156 3.0760045
326.05103 3.0676274
330.19226 3.062482
334.42752 3.0544846
338.59036 3.049628
342.76096 3.0448895
347.1471 3.034533
352.68066 3.0219517
357.01892 3.014946
360.51797 3.0049906
364.0521 2.9952276
368.45456 2.9887557
373.0319 2.9797902
377.3042 2.9762664
379.95242 2.9667485
381.65158 2.9568832
382.60147 2.9440367
383.40662 2.9338067
384.2517 2.9236205
385.13654 2.9134803
384.1175 2.9021587
380.7169 2.8945637
377.33865 2.8868322
373.46912 2.884133
369.8609 2.8787646
365.5665 2.869928
362.2623 2.8616464
358.7003 2.855886
355.7305 2.8446252
352.20462 2.8385868
348.69183 2.8324265
345.19257 2.8261414
340.75873 2.818799
336.34375 2.8112638
332.8919 2.8045247
328.17743 2.799486
324.41202 2.7953496
320.65225 2.791116
316.8984 2.7867823
313.15063 2.7823446
307.5409 2.7754855
302.87753 2.7695758
298.5957 2.760369
294.33994 2.7508953
290.64532 2.7456539
284.99448 2.7297056
281.33356 2.7240136
277.6011 2.710123
274.39804 2.7007163
271.6567 2.6877742
268.51312 2.677896
264.50687 2.6660597
260.53885 2.6538613
256.21658 2.6359906
253.71252 2.6214573
251.2631 2.6066377
251.62128 2.5889087
252.05829 2.5712357
254.24031 2.5579925
256.46616 2.544977
259.55533 2.5343928
264.30603 2.5284402
269.06577 2.5226982
273.83408 2.517156
279.41928 2.5139112
285.59824 2.5079663
291.1913 2.5050292
295.18433 2.49816
297.60132 2.4874065
300.83984 2.478878
305.66867 2.4746003
308.93915 2.46643
313.00607 2.460448
316.31137 2.4526148
320.4033 2.4469466
325.1505 2.4390697
329.26624 2.4337227
334.1481 2.4304657
339.03345 2.4273024
343.16916 2.4223135
348.81384 2.4212418
352.95963 2.4164622
356.3686 2.4099228
359.7925 2.4035077
363.9092 2.3951926
366.63696 2.387183
369.3879 2.3792922
372.1615 2.3715186
374.95724 2.3638606
377.77466 2.3563163
380.61325 2.348884
382.77652 2.339688
385.69742 2.3288105
386.5712 2.3160608
388.17706 2.305286
387.7547 2.2924442
385.12393 2.284647
383.2784 2.2750504
380.70074 2.2670429
378.14786 2.2589269
375.62018 2.2507012
373.1183 2.2423644
370.02792 2.231786
365.38974 2.2243443
360.17133 2.2144945
356.17654 2.2088814
351.60312 2.2008471
347.63644 2.1949396
344.49765 2.187214
339.74075 2.182712
334.74332 2.1822402
328.35324 2.181007
323.60626 2.1761892
315.26175 2.1713705
307.48697 2.1689823
302.7596 2.1636448
296.65475 2.1571999
289.7266 2.1523752
283.6444 2.1453924
276.73383 2.140046
272.05655 2.1336052
266.01395 2.1257312
258.6147 2.1161988
251.24031 2.106106
246.62695 2.098361
240.6647 2.088777
235.21367 2.082422
229.77258 2.0757658
225.2212 2.0666661
217.10262 2.0555074
212.16699 2.051781
205.88737 2.0457926
200.5083 2.0371754
195.14494 2.0280836
188.46486 2.0159924
182.72289 2.0007224
177.83965 1.9947631
171.24368 1.9801611
166.38416 1.9731891
161.53319 1.965798
153.72029 1.94479
148.90672 1.9358495
142.82153 1.9221857
137.70969 1.904911
132.95581 1.8934606
132.95581 1.8934606
