Stilus
26
118.6816 1.8043365
127.78245 1.8034627
132.25833 1.8032042
137.39482 1.7943649
145.19258 1.7821703
149.96548 1.7634083
155.29282 1.7355415
160.55956 1.7237933
167.7227 1.7172108
174.65817 1.7113575
180.62273 1.7066865
185.50972 1.6922305
190.99948 1.6781988
196.72995 1.6648551
202.62613 1.6571618
208.56679 1.654696
214.66649 1.6569755
219.47322 1.6471994
225.90495 1.6393774
231.66098 1.6376708
236.64844 1.6362593
242.34615 1.6347181
248.22697 1.6220285
253.26993 1.6052393
255.37772 1.5853963
257.3492 1.569299
258.40656 1.5495371
255.79956 1.5297883
249.01205 1.512606
243.16153 1.502973
236.62979 1.4894171
232.31796 1.4803926
227.86578 1.4764202
221.91006 1.4738795
215.87453 1.4629668
209.2842 1.4547856
202.57108 1.4409416
197.55276 1.431315
190.43938 1.4154608
185.6911 1.4060051
180.9204 1.3960153
176.21675 1.3855367
171.27966 1.3741897
167.48343 1.3635832
161.87077 1.3562881
153.47394 1.3443527
149.23822 1.3378086
145.48448 1.32727
138.91205 1.3052586
135.26375 1.2902403
130.70787 1.266059
130.79716 1.2117023
138.04811 1.1908985
144.72353 1.1870465
151.78017 1.1774437
158.96507 1.163616
166.12859 1.1397426
170.18048 1.1199478
174.65363 1.1067997
182.47737 1.0915459
189.28464 1.0908971
195.54935 1.0960491
203.5198 1.0953737
208.97986 1.086066
212.83325 1.073139
220.2296 1.0552717
225.19218 1.052437
230.64494 1.0483282
240.57999 1.0433272
247.2801 1.0450637
252.22803 1.0507222
256.92722 1.0365361
260.63574 1.0265952
269.19678 1.0171427
278.49844 1.0082623
287.52585 1.0011601
295.34766 1.0021025
301.51514 1.002411
306.97586 0.99263537
312.74747 0.9777732
318.93216 0.9644682
327.0674 0.9555527
333.96786 0.9509421
338.71353 0.9527892
346.34256 0.95170164
354.88278 0.946446
362.0561 0.9385065
367.86984 0.9274049
371.85803 0.9176441
377.5467 0.9024583
381.13107 0.8906352
383.8109 0.88204926
388.45734 0.86764526
393.0142 0.8540755
394.1418 0.8337303
391.71884 0.81414866
388.58856 0.79934514
383.9559 0.7866378
380.273 0.77692974
374.86545 0.76599723
371.2936 0.7559439
365.17908 0.74610573
358.24863 0.7374579
350.60614 0.7292898
343.18997 0.7301325
334.7067 0.7287243
325.4749 0.7211391
317.2184 0.7105328
310.32507 0.6957246
307.04877 0.686661
302.62717 0.67001194
297.7396 0.64901245
291.59357 0.6307678
287.60742 0.62359935
282.13345 0.610242
276.69193 0.5945388
272.45898 0.57790065
267.97043 0.55875754
265.5146 0.5364693
264.85785 0.51932454
265.9622 0.49760973
269.51172 0.47261474
273.41208 0.46030357
279.06476 0.4463115
283.78082 0.43837425
289.42807 0.4292466
293.7652 0.42249936
298.43616 0.4154739
302.90707 0.40262938
308.55362 0.39402932
313.17682 0.38789934
317.80286 0.38195878
325.0158 0.37306014
329.6646 0.36754683
334.53745 0.36194435
338.65314 0.3541992
342.27618 0.34718144
347.31836 0.33430916
351.16653 0.32674304
356.3806 0.31515083
360.77 0.30363572
364.64893 0.29342288
369.44772 0.27541935
373.62695 0.26151818
378.26923 0.2442561
381.9712 0.23445868
386.55957 0.2138317
391.36584 0.19736761
396.3074 0.18204555
397.9222 0.17076573
392.32898 0.16066183
384.73166 0.14805813
377.08087 0.13767165
369.5155 0.1323281
363.33878 0.12910528
357.005 0.122913316
350.67026 0.115804166
345.67886 0.1095366
340.16385 0.09986926
333.67398 0.08938028
327.45203 0.08190892
320.4251 0.07118067
314.239 0.06301353
307.0592 0.051496085
299.6505 0.042701457
292.88165 0.039415047
285.90002 0.04037807
279.89447 0.041244928
272.9529 0.04229446
268.9347 0.042926777
264.24774 0.043688647
259.19327 0.037893057
254.08635 0.03072367
249.08586 0.0233747
244.76205 0.015591697
237.02979 0.0040553776
227.12898 -0.0050445204
222.08873 -0.009739617
216.80693 -0.0146225905
211.86757 -0.019593397
206.59808 -0.026362153
199.20859 -0.037377335
191.05725 -0.03897281
187.01761 -0.045163084
179.08652 -0.05114232
175.1005 -0.053953074
168.6133 -0.061967347
163.3298 -0.07624063
156.35756 -0.079647385
149.37386 -0.08337961
143.51746 -0.099053614
137.58693 -0.10513612
132.45523 -0.12358529
129.57336 -0.18590167
130.69672 -0.22710197
131.8812 -0.26316226
133.3025 -0.3002011
140.2273 -0.32044956
149.19368 -0.33590254
157.62202 -0.35054564
164.7385 -0.34946677
171.7073 -0.3408834
178.83963 -0.33707383
186.05621 -0.34621295
194.13528 -0.35868818
202.43701 -0.36966822
209.15012 -0.38288137
213.62686 -0.39537093
216.57254 -0.41427648
222.2303 -0.4188307
228.6178 -0.43209866
236.08058 -0.45565352
238.9897 -0.4685397
244.45653 -0.4939927
246.37935 -0.5082952
246.56487 -0.5323032
243.11186 -0.5561792
239.61583 -0.5702209
235.24081 -0.5821937
230.4546 -0.5959283
226.14328 -0.608915
221.24472 -0.6244386
214.74547 -0.63613665
209.03699 -0.64906836
203.10483 -0.66515243
198.80644 -0.6707318
190.7593 -0.6843931
186.34438 -0.68970823
182.61551 -0.6994327
175.33542 -0.7047669
165.60925 -0.69911134
157.84312 -0.69926184
151.22227 -0.7082694
145.50433 -0.726008
141.76314 -0.7475294
135.60757 -0.7697439
132.19849 -0.79504967
129.30426 -0.8181429
131.49167 -0.8639753
135.6196 -0.8991333
141.61499 -0.9235449
146.3035 -0.9391197
150.56706 -0.9455909
156.97647 -0.9514766
163.40059 -0.9624649
170.4863 -0.97185373
178.13591 -0.97898525
186.01042 -0.98322207
190.32384 -0.9872313
199.07072 -0.9846228
207.92877 -0.9898755
216.76282 -0.9946832
220.69868 -1.0007725
227.04868 -1.0082036
232.3313 -1.0124116
239.25597 -1.0193872
246.99922 -1.0303084
254.24988 -1.0382202
261.09235 -1.0447626
267.76157 -1.0538527
274.82785 -1.0600983
282.77374 -1.0677286
290.7441 -1.074958
294.29166 -1.081467
299.16656 -1.0863558
304.89948 -1.0860176
311.97568 -1.0907975
318.08917 -1.0963479
324.10107 -1.1058514
327.70822 -1.1113653
331.3066 -1.1167316
336.00775 -1.1235491
342.09564 -1.1320679
348.45282 -1.1406115
354.1364 -1.1479632
359.22217 -1.1573628
364.06235 -1.1661744
368.0405 -1.1760184
371.85287 -1.1859899
375.63873 -1.1986884
379.10785 -1.2135519
384.13577 -1.2232419
387.52557 -1.2353138
389.30817 -1.2558626
387.79004 -1.2681098
386.6159 -1.2779914
385.2105 -1.290347
382.16757 -1.3016542
376.72836 -1.3142011
369.4588 -1.3257312
362.18448 -1.3378171
356.9859 -1.3514959
353.71902 -1.3639584
350.76883 -1.3766842
346.14438 -1.3887618
341.48492 -1.3981903
334.5746 -1.4127798
328.00793 -1.4225765
323.82645 -1.4234062
318.56387 -1.4276578
312.86258 -1.4461224
308.39532 -1.4580895
304.0925 -1.4664146
297.71707 -1.4777045
292.49664 -1.4862542
286.19214 -1.4984376
279.876 -1.5147249
274.6204 -1.52532
269.88898 -1.5374848
267.38034 -1.553614
267.24152 -1.5722766
268.20102 -1.5909296
270.43423 -1.6088088
273.6469 -1.6255705
280.5517 -1.6431036
286.07248 -1.6564366
291.0702 -1.6670213
295.78778 -1.6770216
301.28177 -1.6879601
306.40503 -1.6959513
312.68134 -1.7063327
318.52496 -1.7196527
326.32346 -1.7339773
332.9398 -1.7435184
338.70523 -1.7549007
344.58575 -1.7670702
350.34213 -1.7760663
355.2629 -1.7870135
360.1487 -1.7956647
365.79892 -1.8030584
371.97894 -1.815495
377.2985 -1.8277286
379.60266 -1.8376783
380.71164 -1.8481328
382.43405 -1.8635375
382.91565 -1.8764762
381.71866 -1.8901944
380.48553 -1.9050794
377.86316 -1.9229625
377.3375 -1.9361645
377.11273 -1.9563074
374.1335 -1.9718236
370.73334 -1.9845253
366.98685 -1.994947
362.06143 -2.0049837
357.06274 -2.01458
352.75754 -2.0203903
344.80338 -2.0259004
337.14532 -2.0329063
330.4649 -2.03961
326.84027 -2.0452347
319.84824 -2.050388
315.6916 -2.052716
307.7744 -2.0588567
303.69705 -2.062264
295.75864 -2.0689828
291.72662 -2.0726073
284.43674 -2.0786688
278.14035 -2.0801244
273.60364 -2.0808854
268.56836 -2.082959
263.67468 -2.0889826
258.80893 -2.0952194
254.65074 -2.100173
247.40863 -2.1080275
240.15186 -2.1199126
236.74367 -2.1287453
228.46378 -2.1425405
223.77467 -2.1453736
218.47469 -2.1501389
210.91827 -2.1494794
201.32277 -2.1466541
192.46785 -2.1518486
188.02606 -2.1546397
183.40594 -2.1629772
179.31027 -2.1716554
172.4342 -2.185004
165.1399 -2.1885703
156.53192 -2.196343
150.3459 -2.2100265
144.76372 -2.2275863
140.06259 -2.2537298
136.19827 -2.2770348
133.66049 -2.3033507
134.8046 -2.3450809
139.15144 -2.376521
143.44362 -2.395424
148.21384 -2.415805
151.40881 -2.4343781
157.41971 -2.458419
163.6437 -2.4599626
170.09666 -2.4622664
175.9132 -2.4647958
181.79567 -2.4700592
187.95433 -2.475743
192.66136 -2.486613
199.67838 -2.490032
204.95163 -2.4926996
209.42247 -2.4998896
216.26422 -2.5119383
221.9053 -2.5248284
225.79488 -2.5369902
229.30174 -2.5475187
232.89601 -2.5630398
236.36534 -2.5725963
240.8898 -2.5875251
244.25517 -2.6040356
246.97238 -2.6177213
249.11261 -2.6361437
250.73396 -2.657838
251.8047 -2.677923
250.51326 -2.697533
245.20866 -2.717499
240.30518 -2.7342243
234.48936 -2.7487128
229.11429 -2.7584517
223.578 -2.7724698
218.22908 -2.7833395
213.02142 -2.793558
208.53334 -2.8111794
202.37025 -2.812521
196.14563 -2.8110526
191.35191 -2.8038807
185.48137 -2.8084075
180.58833 -2.8107698
175.05074 -2.8239212
170.97615 -2.8407252
166.95398 -2.8583083
161.06493 -2.879783
155.21056 -2.8963957
149.04395 -2.9214118
142.89308 -2.9260821
137.99295 -2.9192748
141.35089 -2.9607
147.69186 -2.980416
151.48915 -2.9911857
155.68214 -3.002671
160.2666 -3.0159504
164.94421 -3.0234916
169.03685 -3.0323126
174.6323 -3.0415797
178.8621 -3.0439525
184.95758 -3.0553172
189.3917 -3.0586014
196.51959 -3.0680542
202.25412 -3.0780575
209.9374 -3.0870683
216.96448 -3.0934472
224.19003 -3.095
230.02492 -3.0987983
235.9432 -3.1057992
242.49042 -3.1133559
246.71284 -3.1195176
253.65352 -3.1348264
257.67792 3.141399
262.64926 3.1366956
268.68732 3.124671
274.6871 3.1187487
279.9945 3.1150987
284.9697 3.1151161
290.73462 3.1156414
295.02545 3.1092422
299.85446 3.100631
304.96707 3.0914984
311.6911 3.080487
318.0998 3.068879
325.30457 3.0553262
330.456 3.0464358
336.66702 3.0366771
343.03546 3.021732
347.47647 3.014301
353.1872 3.0043616
359.73807 2.990635
364.45853 2.9811316
369.18463 2.9702103
373.78125 2.9580312
379.87848 2.9476464
383.94922 2.9345517
385.29254 2.9235544
381.61053 2.9102926
377.98807 2.8939726
373.69928 2.8788483
370.1945 2.8667433
365.67142 2.8604107
360.55988 2.8425508
357.00137 2.827722
352.0335 2.8141787
347.64758 2.8045683
342.0637 2.800393
338.18027 2.7963126
332.65942 2.7903366
327.97568 2.7850983
323.29742 2.779704
318.62656 2.7741487
313.96906 2.7684324
309.32272 2.7625449
304.48044 2.7562022
299.3844 2.7492871
294.53842 2.74247
289.7348 2.7354672
285.2512 2.728698
280.5874 2.7214048
276.03558 2.7140248
271.04654 2.7056212
266.27756 2.697261
261.9737 2.689425
257.99176 2.6819143
254.10399 2.6620758
251.15924 2.6430361
249.80666 2.6131418
251.59021 2.5972776
253.96585 2.582016
256.19827 2.5682552
260.4488 2.5537462
265.03064 2.544853
270.19012 2.5351303
274.80203 2.5237024
279.28406 2.5132978
283.29407 2.5015159
287.25943 2.493476
291.1228 2.4828682
297.18265 2.4730587
301.672 2.4649422
306.01318 2.456033
312.46213 2.4509404
319.28137 2.4444625
325.35196 2.4369667
329.0429 2.4299853
336.6161 2.4299343
343.5262 2.423767
349.87067 2.4135613
355.54636 2.4041457
360.53625 2.3930972
363.86606 2.383296
367.0622 2.3741474
371.7435 2.363977
375.69946 2.356613
380.8052 2.3447375
384.24634 2.3298547
385.8866 2.3118112
385.87366 2.2977538
383.32462 2.286281
380.9781 2.2751243
378.7027 2.2597642
374.57306 2.2462668
371.77942 2.2368324
368.52112 2.2254992
363.96167 2.2181623
359.36905 2.2104404
354.2235 2.2037146
347.47226 2.1955864
340.97028 2.1966991
332.24225 2.1935554
324.39374 2.1911223
317.80142 2.1799836
311.92822 2.169723
305.1093 2.1601183
297.35925 2.157369
289.75122 2.1552896
282.1231 2.1464884
272.88165 2.1392832
264.67877 2.1277928
257.1303 2.1173043
248.84549 2.1141326
240.37407 2.1124396
235.39731 2.1102781
225.9651 2.1030278
218.24918 2.0881343
210.49725 2.0710602
201.62978 2.059626
192.2943 2.0459352
181.43834 2.0378265
172.85672 2.0196831
165.34973 1.9945878
157.33704 1.9738644
147.957 1.9570417
143.43468 1.9546024
135.82352 1.9379731
130.14621 1.9274818
125.63713 1.9034818
120.303535 1.8699573
116.99699 1.8341964
114.28186 1.7933674
114.28186 1.7933674
