Finger
16
283.65793 2.3060093
285.4071 2.27924
286.70865 2.2561948
287.95023 2.2393296
289.6555 2.2130015
292.65198 2.1897333
294.72302 2.1707106
297.08862 2.1547594
300.1707 2.1380947
302.21063 2.1163092
304.60382 2.0985715
306.94525 2.0844128
309.86594 2.0680683
313.0125 2.0535922
315.64008 2.0357008
319.15463 2.0093226
320.14746 1.9845608
321.40863 1.9619122
322.02722 1.9417747
322.64096 1.9231992
322.83142 1.9066964
320.87616 1.8935075
318.25748 1.8784623
314.8947 1.8655485
310.5325 1.8500096
305.32703 1.8378776
297.79233 1.8211471
291.72482 1.8039979
288.4287 1.7902349
283.26498 1.7726489
280.19022 1.7572309
274.88254 1.7455659
268.10083 1.7310125
260.57324 1.7195745
254.90144 1.7123232
249.54291 1.7032601
243.11812 1.6847544
238.52214 1.6693561
233.45686 1.6514399
229.92343 1.6345668
226.53886 1.6090499
226.40839 1.5884423
231.86884 1.5707964
235.25963 1.5488323
238.38284 1.5245737
239.97049 1.4996266
241.4104 1.4775754
245.77751 1.4592578
249.23738 1.4410561
253.87563 1.4236168
260.57248 1.4080262
266.14966 1.3963059
270.85202 1.3834871
277.53174 1.3678797
282.37527 1.3596042
288.3494 1.3419322
293.42255 1.3319683
296.6788 1.3190281
301.32742 1.3092475
305.48425 1.2981073
308.8715 1.2847203
311.3402 1.2695279
312.14734 1.2509714
311.68475 1.2365175
310.9836 1.2193232
311.13956 1.2029287
311.16757 1.1788888
311.04532 1.1612883
309.69244 1.1403563
307.37088 1.1194004
302.65884 1.100758
297.82538 1.0810956
294.03772 1.0694233
291.82153 1.0515121
288.33298 1.0244342
287.60043 1.0054967
286.76712 0.9829153
286.09607 0.95695823
287.1831 0.9382736
289.13184 0.9162246
291.35446 0.8959829
293.62454 0.88034904
298.29626 0.86160225
301.2375 0.85029835
304.73123 0.83733493
308.70578 0.8279322
313.20776 0.81876004
315.7308 0.8085854
320.99036 0.79503083
326.65033 0.7818695
331.22998 0.7691137
336.83224 0.7572115
341.30624 0.748883
345.86588 0.73669773
349.26953 0.7278935
354.54095 0.7147208
357.79926 0.70391953
361.26886 0.6886486
365.28427 0.67260045
370.18506 0.6552671
374.72516 0.6419662
377.35513 0.63083774
379.5313 0.6198363
381.45593 0.60794204
382.15775 0.5930634
383.98242 0.57194775
385.1383 0.5566702
385.90283 0.54062355
385.05478 0.5215552
383.55154 0.5081882
381.1366 0.49669355
378.7788 0.48508468
376.57828 0.47387898
372.1948 0.46121904
368.11734 0.44614556
364.246 0.43000638
360.73215 0.42133117
356.14017 0.41215283
351.38397 0.40251204
346.7442 0.3870173
341.37302 0.3713665
335.6163 0.358205
329.81033 0.34544137
323.17322 0.33383533
316.82196 0.32406652
311.15985 0.30989864
305.5307 0.29460293
300.71542 0.2758461
295.99268 0.2558876
291.6202 0.23859866
286.32492 0.220846
282.1256 0.20241365
278.66617 0.18013328
276.94043 0.16545172
276.17743 0.14799245
277.15906 0.12639935
277.67624 0.10472799
279.062 0.08951241
282.3309 0.06731836
286.21716 0.044559848
289.02325 0.026865833
292.92188 0.009466656
297.63437 -0.006546624
303.00476 -0.023900287
308.22916 -0.046165463
311.56326 -0.06497196
314.71973 -0.084076345
317.4687 -0.09915002
318.38248 -0.11968504
318.11795 -0.13310742
317.32272 -0.15316279
315.79486 -0.1686244
313.94763 -0.18971336
309.48914 -0.21554214
305.49582 -0.23187424
300.84723 -0.249142
296.6371 -0.26394358
289.98096 -0.28089476
286.603 -0.29082042
281.11462 -0.31156468
277.43533 -0.33107367
273.7219 -0.34737378
269.81598 -0.3612924
264.19424 -0.37746957
257.54202 -0.3961281
254.47507 -0.40972
251.61955 -0.42334855
247.36243 -0.44360447
244.27994 -0.455065
241.59074 -0.4697745
238.63437 -0.48733148
234.82365 -0.512552
233.0203 -0.53676796
233.6902 -0.56512785
234.71605 -0.58830696
237.45078 -0.6053541
241.32457 -0.61461073
246.39954 -0.62894267
251.67749 -0.64412016
256.14545 -0.6555125
262.03116 -0.6720286
267.81906 -0.6871979
271.96396 -0.6986852
276.03766 -0.7105444
279.24713 -0.7237995
283.4395 -0.7351415
288.78613 -0.7503334
293.59827 -0.76775336
296.5211 -0.77791137
300.76685 -0.79213846
302.7143 -0.8053518
304.62234 -0.82175076
305.6257 -0.8424179
305.471 -0.8629529
305.72638 -0.8822756
306.14484 -0.9076567
306.45447 -0.9321513
304.53906 -0.9520087
302.75128 -0.971963
299.5562 -0.9888921
296.31134 -1.0057544
293.58075 -1.0205991
291.5052 -1.0323194
288.97946 -1.047135
286.1266 -1.0646694
283.25958 -1.083242
280.5196 -1.1019955
278.74005 -1.1229709
278.77777 -1.1395305
279.0793 -1.163505
282.51727 -1.1878793
287.4025 -1.2096094
292.59744 -1.2308226
297.6103 -1.2544831
301.89352 -1.2758468
306.1795 -1.2976633
312.1748 -1.3130413
317.6486 -1.3240544
322.97525 -1.3348684
328.68695 -1.3543322
332.38336 -1.3714849
336.17554 -1.3919511
341.0863 -1.4123931
347.24142 -1.4303182
351.84036 -1.4436282
356.3191 -1.4565282
360.74466 -1.4718232
365.20346 -1.4890324
368.6318 -1.5115489
372.24384 -1.5336411
374.25812 -1.5476326
376.1657 -1.5636616
375.1592 -1.5743243
373.2299 -1.590362
371.33215 -1.6012443
367.61813 -1.6205503
364.04312 -1.6325643
361.1997 -1.646375
356.9109 -1.6585445
350.40778 -1.6745225
346.0216 -1.6903304
341.67075 -1.7086595
334.8844 -1.7295898
328.46198 -1.7457691
322.53906 -1.7616457
315.29443 -1.7757759
308.10318 -1.7906008
300.8283 -1.8036349
293.51724 -1.8165559
287.49454 -1.8325882
284.43198 -1.8491522
281.9441 -1.8693635
279.73007 -1.8914106
277.91095 -1.9164194
278.85043 -1.9381413
281.1446 -1.958794
282.88077 -1.9735446
285.38605 -1.9936755
287.892 -2.01262
290.50497 -2.031269
291.8518 -2.047996
293.73087 -2.060224
295.7445 -2.0728574
298.92273 -2.0918956
302.1303 -2.1165087
305.4161 -2.133976
307.95392 -2.152825
310.66324 -2.1659472
313.3096 -2.183875
314.67657 -2.2062519
316.07974 -2.2265978
315.8815 -2.2514408
314.53104 -2.27953
312.0069 -2.3090932
309.6139 -2.333873
306.16522 -2.3503888
301.9695 -2.3689444
299.17917 -2.3785596
293.1732 -2.3964517
286.8683 -2.4140282
280.1083 -2.4305594
276.223 -2.4470484
271.22925 -2.4650376
265.3169 -2.4808958
258.68228 -2.4999955
252.71089 -2.5119107
246.18103 -2.522574
239.87642 -2.5307395
234.57684 -2.540854
230.4702 -2.5496757
225.50258 -2.5667834
222.75992 -2.586079
222.59872 -2.6111999
225.98996 -2.6451638
229.84488 -2.6604676
234.49094 -2.6803231
238.53383 -2.6933832
242.07079 -2.708319
246.84874 -2.7272768
251.275 -2.7468445
256.0602 -2.7629447
261.20178 -2.7760136
265.51694 -2.7862444
271.0487 -2.7977262
274.6542 -2.809032
279.91434 -2.8203533
285.04306 -2.8337004
289.92633 -2.8488562
294.41132 -2.8610787
298.047 -2.8702378
301.70685 -2.881154
305.13474 -2.891049
310.23715 -2.9084635
314.5259 -2.9312928
318.4852 -2.9531357
321.56305 -2.9698727
323.09863 -2.984125
323.34442 -2.9998102
322.67365 -3.0152042
321.31256 -3.0276008
319.6795 -3.0422184
317.58826 -3.0542567
314.92706 -3.0694273
312.8706 -3.085001
307.61502 -3.1034942
304.48245 -3.1162705
301.4098 -3.130155
298.40298 3.1339486
295.47845 3.1169302
293.38077 3.1005404
290.59305 3.0855818
288.39102 3.0704818
284.8373 3.0500808
283.88834 3.0307856
282.58337 3.0102592
283.4222 2.9894853
284.09793 2.974683
285.96146 2.9578648
288.04797 2.938835
290.91116 2.925491
294.21246 2.912309
297.66437 2.8975947
302.5834 2.887053
308.7463 2.875368
316.13513 2.8620546
321.33487 2.8506086
326.86475 2.8372705
332.1574 2.826632
337.1988 2.8097286
340.45563 2.800393
345.06808 2.782812
349.43982 2.7661023
353.26852 2.7520561
358.3746 2.7345133
361.8784 2.724316
363.81454 2.7141793
366.42987 2.7051742
369.88092 2.6855803
373.44855 2.6664746
374.4217 2.6557035
378.23215 2.636959
379.55765 2.6200106
381.10315 2.6078231
380.0388 2.5927382
377.97107 2.5775228
375.52505 2.5628884
371.47433 2.547022
367.2091 2.5348308
363.31476 2.5215685
360.38666 2.507936
356.3766 2.4996433
351.0594 2.4882717
348.28946 2.479534
342.82922 2.4622934
338.81595 2.448865
335.8989 2.434951
332.2233 2.4203281
326.46005 2.404697
320.5902 2.3879547
317.6688 2.3792894
313.37222 2.3661146
309.15167 2.3526413
305.42477 2.3402746
301.50006 2.3267412
296.78424 2.3097324
292.74664 2.2944667
288.43628 2.277388
285.2194 2.2640712
283.61142 2.246024
283.61142 2.246024
