Stilus
30
266.85126 1.509002
274.24847 1.5042183
281.45038 1.4952381
285.82877 1.4893706
294.96832 1.4733056
301.2904 1.4613583
307.84302 1.4503527
314.29346 1.4400226
320.5339 1.4325567
325.29764 1.4251286
332.9755 1.4133297
341.38016 1.4028248
349.9436 1.384887
357.2363 1.3701364
362.17343 1.3588206
369.074 1.3467984
374.5581 1.3358228
376.6446 1.3243521
378.85977 1.3122125
380.16614 1.2995253
377.5069 1.2834603
372.79352 1.2682772
369.57642 1.2590461
364.51788 1.244464
360.42862 1.2369398
355.67383 1.2263482
350.4936 1.2149568
344.04974 1.2010117
336.3088 1.1945121
328.4189 1.1890587
324.13156 1.1870685
317.87256 1.1791058
313.4875 1.1733214
308.88794 1.1670617
304.3006 1.1606126
300.01672 1.1580323
296.03052 1.1549615
291.67462 1.1529781
285.27377 1.1468388
276.75876 1.1437404
271.74554 1.139478
267.08044 1.1324583
262.14844 1.1278421
257.22443 1.123053
250.81711 1.1225638
245.75854 1.1174239
240.3222 1.1157933
234.25227 1.1126492
228.70096 1.1103635
223.67258 1.1054229
215.7059 1.1064041
210.37206 1.1042571
205.44574 1.0976603
200.21123 1.0855528
194.11703 1.0792323
189.28758 1.0714625
181.64037 1.0736867
174.0054 1.0644206
168.3273 1.0567018
161.78766 1.0488178
156.11969 1.0430566
150.80688 1.03782
143.42647 1.0397856
133.6644 1.0398352
128.25023 1.033379
122.92594 1.026509
117.68413 1.0191693
113.38889 1.0087771
108.38394 0.99902767
103.76113 0.99321985
99.24406 0.9754227
94.4581 0.9566571
89.47197 0.9409115
82.91312 0.9248371
77.08511 0.91683203
72.413536 0.90579987
65.81399 0.90451306
58.001278 0.9083372
49.465702 0.8754378
44.45548 0.8694689
36.404648 0.8254207
28.741135 0.76745206
23.185162 0.70235586
17.126894 0.5376949
12.028947 0.23223451
17.082983 0.45066884
23.395428 0.50505793
29.673973 0.5389145
35.374435 0.5726786
41.917385 0.61715984
49.748516 0.6295174
54.892094 0.63418204
62.36159 0.6410206
70.95557 0.6513286
76.359436 0.6385796
81.08476 0.610946
85.3434 0.5904392
91.894226 0.57884026
97.91059 0.5752192
105.46051 0.58530754
112.6729 0.57350713
119.61262 0.5656489
127.09533 0.55748767
135.18477 0.5551873
140.85072 0.5530957
146.31712 0.54821986
153.31963 0.5450324
157.35455 0.5369315
162.92268 0.5237759
167.75446 0.51404554
174.99399 0.5087892
180.56097 0.50436825
187.69154 0.50098115
195.17699 0.49726525
199.66641 0.49651334
208.41083 0.49085206
212.44739 0.4861307
217.72087 0.4796507
226.01779 0.48434055
233.80768 0.4860051
238.36838 0.4855807
246.05827 0.48383418
253.19337 0.47795114
258.2648 0.4721451
264.0684 0.4651829
269.4354 0.45520973
274.65158 0.44593412
280.24786 0.43640944
283.96982 0.43030506
289.51312 0.4215343
295.9062 0.4118671
300.489 0.40521422
305.82306 0.39774445
312.27255 0.38908282
316.62677 0.38345128
321.71402 0.38042295
327.46814 0.37340584
330.8984 0.36640215
334.76736 0.36168432
340.2002 0.35564947
344.96735 0.3505213
349.71768 0.34555945
354.36548 0.3408417
359.6439 0.33564082
364.83502 0.33068156
368.71603 0.3137936
371.32404 0.3001948
373.11163 0.28197694
372.30997 0.26767734
371.01984 0.25469068
369.8421 0.24215704
365.22522 0.23062338
358.78995 0.21829689
353.82733 0.20695089
351.82153 0.19624338
347.05185 0.18183208
341.19913 0.16995202
334.84177 0.16112137
328.30566 0.15203889
322.84238 0.1483229
316.92197 0.14729904
308.74622 0.1446848
300.42783 0.13929313
292.96033 0.12909049
286.44626 0.12148475
279.98987 0.1146301
274.7671 0.10110816
268.52045 0.09227605
261.45685 0.08317785
254.26672 0.07373649
249.00273 0.07048455
244.13234 0.06779021
238.01445 0.061121043
232.0988 0.0583679
226.86496 0.05971605
220.87904 0.061336383
214.90428 0.063043885
207.18932 0.0653947
200.14958 0.06269532
192.09328 0.060116153
184.03366 0.05324172
175.97318 0.044361267
169.6267 0.032699116
163.62347 0.027789611
156.86919 0.028986474
148.90823 0.030536624
140.85971 0.019891724
133.88878 0.011567823
127.877785 0.012111602
120.08274 0.0128978565
115.93765 0.013359018
111.90464 0.013840503
107.209 0.014446744
102.9571 0.008163831
96.64362 -0.004652636
90.65456 0.0031145604
84.95324 0.01823183
77.98021 0.03268122
70.06385 0.050650347
64.05584 0.055405665
59.661392 0.05949131
53.89921 0.08445126
48.377438 0.09411757
42.240562 0.10784118
36.290916 0.12560788
31.071604 0.14684886
24.163712 0.105645224
19.146622 0.1334761
15.191642 0.23567516
10.383829 0.5634031
16.035229 -0.07515795
22.035498 -0.22639255
28.717201 -0.32557955
35.729385 -0.3780413
42.93263 -0.40551975
50.941833 -0.42347535
56.001255 -0.42712396
61.98465 -0.43610227
70.72639 -0.44108897
78.968254 -0.44782323
87.63542 -0.45057812
93.1238 -0.4489598
98.91892 -0.47124875
107.25521 -0.48439503
113.85827 -0.49589592
120.19259 -0.48849377
125.98117 -0.47311863
132.80458 -0.47863954
139.3169 -0.48687217
149.33336 -0.5025429
156.15843 -0.5094334
163.29768 -0.5183733
169.33922 -0.521653
176.95212 -0.5280167
181.58392 -0.5257727
187.13252 -0.53169864
197.00522 -0.54421127
206.15352 -0.5565057
215.59349 -0.5674943
220.90742 -0.5695509
226.60442 -0.5782528
233.79755 -0.5862633
239.05261 -0.58618283
248.2361 -0.5936555
255.64615 -0.5999457
260.68213 -0.60778815
269.14362 -0.6140628
275.3253 -0.62055343
283.5773 -0.6248516
291.71994 -0.6342625
296.63858 -0.639736
303.9032 -0.6497672
309.4541 -0.66143006
315.11386 -0.6664282
320.96548 -0.6641784
328.9286 -0.6692951
336.27487 -0.67773265
343.01086 -0.6881375
348.05777 -0.70018715
351.98746 -0.7089873
357.0419 -0.717785
362.65222 -0.7270661
367.36557 -0.7405119
371.5604 -0.75278157
375.4955 -0.7639025
378.48264 -0.77210665
381.26648 -0.78329587
382.89703 -0.80418867
381.26117 -0.8218255
378.69348 -0.8369935
375.226 -0.8473
372.58908 -0.85534936
369.3321 -0.865557
363.17566 -0.87276703
356.26422 -0.8784556
352.94855 -0.88537735
347.82224 -0.89541924
342.95346 -0.902796
337.68442 -0.9092622
333.6732 -0.9188723
328.4746 -0.92965645
322.1963 -0.9413643
316.2517 -0.9511159
310.23013 -0.96175534
303.54153 -0.9704113
298.2497 -0.97855276
290.35284 -0.98386836
284.53928 -0.992449
277.78043 -0.99816877
270.7364 -1.0037867
261.94788 -1.0090382
255.42174 -1.0114194
250.43039 -1.0131041
244.61073 -1.0126827
239.09422 -1.0180167
233.16669 -1.0184108
226.50027 -1.0158066
219.39075 -1.0161104
213.4641 -1.0164793
207.21335 -1.0176449
201.29121 -1.0227965
194.70312 -1.0279865
187.84964 -1.0370095
181.34517 -1.0414104
174.15112 -1.0438286
166.28165 -1.0440292
159.05562 -1.0467772
152.74353 -1.0530598
145.07974 -1.0625218
135.68752 -1.0660082
126.74553 -1.0793705
119.494354 -1.0865872
112.58139 -1.1044141
106.331505 -1.1168433
97.20742 -1.1260813
87.86376 -1.1381915
82.62529 -1.1379087
77.97502 -1.1385624
71.3985 -1.1579202
64.71085 -1.1795343
57.898647 -1.190845
50.66714 -1.176255
42.58279 -1.1942018
34.794758 -1.2289544
29.812342 -1.27799
23.409262 -1.366895
16.369696 -1.39651
9.442627 -1.5707964
3.9783633 -1.696647
0.5852598 2.592937
4.906884 -1.6727399
8.949001 -1.6266259
15.201503 -1.6036515
19.206017 -1.5447917
24.933651 -1.5507662
32.21509 -1.5242753
39.32851 -1.4817959
46.14991 -1.473255
51.108276 -1.4827441
57.58082 -1.4926634
64.05953 -1.5005791
70.03967 -1.5065831
77.01541 -1.5124062
83.26726 -1.5167947
90.0101 -1.5208435
96.99377 -1.5244429
101.23068 -1.5263842
107.961815 -1.5291549
115.00667 -1.5250738
121.47942 -1.5255623
126.23304 -1.5272667
132.95935 -1.5294702
140.97821 -1.5318221
148.9463 -1.533908
152.91986 -1.5398202
158.27617 -1.5423967
163.87718 -1.5494639
172.59973 -1.5505421
176.87299 -1.5510315
180.8729 -1.5514686
188.8544 -1.5575747
192.8469 -1.5630277
198.1827 -1.5682765
205.05627 -1.5829731
211.83897 -1.5908629
216.87523 -1.5950469
223.89394 -1.5997957
230.15732 -1.6033478
235.14626 -1.602657
241.99028 -1.6131384
249.07863 -1.6209396
254.10966 -1.6238815
258.36755 -1.6230059
262.41608 -1.6260111
269.83917 -1.6374689
274.67038 -1.6408865
281.79456 -1.6462283
288.6997 -1.6513816
295.83594 -1.6562086
302.3752 -1.6584386
307.37448 -1.6660479
314.50174 -1.6766417
319.95923 -1.683008
324.99982 -1.6886855
330.2821 -1.6958716
336.90778 -1.7031007
345.0387 -1.7204263
349.72525 -1.7321906
355.241 -1.7438804
359.88702 -1.7529145
362.60577 -1.7627751
365.97476 -1.7776864
369.5306 -1.7867448
374.52213 -1.7974752
376.8634 -1.8096526
378.0741 -1.8224666
378.41516 -1.8362093
376.70392 -1.8542895
375.8272 -1.8675674
373.5807 -1.8840775
371.29324 -1.899607
367.98077 -1.9147909
362.9549 -1.9233987
357.33334 -1.9291941
351.1666 -1.9388264
345.9323 -1.9477708
341.4584 -1.9529635
335.7077 -1.9534359
330.14957 -1.9602209
323.92194 -1.9681237
318.37744 -1.9754431
311.95135 -1.9842824
305.58176 -1.993447
298.2867 -2.004474
290.73364 -2.01359
286.14868 -2.017516
281.76184 -2.02086
274.39667 -2.0257545
267.3288 -2.037778
258.72562 -2.0468998
253.84213 -2.0524168
248.9823 -2.0581396
244.73035 -2.0626433
238.41194 -2.0662973
231.25124 -2.0700965
226.49599 -2.0708492
221.50873 -2.076819
212.19887 -2.085007
204.95175 -2.09381
198.05258 -2.0919154
190.49107 -2.096556
182.10088 -2.1043477
177.1749 -2.1127307
172.20122 -2.118181
167.53825 -2.121152
163.60583 -2.1287298
154.6645 -2.1421978
149.34653 -2.1491058
144.39436 -2.163152
139.1431 -2.1712852
133.91895 -2.1800368
127.92437 -2.1842134
119.49463 -2.1826475
114.274254 -2.1934378
108.67413 -2.1965768
104.1108 -2.2047749
99.66564 -2.2124596
92.45459 -2.216691
88.28735 -2.2351263
80.71324 -2.2335668
74.824615 -2.2575438
67.79134 -2.2707028
63.449112 -2.2872262
54.168613 -2.3145814
48.169147 -2.3420286
39.843685 -2.3391166
30.859594 -2.3166685
24.148378 -2.3800633
18.632063 -2.4804094
14.152115 -2.6512172
21.962475 -2.5517972
27.509043 -2.4663975
32.957417 -2.4428754
38.835476 -2.4479458
45.13738 -2.4665163
50.146328 -2.4696012
57.22485 -2.474121
64.32319 -2.466554
71.51554 -2.4752665
79.14345 -2.4707787
86.330215 -2.477677
92.90925 -2.4782937
98.67513 -2.4855375
104.030525 -2.5102477
108.93756 -2.5428016
113.43589 -2.5696187
117.739555 -2.5850263
125.11083 -2.5840597
132.98451 -2.585564
138.32838 -2.582322
146.37447 -2.5701761
153.59488 -2.5693624
161.47145 -2.5712967
168.32133 -2.5761724
174.99554 -2.582117
179.16061 -2.5933456
186.56625 -2.6000824
193.59325 -2.6098487
200.62216 -2.6291122
206.05476 -2.643885
212.51717 -2.6550224
216.69487 -2.659998
221.54433 -2.6663387
225.61493 -2.6706374
231.4055 -2.688147
237.24297 -2.6954393
243.91852 -2.6971767
248.54385 -2.7004113
255.45567 -2.7078252
259.181 -2.7144725
264.86328 -2.7215614
269.5603 -2.727884
274.12924 -2.7276554
279.12952 -2.7312045
284.232 -2.732177
289.2971 -2.7327702
295.92136 -2.7350957
301.57892 -2.741888
307.09583 -2.749465
314.37292 -2.7590191
318.13632 -2.7637746
323.45026 -2.7729287
328.7759 -2.7830853
333.94974 -2.7920706
339.24362 -2.8008795
344.69107 -2.809545
348.90137 -2.8177526
353.576 -2.821176
357.70303 -2.8308759
360.95654 -2.8418834
364.8642 -2.8557777
368.01212 -2.871798
367.93707 -2.8830516
366.7117 -2.8999228
364.14862 -2.917657
361.83475 -2.9338834
359.8541 -2.9469469
352.86212 -2.963242
348.90375 -2.9786043
347.92136 -2.992661
344.45535 -3.0058162
340.91458 -3.0163543
333.64362 -3.0285523
327.0378 -3.038566
321.78018 -3.046215
317.5809 -3.0484822
312.6237 -3.050534
307.65622 -3.0490594
301.89478 -3.0472884
297.89713 -3.046019
289.97412 -3.0433993
285.80438 -3.0482564
278.37973 -3.056529
274.28622 -3.0597162
267.6686 -3.0651777
263.53244 -3.0702665
259.1903 -3.0734725
250.1681 -3.0788665
245.00517 -3.082626
240.02298 -3.0897398
233.51007 -3.1131024
226.6564 -3.1298566
218.6558 3.1390793
212.46428 3.1306207
207.50533 3.1244972
201.487 3.1190262
196.53105 3.1133711
190.81453 3.1031246
185.61894 3.1009383
178.83588 3.0993955
172.85432 3.0979342
166.71278 3.096325
159.99028 3.0944214
153.74721 3.0925045
147.7685 3.0905168
141.78316 3.0883586
135.80145 3.0860114
129.11263 3.0831287
122.14126 3.0797877
115.868996 3.0764375
109.177765 3.072438
102.22919 3.0677292
95.25232 3.062308
87.3093 3.0550778
80.339615 3.0475512
72.38642 3.0371828
65.490326 3.026142
61.494236 3.0186026
56.547794 3.0077822
52.581184 2.9976199
45.75525 2.9759562
38.788536 2.9458513
32.871223 2.910023
26.384668 2.9194224
19.298939 2.9037771
12.836184 2.7795448
7.925574 2.5306466
13.444625 2.657818
17.88136 2.7060537
23.449154 2.8140442
30.708721 2.8256173
36.663357 2.82946
43.333946 2.805967
49.376667 2.7629232
54.747574 2.776737
60.209244 2.7656329
67.060425 2.7557425
73.44825 2.7471652
78.61584 2.7327628
84.82064 2.7128494
92.577354 2.7038238
97.4762 2.703129
103.06127 2.7163532
108.97672 2.7063065
116.20669 2.6946766
123.050446 2.6917238
130.07014 2.6860025
137.91919 2.673438
145.51576 2.6614175
152.5106 2.6483557
157.3615 2.6504955
163.5112 2.6487875
169.23961 2.6478791
175.51207 2.6299334
181.61252 2.6153755
189.05411 2.6077418
196.1353 2.5994835
203.50008 2.586934
211.36356 2.5875793
216.53938 2.5861776
222.96063 2.573856
229.20058 2.5637913
236.6149 2.5488768
243.8985 2.5393043
251.0443 2.5340288
256.81342 2.5348406
263.94708 2.5374687
271.64816 2.5335891
278.3736 2.5241034
284.36865 2.5186536
289.8656 2.509975
296.04938 2.50432
304.23233 2.5003011
312.1984 2.4929364
318.2085 2.483631
324.55988 2.4742143
331.3963 2.4674938
335.05847 2.4598973
339.56216 2.4516962
344.75055 2.4425795
349.13766 2.4333336
353.04794 2.4269493
357.2075 2.4157338
361.27457 2.4072542
365.32507 2.3950546
369.38303 2.3793316
370.60428 2.3604553
369.87637 2.3435783
369.30612 2.3263361
365.91574 2.3143468
362.55408 2.304208
359.185 2.2968283
353.6309 2.2881596
347.27206 2.284037
342.8856 2.278089
338.06314 2.270617
333.71304 2.2562015
329.09595 2.2486007
324.74057 2.2417252
318.9023 2.238179
313.68228 2.2305372
308.13486 2.2247994
303.37775 2.219434
298.38898 2.209165
291.57605 2.2050624
282.43637 2.1982756
277.3054 2.192773
269.56378 2.1827238
264.0329 2.1783185
256.0715 2.1755385
248.70883 2.1680202
242.50334 2.1653233
233.87497 2.1581986
227.95522 2.1529922
219.69583 2.1419597
210.41943 2.1358101
201.1748 2.1353478
192.19351 2.1296499
185.86649 2.1285582
179.49591 2.1214304
171.63478 2.113589
163.08913 2.1095126
153.65082 2.108313
147.97636 2.1097856
141.26646 2.1030009
133.78235 2.0925548
125.88841 2.0829623
116.73552 2.078085
107.278564 2.0736156
99.40398 2.0599449
91.61886 2.0559547
83.851265 2.0526366
78.63102 2.0424938
69.68698 2.0435512
60.74768 2.0449193
55.075577 2.0541291
46.02497 2.0386238
41.54471 2.039095
34.300137 2.0719607
27.49307 2.0947816
20.305275 2.0721152
10.878177 1.952217
5.9378204 1.825852
10.095236 1.719744
15.248756 1.6691997
19.313013 1.6484442
24.0779 1.6330558
30.029457 1.620705
35.99914 1.6124234
41.32239 1.6312569
46.359276 1.6462711
52.424515 1.6566323
58.225033 1.66528
64.27121 1.6719764
70.34787 1.6774784
75.597 1.6700455
81.38569 1.6752969
85.74423 1.6816796
91.40941 1.6747818
96.3974 1.6693832
100.65431 1.665201
106.54836 1.6531917
111.437645 1.6380652
117.41624 1.6346352
123.12041 1.6316738
129.1212 1.6288413
135.1007 1.6262696
140.34537 1.6241945
146.30255 1.615184
151.29315 1.6137187
157.281 1.6120838
164.0103 1.6103889
171.99994 1.6085488
178.19164 1.5960212
182.69537 1.5899311
190.55016 1.5756528
194.56134 1.573363
199.55553 1.5732987
203.8162 1.5697542
211.85733 1.5602807
218.12354 1.5547696
223.8577 1.547545
230.04184 1.5425721
237.92184 1.5393076
245.97612 1.5322132
252.01797 1.5291725
258.10876 1.5196528
264.7964 1.5123005
264.7964 1.5123005
