Finger
30
8.557918 1.5124091
15.935644 1.9431719
22.90494 2.0731003
29.218388 2.110533
35.02066 2.1193717
40.178505 2.1283407
48.77621 2.13931
56.14248 2.1397555
63.464695 2.121998
69.62944 2.1013472
73.90312 2.0866451
79.63153 2.0861325
85.44696 2.087801
91.89514 2.085075
98.81358 2.0804813
106.19888 2.074016
110.209595 2.064457
117.09577 2.061874
122.913086 2.0641978
129.45493 2.0634184
137.90822 2.0551503
146.02089 2.0429952
154.06859 2.0309124
161.14088 2.0216432
167.40707 2.0167782
174.6787 2.0108244
183.10652 2.006076
190.70949 2.0048566
197.42587 2.005857
203.38223 2.0084603
210.81248 2.0076609
219.31822 2.0046177
227.84456 2.001804
233.96637 1.9953756
239.98526 1.9922707
244.04848 1.9893061
248.20714 1.987117
252.28047 1.9843082
260.32922 1.9783752
268.12222 1.9706255
274.0621 1.9654285
281.21133 1.9618382
289.46274 1.9507893
293.3329 1.9455253
297.90765 1.9394926
302.0019 1.9371477
305.80508 1.9330239
314.4304 1.9260348
318.31445 1.921512
323.03818 1.9161676
327.59222 1.9111704
331.52972 1.9069672
339.0902 1.8991866
346.68094 1.8917356
353.30206 1.885512
359.4344 1.8745793
364.80936 1.8666629
368.57077 1.8607246
369.31564 1.8474492
370.16364 1.8354999
369.60577 1.8191013
366.86758 1.8091434
362.35733 1.795174
356.56644 1.7838826
350.98654 1.774152
343.73407 1.7577246
336.67047 1.7459167
328.9739 1.7315384
321.30206 1.7196895
314.599 1.7101198
307.57578 1.7059652
300.91064 1.6963408
293.8081 1.6883438
287.31784 1.6813433
280.37308 1.6769072
272.9957 1.665044
265.7748 1.656318
259.57492 1.646817
253.31528 1.6328843
247.85138 1.6180345
242.59999 1.602172
243.1281 1.5820827
246.11981 1.5656878
252.9361 1.546102
259.12723 1.5273544
264.18808 1.519738
268.59018 1.5103029
274.84482 1.4970968
281.14355 1.4844857
287.48337 1.4724338
293.67035 1.466881
298.93927 1.459415
305.1385 1.4543378
311.34058 1.4502077
316.5257 1.4458348
322.9704 1.442107
329.29868 1.4300642
338.03088 1.4127625
346.8559 1.3993672
352.17587 1.3912015
356.895 1.3850831
364.20508 1.3719893
368.21265 1.3562278
368.79498 1.3430195
367.5684 1.3280711
365.71658 1.310422
362.14462 1.2886528
356.64108 1.2716303
351.49756 1.2521939
345.50635 1.2403662
339.302 1.2301538
334.87756 1.2254667
330.1977 1.2203634
326.1819 1.2158595
321.7528 1.2107527
316.82285 1.207353
312.02304 1.2024211
306.09647 1.1984419
300.17618 1.1943073
294.20856 1.1899348
288.36005 1.1845719
282.3636 1.180741
277.0901 1.1796548
271.71506 1.1765484
266.46527 1.1753657
261.43695 1.1715388
256.3646 1.1715522
251.2311 1.1684483
245.99422 1.1669841
239.64458 1.164801
233.41544 1.1625434
226.75871 1.163091
220.12787 1.1647372
213.73056 1.1634434
207.3735 1.1608084
201.07433 1.1580321
193.95955 1.1530428
186.7685 1.1480144
180.70926 1.1389376
174.43094 1.1349521
168.57118 1.1253008
161.64977 1.1184678
155.5623 1.1066806
148.45659 1.0976577
141.3365 1.0876968
133.84985 1.0816929
126.27699 1.0766081
118.89592 1.0718244
111.96746 1.0687262
104.457985 1.0645064
97.60028 1.0605351
90.90137 1.0570761
83.365395 1.047203
77.17228 1.0307412
70.21766 1.0040654
64.0743 0.9800058
58.65941 0.9586748
52.166824 0.94194883
46.53546 0.92701846
41.33996 0.9236228
36.811546 0.90637016
32.441998 0.8788504
25.123898 0.8433022
19.315508 0.85214204
25.598742 0.98142385
31.43203 0.9904473
38.236393 0.9581657
43.388954 0.9499889
51.14154 0.93885887
58.357803 0.9442595
65.028046 0.9084818
71.89213 0.8769896
80.258484 0.8496878
87.39554 0.82646114
94.22721 0.821634
100.765854 0.8140273
107.886086 0.82525533
115.61286 0.81649244
123.19576 0.7986557
130.96259 0.781684
137.99545 0.77174973
144.38168 0.767428
152.1748 0.77292794
159.19958 0.7715067
168.95465 0.7649352
180.27904 0.7662351
190.83224 0.77101034
202.17134 0.7718304
207.5835 0.76622576
214.01999 0.76344657
221.12688 0.75775945
226.21564 0.754557
236.15642 0.7498801
246.3294 0.7405288
251.37233 0.73299193
256.3896 0.725793
261.50882 0.71878195
266.52875 0.7121467
270.8914 0.7080655
278.8804 0.7071569
286.52692 0.7062123
295.11792 0.70009863
299.49655 0.69658023
308.22095 0.68987584
314.94476 0.6835151
322.0386 0.67859924
328.9249 0.6705143
334.91113 0.6630987
340.3965 0.6551196
346.15588 0.6423981
351.38593 0.6313066
357.06592 0.6197251
363.59622 0.6069682
368.24033 0.5953339
371.62305 0.5799559
371.11127 0.5616138
367.9435 0.54777837
365.37732 0.53615445
361.32376 0.5267421
356.2226 0.5131424
350.225 0.49997374
342.89902 0.48504722
336.14093 0.47220045
329.8674 0.46150577
324.06815 0.45317093
318.29956 0.44455105
311.5303 0.443524
305.72354 0.44166484
298.608 0.4381527
291.95786 0.42989063
285.03653 0.41880453
279.36163 0.40825495
271.53244 0.396855
266.21664 0.38796443
261.67215 0.37549663
256.4101 0.35748544
253.84903 0.341372
253.32608 0.3233254
258.0714 0.2978373
261.2701 0.28213373
266.94028 0.26042435
270.77176 0.24908552
274.67636 0.24166197
278.2882 0.23389971
283.89752 0.22197229
289.13052 0.21164167
294.9845 0.20311117
301.37314 0.19536611
305.29803 0.1928227
312.21698 0.1852406
317.78726 0.17592886
321.66995 0.16869724
326.87057 0.16213515
332.6936 0.15241244
336.49747 0.14502896
341.90088 0.13426301
345.60803 0.1269609
349.86185 0.11463548
353.64044 0.09812002
354.2309 0.081374556
354.80576 0.06496002
354.42117 0.0453097
352.444 0.02575962
349.34012 0.008799838
344.59906 -0.005583539
339.39923 -0.018203693
333.49405 -0.030550875
328.61536 -0.040113214
323.98212 -0.046848565
317.0024 -0.048718985
312.01392 -0.049498536
304.0886 -0.05078969
300.0428 -0.049068075
296.01202 -0.048796844
289.06805 -0.049970005
284.78784 -0.050721668
278.00037 -0.045765277
273.97623 -0.045422137
265.97647 -0.04302851
261.9603 -0.043688606
256.01047 -0.044704624
250.06601 -0.04576806
245.99861 -0.046525337
238.06482 -0.04807703
234.0152 -0.048909657
227.08777 -0.050402917
221.77797 -0.05161072
216.8077 -0.052794974
209.12923 -0.054735318
205.04832 -0.050945804
197.12813 -0.052994583
193.07736 -0.05041018
189.06047 -0.049965795
183.05096 -0.051607594
176.0852 -0.05365106
171.41122 -0.055115465
167.12221 -0.056531437
162.08417 -0.053819355
154.10033 -0.054819163
150.07901 -0.056289557
143.1453 -0.059019227
139.12985 -0.06072465
130.24345 -0.06487348
125.45547 -0.06735304
121.189445 -0.06972774
113.22261 -0.07464291
105.245926 -0.07079014
101.22335 -0.07360831
96.244675 -0.07742345
91.55785 -0.0813953
87.23866 -0.077314526
82.23341 -0.07845427
78.23126 -0.082476735
74.1832 -0.07722059
65.44687 -0.07236692
61.14727 -0.072782665
56.157703 -0.06679655
51.40037 -0.06711851
47.056545 -0.057755154
40.760456 -0.042298
34.770454 -0.012932202
28.768616 0.019103942
23.862385 0.09501161
17.834478 0.20023328
23.185225 0.02370527
27.29336 -0.08981501
33.37071 -0.18438417
40.971546 -0.2325585
48.49065 -0.25945172
52.823463 -0.271483
61.22333 -0.2833193
69.13314 -0.31070462
75.769264 -0.3521905
84.39414 -0.36519772
92.93156 -0.3646255
100.5231 -0.36767545
105.72066 -0.36180076
110.34872 -0.3652939
116.61551 -0.3694377
123.93802 -0.38113865
131.67055 -0.3846829
139.27151 -0.3912639
146.31404 -0.39576358
153.78992 -0.40976784
163.16098 -0.4238415
170.52016 -0.43000135
179.18196 -0.43240952
186.29541 -0.43430114
192.39215 -0.44087106
201.59822 -0.45615456
209.94298 -0.4646863
218.41351 -0.47079074
226.49452 -0.47251526
232.04402 -0.4713448
237.13936 -0.4745847
243.74515 -0.4823591
251.9483 -0.48760176
260.49365 -0.49196947
268.91608 -0.5005887
277.20163 -0.5047888
284.10193 -0.5103161
292.42294 -0.51906055
301.56296 -0.5273277
308.40564 -0.5331852
317.08856 -0.5425382
325.28415 -0.5526095
330.7609 -0.5622019
335.23035 -0.57244074
342.53305 -0.5835209
349.3217 -0.59222096
355.57877 -0.6031529
361.18918 -0.61591625
366.5187 -0.62683123
370.7185 -0.64100724
374.5186 -0.65448517
378.37338 -0.66765
377.68082 -0.68436754
377.76703 -0.7022798
375.4388 -0.71540004
370.96024 -0.72593945
366.4828 -0.73683685
361.5368 -0.74932027
358.44113 -0.7573854
354.99997 -0.7636428
349.29483 -0.7713744
341.69257 -0.78086877
332.48022 -0.78713745
322.59525 -0.79156446
314.68015 -0.7989892
307.8656 -0.8078772
304.3775 -0.81511116
296.7359 -0.82778615
292.559 -0.8332301
289.1253 -0.8411548
282.76443 -0.85050505
277.1441 -0.86140645
270.97678 -0.87098855
264.8396 -0.8809976
258.25107 -0.89378077
250.97859 -0.9061018
245.52185 -0.91973007
241.56226 -0.9292679
238.56989 -0.9445625
242.22833 -0.97188705
246.4984 -0.9896132
250.44963 -0.9957498
256.59723 -1.0060632
262.40323 -1.0155476
268.71762 -1.0257189
275.73422 -1.0326622
281.6117 -1.0409693
286.81332 -1.0515586
291.7843 -1.061269
297.27698 -1.0715631
302.11746 -1.0765277
307.44922 -1.0858498
314.3242 -1.09734
320.1038 -1.1065686
324.16037 -1.1128249
328.846 -1.1198364
333.12225 -1.1260432
337.6175 -1.1323794
341.48953 -1.137689
345.23862 -1.1427044
350.18118 -1.1522593
355.2689 -1.1616865
359.05286 -1.1722953
361.78955 -1.1840968
365.81302 -1.1999484
368.45184 -1.2193687
367.61322 -1.2358047
364.27878 -1.2478187
359.20654 -1.2548659
351.95898 -1.2630728
346.68735 -1.2732611
341.1963 -1.2859349
335.92914 -1.297545
329.78238 -1.3080487
323.20306 -1.3153877
316.4414 -1.3227899
310.34265 -1.3311379
304.81622 -1.3367299
299.45102 -1.3394374
293.20505 -1.3448675
287.19995 -1.3543162
281.6751 -1.3609134
275.438 -1.3672211
269.1044 -1.3709084
262.90692 -1.3728666
256.61227 -1.3759309
251.20258 -1.3767506
245.22621 -1.3792655
239.73387 -1.383214
234.57837 -1.3845131
228.20154 -1.3914206
222.90338 -1.3963279
217.7619 -1.3979454
212.67265 -1.3985347
206.7118 -1.402129
200.34946 -1.403011
194.30846 -1.4029583
188.204 -1.4028451
181.9939 -1.4068362
175.61192 -1.4180522
168.63606 -1.423698
161.5814 -1.4234459
157.58511 -1.4213004
149.58852 -1.4182546
145.5779 -1.4158131
138.42508 -1.4204437
131.31061 -1.4219295
126.467545 -1.4222487
121.534256 -1.4181741
115.55885 -1.4189647
110.40557 -1.41864
105.44818 -1.4138734
101.1315 -1.4171177
96.22587 -1.4172119
91.11672 -1.4111814
85.22457 -1.4119215
73.96256 -1.4011908
68.92334 -1.4033713
64.20848 -1.3909477
59.89506 -1.3948011
54.8182 -1.391883
49.80585 -1.3791219
44.214138 -1.3545185
39.31789 -1.3270714
35.00114 -1.3188493
28.256546 -1.2656419
20.342089 -1.1936884
13.258698 -1.122497
6.687049 -0.8337512
4.612438 0.22673537
6.935193 0.86576885
10.882553 1.2437844
5.186914 1.0685656
2.6829164 -0.3745794
6.9117136 -1.2011834
12.330485 -1.4300508
18.279148 -1.4887455
22.372849 -1.5037838
29.010756 -1.5191325
35.23316 -1.5282629
43.00791 -1.5359553
50.993046 -1.5610029
57.182358 -1.562063
62.183094 -1.5788269
67.977936 -1.5928363
73.21361 -1.6049067
80.07003 -1.624259
86.12579 -1.63462
92.460075 -1.6559486
97.370766 -1.6661
102.45884 -1.6712322
109.541794 -1.675841
115.91435 -1.68738
122.8831 -1.6953743
127.791954 -1.692234
133.38687 -1.7081326
139.75255 -1.7234983
146.78871 -1.7313796
153.84508 -1.7305268
160.27533 -1.7353282
166.3787 -1.7360008
174.54007 -1.7450082
180.85336 -1.7456425
187.69478 -1.7446073
194.92427 -1.7474366
201.82956 -1.7423595
209.85602 -1.7405629
218.80423 -1.741784
223.09642 -1.7429289
227.40173 -1.7486012
231.53233 -1.7498188
238.94095 -1.7569289
246.40056 -1.7636558
250.91307 -1.7682363
259.12982 -1.7736909
266.5945 -1.7794181
275.05695 -1.7840736
279.58133 -1.7878518
287.08203 -1.7963643
294.5627 -1.8009593
301.09637 -1.8000163
307.40268 -1.8052417
313.91797 -1.8126694
319.23395 -1.8157028
325.18594 -1.8253863
330.9167 -1.8311232
336.77988 -1.8387659
342.18942 -1.8495826
346.32117 -1.8585099
349.995 -1.867632
356.34354 -1.8759559
360.53424 -1.8841988
364.4195 -1.8928831
368.04916 -1.902687
371.33148 -1.9179691
371.31625 -1.9317007
370.94376 -1.9456911
369.03497 -1.9602073
365.8435 -1.9816091
362.6824 -1.9944639
359.39084 -2.0077822
355.97098 -2.0216286
351.5752 -2.0346797
347.30258 -2.040844
340.6152 -2.047541
333.4806 -2.051854
327.9971 -2.0606
322.71045 -2.0693543
317.86795 -2.0740771
312.62286 -2.0767953
304.83264 -2.08344
298.86417 -2.090083
292.28717 -2.0990324
287.4444 -2.1052597
283.20053 -2.1137364
277.13953 -2.1193924
270.5542 -2.1290793
263.44727 -2.1415064
258.24298 -2.1544986
254.08835 -2.165337
249.7277 -2.182067
250.82184 -2.2133956
254.72255 -2.2303872
258.59915 -2.2433062
265.29425 -2.2520628
270.4618 -2.2603207
274.19937 -2.2681353
280.12692 -2.2773046
285.72348 -2.2882807
292.51794 -2.3043604
298.7554 -2.313506
304.44443 -2.3231173
309.7381 -2.3282142
316.7676 -2.3332958
324.52182 -2.3403964
331.69995 -2.3454185
338.5972 -2.3535495
344.95654 -2.3597386
351.47412 -2.3661098
357.1595 -2.3738604
361.63742 -2.3849587
366.07587 -2.3993413
369.83273 -2.4121833
373.01224 -2.4269059
375.62122 -2.4433672
377.70917 -2.4616964
378.19473 -2.4822142
378.22122 -2.4996083
375.74402 -2.5138927
372.14044 -2.5273635
367.0226 -2.5340643
361.6941 -2.540689
355.01642 -2.5482576
349.7609 -2.555303
344.78485 -2.5665927
339.9742 -2.5777056
333.39407 -2.5825922
326.51468 -2.5812683
319.31592 -2.581898
313.17636 -2.5817242
306.41815 -2.5863338
300.38657 -2.5934646
292.15942 -2.600287
283.75845 -2.6030495
277.2549 -2.6058154
270.21927 -2.6075895
263.0347 -2.6090753
255.79382 -2.6186972
249.38176 -2.6232624
243.07556 -2.6273696
235.88902 -2.6296263
229.01117 -2.6278036
221.62674 -2.6245074
214.6982 -2.6327271
208.73418 -2.644381
199.93933 -2.6545136
191.85677 -2.6558638
182.96313 -2.6547995
174.02719 -2.6536205
166.19078 -2.662746
158.01698 -2.669762
153.05858 -2.6754284
147.47227 -2.6789355
141.6298 -2.6821716
136.54819 -2.688209
126.736084 -2.7031696
116.56846 -2.7114744
111.25027 -2.709137
105.83338 -2.7064583
100.13689 -2.7107818
94.35213 -2.7175434
89.20964 -2.7308745
78.8609 -2.7811446
73.106735 -2.79784
67.42638 -2.8146977
61.72134 -2.8347719
56.354946 -2.8418245
50.995758 -2.8503475
45.65107 -2.8608308
41.248688 -2.880629
33.514233 -2.9421403
25.129337 -2.9960485
17.679605 -3.1054049
11.129782 2.9286466
8.077249 2.5437376
13.069352 -3.1071813
19.226103 -3.023944
24.094717 -3.0398157
29.608706 -2.990846
34.69503 -2.9839807
41.703358 -2.9667659
49.91959 -2.955199
57.831997 -2.9775815
64.232414 -2.965408
69.312485 -2.9639595
76.19748 -2.9642878
84.26853 -2.9694011
93.2494 -2.966437
97.399155 -2.9720206
104.59508 -2.9662535
112.8013 -2.9611945
120.8312 -2.9649491
128.86447 -2.9682312
137.10802 -2.9638667
144.33603 -2.9588194
152.2205 -2.967083
160.11646 -2.9757707
169.10469 -2.979853
177.18802 -2.9804578
183.11638 -2.9857178
190.01941 -2.991424
197.9209 -2.997462
202.66873 -3.0008612
206.92026 -2.9998662
210.92014 -3.0016189
216.78918 -3.0054321
220.8119 -3.0079277
228.73247 -3.0125825
237.53517 -3.0173888
242.17418 -3.01978
246.46616 -3.0219114
254.39545 -3.0256588
262.1259 -3.035776
269.9791 -3.0425992
274.65118 -3.045215
278.76733 -3.0502422
284.58844 -3.0582023
291.46664 -3.0645523
299.2879 -3.0723329
305.46332 -3.0779257
311.36267 -3.0823486
317.58267 -3.0866616
323.25174 -3.0907214
328.13937 -3.0975766
333.18277 -3.1042461
337.96042 -3.1087692
341.94623 -3.1106267
347.6938 -3.1144314
352.41333 -3.1204677
358.77014 -3.1359549
362.74197 3.1326923
366.136 3.1189897
366.31158 3.103258
366.4972 3.0917733
366.78906 3.0777767
365.1106 3.0651715
363.73712 3.0527608
360.24924 3.0376012
355.8525 3.028202
351.86874 3.0212052
346.44785 3.012746
341.3654 3.0026872
336.2494 2.9938095
331.51352 2.982531
326.51163 2.9769719
321.1665 2.9678922
316.44498 2.9620652
310.94705 2.9555867
306.0107 2.9492247
301.1224 2.9460618
297.37964 2.94014
292.50436 2.936735
287.79126 2.929781
282.15326 2.9254823
276.07657 2.9206474
270.258 2.915809
265.1718 2.9114008
260.40466 2.9071085
256.0537 2.9030473
251.09364 2.898241
245.55281 2.888434
241.66476 2.8842695
237.25392 2.8690772
234.57756 2.8433173
236.39543 2.819245
243.52498 2.8059518
250.60278 2.797733
257.8458 2.7883248
265.5762 2.7749329
273.33395 2.7623281
278.8042 2.75191
284.77472 2.7378585
289.77203 2.7327929
297.65906 2.7223284
305.86404 2.7163339
311.0358 2.712817
318.26825 2.7029674
323.34335 2.696654
329.4439 2.6861632
334.90518 2.679988
340.45172 2.674521
346.98657 2.6683164
351.94293 2.6595626
358.16003 2.6505504
364.1553 2.643
369.37817 2.6300676
371.98672 2.621572
376.1146 2.6093907
379.20276 2.5957196
381.33557 2.582923
382.02954 2.5654395
381.4202 2.548288
380.17032 2.5305524
379.44562 2.5162704
376.33575 2.4995108
373.63712 2.4907417
370.19043 2.480216
364.91177 2.468907
359.2943 2.4661837
352.90387 2.466174
346.5051 2.4661665
340.09793 2.4661613
334.34116 2.4638155
329.96246 2.460946
325.9692 2.4559712
320.18634 2.4492424
313.72394 2.4404027
307.12637 2.4307418
301.0936 2.4222176
294.87302 2.4205658
288.49326 2.419543
282.0979 2.4184773
273.93356 2.415176
265.9415 2.4135733
258.06146 2.4085665
253.39516 2.403965
246.46262 2.3988218
239.5181 2.389089
230.97484 2.3841553
221.74336 2.3757682
213.23453 2.3699164
205.47748 2.3670392
198.92964 2.3628848
191.83978 2.3503373
185.54488 2.3367333
179.4646 2.3174639
173.2 2.3038018
166.89923 2.2976074
160.58711 2.2908812
152.71933 2.2816541
144.54755 2.268939
136.26212 2.2532635
128.60275 2.2415645
122.23094 2.225269
116.97506 2.211877
108.239655 2.191743
99.30208 2.1695755
89.67092 2.135314
81.771416 2.0957437
74.853745 2.0684347
66.68312 2.0208008
57.050453 1.9478911
46.95472 1.8528391
42.048435 1.7873966
37.07009 1.6923355
37.07009 1.6923355
