Mouse
28
224.81708 -2.6493099
224.73349 -2.6692028
227.41391 -2.685038
229.72488 -2.7044373
232.93985 -2.7155967
235.7815 -2.730332
239.45332 -2.73701
242.74956 -2.7472832
246.4474 -2.7535186
250.15453 -2.7595694
253.87056 -2.7654433
257.23474 -2.7747712
260.62076 -2.7838576
264.62872 -2.7975533
268.06683 -2.8060982
271.847 -2.8109426
275.31482 -2.8190951
278.80048 -2.8270442
282.00293 -2.838177
285.23953 -2.8490586
288.78894 -2.8563685
292.08044 -2.866793
295.6661 -2.8737192
299.26562 -2.8804796
303.84634 -2.8879073
308.44336 -2.895114
312.82022 -2.9052143
315.80914 -2.9204946
317.8916 -2.9348414
320.03867 -2.9489985
321.26495 -2.962411
321.56238 -2.9752057
321.91232 -2.9879746
322.31464 -3.0007138
321.65067 -3.0161052
321.17456 -3.028462
319.65338 -3.0436513
317.2944 -3.0555813
313.9115 -3.07063
311.65668 -3.0829778
309.45007 -3.0955033
307.2927 -3.108207
306.18542 -3.121155
302.12988 -3.1341214
298.12656 3.135747
293.15982 3.125414
290.285 3.1080236
286.4051 3.097086
284.61435 3.0827327
283.9551 3.0649467
283.3861 3.0470834
282.79742 3.032668
282.3926 3.014681
281.93665 3.0001583
281.54037 2.9855914
281.37546 2.967484
282.09592 2.9535184
283.8508 2.9403334
284.6774 2.9265656
286.5317 2.9136713
290.6141 2.8992434
294.75537 2.885218
299.91687 2.872473
303.8878 2.8624086
308.5648 2.856635
313.53967 2.847978
317.58276 2.838656
322.60458 2.8305202
326.6977 2.8216746
331.13977 2.8101904
335.62436 2.7990115
340.14975 2.7881286
343.42435 2.779217
347.0896 2.7677896
351.17603 2.7539632
354.93875 2.743051
357.4279 2.7338226
361.26666 2.7233124
364.2352 2.7118835
368.15512 2.7017999
370.77673 2.6931865
373.86768 2.6822944
375.65808 2.6727498
377.48236 2.6632965
379.34006 2.6539352
380.83075 2.6411057
379.77298 2.6244998
377.45096 2.6087387
376.93164 2.5955544
376.478 2.582336
374.7081 2.5698855
372.44617 2.5595584
369.66696 2.5513504
366.91302 2.5430183
363.36407 2.5329912
359.2732 2.5250344
356.60165 2.5162604
352.55997 2.5079587
349.34448 2.5011792
345.34818 2.4925282
342.1701 2.4854622
337.4358 2.4746144
331.96417 2.4615695
329.4992 2.451576
324.89426 2.4398203
321.84982 2.4317968
317.32294 2.4194744
314.33243 2.4110632
312.0391 2.4001224
307.6409 2.38695
304.71167 2.3733182
301.84802 2.3641095
299.0159 2.3499956
295.52374 2.3379579
292.80463 2.323294
288.73706 2.308124
286.8111 2.2954557
284.17538 2.2849164
281.69116 2.2691777
280.05478 2.250911
278.51288 2.232436
278.46707 2.2144825
280.49487 2.20022
281.4291 2.1803625
283.031 2.16358
285.55078 2.145083
287.3177 2.128753
289.67728 2.1155846
292.4442 2.0979497
294.42798 2.0823085
296.00812 2.0639093
298.6072 2.0516682
301.70343 2.0425968
304.82397 2.0337107
307.96808 2.025005
311.1351 2.0164762
313.90207 2.0052338
316.29846 1.9913069
316.52286 1.9771906
317.7345 1.9618939
318.6541 1.943798
319.09003 1.9298397
318.64706 1.916984
316.9854 1.9021456
315.7068 1.8901646
314.47385 1.8780879
311.37415 1.867786
308.02707 1.854164
305.00613 1.8434056
299.8309 1.830937
293.9816 1.8221631
287.91757 1.8096619
281.9005 1.7966249
276.91107 1.782261
272.17792 1.7709764
266.31216 1.7563093
261.8368 1.747866
257.2151 1.735297
253.4757 1.7177747
248.82477 1.7002503
246.35304 1.6851968
241.85051 1.6665448
237.43527 1.6471924
234.16891 1.6311375
231.96367 1.614444
229.82428 1.5974349
228.75256 1.5800705
227.75047 1.562548
226.81894 1.5448761
229.95502 1.5278245
233.15616 1.5112364
235.42258 1.4947808
237.84564 1.4744567
240.36494 1.4545505
243.96834 1.4356195
247.6566 1.4172459
251.25739 1.4033389
257.05347 1.3874012
261.54294 1.3789122
267.0307 1.3714546
272.73953 1.3607091
278.0482 1.3574244
282.82108 1.3465966
286.65356 1.3353182
291.49136 1.3251758
296.35822 1.3153656
300.28766 1.3050011
304.24854 1.2949055
308.2396 1.2850705
313.8027 1.2703176
317.22058 1.2571276
319.74545 1.2432177
321.0548 1.231421
323.69193 1.2178832
325.4539 1.2034664
325.42752 1.1869192
324.17993 1.172012
323.00494 1.1569929
320.16525 1.1462497
317.78625 1.1324623
315.90692 1.1156224
313.22803 1.0971338
310.13644 1.088381
307.13913 1.0721753
304.1172 1.0629973
301.61703 1.0507542
298.15247 1.0440875
295.72363 1.0314413
292.49197 1.0167942
290.16742 1.00368
287.89355 0.99035615
285.67163 0.9768227
283.5028 0.96307963
282.55783 0.9433734
282.32742 0.920717
282.40457 0.9030114
283.34503 0.8875551
284.3527 0.8722048
286.83752 0.8566139
288.64612 0.8389853
292.5947 0.81407404
295.33194 0.79943913
298.839 0.787443
301.68866 0.77336043
306.01077 0.7596635
308.97556 0.7461719
314.89673 0.7289252
317.89145 0.72054404
320.90808 0.71231985
325.3556 0.70460176
329.822 0.69709224
333.5357 0.6916917
337.25888 0.6864103
340.36246 0.6789621
346.45688 0.66852003
349.60464 0.6614282
353.56357 0.6527416
357.54858 0.64424807
362.57938 0.6304472
365.23465 0.6217793
368.98227 0.6079013
373.62848 0.5928062
376.68427 0.5809865
378.18304 0.56267726
379.99472 0.5503839
381.86328 0.538209
381.9207 0.522941
382.06708 0.50768113
380.54114 0.4949213
379.54236 0.4843953
378.5858 0.47381493
376.77747 0.46436802
375.00308 0.45483083
372.40625 0.44035685
369.39304 0.42926615
366.42603 0.41799447
363.50635 0.40654024
359.32776 0.39340395
355.58472 0.38257262
350.02148 0.37358648
344.48743 0.36431083
340.0376 0.3630065
335.8234 0.35504368
331.03305 0.35074693
326.85266 0.34240767
323.3152 0.32991728
321.09192 0.31914037
316.69754 0.30712143
314.55466 0.29596093
309.9733 0.2802681
307.9265 0.2686829
303.7335 0.25543332
300.80658 0.24424689
295.74167 0.23111242
292.68274 0.21604797
289.89264 0.20404921
288.12677 0.19115737
286.4094 0.17810874
284.74136 0.16490497
283.12357 0.15154794
281.55682 0.13803981
280.91248 0.12040908
280.4601 0.10624959
281.96625 0.08786371
284.63535 0.07293943
287.31018 0.05482098
292.07617 0.0367889
294.93445 0.019472461
298.88364 0.0058308537
302.89606 -0.01075394
309.01724 -0.029961592
316.20013 -0.045104656
321.45587 -0.059942286
323.78845 -0.07498727
326.19327 -0.08981373
328.66873 -0.10442002
330.22034 -0.11916385
331.71115 -0.1307789
332.40015 -0.14569311
333.00436 -0.15757798
332.8404 -0.17288615
331.586 -0.1858075
329.40714 -0.19942442
327.29016 -0.21322007
324.0376 -0.22488101
321.06604 -0.23980449
316.94818 -0.25274613
312.6234 -0.26293996
309.0273 -0.26942912
305.44455 -0.2760708
300.91544 -0.28379738
297.07755 -0.28756747
293.5329 -0.29469934
289.04892 -0.3030342
284.58566 -0.31163108
280.4608 -0.32388526
276.37927 -0.3365033
273.2828 -0.34824446
270.2249 -0.36025304
267.20685 -0.3725347
263.30353 -0.38652167
259.603 -0.3923301
254.46158 -0.40497705
250.79008 -0.4112612
246.12628 -0.42845577
241.58717 -0.43705457
235.70018 -0.45346984
232.55766 -0.46487063
226.32227 -0.4787369
222.77957 -0.48700812
217.9764 -0.5039449
214.97487 -0.51700366
212.51869 -0.53448874
212.03297 -0.55793214
213.33842 -0.576321
215.54428 -0.59188175
222.48753 -0.5979938
227.48247 -0.5989937
233.30367 -0.5975306
239.12534 -0.5961387
243.8591 -0.60280526
247.78384 -0.611527
252.30916 -0.62320197
254.66444 -0.6359565
257.06036 -0.6484754
259.49585 -0.6607612
263.37506 -0.6734199
266.52203 -0.68808514
270.6133 -0.6948097
273.19156 -0.7060573
276.46194 -0.7198196
279.11514 -0.73059565
281.80014 -0.74116755
286.66077 -0.749324
290.12622 -0.75707054
295.78082 -0.7576122
301.4003 -0.76282406
304.87656 -0.7746797
307.68903 -0.78856665
308.4819 -0.8091907
308.73105 -0.83208984
309.04675 -0.8503751
309.46555 -0.868617
309.21262 -0.88475996
308.2571 -0.89891094
310.16928 -0.91198534
311.73633 -0.9319515
313.1953 -0.94725704
312.5145 -0.96138513
312.44333 -0.9844616
312.23 -1.0031182
309.89767 -1.0211786
307.82712 -1.0322595
303.92676 -1.0475198
301.0763 -1.0573682
298.25558 -1.0674036
295.46548 -1.0776297
293.59296 -1.0896308
290.41956 -1.1109987
288.23557 -1.1265447
286.53918 -1.1391497
284.4836 -1.1551139
282.11414 -1.174572
280.59464 -1.1877234
280.05685 -1.2023062
279.57883 -1.2169418
279.44733 -1.2395645
280.07288 -1.2553931
283.57382 -1.2631212
287.38855 -1.2673364
291.20822 -1.271441
295.03268 -1.2754393
299.53482 -1.2834922
302.0122 -1.3031236
306.30038 -1.3271979
309.48297 -1.339723
313.68933 -1.3526833
316.76495 -1.3677448
320.48608 -1.3733178
324.21698 -1.3787628
327.95728 -1.3840839
331.7066 -1.3892847
333.96527 -1.4026872
338.5718 -1.4109821
344.32864 -1.3989567
348.44086 -1.398092
352.38202 -1.4000427
355.83267 -1.4102614
359.31973 -1.4202827
363.12802 -1.4246571
367.5221 -1.4374063
371.35672 -1.4415077
374.9528 -1.4508175
376.48322 -1.4620018
378.06033 -1.4730942
377.52228 -1.4889122
378.1439 -1.502307
377.8912 -1.5128676
377.68073 -1.523441
378.4765 -1.5367625
380.33893 -1.5500803
381.27704 -1.5606236
382.27008 -1.578962
383.34335 -1.5919838
383.48187 -1.6050197
383.6855 -1.6180439
382.89688 -1.6286025
381.15344 -1.6393827
379.53546 -1.6528873
377.89297 -1.6638709
375.3019 -1.675226
368.9053 -1.6906843
361.47473 -1.704318
356.93716 -1.7145132
351.44955 -1.7254065
347.8149 -1.7328591
344.19998 -1.7404689
339.98093 -1.754549
335.83096 -1.7689803
332.3144 -1.7772509
329.03577 -1.7886671
322.88025 -1.8024253
318.48795 -1.8121414
314.8488 -1.818262
310.5071 -1.8284514
306.19858 -1.8389286
301.92465 -1.8497036
297.68677 -1.8607868
294.44156 -1.8711804
291.22888 -1.8818046
287.10132 -1.8937663
283.96057 -1.9049164
282.82373 -1.9250975
281.43863 -1.9421264
281.98785 -1.9566319
281.1491 -1.9771258
281.33966 -1.9962617
282.10898 -2.0106401
282.93625 -2.0249374
283.82104 -2.0391483
285.649 -2.0516438
287.521 -2.0639787
289.9216 -2.07917
294.12204 -2.0907104
296.63782 -2.1053393
300.06952 -2.11798
303.5481 -2.1303332
306.77502 -2.1469097
309.80542 -2.1559787
312.59497 -2.1693127
315.43912 -2.1824088
317.75272 -2.1927154
320.0996 -2.2028718
322.47906 -2.2128797
324.52606 -2.2313778
326.99564 -2.2410374
327.1675 -2.256315
325.12836 -2.277523
324.07117 -2.2925787
323.0225 -2.312102
320.72174 -2.3272293
319.19366 -2.344817
317.06345 -2.3648124
314.9927 -2.3760943
312.23447 -2.3853316
308.14813 -2.3994956
306.20328 -2.4113312
302.23395 -2.4261217
299.62527 -2.4361982
295.63913 -2.4468818
293.09457 -2.4573665
289.1775 -2.4685795
284.50934 -2.4779398
282.06293 -2.4891112
278.25293 -2.5012076
275.88153 -2.512834
271.91925 -2.5204053
267.97302 -2.5282
264.86646 -2.5383756
260.67587 -2.555155
256.80606 -2.563819
252.11421 -2.5706105
247.4344 -2.5776591
240.54105 -2.5841165
236.73921 -2.5939853
232.1027 -2.6019695
227.4816 -2.6102786
224.61205 -2.6233768
221.78204 -2.6368115
221.78204 -2.6368115
