Finger
10
191.76395 2.736976
186.80489 2.6761353
185.01584 2.645506
182.19556 2.6041756
180.5954 2.5663023
180.32259 2.53859
180.02928 2.5101771
182.2359 2.4847734
183.19456 2.45619
184.95338 2.4336023
187.14911 2.4105284
187.25188 2.3722446
189.11319 2.345863
190.75061 2.3230488
192.54164 2.2945569
194.39082 2.265398
196.37311 2.2380495
198.52257 2.2104666
201.53926 2.1801941
204.48877 2.158378
207.89189 2.1304145
211.12747 2.1097822
215.30074 2.0875258
217.85164 2.0611014
219.66429 2.0270493
221.46552 2.0021756
222.7128 1.9701289
224.16772 1.9386568
226.86572 1.919934
230.96194 1.8942436
235.96857 1.871591
237.19687 1.8476542
239.26793 1.8147949
241.73735 1.7860955
242.96178 1.7677308
243.91777 1.7465487
245.80786 1.7258158
246.4267 1.7004268
246.80171 1.6790009
247.15768 1.6512841
246.79457 1.6303165
246.51012 1.6059818
246.38596 1.5859828
248.17772 1.5654918
248.43175 1.5460987
247.61551 1.5250766
247.19913 1.4974107
247.4555 1.4765592
247.20105 1.4486184
246.75311 1.4313849
245.85303 1.4020427
244.31726 1.3795438
243.85019 1.3582685
240.33946 1.333793
238.47678 1.3114214
234.31825 1.2855111
230.47081 1.2608069
227.56384 1.2353756
224.89337 1.2101462
221.63963 1.176447
218.23056 1.1549973
214.87479 1.1224345
212.17378 1.0951259
209.60002 1.0665582
205.9679 1.040029
203.38147 1.0159969
200.22878 0.9943295
196.12007 0.96226215
193.01294 0.9380877
189.76057 0.9239928
186.43465 0.89681244
185.0234 0.8670816
183.44731 0.8423374
181.84686 0.81785566
180.16724 0.7797954
179.60738 0.74441123
178.51764 0.7124177
177.48578 0.68707865
176.72754 0.6544501
178.0724 0.6010095
179.68607 0.5617402
182.05312 0.5215745
183.86446 0.4803519
185.97667 0.45490646
187.99861 0.42484683
191.52791 0.38817573
195.94048 0.36317545
199.58267 0.34318912
202.32056 0.3205227
205.22147 0.30040538
208.68347 0.2697917
213.09024 0.24074812
215.13708 0.21908055
218.41046 0.19591549
222.21791 0.17075467
227.13274 0.14591312
230.90471 0.12925215
236.28288 0.09550714
239.39624 0.07534608
243.30739 0.05248464
245.84142 0.034758404
249.98534 0.01511279
253.93906 -0.004735944
258.0969 -0.03476033
261.6156 -0.058141712
264.8648 -0.083130226
267.40146 -0.10476675
270.09012 -0.119473256
273.7013 -0.13634853
278.5714 -0.16205114
281.97653 -0.1852195
283.61313 -0.20107688
285.49277 -0.21507472
288.09235 -0.23535916
290.45435 -0.25722536
292.0143 -0.27365184
294.643 -0.29227632
295.82544 -0.30527985
299.26685 -0.32972196
301.33963 -0.3492654
303.3534 -0.36705896
303.98138 -0.38132313
305.25266 -0.4000653
307.73447 -0.41872612
310.54904 -0.43864623
312.79858 -0.453734
313.2386 -0.47086298
313.46536 -0.4852598
314.0974 -0.50825435
314.23557 -0.53454405
314.99887 -0.5583143
315.17834 -0.5813828
315.31732 -0.60873985
313.78168 -0.63474995
313.07455 -0.6594321
312.17383 -0.690495
310.22787 -0.7178635
309.6633 -0.7411348
308.18665 -0.76330453
305.45715 -0.78674257
301.3096 -0.81021565
299.2974 -0.8221998
295.99088 -0.84831345
294.35062 -0.87028927
292.70343 -0.8931936
289.49713 -0.91825503
287.43906 -0.93353826
285.7457 -0.9475747
284.2474 -0.9611275
281.41483 -0.9885073
279.5116 -1.0138143
277.09705 -1.0420955
274.90988 -1.0708375
272.96094 -1.0999608
271.7827 -1.1233991
269.45047 -1.1438074
267.6452 -1.1683098
266.47803 -1.198843
264.64236 -1.2281145
263.54065 -1.2519127
261.72733 -1.2736131
259.5604 -1.3022121
257.5598 -1.3320557
255.80244 -1.3621476
254.57065 -1.3863908
253.5418 -1.4095914
252.64886 -1.4330139
251.89604 -1.4565706
251.21497 -1.4833245
250.7008 -1.5111196
251.1767 -1.5351042
254.25327 -1.5669065
256.34586 -1.5981718
256.7489 -1.6331577
258.36447 -1.6637521
260.2209 -1.6940062
262.05954 -1.723833
263.06778 -1.741428
263.82452 -1.7573406
264.79614 -1.7758728
266.76685 -1.7923437
267.74838 -1.8080703
269.9287 -1.8251226
271.1725 -1.8422064
272.54523 -1.8597537
275.2549 -1.8794762
277.7631 -1.8955493
280.67963 -1.9147114
282.40512 -1.9313843
284.2887 -1.9485646
286.46982 -1.9673097
288.51498 -1.9839116
290.89984 -2.0022328
293.4528 -2.0207586
294.76227 -2.0374622
296.0167 -2.0513554
298.71194 -2.0770347
301.81195 -2.101836
304.43225 -2.1273572
306.6387 -2.150823
308.3106 -2.1706548
309.29062 -2.1921186
310.4118 -2.213443
310.10245 -2.2385485
310.53284 -2.2696083
310.08054 -2.2973776
310.2417 -2.3231175
311.48337 -2.3539217
313.75558 -2.387765
314.97092 -2.4213233
315.76593 -2.4525623
316.6928 -2.4792297
316.42664 -2.5023208
317.77042 -2.5286987
318.22772 -2.56016
319.5249 -2.5887487
318.85254 -2.6166108
318.42715 -2.644712
317.36328 -2.6713398
316.925 -2.6881027
315.98907 -2.703459
314.82275 -2.719106
313.7977 -2.7324047
312.06952 -2.7474325
311.47653 -2.760567
308.59525 -2.7845967
308.16037 -2.797892
305.56268 -2.8224926
303.147 -2.847566
299.4899 -2.8682454
295.9425 -2.8866696
294.0942 -2.908521
292.47528 -2.9212573
290.63428 -2.9339957
285.15503 -2.9585795
280.0254 -2.9805264
273.29227 -3.0024316
269.42996 -3.0191166
263.597 -3.0469148
258.05692 -3.0720007
252.65617 -3.098385
245.75336 -3.1214223
237.73741 3.1330855
229.88454 3.1011221
223.98451 3.0732439
217.76355 3.0436804
211.37025 3.0169218
204.31836 2.9829793
201.00371 2.9613895
196.5033 2.9156747
194.52997 2.8921485
191.36531 2.8540568
188.65968 2.8122656
184.45921 2.7800264
180.4629 2.7358022
178.25262 2.6824608
177.37515 2.6403236
176.3847 2.604584
175.62457 2.5685577
175.76746 2.536636
175.76746 2.536636
