Finger
24
125.80243 1.8897703
135.33762 1.8665891
140.39473 1.8556305
144.46039 1.8474
152.1708 1.8330446
159.62994 1.8140706
163.34682 1.8036752
170.90717 1.7857474
175.2859 1.774475
179.31232 1.7655516
184.41637 1.7587439
190.32751 1.7528403
196.0374 1.7423083
200.78714 1.7331697
207.4429 1.7192928
212.20695 1.710088
217.11414 1.7069199
221.70738 1.699539
228.41022 1.6869317
234.13478 1.6754974
240.00215 1.6572878
245.9451 1.639886
250.13805 1.6187451
253.17558 1.5974942
255.3565 1.57766
252.69792 1.547281
248.90787 1.5227462
245.55484 1.4954796
240.72787 1.4753971
235.06108 1.458919
229.71756 1.4421839
224.15895 1.426499
218.4002 1.416994
211.69978 1.4073057
207.72899 1.4041516
200.3806 1.39798
196.0852 1.3889785
190.9474 1.3840294
186.03816 1.3790405
180.14668 1.3726873
174.27873 1.3659238
167.66652 1.3577222
162.57448 1.3509406
156.73335 1.3426045
151.10916 1.333952
145.27365 1.3242446
140.22844 1.3151793
134.6399 1.3043165
130.36603 1.2953564
136.57285 1.2642908
142.55089 1.2426499
147.60632 1.2165627
151.77357 1.197691
155.91351 1.1762944
163.12521 1.1581545
169.92378 1.1514555
175.76048 1.1430519
181.83124 1.1264868
187.6357 1.1115586
193.44002 1.0975951
200.3554 1.0827944
207.4103 1.0723945
214.18135 1.0751077
219.92702 1.0723549
225.65994 1.0699002
231.33679 1.0641893
238.4838 1.052557
244.42656 1.042925
251.0768 1.0353081
258.79315 1.0305362
266.42416 1.026717
274.7973 1.0198458
282.7598 1.007972
290.7266 0.9968179
299.2904 0.9834567
306.33228 0.97833246
312.29245 0.9787339
318.8245 0.9752028
326.83228 0.97270316
334.58835 0.9601834
341.84967 0.95019305
347.3055 0.9393247
355.60532 0.931256
360.20016 0.9234433
365.2894 0.91414416
370.4823 0.9044121
374.14203 0.89249754
375.5919 0.87775487
376.31613 0.8646472
377.74146 0.85216117
376.94623 0.8315453
376.11343 0.81134206
373.04453 0.7989824
371.5995 0.78089106
370.25418 0.76560193
366.4922 0.7499739
363.5943 0.7340496
359.24295 0.71965635
352.55164 0.70994115
345.4891 0.7038592
338.81058 0.69429636
331.7999 0.6876497
326.15256 0.6820638
320.06482 0.67738736
313.2273 0.67047554
307.24142 0.6601151
300.3666 0.6536687
293.66412 0.64632875
286.74066 0.6374024
281.52823 0.62557214
276.4909 0.6111469
273.37842 0.60126007
269.1456 0.5861443
266.2915 0.5698006
263.51587 0.55314296
263.0744 0.531996
265.089 0.49935687
269.3174 0.47294644
273.10074 0.44958863
275.91565 0.43614417
281.10242 0.41936943
287.71518 0.40241194
292.98373 0.3902726
296.8712 0.37763935
301.59344 0.3651029
306.97403 0.3541857
313.01154 0.34366998
318.865 0.33710814
324.06033 0.32893634
330.07675 0.32203463
336.40717 0.3126395
340.86063 0.30534405
344.85138 0.2959866
348.43454 0.28801495
353.5927 0.2795979
357.8203 0.27299577
361.2195 0.25456333
363.3319 0.24096958
365.144 0.22629893
367.9058 0.21008277
370.12524 0.19744514
368.1478 0.18229787
365.55832 0.17211623
361.9133 0.1601995
356.20676 0.14858146
351.53665 0.13619435
345.94586 0.12386516
339.39978 0.11141892
332.82477 0.0955305
325.3469 0.079262085
319.06277 0.06822572
312.08496 0.056970894
303.9223 0.04858419
295.8239 0.039798785
288.74594 0.033054247
282.73642 0.030221207
274.6943 0.028245823
266.68536 0.02454397
259.68576 0.021356875
252.64713 0.014900885
244.65334 0.010415066
236.64305 0.010767627
228.65088 0.0033548581
222.65002 -0.0010586921
216.66661 -0.0020752912
208.7046 -0.0069421763
199.9141 -0.012245861
195.7281 -0.016474754
187.75456 -0.023684904
179.80753 -0.030291127
171.08774 -0.03767933
166.90059 -0.044617116
161.93225 -0.045986995
154.03067 -0.059890248
147.13751 -0.07102619
141.41441 -0.093502685
135.65912 -0.12716557
130.30797 -0.16342558
127.6108 -0.20861876
128.0696 -0.24177574
134.07077 -0.2519577
140.27689 -0.26634008
145.26329 -0.27320394
153.04773 -0.28597718
160.17912 -0.29896802
165.84306 -0.3073821
173.5154 -0.31756198
179.8629 -0.32777622
186.69554 -0.3436404
191.97621 -0.3525675
198.54857 -0.36781877
205.30318 -0.37863457
211.54121 -0.38856867
219.68617 -0.40669072
225.78549 -0.42151102
229.46272 -0.4359512
234.7235 -0.4560298
237.76361 -0.47688627
240.61256 -0.49057922
242.95279 -0.5083194
240.96167 -0.5314226
236.95352 -0.5524784
232.42001 -0.56964624
228.02727 -0.58203375
223.6203 -0.60046464
220.2922 -0.616396
214.81572 -0.628812
208.95013 -0.63879323
202.96652 -0.6484843
197.4476 -0.6619036
191.65471 -0.673801
187.60178 -0.6827098
183.10297 -0.69572455
177.23915 -0.7087315
171.55928 -0.72362477
164.53308 -0.73716617
159.88458 -0.74563766
154.92882 -0.7500128
147.47046 -0.7507489
140.37047 -0.7590454
134.54807 -0.7591161
128.15904 -0.7743328
125.743225 -0.81077904
128.62177 -0.86534196
132.67273 -0.88134927
137.29031 -0.8924068
143.0412 -0.89798397
149.96475 -0.90708876
158.58746 -0.9194359
166.39479 -0.924985
173.16388 -0.93281436
179.7418 -0.9512527
185.61218 -0.96056044
192.73189 -0.96887404
196.79727 -0.97685564
201.26714 -0.98149586
207.39929 -0.9939106
214.25888 -0.99806297
222.36621 -1.0015745
229.04498 -1.0027087
233.87169 -1.0102149
241.84079 -1.0138304
247.4094 -1.0123143
254.52585 -1.0194318
260.89108 -1.0254368
267.71515 -1.0321616
274.0945 -1.0375714
279.93784 -1.0425851
285.9677 -1.0498676
292.3434 -1.0584217
298.93753 -1.0669754
305.31253 -1.0728735
309.54868 -1.0784681
315.72638 -1.0889341
321.71246 -1.0951518
328.18845 -1.1018808
334.8971 -1.1086744
338.34 -1.1163013
343.99564 -1.1275009
348.42606 -1.1342593
353.66803 -1.1442674
357.80106 -1.1525671
362.6441 -1.1614989
366.88245 -1.169464
371.06146 -1.1771549
375.03458 -1.1866072
377.87527 -1.1982197
380.1501 -1.2195348
381.17798 -1.237237
381.4698 -1.2513174
380.74567 -1.2657365
379.05078 -1.2802726
377.7162 -1.292334
375.36667 -1.3071232
371.89655 -1.321329
368.26288 -1.3361375
363.23868 -1.3497787
357.0842 -1.3630816
350.01248 -1.3763024
343.59097 -1.3844725
337.55725 -1.3961376
331.20258 -1.4049894
325.40598 -1.4144348
319.88574 -1.4242903
314.36832 -1.4345617
307.98422 -1.4423503
302.76428 -1.4467745
295.4976 -1.4531293
290.4023 -1.4553267
285.46176 -1.4603622
279.9118 -1.4689295
275.6382 -1.4782673
269.4359 -1.4864141
264.07825 -1.503656
260.55753 -1.5219463
258.3718 -1.5398668
261.0131 -1.5602831
263.62308 -1.57789
268.20587 -1.5945917
273.02252 -1.6165388
278.4235 -1.6260065
282.66553 -1.639751
289.3478 -1.6589295
296.73593 -1.6719424
301.55673 -1.6811543
308.99728 -1.6915499
315.7429 -1.6976635
322.7556 -1.7081796
328.24002 -1.7181228
332.31824 -1.728514
337.07773 -1.7412906
342.81573 -1.7561476
349.8899 -1.7669256
356.31592 -1.7747355
362.45438 -1.7881342
365.64847 -1.8005325
368.6711 -1.8156978
370.26562 -1.8271023
372.271 -1.8379456
373.62292 -1.8498545
374.35608 -1.86593
375.17697 -1.8818668
374.21643 -1.8975257
370.87946 -1.9205755
366.8863 -1.9361889
363.47235 -1.9515578
359.04623 -1.9655693
354.01483 -1.9752965
349.21915 -1.9866155
343.82553 -1.9943823
338.58914 -2.0013664
333.1692 -2.0088513
327.77225 -2.016578
321.90054 -2.0218625
316.4379 -2.0240955
311.38763 -2.0275319
304.90186 -2.034346
298.68542 -2.0447774
294.7644 -2.0487297
290.74133 -2.0520031
283.64734 -2.0571725
278.85657 -2.0591686
273.86365 -2.0596228
265.35526 -2.0638044
257.24326 -2.0708709
249.39433 -2.078958
245.31148 -2.0835733
239.60167 -2.0837748
233.2969 -2.0880089
226.2402 -2.0956113
217.98553 -2.1030617
213.98906 -2.1085346
210.02277 -2.1142068
203.91107 -2.1210055
199.97197 -2.127205
190.55548 -2.1271024
186.06761 -2.1293485
177.19473 -2.1341257
169.15497 -2.1362345
162.78468 -2.1319647
156.47739 -2.1273115
150.96173 -2.1344624
144.85179 -2.1449463
138.7076 -2.1562774
132.64627 -2.1687474
129.18617 -2.184583
125.83417 -2.2034783
123.15722 -2.2297275
123.14523 -2.290342
124.83156 -2.343528
127.15294 -2.3809474
130.66708 -2.409086
135.62341 -2.4318163
140.08466 -2.4496372
147.32195 -2.4594746
152.2407 -2.4666357
159.36401 -2.4704785
165.48346 -2.475494
170.41833 -2.4787545
176.96693 -2.4842439
185.54765 -2.4859562
193.24599 -2.4907691
197.28387 -2.4981725
204.52892 -2.5078502
211.87001 -2.5159287
217.99881 -2.5184412
227.11362 -2.5154154
235.52591 -2.5150259
243.71146 -2.524249
249.79901 -2.5316358
253.43129 -2.540445
257.13547 -2.5537524
258.2171 -2.5830948
258.7809 -2.6035771
257.6137 -2.6189337
255.28218 -2.6350121
251.89499 -2.6513143
248.6838 -2.667215
244.65323 -2.681628
241.14287 -2.702107
234.5055 -2.7252026
230.78456 -2.737915
225.79506 -2.7477336
221.25435 -2.7588284
214.7714 -2.7717528
208.2039 -2.7800899
203.53873 -2.7924848
197.8709 -2.80679
192.9482 -2.8273792
186.74811 -2.848666
179.75833 -2.86174
172.67442 -2.8740258
165.16708 -2.8864944
158.10768 -2.901039
153.50296 -2.9138968
148.11887 -2.9468255
140.79295 -2.9727192
135.87737 -2.9906342
139.94785 -3.0310557
144.50592 -3.0484548
148.60776 -3.0577822
156.21 -3.0732226
164.13489 -3.084031
170.0641 -3.0919237
175.27502 -3.0934017
179.47461 -3.09453
185.97739 -3.100349
193.9589 -3.103203
201.93062 -3.1096706
207.88351 -3.1153936
213.8683 -3.1161268
220.8324 -3.121456
228.75182 -3.1298466
233.78345 -3.131121
241.7752 -3.1356
248.75539 -3.139785
255.71542 3.136451
262.7617 3.1280923
269.75235 3.1247377
277.80463 3.1152334
285.83163 3.1116989
293.87515 3.1064603
301.94452 3.1000493
310.01593 3.094679
317.09412 3.090096
322.35904 3.0874922
328.21814 3.0827127
334.24445 3.08012
340.75595 3.0783582
345.37186 3.0734057
349.77054 3.068537
354.20935 3.0609663
360.1224 3.049625
364.84357 3.0364192
366.6097 3.023237
368.3579 3.0073485
370.1525 2.9924335
370.97485 2.9783423
371.81754 2.9651139
373.64862 2.9502285
379.10718 2.9321096
378.9716 2.9146535
378.18497 2.9005847
376.89398 2.8861272
373.68753 2.872748
370.33414 2.8640454
366.1394 2.8557165
361.63647 2.8470957
356.5561 2.8383698
352.99615 2.8307562
348.49573 2.8250966
344.42587 2.8157494
339.35175 2.8069217
334.0354 2.7982066
328.72632 2.7891893
322.91803 2.7825663
318.89127 2.7718058
313.5835 2.7645261
307.49857 2.7531686
301.01544 2.744339
294.5819 2.7351582
288.7892 2.729458
282.82452 2.7249362
278.9516 2.7187831
272.79587 2.7086065
266.74585 2.7022398
261.1424 2.6921308
257.18817 2.680367
254.10667 2.6621094
253.09622 2.6393623
252.97708 2.6191127
253.68431 2.598848
255.8812 2.5847776
258.02206 2.5715885
260.5882 2.5564046
264.45932 2.5466259
269.73654 2.5375235
273.03323 2.5279567
278.4294 2.5214968
283.72192 2.5113435
289.51843 2.5015244
294.98883 2.4981077
301.62305 2.485488
307.6393 2.476033
313.23544 2.4688442
318.0795 2.4608984
322.00247 2.4547293
326.11237 2.4452312
330.62238 2.4337046
336.04688 2.42404
340.76413 2.4127092
345.51553 2.4017158
349.7873 2.392618
353.74652 2.386817
358.61682 2.374491
364.1068 2.3659685
368.62408 2.3543477
372.8846 2.3430276
376.47443 2.3337815
378.09634 2.3227959
380.33005 2.3098276
383.24628 2.295929
386.50052 2.279948
386.9238 2.2571228
384.855 2.2422307
381.9403 2.2282987
378.6502 2.2213316
374.11325 2.2141836
370.39722 2.207519
365.02463 2.201402
359.38614 2.1963978
352.81033 2.1889033
347.91028 2.1844676
342.3298 2.1758356
335.61096 2.1663425
331.16895 2.1572444
325.6486 2.150507
318.7591 2.1396847
312.05542 2.1298218
305.0794 2.1178973
295.9168 2.112339
289.72815 2.1050434
282.19235 2.09303
276.12286 2.083872
269.71152 2.071781
261.58032 2.0626893
252.83699 2.0544872
244.9649 2.0481992
236.03569 2.0393019
228.54861 2.0227168
222.34996 2.0062644
215.50719 1.9904306
207.6027 1.9758168
199.95172 1.9650835
193.76001 1.9550339
188.28236 1.9426694
179.7884 1.9283401
174.09363 1.9156249
166.5916 1.900049
158.55074 1.8839675
152.2225 1.8705142
146.42892 1.8577795
146.42892 1.8577795
