Stilus
12
288.59738 2.9867277
284.99957 2.9648905
282.80035 2.9457872
281.6253 2.930124
280.42316 2.9134762
279.87402 2.891414
278.43967 2.8714077
276.22778 2.8473103
273.95853 2.826614
271.88525 2.8035953
271.01093 2.780072
269.5311 2.7523139
269.08264 2.7354295
265.11697 2.7086148
263.00253 2.6795633
261.9871 2.6496682
261.08762 2.6215692
260.69995 2.5939486
260.5408 2.5652745
259.1154 2.5456605
256.3867 2.527152
255.31265 2.4980562
255.20432 2.4729505
257.41556 2.4498944
258.29318 2.4232626
259.32437 2.3957815
259.3171 2.3732967
257.5171 2.3517087
255.32884 2.3244567
255.41663 2.2913504
255.8847 2.267985
258.59583 2.2454214
260.25476 2.2208765
261.88702 2.1971924
261.8954 2.1692436
260.47244 2.1417897
259.91705 2.1239142
260.10184 2.1011233
263.1904 2.0849864
265.3227 2.060498
268.16412 2.0320446
271.07413 2.0031712
274.0021 1.9822345
274.46982 1.9608723
274.0434 1.9422834
273.1724 1.9235716
273.45746 1.90477
275.0715 1.8800548
275.97754 1.8540384
278.02042 1.8250406
281.40485 1.7989304
283.4664 1.7791922
287.81805 1.7520701
290.75174 1.7292358
292.79703 1.7067269
293.17325 1.6832218
293.6302 1.6652404
295.97028 1.6475414
300.49377 1.6231117
303.09308 1.6011838
307.60873 1.5833378
312.09085 1.5610682
316.24246 1.5390211
319.46405 1.5206776
323.0367 1.5031654
325.07343 1.4908941
327.443 1.4790394
329.49246 1.4552215
330.9715 1.4434997
333.06894 1.4200712
334.7969 1.4065647
336.40652 1.392286
337.41083 1.3800495
339.37033 1.3661752
340.37146 1.3524551
341.30936 1.3403977
343.2309 1.317633
345.31857 1.2952329
347.3435 1.2753154
349.1399 1.2588563
350.4542 1.2474288
351.92993 1.2351415
352.7395 1.2202783
353.25555 1.2003499
354.2274 1.1809598
354.8322 1.1689085
355.8055 1.1552256
356.62073 1.1432685
356.7718 1.1210854
353.92865 1.0958588
352.2558 1.0737463
351.15463 1.0495975
351.5268 1.0297295
352.9546 1.0122572
354.6336 0.99949425
356.39066 0.9816998
357.8737 0.9705657
358.55072 0.9501537
358.6552 0.9261916
359.03262 0.90135837
359.6155 0.885091
358.1992 0.8699245
355.68195 0.8557322
355.85068 0.8382612
354.82312 0.8170446
353.49118 0.7938311
352.57928 0.76739544
352.10843 0.74448836
351.21747 0.7237756
350.2672 0.69979584
347.02493 0.67850846
344.2679 0.6553566
341.8668 0.6314322
339.23206 0.61460227
336.6335 0.59833175
334.37888 0.57920283
332.09924 0.56126976
329.99774 0.5406655
327.893 0.5224927
326.44186 0.5084717
328.49768 0.49091154
330.713 0.46955746
332.20102 0.44454852
332.39532 0.42438826
330.48056 0.40976852
328.20972 0.3935355
327.99292 0.37747732
327.55103 0.35509655
325.50702 0.3377561
323.51016 0.31971705
323.34787 0.2978193
322.54218 0.27852142
320.7452 0.2582063
319.21802 0.23942232
316.48193 0.21620713
315.05783 0.1945587
313.91644 0.17515022
312.9612 0.15696716
312.23166 0.14144199
311.55676 0.12531476
309.7661 0.10329919
309.20532 0.08400883
309.53778 0.06381835
309.4648 0.04764289
308.23917 0.0283976
307.12234 0.006393065
307.14548 -0.013838724
305.31848 -0.03618918
301.8217 -0.05711929
299.08047 -0.071060285
293.58954 -0.09212595
290.4409 -0.11649242
287.14688 -0.13982216
284.95065 -0.1593819
283.80963 -0.18143584
282.1697 -0.20346433
280.56958 -0.22720657
279.0215 -0.2499577
276.7789 -0.27510902
275.17776 -0.30645028
272.38742 -0.33357403
269.27756 -0.3517143
265.78906 -0.37429932
263.89313 -0.39671955
263.53522 -0.4146883
262.90787 -0.44415888
262.4293 -0.47487333
259.745 -0.50276804
256.69333 -0.5227724
253.74693 -0.547793
252.32834 -0.583227
251.53728 -0.6150714
253.11958 -0.6438747
253.74457 -0.67284375
252.52704 -0.6981417
249.4207 -0.71923983
247.50978 -0.74683774
245.93465 -0.7752331
245.13724 -0.80642986
246.68422 -0.8243804
249.08012 -0.8547934
250.0773 -0.8886927
249.98026 -0.90957963
249.1883 -0.9323334
248.93228 -0.961279
248.98708 -0.98950875
250.94173 -1.0144304
253.65813 -1.0349147
255.63985 -1.0534526
258.53186 -1.0806266
259.70007 -1.1054329
259.469 -1.1264011
259.18362 -1.1471
259.0028 -1.1678959
259.56772 -1.1929852
259.9209 -1.2108052
259.9394 -1.2426939
259.9762 -1.2669779
259.88507 -1.2947851
261.2351 -1.3202702
261.35297 -1.337145
264.9716 -1.3593643
268.53204 -1.3842279
271.91815 -1.40223
273.9251 -1.4255455
273.44583 -1.4436383
273.95825 -1.4586501
275.5284 -1.4738928
278.00256 -1.4963919
280.52676 -1.524879
282.33383 -1.5436077
286.84818 -1.5607258
290.13486 -1.57873
292.31305 -1.5958009
297.36655 -1.6182634
299.6529 -1.635218
302.01273 -1.6513078
303.62927 -1.6673908
305.96594 -1.683083
306.73795 -1.6992102
307.51437 -1.7174735
308.33597 -1.7345259
310.31668 -1.7524372
311.29684 -1.7688482
312.5297 -1.7876271
313.87286 -1.8062656
313.8643 -1.8194363
314.0539 -1.834308
315.46198 -1.8503753
316.18045 -1.8691314
317.07355 -1.8884093
318.05515 -1.9073145
320.08273 -1.9249775
321.5536 -1.9371476
321.618 -1.9531356
323.12997 -1.974
323.95984 -1.9929357
325.3856 -2.012043
327.1 -2.0299542
328.99066 -2.0480995
329.22092 -2.0677676
329.0171 -2.0853882
328.5682 -2.1073563
328.61316 -2.1256497
330.80902 -2.1423397
332.24478 -2.1545038
335.54803 -2.1692445
339.41714 -2.1857631
344.06726 -2.204646
348.39267 -2.221348
350.50555 -2.2420328
352.58258 -2.2628584
351.99377 -2.282803
351.0595 -2.300237
350.4303 -2.31726
350.36096 -2.3439767
350.97217 -2.363456
352.8675 -2.3750794
355.27286 -2.3864756
356.33463 -2.4007382
354.90482 -2.4188101
352.78867 -2.433309
349.86478 -2.4485974
348.5246 -2.4703887
348.2976 -2.4933922
351.26053 -2.5060012
353.0114 -2.5332327
353.47202 -2.5510054
353.58176 -2.5674055
352.98068 -2.5806525
352.05493 -2.595657
351.64905 -2.615626
352.46997 -2.6388688
351.80637 -2.6604924
349.4234 -2.6881185
348.17584 -2.702223
347.97308 -2.7154093
348.13654 -2.7294343
346.86172 -2.7508698
346.04434 -2.765012
345.07742 -2.7806866
344.03076 -2.79732
342.8521 -2.8092806
342.51364 -2.8212917
341.41714 -2.8408413
340.4135 -2.8674636
339.67972 -2.879617
338.40533 -2.8940504
337.05927 -2.9103806
336.0904 -2.9229624
334.8988 -2.9396002
334.01154 -2.9530113
332.0565 -2.9684408
330.09058 -2.985792
328.22043 -3.0034504
326.5443 -3.019033
323.77872 -3.0396383
322.3396 -3.0538163
320.92258 -3.0699744
318.82642 -3.087573
317.58182 -3.1039617
316.4268 -3.1219094
315.38507 -3.135269
313.38245 3.135169
310.27414 3.109298
308.74362 3.0929563
308.01566 3.0774832
305.3256 3.0628736
303.7713 3.0459654
301.1993 3.0317948
298.06528 3.0136874
292.20718 2.9872534
289.1778 2.9702222
285.40317 2.949428
285.40317 2.949428
