Finger
26
3.5674818 0.7955362
11.936575 1.5114883
16.112661 1.5397978
21.117783 1.5944449
29.111433 1.6146578
35.35695 1.6131799
39.353905 1.6088731
46.138657 1.6249392
53.165657 1.6177773
61.133896 1.6116501
67.12409 1.6080025
72.32424 1.6053263
76.33839 1.6035099
82.31431 1.6011342
89.10335 1.598822
96.10269 1.5967804
104.15145 1.602591
109.32056 1.6027778
114.313774 1.6013803
121.084404 1.5996697
129.11195 1.597874
137.0973 1.5962965
145.07532 1.5948939
152.07759 1.5937842
161.07126 1.5925004
165.83743 1.5918766
170.05748 1.5913534
178.04796 1.5848203
184.23592 1.5843493
191.9853 1.5744793
195.98999 1.5733442
204.03706 1.5634538
209.02193 1.567533
213.97644 1.5684625
222.00633 1.5685469
230.78572 1.5686325
235.80714 1.5652369
241.00446 1.5611992
245.99275 1.5573717
250.00928 1.5535827
257.0786 1.5385534
265.15555 1.5312359
273.33502 1.5184766
281.50714 1.5086685
289.7241 1.497274
293.88797 1.4914582
301.17554 1.4801037
309.51898 1.469584
317.89835 1.4596134
325.33054 1.4497701
331.61987 1.4430174
338.30066 1.43358
344.92407 1.4220895
352.44968 1.410496
358.3624 1.3990643
364.13724 1.3883569
368.83057 1.3792194
375.80322 1.3701289
379.84375 1.3557279
383.30142 1.3413773
384.46054 1.328805
385.7226 1.3158867
384.0919 1.3016189
381.1681 1.2832047
378.4867 1.2700157
375.422 1.2542838
371.20267 1.2357266
367.8012 1.2207884
361.96228 1.2031621
358.66074 1.1958915
352.9502 1.1834116
346.8189 1.1730666
341.12015 1.1660376
334.60266 1.16016
327.68716 1.1550812
320.91043 1.1491534
313.8237 1.1451362
306.00836 1.1380131
301.63507 1.1377736
297.5809 1.1351849
289.9808 1.1343738
283.09146 1.1346518
275.707 1.1341534
268.50183 1.1298805
264.42953 1.1268485
257.65576 1.1195538
251.26718 1.1149958
244.67569 1.1074183
237.68195 1.100852
233.45589 1.0977283
225.15358 1.0925549
221.09639 1.0882423
212.25414 1.0874467
203.30515 1.0865712
198.78415 1.0860988
191.2648 1.0829276
187.08426 1.0787183
182.7204 1.0768948
175.6091 1.0807513
168.70943 1.0789329
161.67622 1.0715605
154.54138 1.0610768
148.1611 1.0524292
141.79172 1.0348266
134.92148 1.0196532
127.39543 1.0109366
123.43568 1.0005578
115.21243 0.995946
106.84584 1.0007339
98.79361 0.9965583
91.41652 0.99620444
82.794495 1.0010165
74.96766 0.99717826
67.47651 0.97821766
61.0529 0.93092036
53.275417 0.90942574
48.83813 0.89117074
39.542637 0.8625877
35.183956 0.8315218
30.90429 0.79209733
23.13997 0.81059086
15.916274 0.83224714
9.370254 0.7893984
15.227848 0.81114805
20.658014 0.7531419
26.594688 0.760396
32.966484 0.74383676
37.9476 0.7306905
45.58521 0.7276135
50.45344 0.71076626
55.672142 0.68720406
61.46507 0.63624924
66.81553 0.62909585
72.74101 0.6381165
80.95541 0.65481025
89.41513 0.65285206
96.27018 0.6401678
103.519196 0.62421346
111.78335 0.60415447
116.11903 0.59737146
122.90758 0.58925074
129.40201 0.583594
137.4363 0.5798347
147.27985 0.58304715
156.17426 0.5855096
164.58078 0.58795345
173.45995 0.58156973
182.5737 0.56967777
187.7561 0.5634512
191.9479 0.55699366
200.31306 0.548638
208.62296 0.5401562
215.66113 0.5314296
222.64569 0.5139873
227.39142 0.5062914
234.94606 0.5030223
240.25 0.49843436
244.08855 0.49272007
250.6179 0.49230862
257.81137 0.4853633
265.27283 0.47557518
271.2335 0.46841443
277.23486 0.4648019
283.30298 0.45874038
290.28345 0.45454675
294.60562 0.44738984
298.8184 0.44433612
304.71213 0.43153444
310.34863 0.42318723
316.57187 0.41435063
322.9669 0.40565842
329.57257 0.39049965
336.3789 0.38218465
341.88947 0.36998144
347.69482 0.35740766
351.03787 0.3472313
355.39206 0.33441985
358.2503 0.31990176
361.37747 0.30634043
365.12695 0.29302734
366.16602 0.2784731
367.30548 0.2614568
366.02942 0.24547914
364.7935 0.23156923
363.87 0.22054838
361.58746 0.20930205
357.63586 0.19913478
352.50226 0.18761648
345.705 0.17665334
341.07776 0.16716048
336.03574 0.16292717
330.9521 0.15052876
326.43497 0.13758066
320.21344 0.12766887
314.6024 0.11954841
307.59247 0.11329476
300.17984 0.10942545
293.08307 0.10777321
287.02286 0.10655585
280.30487 0.10911972
273.9977 0.10797305
267.04196 0.110796876
260.8804 0.10571837
253.72629 0.100790925
246.82861 0.09548087
240.447 0.09074729
233.29335 0.08488143
226.40404 0.07861135
220.29036 0.071725935
213.87039 0.0598579
206.05106 0.056039494
197.99837 0.049484976
190.67259 0.040894184
184.60435 0.031367745
178.59108 0.025460055
171.84941 0.020643033
167.82086 0.015183646
159.80907 0.011250617
152.56316 0.010151819
146.58295 0.0037491529
138.8335 0.0039584255
130.8467 -0.0014884842
122.8519 -0.0036600737
116.612404 -0.010265662
110.6366 -0.013095974
104.6415 -0.013846312
96.900665 -0.014952493
88.897644 -0.016298708
81.659584 -0.017743522
75.66838 -0.019148568
69.689865 -0.0207915
62.97742 -0.023007933
54.958126 -0.026365899
49.973583 -0.028996432
43.72567 -0.03314112
37.737267 -0.03840259
31.760847 -0.0456334
25.990616 -0.017301185
20.73888 0.026502147
15.76788 0.034860224
19.980127 -0.022506561
24.446486 -0.09484637
29.622812 -0.11663834
34.473194 -0.18007472
40.031765 -0.2057807
46.29743 -0.22138453
53.318172 -0.23042543
60.55542 -0.23608129
66.22608 -0.25081885
73.685936 -0.27719828
79.88764 -0.3073658
86.81592 -0.33027333
91.761154 -0.34801555
97.99095 -0.3480779
103.35064 -0.349831
107.70509 -0.35210422
114.36432 -0.35862884
119.750824 -0.35965303
126.40227 -0.36511323
131.85931 -0.3718735
135.97627 -0.3640203
142.61646 -0.37253657
149.76566 -0.39336637
156.14127 -0.4102013
162.10474 -0.41999802
167.01294 -0.4267116
171.63103 -0.4258163
179.19458 -0.42810324
184.32413 -0.43328628
190.28133 -0.4389414
198.10278 -0.45120385
202.51184 -0.4651088
208.63664 -0.4732582
217.1292 -0.47906378
222.36365 -0.4822273
229.59697 -0.4860223
235.26694 -0.49308693
242.55554 -0.5074467
250.34128 -0.5221597
256.84872 -0.53679013
262.59604 -0.5437335
271.3454 -0.55435675
277.70056 -0.55713207
283.75632 -0.5646443
291.2844 -0.5735807
298.55893 -0.58483386
303.62756 -0.5944212
308.29453 -0.6029265
312.76743 -0.6124278
318.25116 -0.62052196
325.8013 -0.6265784
332.20105 -0.63771874
338.9991 -0.6485823
344.95786 -0.6582246
350.35327 -0.66807246
355.37262 -0.67746615
360.7659 -0.69037837
365.90936 -0.70722574
371.79297 -0.7184876
376.62418 -0.73199195
381.69772 -0.74666613
383.66708 -0.7588334
385.48505 -0.7749108
385.68195 -0.79736876
384.3802 -0.8121262
382.15253 -0.82315767
378.52005 -0.8335663
375.09744 -0.8396731
371.6884 -0.845894
366.4384 -0.85387975
360.38095 -0.8615718
356.03387 -0.8704806
351.50455 -0.87810594
347.2157 -0.88284254
341.1044 -0.8908398
334.12878 -0.9036685
330.68057 -0.91084975
324.09564 -0.92327046
317.64957 -0.93452877
311.74857 -0.9441843
302.4085 -0.95450014
292.07315 -0.9629928
286.1113 -0.96859246
280.40662 -0.97301877
270.209 -0.9828449
261.82245 -0.9892493
251.70447 -1.0004278
246.52853 -1.0028683
237.02446 -1.0109016
228.77126 -1.0191767
220.98573 -1.0252767
213.6818 -1.0266606
207.07108 -1.024079
200.39742 -1.0212997
193.18352 -1.0227207
186.5838 -1.0197201
180.46912 -1.0184716
174.61568 -1.0181057
168.28578 -1.0227
160.44 -1.0221758
153.31502 -1.0240567
147.05862 -1.0244704
141.37563 -1.0224264
136.45868 -1.0114491
131.16882 -1.0041515
126.72103 -1.0004987
119.93342 -1.0007988
113.355896 -1.0051868
106.96936 -1.0117483
100.022316 -1.0154309
92.79536 -1.0179209
85.61405 -1.0208772
78.936104 -1.0135422
72.71505 -0.9931333
66.62379 -0.9691131
60.23872 -0.9208217
56.450893 -0.8917127
50.01038 -0.83095556
42.74887 -0.7682804
35.285194 -0.7102297
28.811056 -0.6186861
22.451593 -0.49689808
17.207914 -0.23305482
13.795575 0.09418116
13.320732 0.49146694
8.929156 0.55008274
6.5622864 -0.1466139
9.049404 -0.918496
13.3530445 -1.1468322
18.99631 -1.2774383
24.487476 -1.3445468
30.670904 -1.3907256
38.254177 -1.4267025
42.25645 -1.4404322
48.485577 -1.4572583
54.68407 -1.4701744
60.33736 -1.4962397
67.062515 -1.5037283
71.12899 -1.4934915
78.176994 -1.4876598
82.22792 -1.4824913
86.24886 -1.4838377
92.43298 -1.4896688
99.13301 -1.4951628
103.16196 -1.498122
110.14544 -1.502737
117.14627 -1.4982643
121.18554 -1.5006859
126.28804 -1.503523
133.33667 -1.5145884
140.29002 -1.517377
147.02803 -1.5198272
154.03685 -1.5221484
159.00247 -1.5236688
163.9503 -1.5311893
168.16634 -1.5381256
174.89546 -1.5450959
181.81992 -1.5515693
188.07834 -1.5575202
194.84543 -1.5631074
201.8462 -1.563374
208.7769 -1.5684043
212.82724 -1.5637571
217.80655 -1.563918
225.81381 -1.5641619
229.84491 -1.5642782
236.81432 -1.56447
243.76968 -1.5687478
250.73372 -1.5727879
254.8337 -1.5766752
261.85294 -1.5871456
268.08063 -1.5950148
274.9547 -1.6045172
282.05014 -1.6115295
290.21985 -1.6234629
298.436 -1.6354238
306.6459 -1.6441449
313.8971 -1.6545606
319.347 -1.6625655
325.60703 -1.6700574
332.65912 -1.6769693
340.1371 -1.6887765
346.95178 -1.7015916
353.694 -1.7156672
359.5603 -1.7306483
364.3338 -1.7424488
367.49786 -1.7566688
370.0612 -1.7667177
371.28415 -1.7802933
372.5771 -1.796033
373.7233 -1.8090494
373.8294 -1.8202659
374.01733 -1.8336799
374.5717 -1.8490089
373.32016 -1.8642372
372.54742 -1.8845688
370.66217 -1.9032329
368.67297 -1.9278527
365.23172 -1.9489634
361.27917 -1.9659663
355.29483 -1.9822568
349.71555 -1.9954848
343.894 -2.0070724
336.62967 -2.0171576
331.04422 -2.0252478
325.66443 -2.0333345
320.3045 -2.0416958
314.9825 -2.0503166
309.83936 -2.058968
304.08344 -2.065312
298.55118 -2.0677037
292.44342 -2.072089
285.71204 -2.0729415
279.0191 -2.0738752
272.71185 -2.0774503
265.61646 -2.075864
257.7216 -2.0750864
251.40826 -2.0790436
245.20996 -2.0838063
239.72252 -2.0871406
234.06107 -2.08731
227.89613 -2.0927184
221.67755 -2.098355
215.49657 -2.104353
209.32155 -2.110702
203.55928 -2.1206188
197.01628 -2.1246135
189.17499 -2.1254103
181.12663 -2.1269958
173.18465 -2.12153
165.38469 -2.1222866
157.75925 -2.1165898
148.77164 -2.1200852
144.28036 -2.1227639
135.35933 -2.1286142
126.48563 -2.1352553
117.61503 -2.142902
108.193596 -2.144094
102.48447 -2.1480303
91.70002 -2.1468365
81.72924 -2.138609
72.692696 -2.148495
67.72024 -2.1617324
63.035538 -2.173243
57.785843 -2.193788
48.517235 -2.2105815
39.15596 -2.2302487
29.19047 -2.235885
20.562965 -2.1941123
12.782219 -2.150258
5.4744115 -2.1016018
0.7500954 -1.2482996
3.5822213 1.430933
5.3269806 -2.9229014
10.567605 -2.630102
16.579323 -2.616675
21.659414 -2.6385515
28.16113 -2.6237853
32.384834 -2.5467544
39.657936 -2.517866
45.4046 -2.4929657
53.648632 -2.4754052
60.82656 -2.4846406
67.42383 -2.5036972
73.2184 -2.5282984
79.243065 -2.5356562
83.68785 -2.5431707
89.70912 -2.5582757
95.81596 -2.5752516
102.32257 -2.5841713
109.00784 -2.5899265
115.15032 -2.590728
120.152245 -2.5906274
126.849205 -2.586596
134.19437 -2.5830536
142.58635 -2.5949333
149.61967 -2.607819
156.0243 -2.6172123
162.09485 -2.629775
167.29863 -2.6285949
174.52432 -2.6369336
181.94194 -2.6423862
190.01462 -2.6415365
196.82523 -2.641516
202.83052 -2.6416218
211.28784 -2.6373153
219.63013 -2.6412222
227.59889 -2.6503365
235.04662 -2.6541831
241.396 -2.6574287
249.38393 -2.6652043
254.30647 -2.6707635
258.89746 -2.6754534
262.79504 -2.6829014
267.68317 -2.6877499
271.6079 -2.691906
275.65137 -2.6949408
282.50677 -2.7014942
289.73306 -2.713207
293.3875 -2.7188878
297.04248 -2.7244158
303.72736 -2.7341495
309.23718 -2.7418268
315.78445 -2.747146
322.53616 -2.7558439
328.07715 -2.7626932
332.72964 -2.768254
338.24228 -2.7777932
342.91382 -2.782975
347.46405 -2.7932425
351.80984 -2.800707
357.28223 -2.8098636
361.70096 -2.816985
366.53497 -2.8271582
369.88147 -2.845616
371.47058 -2.869267
372.9947 -2.8878222
373.47543 -2.904714
372.55527 -2.9151714
370.2797 -2.9303327
367.10928 -2.945167
363.35895 -2.955028
357.4103 -2.960419
352.25735 -2.9717863
346.96295 -2.9782975
341.85522 -2.9832397
335.24976 -2.988759
328.8271 -2.9961026
323.68677 -2.9977057
317.856 -2.9982245
311.39722 -3.0017135
305.26578 -3.0045629
299.012 -3.0085652
294.5262 -3.017216
287.44354 -3.0302274
280.7643 -3.0428631
272.7594 -3.0510185
266.43445 -3.0535333
260.40067 -3.0659637
252.99246 -3.07556
246.1577 -3.078836
240.12022 -3.0814252
233.78967 -3.0873394
228.74164 -3.0915544
223.76292 -3.0904403
218.72485 -3.0938349
213.68887 -3.0973897
208.6963 -3.0963314
203.74539 -3.0952308
198.69562 -3.0978103
192.92888 -3.0978143
187.69206 -3.096592
183.53763 -3.1010222
177.87474 -3.1053517
171.85551 -3.1098995
164.88022 -3.1085582
158.64046 -3.1072583
152.61946 -3.1124537
146.83708 -3.1181133
140.60608 -3.1170726
132.85919 -3.1212928
124.82628 -3.1299853
117.59547 -3.137769
110.84294 3.1297553
102.858734 3.126535
97.87779 3.1257684
89.13678 3.1156883
84.91385 3.1115808
77.72546 3.0959387
70.053024 3.0766468
61.112892 3.0671296
57.10963 3.0618992
49.24802 3.0287466
42.304726 3.0101259
36.540676 2.9615092
32.378098 2.9380517
25.631516 2.9135327
19.999275 2.912257
14.626062 3.001075
9.857325 2.9838204
5.3581705 2.8483608
12.193443 2.6924167
18.797523 2.6397152
24.335413 2.61161
31.494207 2.5982242
36.296852 2.605635
40.874805 2.6152647
46.964493 2.6411939
53.553112 2.6496966
60.46906 2.6733239
66.936264 2.688686
73.41564 2.6862786
79.44485 2.6813223
87.27601 2.674686
95.27577 2.670254
99.764114 2.6705916
106.92446 2.6627133
114.2984 2.6568203
120.67963 2.6496143
126.20152 2.6437619
133.88371 2.6474297
140.9427 2.644147
148.97845 2.6429596
156.6479 2.6332457
164.82126 2.6191676
172.01768 2.6164174
179.20859 2.6138856
187.24867 2.6142406
194.44176 2.6119878
201.64859 2.6099007
206.80844 2.6077867
216.07085 2.596773
224.32124 2.5877504
232.16554 2.5821526
241.35732 2.5778303
249.22234 2.5729294
257.08746 2.5612395
266.50497 2.548482
275.5247 2.53888
284.434 2.5305665
293.2207 2.5234315
301.33817 2.5141523
309.31833 2.5007706
317.3331 2.4880917
323.3703 2.4751744
330.0852 2.4640694
337.39923 2.4549243
344.92017 2.4466035
351.1541 2.4353764
357.14816 2.4201448
361.2911 2.4072034
364.6602 2.3970275
367.31143 2.382246
368.60083 2.3591738
368.30313 2.3381279
367.03143 2.3226056
365.10944 2.308822
361.12872 2.2956536
357.83282 2.2851923
353.07065 2.2782505
349.13364 2.2728095
345.53934 2.2660224
339.55762 2.262104
332.6468 2.2558808
324.52493 2.2495308
317.02737 2.240265
309.55234 2.2305417
302.91714 2.218364
295.99365 2.209744
287.58853 2.197981
282.2469 2.1912558
276.65524 2.1865036
265.51404 2.1793199
256.41647 2.170847
246.97339 2.157845
237.6201 2.143923
232.3037 2.1381943
226.78352 2.132805
216.15202 2.124171
206.66531 2.114178
198.58731 2.0976648
190.49742 2.0845761
181.10655 2.071099
170.73506 2.057595
162.11143 2.0492747
154.50365 2.0384488
147.60304 2.0242405
139.08206 2.0084662
134.07336 1.9990994
124.00352 1.9763496
115.514465 1.9585843
107.882904 1.9375733
100.174576 1.9245634
91.97365 1.9024057
86.53487 1.8967716
77.39818 1.8687274
68.35346 1.8332584
59.380283 1.7868787
49.768967 1.7471541
41.159153 1.6615732
33.012054 1.5931789
26.766195 1.5521377
20.010933 1.5458379
14.98825 1.4034264
14.98825 1.4034264
