Mouse
56
5.7456956 1.8766
11.94331 2.0711656
16.623953 2.1960313
21.367506 2.3313947
26.339743 2.3092153
32.077286 2.2734504
37.22449 2.227632
43.021305 2.2118886
48.626163 2.2286186
54.421265 2.216068
59.421257 2.215919
64.42125 2.2157931
70.4469 2.1872718
75.693306 2.1706386
80.126335 2.1630604
84.56348 2.1562772
89.30415 2.134669
94.60413 2.1242895
99.39916 2.1064048
104.22305 2.090171
109.55891 2.083367
114.02591 2.081449
118.009315 2.0722754
123.35684 2.067007
129.18236 2.069002
134.06093 2.057732
139.4168 2.053629
146.12381 2.0527482
151.02457 2.0432699
158.1741 2.0343888
162.20154 2.0288758
166.67361 2.029025
171.14568 2.0291667
175.17744 2.0241823
181.44917 2.0196073
185.92084 2.019964
190.86333 2.0133085
196.23842 2.0116081
201.61406 2.0099983
206.99019 2.0084722
211.9462 2.0027468
218.65114 2.0037193
222.70297 2.00026
226.75737 1.9969246
231.72647 1.9919353
236.29843 1.983285
240.3648 1.980425
244.43307 1.9776603
249.81642 1.9770921
254.80678 1.9729421
260.1907 1.9724942
264.26407 1.970059
269.6483 1.9696845
273.7234 1.9673753
277.7999 1.9651339
281.4971 1.9596745
288.3588 1.9536794
293.9329 1.9460533
298.02155 1.944256
301.74936 1.9394196
305.8414 1.9377569
310.5137 1.9319797
318.12234 1.9330257
325.73135 1.9340229
329.82605 1.9325482
334.8574 1.9300567
339.54272 1.9248794
344.2369 1.9198431
347.99838 1.915912
351.76514 1.912065
354.87973 1.9029819
359.28952 1.8958125
362.45535 1.8870593
366.9049 1.8802305
371.3712 1.8735657
374.8972 1.8678383
375.66473 1.8560983
376.48383 1.8444078
376.38834 1.8334576
375.36963 1.8231667
374.39087 1.812821
373.45236 1.8024222
370.60345 1.7931559
365.62112 1.7822297
360.6836 1.7710029
355.00003 1.7627614
350.50793 1.7565367
346.83728 1.7467996
342.04968 1.7344549
337.1667 1.7188296
333.62802 1.7082974
329.00992 1.6949098
324.6788 1.687266
320.36716 1.6794161
316.07578 1.6713524
310.80978 1.6633638
306.73514 1.661323
302.75174 1.6625174
297.7731 1.6640553
293.7907 1.6653233
289.8088 1.666626
285.73215 1.6644818
281.56723 1.6587387
277.4119 1.6528234
272.1951 1.6433439
268.0661 1.6369843
263.94824 1.6304259
259.8421 1.62366
255.70435 1.6127704
250.63121 1.6056346
246.54572 1.5940387
246.4852 1.5778142
248.48949 1.5616602
250.5576 1.5457687
254.64792 1.5343843
258.7702 1.5233612
262.92294 1.5126851
267.03818 1.506078
271.16473 1.4996718
275.46378 1.486219
280.61926 1.4806226
285.88037 1.4717462
290.16898 1.4628211
294.254 1.4609075
298.45322 1.4557165
302.78174 1.4473907
307.00113 1.4425294
311.36176 1.4346167
315.88626 1.42379
322.5796 1.4111813
328.33682 1.3985666
332.6229 1.3947037
337.09412 1.3880204
341.76956 1.3786387
346.27576 1.3723406
350.02133 1.3628267
353.7979 1.353515
356.63013 1.3437715
361.44025 1.3354795
364.3338 1.3260828
366.2912 1.3161491
368.28433 1.3063221
369.35013 1.2958686
368.82153 1.2813483
365.8662 1.270369
362.65045 1.2618369
359.15045 1.2557979
354.39984 1.2514268
350.92303 1.2451426
346.5151 1.2377919
342.1264 1.2302523
337.41766 1.2253029
331.7784 1.2191783
325.45676 1.218598
320.41965 1.2161444
315.03635 1.2165864
311.28775 1.2121294
306.25598 1.2094558
301.2265 1.206693
297.133 1.205044
292.68262 1.2065375
288.5892 1.2048373
284.49667 1.2030883
279.83667 1.1966652
276.11725 1.1913708
271.4792 1.1845492
267.7781 1.1789218
263.16406 1.1716654
258.56436 1.1641505
254.89546 1.1579435
251.23666 1.1515554
246.26517 1.1469996
242.20892 1.1439718
238.15495 1.1408409
234.10342 1.1376016
230.05443 1.1342481
225.58397 1.1347853
221.53725 1.1312516
217.06644 1.1317481
212.11908 1.1259955
208.07964 1.1220622
202.70734 1.120251
198.6728 1.116015
193.30292 1.1139476
187.49294 1.1165437
181.25024 1.1242701
176.34964 1.1298188
171.03566 1.1409866
166.56616 1.1418949
162.0968 1.1428533
157.6276 1.1438661
153.57437 1.139008
149.10457 1.1399634
145.05446 1.1347109
140.58409 1.1355876
136.96733 1.1232749
132.9311 1.1170355
128.90036 1.1104056
123.553856 1.088828
119.54991 1.0807307
114.677155 1.0679021
109.82494 1.0539373
105.359406 1.0516797
100.399956 1.0578582
95.9335 1.0555614
87.38322 1.0658807
75.84276 1.0418786
66.627045 1.0328349
62.038216 1.0273268
53.64701 0.99805063
47.54659 0.9650072
40.11278 0.92711204
36.34834 0.8830601
32.6706 0.82896453
27.6991 0.81124234
22.04462 0.81787354
17.142405 0.8684978
23.713564 0.9354194
30.72339 0.9010142
36.9912 0.8621702
43.298622 0.8346112
51.775314 0.826549
63.04925 0.79675114
68.7056 0.77523243
73.6652 0.7663169
80.04364 0.75900143
86.39115 0.76912796
90.62235 0.7854939
94.87567 0.80039614
100.53192 0.79955226
105.53113 0.818989
111.18495 0.81728023
116.15603 0.8220064
122.54252 0.82587206
128.87625 0.81839174
135.94368 0.8166759
140.87152 0.81056
145.80429 0.8048577
151.46011 0.8041309
160.64006 0.79865795
168.41011 0.7938472
173.35533 0.7895272
180.42627 0.78152716
185.37999 0.7778162
193.1644 0.7744609
199.53671 0.7712662
207.32497 0.76838607
212.98103 0.7688379
220.7706 0.76621884
225.73384 0.7635075
230.69865 0.7609128
235.63106 0.7644271
240.59529 0.76192015
248.38847 0.7598093
253.35536 0.7575191
259.7371 0.75548077
268.2634 0.7511575
274.64825 0.74937767
278.94196 0.7448588
285.32968 0.74328655
289.63074 0.73902476
295.3493 0.7351295
299.66003 0.73112744
306.13483 0.7253359
311.96115 0.717374
316.3964 0.70936656
323.79034 0.6979599
329.6808 0.69091177
337.29053 0.67619246
340.4196 0.6688388
344.18204 0.6639119
347.9526 0.6590916
351.9187 0.6503906
356.5104 0.6441309
360.31296 0.63968366
363.5299 0.63311535
367.57278 0.62506706
372.45486 0.6156405
375.15604 0.607307
377.3199 0.59690446
380.6411 0.5815252
382.90457 0.57142216
382.7682 0.55619526
380.67154 0.5472712
378.6055 0.538249
376.57062 0.5291286
371.9668 0.5239167
365.14066 0.5189105
357.83368 0.5112799
352.7827 0.50308007
345.9972 0.4973867
342.34058 0.48990557
336.93292 0.48501635
332.42093 0.4785787
328.81406 0.47058147
323.43997 0.4651659
318.07568 0.45956752
311.3849 0.45229855
304.71124 0.4447108
298.96237 0.43536872
294.15167 0.42425743
289.37848 0.41277814
281.885 0.4050688
276.25482 0.39414012
271.96063 0.38479576
267.32617 0.37167183
263.09152 0.36164713
257.60184 0.3489865
253.42964 0.3382021
250.2351 0.32577413
251.84193 0.30691302
256.02686 0.29356587
260.53467 0.28433833
264.37643 0.28009403
268.22284 0.27597138
273.03705 0.27098155
276.6309 0.26362792
282.17435 0.2546654
285.80023 0.24775341
290.41064 0.24019301
294.0642 0.23365408
299.23758 0.21925806
302.92993 0.21316393
306.63327 0.20721678
309.95325 0.1950896
313.50162 0.18635754
318.2355 0.18035853
322.80835 0.17148481
327.24524 0.15984428
331.03906 0.15493876
336.67105 0.14631909
341.47617 0.14128709
345.03195 0.13104618
349.73767 0.12350843
354.23648 0.11056332
358.99426 0.10348939
365.57382 0.0906278
368.22406 0.07907181
370.92282 0.06768249
372.6153 0.053931106
372.42108 0.043205988
372.2102 0.027100412
372.1233 0.016355027
370.07944 0.005636159
368.07855 -0.0052005025
365.20813 -0.027150005
361.38144 -0.041281648
354.75107 -0.061812773
350.1096 -0.07694952
344.2073 -0.081186175
339.224 -0.0823815
335.23773 -0.083363354
330.25537 -0.084624
323.28094 -0.086454175
319.29608 -0.08753589
312.3235 -0.089495294
304.44968 -0.09511532
299.4134 -0.10018465
291.4213 -0.11006288
283.61893 -0.12028175
276.7956 -0.126903
270.97604 -0.1333661
265.03055 -0.13637643
261.06824 -0.13845946
254.28078 -0.146154
249.33514 -0.14907445
245.53314 -0.15552169
241.74165 -0.16217145
235.98994 -0.17045856
227.3039 -0.18151101
223.37079 -0.1847436
218.4578 -0.18894795
214.5303 -0.19245005
209.43134 -0.19232963
205.31407 -0.19127283
201.38846 -0.1950488
192.1716 -0.19391571
186.09145 -0.19485588
178.83769 -0.191463
173.55142 -0.18563198
167.11093 -0.1746148
161.84325 -0.16781221
157.73273 -0.1657971
151.48811 -0.15931244
147.54015 -0.16361336
138.49828 -0.16707417
132.2528 -0.15970667
128.3053 -0.1646645
121.07496 -0.15784639
114.00484 -0.15883559
104.96088 -0.16299054
100.85218 -0.1596424
95.75699 -0.15763253
86.71263 -0.16253637
78.65685 -0.16644898
74.53619 -0.16209763
67.44488 -0.1642683
60.37579 -0.16688815
52.503757 -0.19220173
47.40481 -0.19164307
40.55489 -0.22452556
36.666107 -0.24881673
32.543037 -0.249303
27.725073 -0.29381326
23.92455 -0.34225178
20.201197 -0.4087541
16.607008 -0.5046356
12.466883 -0.69978094
8.948123 -0.9036023
6.0531597 -1.4819727
6.106267 -2.1738126
3.0765178 -1.3953639
8.247766 -0.6557791
17.053095 -0.42486814
21.122555 -0.38993585
25.584665 -0.40280917
30.049759 -0.41185793
34.516674 -0.4185651
39.898464 -0.41342947
46.20009 -0.40089634
52.896763 -0.40884912
61.829548 -0.4167724
66.297104 -0.41993326
73.41651 -0.43636447
79.65292 -0.4553472
85.913864 -0.47156838
90.385864 -0.47117648
94.85788 -0.47082153
102.458336 -0.46592447
108.72107 -0.45756647
116.769104 -0.46181554
121.24123 -0.4618831
126.162254 -0.46904135
133.78584 -0.48210606
138.72319 -0.48789802
146.78172 -0.4896141
152.60544 -0.4915545
157.54965 -0.4963582
163.37514 -0.49793023
170.07956 -0.49657834
175.02724 -0.50076044
180.85374 -0.5020387
185.80513 -0.5058328
190.27339 -0.50484157
194.7418 -0.5038959
199.69438 -0.50738
203.67915 -0.5021289
208.63046 -0.50550574
213.97466 -0.50236803
218.44351 -0.50157547
222.9125 -0.50081474
228.34735 -0.50777
232.81522 -0.5069228
238.25922 -0.5134494
242.84546 -0.52172905
249.67894 -0.5291102
253.4363 -0.5387518
258.07056 -0.54609174
264.6225 -0.5576177
271.2079 -0.56858534
275.8952 -0.57494766
281.14352 -0.58407027
286.41437 -0.59285784
291.142 -0.59849495
295.87854 -0.60395175
300.62363 -0.6092364
306.44104 -0.60792804
310.86737 -0.6058596
315.295 -0.60384923
320.29114 -0.6044681
324.792 -0.61363524
331.52753 -0.6214838
336.88574 -0.6283656
343.065 -0.6333024
347.0504 -0.63918257
352.44788 -0.64549077
360.05585 -0.65044796
364.868 -0.6541935
367.31583 -0.6628351
369.0082 -0.6730474
365.6019 -0.68755573
363.03787 -0.7005543
359.98917 -0.7077173
356.20474 -0.71684283
353.199 -0.7242835
349.54565 -0.7297232
345.9029 -0.7352777
342.27106 -0.7409502
337.9172 -0.7487543
332.8987 -0.75457764
326.47806 -0.7604715
321.4832 -0.7666843
314.37198 -0.77525896
310.8221 -0.78196824
304.45654 -0.784219
298.80136 -0.7889297
294.5672 -0.7937815
291.05753 -0.8011715
286.84152 -0.8063345
282.63342 -0.81165135
277.75018 -0.8197541
271.47293 -0.82836896
267.2997 -0.8343367
263.88214 -0.8430215
260.485 -0.85193354
256.45856 -0.8640381
253.11191 -0.87349063
249.93053 -0.888827
246.02408 -0.9020429
241.36974 -0.9131587
238.94572 -0.92640793
238.18245 -0.94487923
241.43553 -0.9545854
244.71074 -0.96403253
248.83456 -0.9754904
252.15645 -0.98438597
256.88177 -0.9919146
260.78064 -0.9970963
264.14917 -1.0053151
268.06546 -1.0101608
272.31305 -1.019924
275.72925 -1.0275176
280.02127 -1.0367482
283.4716 -1.0439309
286.9362 -1.0509405
290.90668 -1.0547876
294.3925 -1.0614917
297.8912 -1.0680388
301.40237 -1.0744336
304.92563 -1.0806807
308.92706 -1.0839198
312.9317 -1.087076
318.71408 -1.0930537
324.50748 -1.0988183
329.41837 -1.1030153
333.88885 -1.1097677
337.47592 -1.1150407
341.07217 -1.1202025
344.67734 -1.1252565
347.44287 -1.1354125
350.24368 -1.145407
353.07892 -1.1552418
356.34378 -1.1623409
359.62625 -1.1693107
363.4669 -1.1797518
364.74796 -1.1930257
365.15872 -1.205228
363.748 -1.2154981
361.43497 -1.2249116
360.0985 -1.2353619
357.85413 -1.244997
354.69305 -1.2538766
349.65503 -1.2611816
344.93506 -1.2659321
340.22305 -1.2708142
335.5194 -1.2758334
331.90167 -1.2913791
329.5926 -1.3051246
325.6326 -1.3272719
324.63467 -1.3399693
320.51196 -1.3401513
319.02982 -1.3196912
319.08173 -1.3067693
315.7563 -1.2973486
310.67224 -1.2961016
302.85596 -1.3025445
298.47018 -1.3054537
291.38712 -1.3166128
285.313 -1.3291681
279.06094 -1.3457576
275.05298 -1.3610443
270.32535 -1.3724362
265.03104 -1.3761169
260.7224 -1.380675
254.45393 -1.3839372
250.33789 -1.3848939
246.40791 -1.3818935
242.48024 -1.3787959
237.3813 -1.3789117
233.26411 -1.3798498
229.14713 -1.3808215
225.22035 -1.3774678
221.10284 -1.3784305
216.98557 -1.3794297
212.8685 -1.3804677
206.7877 -1.379727
202.48427 -1.385673
197.57184 -1.3810148
192.47296 -1.3812165
188.35634 -1.3824285
183.07315 -1.3880457
176.63765 -1.3985739
171.5403 -1.399322
166.27611 -1.4060428
162.00761 -1.4141713
157.901 -1.4164755
152.65778 -1.4243866
148.41536 -1.4337864
144.18683 -1.4437385
140.0932 -1.447201
134.89171 -1.4573451
129.70523 -1.4683018
125.72688 -1.4650466
120.65017 -1.4689144
116.47825 -1.4825037
109.418 -1.4859662
105.43292 -1.4827517
99.457565 -1.477447
95.3838 -1.4839764
91.39952 -1.4801816
86.42122 -1.4749461
81.44558 -1.4690708
74.38075 -1.4728887
69.406425 -1.4658467
65.32621 -1.474656
61.34588 -1.4683969
55.276405 -1.4752975
51.29605 -1.4678619
45.332 -1.4542614
41.361748 -1.4430168
32.45539 -1.407672
26.552927 -1.3709669
18.14271 -1.2178775
13.206253 -0.9877634
9.198002 -0.4528662
8.270849 -0.002966584
9.176637 0.4480577
9.751707 -0.31535557
12.443219 -0.59986037
16.586987 -0.9030613
20.745445 -1.0528606
24.301643 -1.1344415
29.84735 -1.2195041
34.584816 -1.2692735
39.387245 -1.3069818
44.012028 -1.3585639
48.571808 -1.4205395
52.4011 -1.4508394
57.26761 -1.4786276
63.109352 -1.5189453
68.06243 -1.5374265
73.03559 -1.5533955
77.03502 -1.554299
81.02499 -1.567454
85.027664 -1.5793723
91.06544 -1.6007704
95.09769 -1.6100206
101.13517 -1.6175745
105.18069 -1.6252933
110.1736 -1.6228212
114.22292 -1.6297432
118.27735 -1.6361909
122.336365 -1.642211
127.39658 -1.64724
131.5485 -1.6600773
135.62321 -1.6647917
141.79164 -1.6748631
145.98624 -1.685643
152.18144 -1.6941806
157.39554 -1.7028813
163.61102 -1.7101692
167.71172 -1.7127607
171.81349 -1.7152283
176.7629 -1.7111571
183.83397 -1.7112162
187.93504 -1.7135059
193.02663 -1.7149497
197.12924 -1.7170551
202.37119 -1.7232317
208.60803 -1.7283405
212.87654 -1.7346712
218.30951 -1.7444928
222.42233 -1.745813
226.71306 -1.7514278
233.16193 -1.7594621
238.4505 -1.7637682
242.56813 -1.7646518
246.88136 -1.7694799
253.15929 -1.7725466
259.64453 -1.7792361
264.95178 -1.782716
270.26212 -1.7860594
274.81845 -1.7936147
279.16357 -1.7974356
285.18387 -1.8105806
291.0033 -1.8198524
296.84674 -1.8287599
302.451 -1.8341333
307.7999 -1.8361785
312.18567 -1.8390002
316.57385 -1.8417436
321.23602 -1.8474092
325.90817 -1.8529125
329.91684 -1.8620262
334.32355 -1.8643211
339.98068 -1.8685127
344.6889 -1.8734293
349.1039 -1.875483
353.82358 -1.8801799
358.24326 -1.882098
362.3358 -1.8900709
364.5574 -1.8996278
367.145 -1.9116374
368.50137 -1.921868
369.89606 -1.9320223
369.4656 -1.9440635
369.08884 -1.9561311
366.14926 -1.9652991
362.32162 -1.9756992
359.04767 -1.9826479
355.79135 -1.9897239
352.05844 -2.000691
347.51965 -2.0066874
343.89783 -2.0115983
340.71686 -2.019262
336.2183 -2.0257099
331.73407 -2.0323327
328.1574 -2.0377607
324.59067 -2.0433085
321.03412 -2.0489793
317.48813 -2.054777
313.95303 -2.0607052
310.42923 -2.0667684
306.9171 -2.0729706
301.67172 -2.082544
295.9579 -2.089526
291.62616 -2.0980263
286.45685 -2.108565
283.02884 -2.1158042
279.61606 -2.1232204
275.68912 -2.1277466
270.3892 -2.1312425
265.93835 -2.1328676
259.49838 -2.1439834
255.5988 -2.1491833
252.2589 -2.1578517
248.93846 -2.1667523
245.63828 -2.1758926
242.12263 -2.191037
240.06268 -2.207502
240.08078 -2.2283292
242.5461 -2.2413828
247.23471 -2.2522001
254.26863 -2.255087
259.89722 -2.257284
266.16357 -2.2622888
270.90488 -2.2717981
275.6698 -2.2809796
278.29422 -2.2918782
282.29138 -2.307843
285.7294 -2.3158567
289.91592 -2.321321
294.1108 -2.3266294
298.2826 -2.3365283
302.5003 -2.3414783
308.85422 -2.3440707
314.497 -2.3487852
319.43817 -2.3555408
323.683 -2.3599184
327.23322 -2.3663607
330.823 -2.3769388
335.1346 -2.3851142
339.46805 -2.3930814
343.08517 -2.3988802
347.45468 -2.4064922
352.5098 -2.4117966
355.50104 -2.4192982
359.2677 -2.4284992
362.30252 -2.4357216
364.0726 -2.4470298
365.25818 -2.46035
365.1037 -2.4740355
365.01767 -2.4877298
362.59854 -2.4964862
360.20758 -2.5053594
357.84537 -2.5143504
354.69797 -2.5218263
349.93582 -2.5261514
345.42862 -2.534628
341.51108 -2.540908
337.6073 -2.547334
334.5505 -2.555567
330.67947 -2.5623002
324.90192 -2.5726998
320.22443 -2.578177
313.65198 -2.5875387
307.62717 -2.5945194
302.98993 -2.6006439
295.11908 -2.6122522
290.51627 -2.618922
285.9268 -2.6258063
279.11752 -2.632554
274.55606 -2.639951
270.0101 -2.6475976
263.24496 -2.6553147
257.42273 -2.6565404
252.48662 -2.659665
246.2052 -2.6646485
239.47748 -2.6736128
231.87383 -2.6811855
226.50626 -2.679288
222.03412 -2.6793149
216.67744 -2.6876047
210.86887 -2.6899917
204.16116 -2.6903877
199.68939 -2.6906662
193.88246 -2.6933541
189.41087 -2.693718
184.9393 -2.6940994
175.5314 -2.6873212
165.23784 -2.6770792
159.8723 -2.674253
154.95216 -2.679908
147.80132 -2.6860545
140.6566 -2.6928258
134.42393 -2.7034986
126.88497 -2.7191238
121.61319 -2.7356381
116.75953 -2.7457154
110.617805 -2.7616498
105.79848 -2.773962
101.34785 -2.7781925
95.61353 -2.7889318
91.17026 -2.794365
84.51105 -2.8035853
79.75674 -2.8224413
71.87303 -2.8447282
67.1919 -2.8700118
62.8078 -2.8836043
56.25764 -2.907957
51.9133 -2.9275987
46.611164 -2.946749
39.361073 -2.9621675
33.279045 -2.959558
29.354067 -2.934887
25.234474 -2.941139
21.116251 -2.94983
16.851244 -3.0211601
8.729221 -3.1387818
2.8982737 2.7983236
2.3489196 0.9991466
6.0526733 0.51392037
10.087234 0.40509757
5.834737 0.74959743
4.0417852 1.7522018
5.5873604 2.5800002
8.949925 2.919036
13.729208 -3.1398056
17.758766 -3.0838687
21.823298 -3.0486896
28.800434 -3.0712392
34.788147 -3.0833635
39.844147 -3.0656104
44.909878 -3.0518587
50.97741 -3.0428684
56.053875 -3.033907
63.121273 -3.0300753
68.2029 -3.0236626
73.416794 -3.004622
77.51715 -2.9988883
81.6198 -2.9937308
85.7244 -2.989067
90.66954 -2.9974456
96.751045 -2.9961252
102.69135 -3.0045948
107.78152 -3.001739
113.86244 -3.000388
118.95376 -2.9979806
123.056404 -2.99459
128.00458 -3.0003114
133.09587 -2.9981627
138.04639 -3.00334
142.00928 -3.0072217
146.96574 -3.0117795
151.92505 -3.0160398
155.89436 -3.019253
159.86522 -3.0223064
163.8375 -3.0252118
168.80466 -3.0286512
173.77371 -3.031894
180.73326 -3.0361342
184.71153 -3.0384138
188.6907 -3.0405972
193.66588 -3.0432003
198.6423 -3.045673
204.61552 -3.0484812
208.59853 -3.0502641
212.58218 -3.0519803
218.55876 -3.054437
222.46059 -3.0604804
227.44452 -3.0622613
232.42914 -3.0639663
236.41728 -3.0652783
240.33293 -3.0706959
246.31822 -3.0724216
251.3065 -3.0737965
258.2269 -3.0794966
263.21744 -3.0806756
267.152 -3.0853233
272.14423 -3.0863566
276.08563 -3.090773
287.02484 -3.0961993
293.97522 -3.100678
298.93256 -3.1047046
303.9292 -3.1053114
307.89243 -3.1090283
311.89032 -3.1094458
315.85815 -3.1130173
319.85654 -3.1133745
324.85458 -3.1138089
329.85266 -3.11423
334.82535 -3.117624
339.8018 -3.1209188
345.78168 -3.1241689
350.76517 -3.1272676
354.752 -3.1302478
358.75177 -3.1303742
362.73483 -3.1360114
366.7305 3.1389327
370.76257 3.1281726
373.83694 3.1175814
374.95377 3.1069803
376.1125 3.0964434
377.31265 3.0859723
377.55615 3.075394
376.8448 3.064627
373.1889 3.0531158
369.29538 3.0494616
365.50397 3.043006
360.73364 3.0361245
355.98087 3.0290587
352.2392 3.0221412
347.52274 3.0147126
343.6847 3.0103536
339.99005 3.0029821
336.3143 2.9954488
332.5063 2.9907217
328.70587 2.985885
322.9392 2.9799445
318.17038 2.9743133
314.39706 2.9690588
310.4572 2.9668467
305.89426 2.957566
301.16766 2.9512637
296.65057 2.9414546
292.9346 2.9353945
288.25223 2.9284472
283.5842 2.921271
279.90555 2.9146616
275.03604 2.9105716
271.37787 2.9036095
266.76318 2.8955479
261.45316 2.8825388
257.58865 2.8785608
253.99417 2.8706644
249.73315 2.8575892
246.47255 2.845252
242.94821 2.8365073
240.38678 2.8156362
240.75537 2.7985659
242.4828 2.7791457
246.72066 2.7682977
250.98657 2.7578168
255.8221 2.7527974
260.12714 2.7429397
264.85516 2.7299383
269.72385 2.7256787
274.5088 2.7134323
278.90903 2.7048512
282.86026 2.6918242
287.31012 2.6838262
291.7778 2.6760724
296.26248 2.668553
302.5385 2.664313
307.4707 2.6616223
312.40506 2.6590168
318.22647 2.6579576
322.69772 2.6582344
327.16898 2.6585038
332.9905 2.6575005
337.51425 2.6511476
342.52884 2.6423962
346.20908 2.6350179
351.16293 2.6330743
356.2296 2.6249146
363.05176 2.6197436
367.65167 2.6143794
371.9105 2.6054664
374.8249 2.5976548
376.91046 2.5885737
377.3359 2.5767689
376.13873 2.5620935
373.90698 2.5517595
371.7156 2.5413024
368.1727 2.5313895
364.9018 2.5251079
359.2132 2.513841
353.18756 2.5084465
347.97595 2.504578
343.96942 2.4959319
337.97977 2.489976
334.19684 2.4850962
328.84622 2.476369
324.46585 2.4736092
320.08804 2.4707742
311.34048 2.464865
301.19763 2.4590945
294.653 2.4541516
286.0707 2.4521327
279.66827 2.4517956
272.4955 2.4491065
266.22772 2.453969
261.37335 2.45851
255.60298 2.4552665
250.60765 2.4544125
244.84088 2.4509296
240.48558 2.4467442
233.19789 2.4374068
226.68845 2.4303572
222.35538 2.4254282
216.61665 2.4207218
211.63196 2.4188957
205.23642 2.4174001
200.2531 2.4153876
192.3702 2.4067714
184.50278 2.3974197
178.79636 2.3908207
170.95941 2.3799949
165.99529 2.3764458
159.61935 2.3728242
151.8316 2.3690195
146.16492 2.3501654
140.52415 2.3398588
130.70638 2.316983
125.119995 2.303916
118.14593 2.2888343
113.25976 2.2796636
106.86059 2.281708
101.2203 2.277549
94.17272 2.2716498
88.42156 2.2821846
82.78124 2.2771316
77.036385 2.2896328
72.71784 2.3051577
67.00563 2.32193
58.48766 2.3411267
53.531555 2.3529413
48.58445 2.3671646
44.38162 2.400082
36.656933 2.4286666
31.017632 2.4418726
22.575155 2.4740424
16.970575 2.5132444
11.97139 2.5195727
4.770767 2.4681425
3.4275198 -0.3035552
10.544853 -0.49666005
15.015279 -0.48682928
15.015279 -0.48682928
