Mouse
22
139.96951 2.7032456
141.71358 2.6776855
144.901 2.6499107
148.57495 2.6325316
154.02493 2.6225111
157.76532 2.606785
161.54291 2.591791
166.20108 2.5807018
170.03828 2.5670383
176.12494 2.55555
181.11693 2.5539649
187.228 2.543583
191.71947 2.5279016
199.05017 2.5107234
203.03494 2.5006247
209.04907 2.4862008
213.69966 2.4733548
217.6077 2.4581666
220.92274 2.446985
224.91426 2.4327505
229.70079 2.421894
233.10126 2.4118173
237.93745 2.401759
242.79677 2.3921022
247.67783 2.3828254
252.57938 2.3739078
256.0861 2.365381
261.02515 2.35708
265.9953 2.3437715
269.5971 2.3308208
273.19287 2.3233867
276.12607 2.313485
280.49808 2.3040562
284.23276 2.292282
287.24823 2.2830844
290.28748 2.2740784
293.34976 2.26526
295.17184 2.2513804
296.43256 2.2350233
297.77194 2.218809
298.59924 2.2000415
297.8947 2.1852338
298.0819 2.1684663
299.7377 2.1526825
300.08707 2.1360514
301.37292 2.1177332
303.7729 2.1052613
303.48923 2.0905619
304.14682 2.0742474
303.11914 2.0610967
302.14423 2.0478587
300.77664 2.0315638
299.48965 2.0151243
297.87085 1.995493
296.2451 1.9831898
293.8917 1.9644847
292.0102 1.9486712
290.5582 1.9358754
288.81085 1.9197034
287.46796 1.9066268
285.85916 1.890112
283.37482 1.8744665
279.43933 1.8527011
276.42508 1.8408142
275.38507 1.8268149
271.48773 1.8153596
268.37213 1.7990868
266.51807 1.7853166
264.71527 1.7713561
262.60147 1.7497227
259.94614 1.7359494
258.18176 1.7174824
255.64487 1.7031468
252.82675 1.6767428
250.44328 1.6617047
249.11469 1.6460779
247.84758 1.6302874
247.64195 1.6141629
247.4756 1.5939765
247.41522 1.577813
248.43056 1.5576576
249.51488 1.5416799
250.70926 1.5218596
250.93674 1.5059378
252.22446 1.4903686
253.77187 1.4671162
255.2099 1.451932
256.8415 1.4330627
258.56335 1.4144381
259.21634 1.3991946
261.0988 1.3809791
264.04517 1.3638114
266.09268 1.3461933
269.19247 1.3297398
272.1109 1.3172193
274.1063 1.3040079
277.1101 1.2919863
279.19516 1.279198
280.3713 1.2655331
282.86307 1.2497357
285.4242 1.2342181
286.77008 1.2210519
289.4556 1.2060071
290.90662 1.1931614
292.7871 1.1772867
294.34402 1.1647356
295.9468 1.1523184
296.6864 1.1386294
298.38385 1.126456
299.2277 1.1129494
301.01715 1.1010294
302.84888 1.089252
302.9619 1.0744925
300.90735 1.059395
299.4262 1.0412065
298.5673 1.0199842
295.38516 1.005355
293.36908 0.9847094
291.47974 0.96378714
289.36176 0.9502245
285.4857 0.9274153
283.51343 0.913307
280.97705 0.9017896
277.70227 0.88779765
273.842 0.87627393
270.0192 0.8644223
267.64645 0.8518792
263.161 0.8368634
259.41922 0.81850857
255.07141 0.8024345
252.21053 0.7914124
247.9668 0.7801088
242.34183 0.768314
236.02557 0.75886685
229.0001 0.75187427
222.66533 0.7477424
217.74754 0.74364156
213.57356 0.73619634
210.15913 0.7252871
205.35995 0.7135277
201.99979 0.7017961
198.66833 0.6896694
193.96124 0.676343
188.50276 0.66561884
184.4694 0.65525895
179.85776 0.63999224
174.47963 0.62727445
169.1315 0.6137501
164.64299 0.5959191
160.75754 0.5823082
157.74722 0.5646154
153.9346 0.549615
149.65196 0.52810407
144.56845 0.5086855
140.89609 0.49080274
136.81944 0.4654593
133.74207 0.43540254
132.10477 0.40794513
130.5695 0.37982038
133.24057 0.34777352
136.35808 0.3239847
140.50456 0.29915962
146.39253 0.26547822
154.61205 0.23771957
158.27565 0.22562754
161.96133 0.21408425
165.66765 0.20305604
170.37485 0.19138871
173.9427 0.17572561
178.70055 0.16532415
182.1882 0.14546764
185.87367 0.13170142
190.36119 0.10741906
194.0465 0.089837015
197.94528 0.08299249
201.85298 0.07641266
205.70149 0.06523353
211.57182 0.05395168
217.51318 0.0478734
222.46304 0.04230782
227.4195 0.036984675
231.35277 0.027706342
235.3053 0.01873896
239.26813 0.005889321
243.26918 -0.006539639
250.32642 -0.02233622
254.37726 -0.029845469
260.4406 -0.036833923
264.51807 -0.043832902
268.6605 -0.054336473
273.8296 -0.06428452
279.81744 -0.06290704
284.93826 -0.068809114
289.0714 -0.074760094
294.2113 -0.080269635
297.54596 -0.09286153
301.92123 -0.10482472
306.22394 -0.113201044
309.67792 -0.124941
315.29184 -0.13869993
320.81354 -0.14889391
324.55325 -0.16275847
328.18002 -0.17330475
330.85934 -0.18417123
334.55826 -0.19428311
340.04913 -0.20010068
343.8004 -0.20976888
348.55927 -0.2186036
354.54492 -0.22931238
359.12778 -0.23491552
362.26334 -0.24705382
365.19653 -0.2563351
369.38867 -0.26736984
372.66333 -0.27889243
374.74286 -0.2884195
375.90018 -0.29862127
377.09637 -0.30875936
377.3816 -0.31966293
375.82047 -0.33227596
372.37225 -0.33831856
369.6181 -0.34956703
369.13574 -0.3616037
367.7762 -0.3746627
367.78415 -0.38930517
367.47906 -0.4014416
365.39767 -0.41579628
362.97644 -0.42780852
360.60828 -0.43998033
358.29425 -0.4523112
355.14178 -0.46606258
350.7091 -0.4788454
347.63046 -0.4867002
343.69388 -0.49607626
339.7882 -0.5056687
336.40863 -0.5180696
332.57675 -0.528127
328.26767 -0.5358024
325.0175 -0.5489479
322.67108 -0.5607041
319.8292 -0.570003
317.5641 -0.5821027
313.3996 -0.5908741
310.64993 -0.6007207
307.11224 -0.6126095
299.79355 -0.6298724
296.5705 -0.63781714
293.9696 -0.64865243
289.03912 -0.66604084
285.75192 -0.6796043
281.88034 -0.6907526
279.4541 -0.70263046
276.4136 -0.7119822
273.39783 -0.7215411
269.74075 -0.72855306
266.09732 -0.7357573
260.95035 -0.7537619
258.04837 -0.76437074
255.17613 -0.7752196
251.62784 -0.7835067
248.11072 -0.79773
244.61119 -0.8065799
241.17834 -0.8215471
237.73242 -0.831002
233.64262 -0.8439234
229.59325 -0.85730284
225.58643 -0.8711602
223.03166 -0.88488203
219.8988 -0.9024783
217.44281 -0.9169169
213.03996 -0.93641734
209.88026 -0.9489442
207.57558 -0.9646076
204.49284 -0.9778973
201.74162 -0.99845284
198.03784 -1.028171
195.5028 -1.0500741
193.54388 -1.0680029
193.4205 -1.0911086
195.63647 -1.1141504
197.95396 -1.1366645
200.36946 -1.1586467
202.87943 -1.1800951
205.12112 -1.2055556
208.1056 -1.2365835
210.94096 -1.2562401
214.52478 -1.2811848
217.97742 -1.3097223
222.07314 -1.3285862
225.8091 -1.3553965
228.72 -1.3804928
232.75761 -1.4056526
237.07996 -1.4257634
241.37143 -1.4492569
244.79636 -1.4715142
247.19447 -1.5008998
247.89444 -1.5213035
248.66978 -1.5456038
248.60118 -1.5616894
248.59694 -1.5777797
248.65704 -1.5938663
247.82355 -1.6141311
247.09245 -1.6345242
245.38583 -1.6513119
244.74458 -1.6679318
244.1713 -1.6846346
241.68361 -1.7024889
238.43782 -1.7254821
235.14624 -1.7449117
230.7732 -1.7614691
227.65198 -1.7820528
223.95796 -1.7901639
220.50713 -1.8029643
217.33862 -1.8206329
216.43384 -1.8408266
214.66006 -1.8625153
212.98894 -1.8845549
210.1499 -1.9040092
208.67755 -1.9268274
208.24467 -1.9481802
207.37807 -1.9759284
205.76514 -2.0059273
203.4502 -2.0275881
203.46869 -2.049569
203.19283 -2.0782151
205.1663 -2.0952556
206.34175 -2.1144636
208.1276 -2.1375108
210.30212 -2.1535583
212.52971 -2.1692734
214.80867 -2.1846588
218.31993 -2.2071257
220.72038 -2.2217019
223.16669 -2.2359614
227.06367 -2.2505696
231.77711 -2.2619228
236.51926 -2.272822
241.1895 -2.2891395
245.92151 -2.3048332
252.76436 -2.328622
255.53024 -2.339992
259.0401 -2.3484015
262.57217 -2.3619714
266.12817 -2.3698657
270.4608 -2.385337
273.38422 -2.3953774
277.81964 -2.4100392
281.56015 -2.4219024
284.5804 -2.4311674
289.92294 -2.446914
293.00717 -2.455653
296.1133 -2.4642093
299.24066 -2.4725873
303.1787 -2.4828157
307.94507 -2.4947433
310.55093 -2.5050757
314.0001 -2.517102
317.25375 -2.524474
319.95258 -2.5342577
324.3367 -2.547347
327.1055 -2.5567267
330.74185 -2.567594
333.5714 -2.576623
336.75198 -2.5895889
340.3354 -2.6063402
342.77646 -2.617311
347.00168 -2.6309566
350.4114 -2.6429102
353.4034 -2.6571324
355.57465 -2.669838
358.24692 -2.6798854
362.32187 -2.694676
365.14758 -2.710473
368.97815 -2.727118
371.98724 -2.742374
373.78 -2.7588594
373.8068 -2.773266
374.5048 -2.7910979
373.76117 -2.8045812
372.45764 -2.8147168
372.143 -2.8257592
370.32327 -2.8411605
369.15933 -2.8515108
367.07413 -2.8611734
365.02356 -2.8709457
363.0083 -2.8808272
359.56775 -2.8955162
357.64197 -2.9056828
353.8045 -2.9146936
349.7818 -2.9266927
346.99228 -2.936726
343.06458 -2.9492173
336.87042 -2.9667766
332.2515 -2.9765384
328.6532 -2.987044
324.1023 -2.9973392
319.45502 -3.0110288
314.86935 -3.0251198
310.558 -3.0332177
306.16934 -3.044793
300.82648 -3.056421
296.59763 -3.065352
292.39307 -3.0745406
287.2156 -3.083796
283.06247 -3.0935605
276.97867 -3.0997329
271.8718 -3.1099885
266.81744 -3.1168883
261.77628 -3.1240544
257.74905 -3.1315405
252.73671 -3.1392548
248.74 3.1359277
244.74788 3.1317492
240.7764 3.1232796
236.7978 3.118748
232.82425 3.1140614
227.8565 3.1090703
222.89471 3.1038568
218.93831 3.0986032
214.98816 3.0931566
209.10454 3.0822136
205.17467 3.0761914
199.3325 3.0642118
195.51265 3.052431
190.72617 3.0396519
186.96584 3.0268328
181.3859 3.006613
177.70929 2.9924316
172.26495 2.970032
168.68599 2.9543009
164.37779 2.9307034
160.9093 2.9133449
156.52182 2.8936691
152.90196 2.880909
148.62129 2.8592339
143.76686 2.8275597
139.6717 2.8028803
135.66673 2.776727
131.76015 2.749003
129.28381 2.7157204
128.29716 2.6776586
128.29716 2.6776586
