Mouse
21
300.8853 -1.3357571
301.93024 -1.3501841
301.08023 -1.363148
300.2811 -1.376183
299.53326 -1.3892854
298.67117 -1.405752
298.0401 -1.418991
298.31598 -1.4360667
297.80508 -1.4493771
297.3471 -1.4627306
297.93784 -1.4764404
297.58765 -1.4898225
297.225 -1.5065904
296.99515 -1.5200313
296.78345 -1.5368577
296.67468 -1.5503331
296.61978 -1.563816
296.61884 -1.5773014
296.69348 -1.5941542
296.81384 -1.6076274
296.98804 -1.6210872
297.21597 -1.6345289
296.5005 -1.6482074
295.0343 -1.6690089
294.4596 -1.6828611
293.9416 -1.6967647
293.48062 -1.7107148
294.06516 -1.7241846
293.71674 -1.738164
293.7932 -1.7588696
293.99554 -1.7795557
294.8505 -1.7928277
294.7847 -1.8068113
295.99377 -1.823236
296.31808 -1.8404187
296.44833 -1.8543233
295.97543 -1.8724334
295.28705 -1.8873807
294.66492 -1.9023945
294.79504 -1.9238491
295.26825 -1.9377321
295.24426 -1.9559711
295.8486 -1.9697714
295.59326 -1.9848696
295.40543 -1.9999906
295.71643 -2.0181806
294.78293 -2.034818
294.8185 -2.0499876
295.80258 -2.0635462
295.9665 -2.0786505
296.1978 -2.0937347
297.3556 -2.107069
297.7135 -2.1220515
298.1381 -2.1369948
298.34534 -2.1565337
297.84448 -2.1779485
297.7047 -2.1947334
297.4483 -2.2162342
297.3296 -2.237762
297.4889 -2.2545655
296.323 -2.270942
295.89502 -2.2899914
295.57468 -2.3090892
296.08978 -2.3259008
296.66342 -2.3521829
297.3919 -2.3688369
298.24713 -2.3901448
299.9049 -2.408837
300.91147 -2.4251406
302.64285 -2.4388044
302.3878 -2.455311
302.99988 -2.47389
302.9201 -2.490392
303.7287 -2.5088503
303.00815 -2.5233994
302.35205 -2.538015
302.59286 -2.554526
301.53445 -2.5720067
301.9449 -2.5885215
301.06693 -2.6061437
300.28302 -2.6238635
300.07452 -2.6387455
299.93256 -2.653645
300.29483 -2.673037
299.40765 -2.6864655
298.57477 -2.6999714
298.70676 -2.71494
298.90558 -2.729892
299.1711 -2.7448208
299.5032 -2.7597198
299.90164 -2.7745826
300.02264 -2.7925313
299.6223 -2.8062181
298.96365 -2.8231125
298.68918 -2.8368797
297.51358 -2.8497055
297.07587 -2.8667936
297.69223 -2.8847835
297.672 -2.898634
297.70886 -2.912484
297.59082 -2.9296105
297.56015 -2.9467456
297.61682 -2.963879
296.93582 -2.9771383
297.29587 -2.9909625
297.57785 -3.0080798
297.9468 -3.0251596
298.50336 -3.0388587
298.0321 -3.0555477
297.6441 -3.072285
298.3923 -3.0858903
298.19635 -3.099284
298.02676 -3.1160467
297.94098 -3.132824
298.93906 3.1336062
299.02078 3.1168847
299.18607 3.100177
299.43475 3.0834923
299.69363 3.0701675
300.0056 3.056868
299.37537 3.0432718
299.90747 3.0266798
299.4006 3.0130243
298.10382 2.9955292
297.8857 2.9784334
297.7548 2.9613178
297.51666 2.9474878
298.31403 2.9343307
299.16275 2.9212458
300.29523 2.9049973
301.2579 2.8920891
302.79526 2.8728862
303.20123 2.8561108
303.39618 2.8425317
303.956 2.8258421
304.27536 2.812325
304.65018 2.7988389
304.14325 2.7842414
304.63315 2.7707918
304.2511 2.7561557
303.40573 2.7371666
302.67032 2.7180784
302.04575 2.698904
301.08612 2.675204
300.71106 2.6558654
299.18805 2.6303258
298.56995 2.613725
297.7003 2.592446
298.11548 2.5774992
298.31046 2.5579567
298.6192 2.5384474
299.04135 2.5189857
298.77612 2.497582
299.61066 2.482897
300.35452 2.463618
301.20947 2.444441
302.27557 2.4300473
301.24475 2.4138336
302.44305 2.399559
301.56207 2.3832617
300.76166 2.3668733
300.04242 2.3504019
300.1285 2.331553
299.58475 2.314977
300.62012 2.293921
301.7878 2.2730186
302.31036 2.25437
302.15134 2.2378347
301.47052 2.2186465
300.09286 2.2013383
300.19928 2.1846833
298.73727 2.1718097
298.15778 2.1569512
299.3288 2.1384256
298.3739 2.1206913
297.51343 2.1028488
296.7482 2.0849085
296.55624 2.0698469
295.54684 2.0563436
295.92395 2.0366678
295.51352 2.01851
295.6186 2.0033834
295.79126 1.9882709
296.03137 1.9731795
296.3388 1.9581159
296.71335 1.943087
300.90533 1.92345
306.77667 1.8991452
309.62305 1.8858072
313.18344 1.8687162
314.63458 1.850725
313.55298 1.8384644
310.08188 1.8215088
309.11377 1.8089727
306.99716 1.7939137
305.15906 1.7818555
303.36584 1.769653
301.61835 1.7573072
300.9023 1.744244
297.7963 1.722248
297.21912 1.7089435
295.5793 1.6926539
294.12567 1.679568
292.7229 1.6663544
292.36838 1.6527351
292.00168 1.6356685
290.6324 1.6118546
290.4957 1.5980961
290.41403 1.5843275
290.38943 1.56711
290.43173 1.553337
290.52908 1.5395707
290.72815 1.52238
290.94916 1.5086476
291.22498 1.4949386
291.74103 1.4744301
292.153 1.4608017
291.75214 1.4433904
291.29727 1.4293333
291.21674 1.4084502
290.90543 1.3943248
290.8434 1.3767959
290.87082 1.3592649
291.73685 1.345859
292.16342 1.325075
292.19556 1.3109639
292.2859 1.2968585
293.39328 1.2837329
294.19498 1.263209
294.17337 1.2417101
294.5484 1.227761
294.39587 1.2094806
295.2708 1.1924423
294.9235 1.1773331
294.52908 1.1546112
294.3508 1.1394346
295.14267 1.1257062
295.9873 1.1044992
296.03293 1.0893918
295.7463 1.0697088
295.94745 1.0546076
295.86362 1.0349039
294.7291 1.0087347
294.36453 0.9918045
294.08453 0.9748371
294.2303 0.9503271
295.3523 0.9278914
296.18237 0.9130335
296.14288 0.8914132
296.24182 0.8697972
296.57117 0.85296494
297.65555 0.83368164
298.0886 0.8075011
299.43918 0.793231
299.4483 0.77433956
300.25076 0.7578805
301.19946 0.7368228
300.8701 0.71558017
301.44592 0.692178
301.24405 0.6755991
300.51376 0.65637165
300.491 0.63973284
299.969 0.62038887
298.99527 0.59822625
298.42813 0.5833756
298.54858 0.55921966
299.01102 0.5425564
298.1895 0.52473253
298.33795 0.50518894
298.1857 0.49020347
296.32352 0.4782941
295.84628 0.46017748
295.46646 0.44200832
294.68707 0.42828712
295.3964 0.40867043
295.84082 0.3860277
296.22116 0.37097532
296.66846 0.3559649
296.2401 0.34213197
296.81543 0.32717547
297.15112 0.3090776
296.62613 0.2919938
296.188 0.27485445
296.0935 0.2609352
296.05643 0.24700977
296.37354 0.22245535
296.0874 0.20194383
295.31113 0.18867366
294.2448 0.16864301
293.5999 0.1552119
292.86865 0.13834383
292.10168 0.117997885
291.45624 0.09755333
291.09387 0.08387697
290.78607 0.07016908
290.47833 0.052997608
290.2564 0.0357948
290.1205 0.018570768
290.0738 0.0047831153
290.08228 -0.009006356
290.14584 -0.022792403
290.30286 -0.040012173
290.5458 -0.057208236
290.80194 -0.07094123
291.11282 -0.08464748
291.47824 -0.09832192
290.90433 -0.11234364
291.37985 -0.12598531
291.90945 -0.13958
291.8173 -0.16041912
292.48288 -0.17391995
292.40762 -0.19135408
293.1947 -0.20474827
294.03406 -0.21806838
294.18362 -0.23539832
294.42145 -0.25270545
295.7112 -0.26907757
296.404 -0.2894901
296.61606 -0.30337727
295.9353 -0.31829602
296.26587 -0.332176
296.05457 -0.35034552
295.94113 -0.36853498
294.62286 -0.38486904
293.38388 -0.4013455
292.22522 -0.41795713
291.57037 -0.43780708
290.1342 -0.4592617
290.14905 -0.4746754
290.70486 -0.49311888
291.35916 -0.51148576
292.47208 -0.5250859
292.7807 -0.5403324
292.30807 -0.5573475
291.08133 -0.5762794
290.5218 -0.59821445
290.33838 -0.615419
290.24103 -0.63264006
290.2298 -0.64986765
291.70908 -0.66766363
292.50623 -0.6874382
292.00723 -0.70671886
292.3657 -0.72378737
292.8091 -0.74080914
291.92343 -0.7576408
291.82123 -0.7770192
290.40234 -0.7915879
289.76822 -0.80868524
289.21918 -0.8258526
287.34384 -0.8433638
286.21036 -0.8584492
285.14252 -0.87365115
284.14105 -0.88896376
281.97473 -0.9099564
281.93237 -0.9276894
282.79 -0.94749224
283.19144 -0.97007483
283.44928 -0.98769945
283.795 -1.0052866
285.08234 -1.024653
285.61172 -1.0420772
285.35583 -1.0577167
285.16983 -1.0733806
287.28958 -1.0892018
288.13785 -1.1063285
289.07013 -1.1233498
290.58 -1.1448203
292.6176 -1.1629179
292.51974 -1.1813216
292.52103 -1.1997313
291.09445 -1.2125378
291.59882 -1.2277899
291.22418 -1.2418802
291.5515 -1.2603273
292.2673 -1.2754503
293.04956 -1.290496
294.86295 -1.3063475
296.7495 -1.3220013
297.73505 -1.336677
298.78427 -1.3512527
298.78427 -1.3512527
