Finger
8
287.59845 2.7623763
289.29385 2.7167287
291.30728 2.6766322
292.83728 2.6517012
294.0695 2.6297715
295.6847 2.6134186
297.49762 2.5887663
298.46783 2.5710073
298.0502 2.5500548
296.37103 2.5298555
295.86575 2.5078466
297.38287 2.4787629
297.24088 2.4524813
297.299 2.4262617
297.09525 2.4067707
297.54904 2.3852787
297.9959 2.3548415
298.30838 2.3220024
298.7358 2.2928169
299.41794 2.2637024
300.0914 2.2420805
300.3353 2.2203434
301.4951 2.1919332
299.49857 2.164967
300.15656 2.1316304
301.29883 2.10595
303.0444 2.0828485
303.7559 2.0596743
303.58548 2.0371423
303.28748 2.0125914
302.70068 1.984487
302.63266 1.9591182
302.93668 1.9347398
304.28915 1.9085389
305.53867 1.8795817
307.25323 1.8532443
309.30655 1.8286335
311.1564 1.8097695
312.31308 1.7867495
312.26245 1.7663516
311.83923 1.7414415
312.4513 1.7184018
312.83823 1.6980776
313.12814 1.6787057
312.62997 1.6628338
312.08432 1.6413997
311.71872 1.6222116
310.4928 1.6053374
310.34366 1.5860428
312.07544 1.5674837
313.3892 1.547649
313.61868 1.5260841
314.0086 1.5038521
313.4058 1.4869964
311.87433 1.4705186
310.4299 1.4538393
309.2695 1.4378774
308.30014 1.4145494
307.3205 1.3942609
305.30823 1.3723484
304.54175 1.3525518
303.0316 1.3336977
302.50577 1.3136908
302.43488 1.2895924
300.40414 1.2659769
300.39697 1.2422338
300.84967 1.2180871
301.3976 1.2038264
302.03717 1.1805775
301.31802 1.1543524
300.27017 1.1300244
299.7502 1.1107342
300.36313 1.0902295
299.00757 1.0650973
298.6205 1.0403707
298.68982 1.0141811
299.14044 0.99919736
299.8747 0.97588676
301.64435 0.95569557
301.96756 0.9329083
301.9428 0.9069645
301.6287 0.88078403
300.3564 0.8509223
299.75012 0.8222148
299.59387 0.80333406
300.27396 0.7727431
299.76535 0.7467687
298.95688 0.71886903
298.71637 0.69215304
298.36243 0.6639561
299.20938 0.63885117
300.06955 0.61002016
298.7985 0.5845355
296.28076 0.5540543
295.12506 0.5279554
294.7647 0.5053146
295.09964 0.47861284
295.09924 0.44839492
295.3685 0.41818023
296.1946 0.39035174
295.78415 0.36636293
294.89413 0.33857837
294.2999 0.32224813
293.69937 0.30493683
293.41577 0.29018235
293.16144 0.26214394
293.54684 0.23985165
293.73572 0.21605515
293.10522 0.18870813
292.48315 0.17254955
292.77615 0.15779819
292.1729 0.14424495
292.33267 0.122630425
291.6622 0.10230087
291.96854 0.07553129
291.63492 0.058495354
291.38406 0.041256674
291.16425 0.013901486
291.1361 1.1215994E-4
291.21912 -0.023875048
291.5198 -0.05131285
291.81708 -0.06832905
292.20114 -0.085405625
292.5699 -0.09904209
292.99387 -0.11267088
292.87097 -0.13673683
293.90286 -0.16024765
294.69763 -0.17615063
294.6441 -0.19361651
294.75513 -0.20805769
295.3599 -0.22156349
295.27567 -0.24598725
294.8571 -0.26750293
294.63904 -0.29223168
296.09784 -0.3191184
297.5062 -0.34326586
298.29034 -0.36017057
297.78415 -0.3824645
298.42056 -0.40603435
298.95483 -0.43461975
299.71844 -0.46298715
299.575 -0.48755226
299.73843 -0.50433934
300.59232 -0.52961445
302.1622 -0.5574622
303.96402 -0.58500344
304.98492 -0.6074242
304.1953 -0.63753754
303.1095 -0.6639813
302.65335 -0.6950345
303.4118 -0.72320104
303.73868 -0.7489146
302.5025 -0.772081
299.68192 -0.8002736
297.10553 -0.8289597
294.7787 -0.85811114
293.91977 -0.8865693
294.2922 -0.91790015
293.84735 -0.93677175
293.35904 -0.9568615
292.36844 -0.97511303
292.30545 -0.99237925
291.5095 -1.0109386
291.75894 -1.0275987
291.40125 -1.0585783
290.7454 -1.0768323
290.18622 -1.0953369
289.83847 -1.1129975
290.47214 -1.1303556
291.04303 -1.1612991
291.6675 -1.1920035
290.79272 -1.2092438
289.86172 -1.2409489
290.02234 -1.2583127
289.69336 -1.2732265
289.51245 -1.2875448
289.57007 -1.312681
288.85464 -1.3405265
288.73767 -1.3580742
288.7468 -1.3749815
287.9541 -1.3893832
287.60727 -1.4173509
287.48593 -1.4453593
286.5248 -1.4755883
286.15323 -1.4903227
285.79446 -1.5077789
286.25592 -1.5242251
288.304 -1.5473601
290.22327 -1.5706984
290.36053 -1.6015458
290.54547 -1.6178958
290.77582 -1.6324536
291.12637 -1.649583
291.8637 -1.67687
292.3982 -1.6928414
293.05206 -1.7098536
293.07312 -1.727043
293.65985 -1.744827
293.87213 -1.7619904
293.57022 -1.7790765
292.79733 -1.7939537
291.96292 -1.8127378
290.94904 -1.8526613
290.6943 -1.8736084
290.32553 -1.8920158
288.85968 -1.909247
288.68164 -1.927898
288.23935 -1.9433303
287.5637 -1.9742042
287.73886 -1.9926733
288.81247 -2.0093336
288.8381 -2.02552
289.77856 -2.0547745
290.3043 -2.0852437
289.83713 -2.1181793
289.04285 -2.1524549
288.5956 -2.1870112
289.28934 -2.2195382
289.2309 -2.245874
289.6377 -2.2761655
289.13358 -2.3143742
288.9505 -2.3340127
287.67178 -2.3688948
287.05075 -2.4015353
287.63303 -2.4344165
288.7378 -2.4735773
289.01434 -2.4949164
289.10257 -2.513505
289.42416 -2.548094
289.71277 -2.5654042
289.2411 -2.5808663
288.8386 -2.5963807
288.62756 -2.6320097
287.9839 -2.650498
287.54626 -2.6683571
287.4331 -2.684532
287.07114 -2.7032557
287.60123 -2.7223372
287.95853 -2.738887
287.97913 -2.7568657
288.2804 -2.7731295
288.3946 -2.791789
288.6845 -2.8096428
289.21875 -2.8254237
289.62207 -2.8441396
289.15906 -2.8617082
289.0729 -2.8788335
289.7128 -2.8944597
288.81512 -2.910668
288.85452 -2.925674
288.80515 -2.943304
288.47314 -2.9634216
287.86252 -2.9807029
287.21735 -2.9951913
287.26266 -3.0125778
286.95398 -3.0292022
287.50366 -3.0442402
287.05765 -3.061715
286.71606 -3.07832
286.48145 -3.0929317
286.2814 -3.1104217
286.17273 -3.127017
286.1435 3.138759
286.20105 3.1213381
286.3855 3.1003807
286.63318 3.0830617
286.9696 3.0656424
286.58282 3.0506825
286.80078 3.034039
287.28366 3.019456
287.93765 3.0021684
288.63333 2.985932
289.3244 2.9713848
289.80887 2.9435616
289.54276 2.915092
289.24588 2.893588
288.43002 2.8641982
287.86383 2.8346496
286.60577 2.8038177
284.06686 2.777275
283.9125 2.7477112
285.23694 2.719261
285.26666 2.7022662
285.26666 2.7022662
