Finger
10
277.97275 2.9552102
276.5009 2.9308493
274.74136 2.910292
273.72305 2.8939943
271.95337 2.861975
271.02783 2.8447707
269.82098 2.8248057
268.58755 2.8035731
267.54773 2.7814891
266.3798 2.7597098
264.71326 2.7377064
262.24823 2.711838
260.31613 2.6829119
257.72482 2.6517816
255.76236 2.6254168
254.31224 2.6038911
253.51929 2.578895
253.13805 2.5586863
252.3384 2.523457
250.27443 2.4877355
248.04086 2.4602306
247.77168 2.4289978
247.2856 2.3950276
246.70312 2.3631527
246.52885 2.3287518
246.6264 2.2860694
247.36736 2.2518888
248.86981 2.2202332
250.57927 2.1903963
252.3372 2.1628647
252.5628 2.1380644
255.76212 2.0980399
258.0008 2.0670245
260.99667 2.0392501
263.3622 2.0209942
265.35873 1.9924865
267.2824 1.9618279
269.6181 1.9334685
272.97433 1.9025235
275.42044 1.8832023
277.46765 1.8582274
279.74698 1.8346258
281.35297 1.8136367
282.95154 1.7913176
282.9251 1.7699425
283.34174 1.7443715
284.30978 1.7215217
286.57214 1.7027317
288.9493 1.6852201
291.5498 1.6625589
295.74173 1.6384141
299.3894 1.6175436
302.1888 1.599725
305.1075 1.583758
309.08426 1.5634695
312.22034 1.5387758
312.62045 1.5259393
314.77087 1.5040212
316.47592 1.4846996
318.79144 1.4664234
321.41574 1.4493308
323.3365 1.4336354
325.46808 1.4105653
327.5078 1.3921953
328.5716 1.3750724
329.7958 1.3571578
332.07828 1.3403207
334.29565 1.3255984
337.2292 1.3039739
338.64627 1.2890707
338.97708 1.2654543
338.60764 1.2450353
340.96405 1.2295104
341.64313 1.2154536
343.02158 1.1967235
343.6106 1.1769375
344.64825 1.1623918
345.54672 1.1438016
346.14587 1.1215963
346.1088 1.1070104
346.0837 1.0866592
344.80392 1.0656227
345.10916 1.0497696
343.75897 1.030671
342.02075 1.0094914
342.39444 0.9962991
343.46478 0.971107
344.56476 0.9515088
345.8117 0.92818433
345.16617 0.91029954
345.02112 0.88390565
345.24896 0.8686333
344.66373 0.8449983
344.85748 0.82516146
345.52185 0.80413544
346.32104 0.7841413
346.9575 0.7630327
346.01047 0.7381848
345.60193 0.7150719
345.40005 0.6966189
347.07382 0.66946244
346.46887 0.6542489
346.05505 0.6333068
345.23438 0.610238
343.77966 0.59895253
342.5423 0.58731216
340.40134 0.5669612
339.65424 0.5495805
338.2359 0.52934813
338.24783 0.50552183
337.7441 0.48288506
336.61365 0.4580071
335.73282 0.43877077
334.7219 0.41793776
333.30597 0.40670928
332.17184 0.39239195
331.2261 0.37752777
330.62762 0.36464602
330.1676 0.35206965
328.94037 0.3307532
326.99182 0.3129352
324.39084 0.28712264
322.21857 0.26333088
320.4206 0.24164283
318.07047 0.22148368
316.58743 0.20259698
314.1257 0.17887521
312.80154 0.15370837
310.12683 0.13490422
308.514 0.11985484
306.76492 0.10364971
305.37164 0.090575546
303.84137 0.06886973
301.63928 0.046189293
299.40973 0.026397975
297.13495 0.006536264
294.34735 -0.011042223
291.46115 -0.031141091
289.76895 -0.055479296
288.14703 -0.08358254
285.89767 -0.10546965
284.31726 -0.12362654
283.1804 -0.14190501
281.134 -0.16452603
279.42108 -0.1909858
276.75458 -0.21565439
274.4346 -0.24266924
273.34106 -0.25977597
271.2297 -0.2841123
270.2969 -0.30059016
269.61246 -0.32866716
269.021 -0.35378
269.4466 -0.3694242
269.49695 -0.3889027
266.84387 -0.4133838
263.8806 -0.44334006
261.62607 -0.4772359
261.32544 -0.5074952
261.65662 -0.5303125
261.20377 -0.552082
260.50137 -0.57650596
259.13135 -0.60320765
257.60413 -0.6270585
255.79637 -0.65661377
256.00342 -0.6900763
256.0911 -0.72059906
255.12624 -0.7503035
253.68567 -0.7784861
253.04819 -0.80915654
253.44005 -0.8532946
254.45702 -0.89753866
255.64058 -0.93648505
256.86133 -0.97707635
257.39197 -1.0110137
256.69073 -1.0456276
258.29172 -1.0809417
260.14328 -1.1105295
262.82 -1.1408745
264.11438 -1.1789463
264.40973 -1.196214
265.35205 -1.2296556
265.93967 -1.2464333
267.61832 -1.2759967
268.51343 -1.3047738
269.71896 -1.3321272
272.82727 -1.3648636
277.38638 -1.3939917
280.19287 -1.4210539
282.26355 -1.4507189
284.1039 -1.483017
284.79535 -1.497446
286.41876 -1.5195724
287.351 -1.5412483
291.03693 -1.5649947
293.07352 -1.5855211
293.4712 -1.6120956
294.58936 -1.6322837
296.02768 -1.652359
296.6673 -1.6696357
298.29 -1.6887158
299.93054 -1.7053945
300.91458 -1.7277071
301.57712 -1.7410319
303.62 -1.7597312
304.80597 -1.7790997
307.07266 -1.7974888
309.4498 -1.8157077
311.21353 -1.8374401
312.30182 -1.8499132
313.42844 -1.8621924
315.79938 -1.8862604
318.04288 -1.9072042
319.39725 -1.9191272
321.45703 -1.936364
322.1766 -1.9490463
323.80557 -1.9710155
325.2692 -1.9891491
326.9248 -2.0076778
327.27618 -2.022698
328.60986 -2.0446618
328.74478 -2.0649834
329.87894 -2.0833862
331.05276 -2.1032262
330.93802 -2.1245143
330.76758 -2.1462846
330.75092 -2.1681166
330.75613 -2.1893327
331.05463 -2.2111146
330.8988 -2.2343404
330.2279 -2.2521973
329.34418 -2.282136
327.59366 -2.3070414
326.57236 -2.3309002
327.02448 -2.3594694
327.81155 -2.3788319
328.11163 -2.4047072
328.66394 -2.4257183
328.59967 -2.4493327
327.91855 -2.4713018
327.40512 -2.4932082
327.85162 -2.5170949
328.49365 -2.5407043
327.63815 -2.5610876
327.35193 -2.5793386
326.34445 -2.6018937
325.80878 -2.6229205
325.50714 -2.6434753
324.4583 -2.6626616
323.52078 -2.6818838
323.6217 -2.7026505
323.5279 -2.7256327
323.4172 -2.7493794
323.70605 -2.7723744
324.30893 -2.7934978
324.44388 -2.8132942
324.23328 -2.8325517
324.3715 -2.8520176
324.87085 -2.8716795
324.29184 -2.8903117
322.8559 -2.9082663
321.7332 -2.9234343
320.49103 -2.9416685
320.0277 -2.9659898
318.6174 -2.9929945
317.27945 -3.0058804
313.95172 -3.0332189
312.47733 -3.0480475
311.11688 -3.061212
309.01443 -3.0770023
306.74023 -3.092818
304.55563 -3.1079822
302.45227 -3.1217954
301.38806 -3.1383555
297.52118 3.1121771
295.6791 3.0975564
293.88513 3.0836484
290.42264 3.0590708
287.0031 3.035938
284.07465 3.005022
282.7133 2.9890587
281.3647 2.9737794
278.70187 2.946704
276.53238 2.9289398
272.62265 2.9112275
272.62265 2.9112275
