Finger
12
140.88768 2.8126369
145.80486 2.7560897
147.63243 2.7304735
150.20685 2.7083576
153.91139 2.6731129
157.00446 2.648851
160.97162 2.6267226
164.53754 2.6039386
168.05896 2.5808456
171.60194 2.5592809
175.15796 2.539125
178.27042 2.5237963
181.42285 2.5090003
184.58667 2.4939742
189.71533 2.4767907
194.24196 2.4556773
198.68854 2.4348395
202.92085 2.4254644
207.07825 2.4172301
214.80884 2.4117286
222.51192 2.4066172
228.16487 2.4053612
233.73926 2.3981314
240.03616 2.38819
244.34927 2.3766541
249.11244 2.3626263
253.47955 2.350853
258.4766 2.3372521
263.41382 2.319359
268.73126 2.301132
274.07196 2.2799401
277.9031 2.2672591
282.16833 2.2420104
285.234 2.2201915
288.89825 2.1977715
292.48203 2.1722593
295.79205 2.1523688
298.55243 2.1360865
299.65927 2.1163907
302.23828 2.0970373
303.01987 2.075487
303.70963 2.0525944
303.31644 2.0266964
303.25235 2.011753
301.7809 1.9925637
300.38513 1.973684
298.85617 1.9526308
295.72717 1.932988
291.73337 1.9160686
287.32507 1.8952135
284.81903 1.8796976
281.0966 1.8586068
276.83078 1.8443754
271.16132 1.8235689
265.77524 1.8047386
261.57816 1.7858884
258.54788 1.7678843
256.09937 1.7531488
252.87767 1.7357976
251.04454 1.7172794
248.58528 1.7021031
246.80084 1.6789684
245.16492 1.651897
244.7405 1.6266313
244.54657 1.6099541
244.40044 1.5891868
247.36018 1.5655282
249.52171 1.53426
252.75317 1.5030172
256.31918 1.4759083
259.93335 1.4540485
263.78253 1.4297338
267.9788 1.4017813
272.3853 1.374676
276.57404 1.3549249
279.26453 1.3319707
282.92947 1.3096474
286.054 1.2835743
290.14914 1.2589337
293.22055 1.2401054
296.4458 1.2194164
299.1367 1.204871
302.45752 1.1843413
305.07294 1.1652786
306.93427 1.1513778
309.83704 1.1308376
312.60178 1.1124086
313.954 1.0967358
312.40933 1.0731416
310.1064 1.0469056
307.1306 1.0261594
303.62076 1.0075557
301.41232 0.99430865
299.23938 0.974473
295.63257 0.95791894
292.32495 0.937299
287.4508 0.9150171
283.18967 0.8943754
277.767 0.8786031
273.0032 0.86404854
267.6546 0.8429774
261.88297 0.8220086
256.30573 0.80571824
250.97018 0.7920426
245.46814 0.77550477
239.89098 0.7622205
234.35446 0.74491477
228.16716 0.7282709
221.82538 0.71642876
214.52708 0.7040982
206.99196 0.6908769
198.85445 0.6727018
191.24289 0.6561773
184.46379 0.6367521
177.94115 0.6151874
171.62418 0.5930035
164.74942 0.56295174
159.41142 0.53263646
154.68045 0.5055544
150.78755 0.47153968
149.57921 0.44001836
150.47838 0.40797776
152.37267 0.35494566
154.01007 0.32195908
158.9869 0.2787453
163.33266 0.25459054
167.41203 0.23347934
171.89706 0.21181759
175.6117 0.19787596
179.92966 0.18741132
184.45384 0.16734608
190.24913 0.1515625
196.67413 0.13634728
203.4851 0.12677442
208.47974 0.11793848
214.13295 0.101702034
220.55385 0.08046945
226.49425 0.06513381
233.25043 0.04609418
239.87025 0.023952464
245.99577 0.011220228
251.68602 0.0021835181
256.78314 -0.008744305
261.01743 -0.017036213
268.8842 -0.030651744
274.18176 -0.040988334
281.16852 -0.05769519
287.65845 -0.08013141
294.1852 -0.09887928
301.86185 -0.1130236
309.08514 -0.12396749
314.4203 -0.13146463
320.3983 -0.14788717
326.27408 -0.16383353
332.52765 -0.1844637
334.74124 -0.19968109
338.65054 -0.21175644
342.4424 -0.2279621
345.007 -0.24290007
347.9137 -0.26156512
349.6252 -0.27926734
350.9745 -0.29237443
353.94376 -0.3099429
356.14908 -0.32872778
357.52502 -0.34811386
358.6518 -0.37076405
359.08954 -0.38888434
359.91733 -0.4029834
358.8859 -0.41666237
357.78012 -0.43611997
357.136 -0.4518797
354.45334 -0.474476
350.84045 -0.49656332
345.81924 -0.5176397
342.6374 -0.53648865
339.0718 -0.5530931
334.62955 -0.56550956
328.3612 -0.5805795
325.1302 -0.5878524
319.05127 -0.604406
313.9439 -0.61958957
310.6893 -0.62708163
303.453 -0.64447266
299.64435 -0.6540595
296.32306 -0.66268075
292.3985 -0.6731988
288.64105 -0.68362355
285.41486 -0.69286716
278.14142 -0.70620584
274.40182 -0.7169637
270.5835 -0.7243901
267.05823 -0.73206323
263.95474 -0.74169004
257.60867 -0.7548101
251.17847 -0.7680746
243.36342 -0.7820372
235.61322 -0.79690236
231.96783 -0.8056829
225.72255 -0.8218511
220.31201 -0.8418228
214.69278 -0.8572903
209.4533 -0.8732617
204.20972 -0.89499396
199.71378 -0.9153336
196.11879 -0.93955904
194.12918 -0.9700462
193.02786 -0.9971698
192.4878 -1.0210387
193.39774 -1.0539914
195.01367 -1.0925289
197.1588 -1.1270947
198.7113 -1.1582867
201.72597 -1.1969954
205.6816 -1.2290937
210.9047 -1.2590066
215.73325 -1.2856156
219.46071 -1.3094469
224.81607 -1.3433759
228.63052 -1.3695476
233.03584 -1.3907969
237.89223 -1.4072834
243.37892 -1.4306592
246.55966 -1.4567084
247.424 -1.4736601
249.49925 -1.5065336
250.41896 -1.5345542
251.30397 -1.5507997
250.25568 -1.567763
247.55684 -1.5878869
244.46326 -1.6116625
240.7907 -1.6370587
237.4928 -1.6601534
233.12228 -1.6877645
228.95927 -1.7162724
222.4872 -1.7523613
217.95015 -1.7875644
213.61124 -1.8221498
210.07544 -1.8561683
207.73886 -1.8845749
204.27615 -1.9108657
201.13968 -1.9535884
200.72513 -1.9866531
199.91684 -2.0254877
200.59981 -2.0574422
201.76453 -2.0785239
204.02858 -2.1077766
204.86853 -2.1303966
206.6234 -2.1612046
209.7676 -2.1859322
213.28766 -2.2089174
216.86777 -2.2254639
221.55588 -2.2433052
224.71944 -2.2607923
228.56311 -2.2809236
233.48701 -2.3006911
239.68484 -2.3168952
245.45464 -2.3302004
250.534 -2.343951
254.73936 -2.3607254
259.57004 -2.3790033
262.9747 -2.3913007
266.80954 -2.3995469
270.52933 -2.412082
277.17358 -2.428557
283.78784 -2.448542
287.66785 -2.459692
290.9203 -2.473119
295.10803 -2.4842775
299.03262 -2.4943678
302.79312 -2.503722
306.27933 -2.512133
312.7798 -2.5271869
316.3159 -2.5388916
319.80048 -2.5490193
323.16534 -2.557116
326.72113 -2.5679445
332.08167 -2.5843825
337.0817 -2.6039622
340.01907 -2.6125271
342.4883 -2.62349
347.09866 -2.6408348
349.6922 -2.6514518
354.2298 -2.6671617
357.43835 -2.684929
359.90033 -2.7026489
360.7784 -2.719327
361.11917 -2.7378554
361.5839 -2.7563405
362.1744 -2.7747536
362.86536 -2.793267
363.7018 -2.81153
363.381 -2.8293853
361.84146 -2.8452337
359.2454 -2.8597245
355.99542 -2.87131
352.6669 -2.884475
347.56473 -2.8985207
343.2812 -2.913319
340.0643 -2.928391
336.91367 -2.94443
333.8189 -2.9608967
330.8103 -2.9776921
325.23346 -2.9935017
319.47314 -3.0097072
312.4806 -3.026135
305.1135 -3.044101
297.64078 -3.0618343
290.23883 -3.0805151
285.3802 -3.0865307
281.077 -3.0927062
275.97015 -3.0990984
270.86548 -3.1057467
265.84232 -3.1125298
261.79245 -3.1197262
253.76556 -3.1308272
249.75116 -3.1346765
245.0348 -3.1386158
239.98375 3.136222
235.03946 3.1276484
230.80113 3.1187081
223.93382 3.10013
218.14066 3.0806506
210.40329 3.0629144
201.72679 3.044603
197.91933 3.0338957
190.33273 3.0137112
182.8486 2.991931
178.07884 2.9822443
173.39041 2.970467
168.58653 2.9595175
164.41261 2.9443717
160.52925 2.9265208
157.29674 2.9024024
151.57968 2.8660054
146.74144 2.828121
141.70422 2.7866924
137.01176 2.7443357
137.01176 2.7443357
