Stilus
15
173.93059 2.743056
173.74364 2.6654584
174.40675 2.6014218
175.50362 2.5588827
176.77844 2.528273
177.65662 2.501877
177.6805 2.4650877
177.71278 2.4212952
178.11948 2.3852623
180.0227 2.3487341
182.63202 2.3272083
185.93571 2.3105714
189.57346 2.293195
192.18729 2.260882
195.61757 2.2334723
199.28238 2.2089107
202.16032 2.1861656
205.82315 2.1611445
209.21353 2.1333196
211.27654 2.1098912
211.3187 2.0831242
211.68045 2.0594766
213.20181 2.031749
215.51945 2.008682
219.226 1.990779
223.09079 1.9743898
226.93903 1.9575828
230.13818 1.9369564
230.88792 1.9080703
231.19203 1.8778634
231.86122 1.857815
234.14093 1.8328046
237.1065 1.8115327
241.11334 1.7985117
244.83249 1.7754533
246.80864 1.7465414
248.80319 1.7189873
250.27159 1.6946017
250.67537 1.673472
251.84679 1.6459631
253.40375 1.6179539
254.4106 1.5923896
257.12808 1.5667038
257.40292 1.5503188
256.54422 1.5318553
254.32329 1.5098886
253.37697 1.4808558
251.28537 1.4586895
248.36572 1.4344692
242.75665 1.40339
238.90385 1.3803397
234.80078 1.3455827
234.02832 1.3228743
232.10704 1.2911636
228.31549 1.2559699
225.21346 1.2354062
220.56609 1.2037138
216.91122 1.1811459
213.016 1.1542284
207.58705 1.130956
202.16917 1.1072913
198.71127 1.0884393
192.60234 1.0481305
190.15639 1.0284011
189.37425 0.98353326
187.9388 0.95180994
184.44463 0.90362424
183.2137 0.8771687
179.71579 0.8387154
177.36859 0.8034235
174.80667 0.77941275
172.13412 0.7466404
170.26584 0.717031
167.7943 0.6812801
165.84561 0.63923436
164.41757 0.6064354
165.82349 0.5643846
169.02808 0.5386371
171.52213 0.51565325
174.46562 0.47305498
176.30272 0.43773568
177.89943 0.39639655
179.76222 0.36215562
181.47435 0.32824633
184.42809 0.30002964
188.31923 0.27810293
191.94292 0.26629004
195.72536 0.2463818
199.2924 0.22526662
202.9587 0.19893315
206.84584 0.16474575
210.87733 0.13183019
216.05289 0.0969837
221.65791 0.074675836
228.45807 0.046159424
231.09427 0.025670178
234.01782 -3.0150113E-4
238.08925 -0.026252652
242.36531 -0.053953316
246.56815 -0.06671313
252.54285 -0.080104016
259.2863 -0.10055172
265.05325 -0.1250203
271.097 -0.1519493
274.21994 -0.17611207
276.16367 -0.19062833
277.5529 -0.21502617
279.6369 -0.2317697
281.02597 -0.25185952
284.5148 -0.27065516
287.8486 -0.28601655
290.49344 -0.30422765
293.76297 -0.31863585
296.46436 -0.3332942
300.3919 -0.35031646
303.81488 -0.37098962
306.05402 -0.38936412
307.66418 -0.40192714
309.85535 -0.41825086
312.47324 -0.43671724
315.06177 -0.45399973
318.5608 -0.47601297
319.76718 -0.48884758
321.67657 -0.5066743
323.6488 -0.51825666
324.047 -0.53733915
324.92993 -0.5536339
326.13748 -0.5666924
328.27026 -0.5851378
328.9236 -0.6004259
329.46066 -0.6186513
329.13715 -0.64194876
326.80338 -0.65879315
325.51297 -0.6736468
324.93137 -0.6909711
324.24475 -0.7169654
325.823 -0.7373176
325.882 -0.759017
326.31784 -0.78237987
325.13077 -0.8045685
323.65787 -0.8172744
320.42834 -0.8291279
318.3666 -0.84269285
316.68176 -0.85646516
314.3184 -0.8750422
311.3186 -0.8866623
307.40118 -0.898355
303.35156 -0.9087435
299.52112 -0.91980356
297.5571 -0.9341452
296.7716 -0.953731
296.1549 -0.9720691
295.49017 -0.9913544
296.39902 -1.0109202
294.72363 -1.027282
293.76093 -1.04456
291.97467 -1.0568259
289.9731 -1.0691874
288.54004 -1.0856956
286.69275 -1.1057782
284.17462 -1.1237632
280.33545 -1.1379633
277.55258 -1.149226
273.32413 -1.1661761
270.094 -1.1851248
266.9797 -1.200459
265.86215 -1.2154776
263.96646 -1.2353655
263.5403 -1.2519166
261.72232 -1.2736752
260.30774 -1.2919713
258.10803 -1.3097035
256.86127 -1.3268346
254.94412 -1.3431447
252.79999 -1.3609982
251.88312 -1.3788419
250.07857 -1.3957646
249.1229 -1.4189839
247.64056 -1.4384601
246.84753 -1.457264
247.30028 -1.4789364
246.95784 -1.4954747
246.5851 -1.5192537
246.37466 -1.5399724
248.77365 -1.5587518
248.25934 -1.5759462
249.33418 -1.5959586
249.46704 -1.6120044
249.83696 -1.6390493
250.24681 -1.6598467
250.7403 -1.6796865
251.33148 -1.6994224
251.0333 -1.7196838
252.9748 -1.7424899
254.01416 -1.7646705
254.87227 -1.7811294
256.842 -1.7977693
257.867 -1.8143835
260.14096 -1.8329391
261.91702 -1.8571241
266.18417 -1.8776332
269.44797 -1.8993876
271.3799 -1.9173008
273.1233 -1.934567
275.22644 -1.9541368
276.91205 -1.9689589
279.5123 -1.9905242
281.68353 -2.007476
283.02884 -2.025655
283.474 -2.0429235
284.94226 -2.0656939
286.01706 -2.08184
288.1662 -2.1033702
289.8288 -2.1196687
292.27783 -2.1382043
294.6546 -2.152095
295.37567 -2.1679418
297.45673 -2.1840158
299.5507 -2.199574
300.77444 -2.213508
304.1678 -2.2255702
307.6095 -2.2400076
311.35928 -2.2550905
315.32523 -2.2703655
319.35538 -2.2852304
322.38345 -2.295994
323.9244 -2.314178
325.59256 -2.3287168
326.3403 -2.3443675
324.35654 -2.364321
322.88525 -2.3813958
322.4007 -2.4011586
322.6328 -2.422586
324.2123 -2.4378653
327.12418 -2.4549103
330.30542 -2.4670508
332.52792 -2.4834607
332.2494 -2.5049782
329.89767 -2.5250804
329.19934 -2.5429256
328.4761 -2.5626943
330.41415 -2.581531
334.279 -2.5982757
336.08322 -2.6231725
336.76007 -2.644003
337.48535 -2.6652386
335.85773 -2.6827843
333.58725 -2.6967611
332.18723 -2.7113574
332.1544 -2.7277884
331.0917 -2.7428582
329.18454 -2.7568424
326.63193 -2.7766263
324.877 -2.7910364
322.93274 -2.8078907
320.64688 -2.8291056
318.854 -2.847007
317.22284 -2.8644571
314.66818 -2.881935
310.48236 -2.8982399
307.11545 -2.912998
300.65012 -2.9270055
294.55942 -2.9442375
288.84763 -2.9647708
283.7517 -2.986563
280.9001 -3.006597
277.17838 -3.0272055
273.5678 -3.0477505
271.87213 -3.069251
270.8229 -3.0837872
268.56088 -3.1048255
264.4054 -3.1269844
260.67874 3.1356514
256.3201 3.1242516
251.28479 3.1135554
246.02562 3.0987313
240.89072 3.0778883
236.28818 3.055457
232.59924 3.036373
228.19254 3.0171838
224.62099 3.0016978
221.26501 2.9812706
217.44705 2.9564989
212.92592 2.9429564
208.04968 2.9308753
204.38322 2.917018
200.09999 2.8874793
198.05505 2.8638446
194.61298 2.8389423
191.11108 2.8111868
187.58582 2.7803466
184.80211 2.7456255
180.17966 2.7104933
176.78784 2.682905
174.03696 2.6608121
174.03696 2.6608121
