Stilus
16
292.7872 2.6019907
293.73172 2.5787475
294.04987 2.558236
294.8627 2.5346398
295.61017 2.5193198
295.79803 2.5025916
295.49783 2.4815738
294.42352 2.4603965
296.00232 2.4406605
295.9263 2.421186
296.646 2.3999085
296.10083 2.3808596
296.18695 2.361189
296.60052 2.3397079
297.06564 2.3081045
298.65698 2.288784
299.36954 2.2654574
299.14322 2.2386856
299.8069 2.212777
300.66925 2.1941476
302.15396 2.16647
301.34442 2.144456
300.60104 2.1234615
299.00253 2.105722
298.2099 2.0836334
299.7006 2.0622933
299.53436 2.0405035
300.5531 2.0230353
302.0126 2.0042608
302.80984 1.9777532
303.22165 1.9575028
302.71976 1.9421651
303.3475 1.9220331
303.55334 1.9043204
304.36523 1.8864889
304.34503 1.8671405
303.78027 1.8463314
302.39575 1.8296437
300.97638 1.8111898
300.56143 1.7944478
301.35553 1.7794442
301.92758 1.7638526
302.90875 1.7497827
303.29214 1.7328964
303.3756 1.7186582
303.6972 1.6961403
304.07938 1.6786103
303.49225 1.6589491
304.02277 1.6391381
303.65857 1.6185058
302.47906 1.6038548
301.35272 1.5867023
301.3146 1.5709101
302.2175 1.5567586
303.4943 1.5362355
304.70575 1.5199692
305.00024 1.5036166
303.37457 1.4871465
303.18066 1.4676887
303.37878 1.4540772
304.1134 1.435022
305.78094 1.4200642
306.82733 1.3990611
306.68735 1.3833395
305.65265 1.3688855
305.1334 1.3513744
305.89032 1.3334907
307.15894 1.3169774
308.71777 1.2981915
310.46432 1.2787442
310.9089 1.2632256
311.27402 1.249237
310.01642 1.2313015
308.6598 1.2103426
309.7101 1.197007
308.24658 1.1784769
305.41895 1.155528
302.76413 1.1390396
300.6148 1.1191499
299.3333 1.0990276
299.7326 1.0820017
300.80966 1.0640604
302.72507 1.048371
302.63782 1.0261401
302.1076 1.0085719
302.2506 0.98425466
302.96774 0.96892846
302.88373 0.9414709
302.16486 0.916958
301.244 0.8967683
300.6368 0.8704386
298.936 0.8546127
297.1729 0.8404503
296.20935 0.8216271
294.9808 0.7989231
294.0752 0.7791466
291.88232 0.7579316
291.00046 0.7408307
293.0668 0.72189915
294.8013 0.69890064
296.181 0.6817829
294.39737 0.6564636
293.36212 0.642011
291.58447 0.6221974
290.199 0.60336673
291.01038 0.5767035
290.80756 0.5505509
290.66864 0.5230852
291.21198 0.49727216
291.28433 0.4739557
291.15656 0.45781383
291.64224 0.4313833
291.32208 0.41215074
291.83353 0.38995588
291.39926 0.37488893
288.91446 0.35238752
288.63712 0.331609
288.80078 0.30861938
288.06647 0.28857738
286.6848 0.27187192
286.03967 0.24991274
285.1785 0.22632715
284.676 0.20150469
284.6535 0.18281598
284.7648 0.16496514
284.97 0.14086533
284.07303 0.11650352
283.3447 0.09196535
284.5399 0.066887826
285.4921 0.049419336
287.22702 0.024459679
289.13977 0.002857348
290.19858 -0.02054465
290.39334 -0.04199263
290.70813 -0.06267516
290.3005 -0.08949952
290.97806 -0.11250165
291.88358 -0.13725252
292.92273 -0.16091242
293.9877 -0.18187761
294.1409 -0.19820742
294.60223 -0.22553846
294.55414 -0.239561
294.56482 -0.2535966
294.02487 -0.28231472
295.81833 -0.3052035
296.8068 -0.32627034
296.11157 -0.3476391
295.7187 -0.36340895
295.6678 -0.38167378
296.92538 -0.4018041
297.51318 -0.4217628
297.42175 -0.4452196
297.60135 -0.47121048
297.83624 -0.4935613
298.76907 -0.5139236
299.34445 -0.5291025
300.25803 -0.55351335
299.27823 -0.57327
297.96783 -0.5917156
297.97067 -0.6145871
298.4145 -0.6352558
299.0774 -0.65762246
299.7457 -0.6739651
299.99115 -0.6948065
299.4743 -0.71643984
297.27753 -0.7302246
296.3303 -0.74678797
296.00018 -0.76530224
295.9531 -0.7938998
296.32535 -0.823088
297.22256 -0.84734124
297.17075 -0.86942154
297.06888 -0.8909748
296.3598 -0.91159487
294.929 -0.9331947
293.6181 -0.95111465
292.394 -0.9690359
290.99884 -0.99460685
290.5307 -1.0179862
290.31027 -1.0376246
290.137 -1.0610553
290.3682 -1.0811508
291.06104 -1.1046952
292.2281 -1.1256033
292.96555 -1.1465355
292.78107 -1.164895
292.7909 -1.1825914
291.43497 -1.196318
288.95862 -1.218766
288.58496 -1.2431884
288.84598 -1.2625861
289.00504 -1.2844009
289.2987 -1.306217
289.72653 -1.3280227
290.29428 -1.3497138
291.19824 -1.3679385
290.96854 -1.3852228
290.33646 -1.402334
289.42514 -1.4219843
288.697 -1.4398757
288.83914 -1.4573303
289.23456 -1.4774251
290.73755 -1.4986467
291.60706 -1.5194331
291.38495 -1.5373996
293.98914 -1.5614742
294.24777 -1.5845008
294.3393 -1.5992507
294.60187 -1.6217071
294.96683 -1.6419648
294.55194 -1.6658978
294.3079 -1.6899347
294.1232 -1.7113563
294.0373 -1.7320372
293.04288 -1.7523831
293.20868 -1.7731593
293.06686 -1.7872794
292.94397 -1.8117578
293.22946 -1.8327173
293.4804 -1.8607429
292.6257 -1.8831096
293.34818 -1.9037961
295.37048 -1.9230559
296.13785 -1.9373534
296.04935 -1.9560078
295.9952 -1.9784652
294.45303 -2.0021138
293.08002 -2.0240571
292.86453 -2.0454009
292.53903 -2.0653844
291.95035 -2.089747
292.5413 -2.1085415
292.72864 -2.1260204
293.70544 -2.147158
295.2114 -2.1671228
297.22623 -2.182913
297.90314 -2.2019842
298.02914 -2.2193983
298.85324 -2.2394512
298.0369 -2.2664278
296.16147 -2.285099
294.96286 -2.3021853
294.15366 -2.3231418
294.54767 -2.3451757
297.19263 -2.365005
298.90527 -2.3868055
299.30408 -2.4163225
299.9307 -2.444533
297.87 -2.464771
296.16037 -2.4774408
293.7091 -2.4881766
293.93228 -2.5140033
294.30908 -2.535855
294.2307 -2.5597234
294.0764 -2.5799782
293.63458 -2.6021612
292.55618 -2.6236353
291.4674 -2.6372752
293.5916 -2.6653357
294.59167 -2.6889658
294.4684 -2.7075725
293.3171 -2.7244463
292.2475 -2.7414677
290.3369 -2.7573247
289.11758 -2.7750332
288.53604 -2.792789
287.49026 -2.81355
284.96915 -2.829019
284.42987 -2.8467944
284.9043 -2.8628566
285.8063 -2.8809733
286.55786 -2.898787
291.16415 -2.9176931
293.80676 -2.9406173
295.0834 -2.9582427
296.07446 -2.9730422
297.50354 -2.9909062
298.75757 -3.0088637
299.1444 -3.0254364
301.25406 -3.0453122
304.04553 -3.063593
305.50073 -3.0771034
305.48416 -3.0926657
305.2501 -3.1122386
304.13425 -3.131863
304.1232 3.1368928
303.1863 3.1208515
303.37003 3.1010797
303.55835 3.0879118
304.86383 3.0717156
305.25363 3.0553768
304.80814 3.0363321
304.30673 3.021702
303.9378 3.0054054
304.65652 2.989153
304.71945 2.9725788
303.65884 2.95536
303.17386 2.94156
304.371 2.923008
303.61298 2.908088
303.07217 2.8847904
302.6527 2.8648398
302.43716 2.8439436
302.83392 2.8288004
302.53235 2.8109193
301.9282 2.7918086
303.03183 2.7773037
301.47037 2.7566524
299.99887 2.733885
300.1187 2.708598
301.5645 2.6886902
304.22464 2.6710415
305.76108 2.6542346
304.85748 2.6340213
304.23413 2.6112044
303.8799 2.5884843
304.4052 2.5709887
304.4052 2.5709887
