Stilus
21
272.9875 3.0258515
275.4607 3.0064838
277.9907 2.9904754
282.24008 2.964141
285.34668 2.9445653
288.1656 2.9312441
291.7489 2.9127789
295.66663 2.893881
301.9518 2.8833838
308.35168 2.8686924
313.32382 2.8592968
316.59753 2.848772
318.8714 2.836231
323.19998 2.8228674
327.31998 2.8141248
331.7829 2.802775
338.56842 2.7893367
343.489 2.7759385
348.483 2.762887
354.61768 2.7508886
358.2561 2.742394
361.48996 2.7341387
365.2551 2.7242036
369.06567 2.7137077
373.51263 2.702481
377.1207 2.6885474
379.41443 2.6762834
379.875 2.6623425
380.0885 2.6500106
379.04132 2.6297688
378.6149 2.6158595
378.05493 2.6026669
377.1631 2.58495
375.7566 2.5703857
373.1361 2.5530725
371.07663 2.5420473
368.5781 2.528747
365.31433 2.517811
360.20337 2.504994
356.16068 2.4956813
352.17563 2.4871242
347.74835 2.4841833
343.83884 2.4757972
340.0273 2.466962
336.1487 2.457699
331.25735 2.4519613
326.50183 2.441403
321.94125 2.4294055
317.99347 2.4186373
314.36786 2.4084153
309.48706 2.3941188
304.84045 2.3798962
300.61487 2.3664036
296.89575 2.3540552
293.2201 2.341385
290.1002 2.3302429
287.83908 2.3174438
284.56284 2.293737
284.31308 2.2718778
282.07227 2.2561479
280.23706 2.2430878
277.2865 2.222971
278.87463 2.2013311
281.9796 2.18089
285.16324 2.1662292
288.3558 2.1530042
293.1377 2.137222
295.52768 2.1132061
296.26437 2.084985
299.58514 2.0635679
302.74426 2.0479267
305.2311 2.0283244
309.22693 2.0103405
312.49728 1.9949129
313.86423 1.9729488
313.3763 1.9589752
312.03378 1.9460293
311.61282 1.9268295
309.81146 1.9084128
307.80017 1.8892766
304.69696 1.8763152
302.2701 1.8645273
297.23285 1.849671
291.75046 1.8336422
285.28802 1.818402
279.02356 1.8020114
273.19778 1.7910318
267.06738 1.7732497
263.1555 1.7569346
256.51602 1.7425269
250.18547 1.7267057
244.21407 1.7092943
237.6272 1.6919695
231.74306 1.6690267
226.20938 1.641657
223.7998 1.6226901
221.97163 1.600047
223.11496 1.5787094
224.42883 1.5488307
227.1633 1.5202135
231.44827 1.5056436
238.4674 1.48237
245.07906 1.4578454
252.24944 1.4319081
256.98953 1.4206078
260.63977 1.4053965
266.18835 1.3888532
271.6716 1.3758765
278.96872 1.355444
286.93576 1.3319811
294.45065 1.3137536
301.12943 1.2988665
305.1579 1.2881126
308.72598 1.272081
311.404 1.2569665
313.9827 1.2337683
316.3541 1.22212
318.77527 1.2105843
319.69122 1.1966659
321.02396 1.1840849
322.07993 1.1681199
318.35626 1.1435288
314.77612 1.1187363
311.89578 1.0984056
308.3799 1.0773909
305.65564 1.054947
302.64786 1.026274
299.0422 1.0060874
295.92923 0.99145144
292.28177 0.9750301
289.03494 0.95464975
286.9836 0.9377189
289.4238 0.9052133
290.59326 0.8794792
290.44485 0.8589313
291.20758 0.83974695
291.69116 0.8226236
293.4135 0.80934983
297.1395 0.78388375
299.37793 0.77119404
302.06134 0.7581192
304.52728 0.74591845
307.29224 0.73641574
312.33417 0.7218771
317.62558 0.70730335
322.97598 0.69322616
327.98038 0.6806158
334.69022 0.66828597
339.94162 0.65614814
344.5771 0.6399696
349.2093 0.62524337
349.2093 0.62524337
346.45462 0.6672009
349.90417 0.63592553
351.9928 0.62381864
354.16476 0.6069672
356.14642 0.59458154
359.355 0.5848645
361.90195 0.57033956
364.77844 0.5555876
368.6072 0.54163325
370.64948 0.5249835
371.65793 0.5079471
370.69794 0.49097836
369.83112 0.4796978
369.2182 0.46153563
366.1374 0.44748136
364.00345 0.43510705
361.3513 0.4257802
358.39322 0.41417968
353.41376 0.39943734
350.16003 0.3882784
345.53625 0.37629038
342.10562 0.3668285
336.02295 0.35469684
329.21808 0.33984324
326.69833 0.32959166
322.9942 0.31485626
317.51822 0.29964656
312.2534 0.2881465
307.07663 0.26781455
302.11038 0.24438454
299.2444 0.22937499
294.57388 0.20517166
292.1323 0.18511765
289.97885 0.16284716
289.05264 0.14202403
288.21 0.11985561
288.51248 0.09753943
288.91 0.07303373
291.31274 0.05422795
294.3683 0.040043626
297.95166 0.022818698
301.83368 0.0027814645
304.64484 -0.012956304
305.97644 -0.029095981
308.17108 -0.045190588
310.37305 -0.05855718
312.9692 -0.07412248
316.07455 -0.096412055
316.08472 -0.111913696
316.69714 -0.12797378
317.3568 -0.1432247
317.14075 -0.15963043
314.41983 -0.17956164
310.8921 -0.18898346
305.46396 -0.2040611
300.01273 -0.2223209
295.10895 -0.23997068
290.03894 -0.25848314
286.96606 -0.27216306
283.80997 -0.29359493
279.5954 -0.31690496
274.93237 -0.3349619
269.9639 -0.34924212
265.99408 -0.3546826
261.5847 -0.36398616
257.00427 -0.37183845
251.44502 -0.38047528
247.73512 -0.38647208
243.1139 -0.39421958
237.59076 -0.4039097
232.91325 -0.42189422
230.0947 -0.43696386
228.4634 -0.46217352
229.02573 -0.49525756
229.24565 -0.52603954
230.37173 -0.5573727
234.76785 -0.58093077
240.30405 -0.6005841
244.72668 -0.619485
248.70654 -0.64158374
253.73631 -0.6612847
257.7363 -0.6701274
262.9395 -0.6872775
266.86697 -0.7093694
270.78058 -0.7274021
275.55515 -0.741306
279.16037 -0.7500728
283.67755 -0.7581131
288.53616 -0.7744754
293.47537 -0.7915294
297.80978 -0.8104446
302.54196 -0.82521814
305.88144 -0.83525276
309.86166 -0.8511111
312.96802 -0.87026036
314.8148 -0.895652
316.12836 -0.91604584
316.52466 -0.93674636
316.0354 -0.9551138
315.02557 -0.97217435
311.84473 -0.9931379
307.91052 -1.0069436
303.77603 -1.0178071
300.62857 -1.0333672
298.428 -1.045872
296.38748 -1.057885
294.03094 -1.0723008
290.43582 -1.0880738
287.28247 -1.1017032
284.9336 -1.1182389
283.9534 -1.1399053
282.9957 -1.1581994
282.92603 -1.1767727
283.60037 -1.1967522
285.55975 -1.2281812
288.0364 -1.2474966
292.4158 -1.2663605
297.71313 -1.2859907
302.63596 -1.304444
307.6764 -1.315649
311.0509 -1.3283919
314.5982 -1.3499203
319.36475 -1.3700775
325.20306 -1.3862152
331.39655 -1.4019626
336.93283 -1.4168067
342.23703 -1.4317291
348.29123 -1.4478741
353.04855 -1.4609386
356.63553 -1.4765003
361.0559 -1.4911647
365.6701 -1.5058388
367.6405 -1.5198354
369.35657 -1.5383058
370.2224 -1.5525496
372.16345 -1.5660845
374.1818 -1.5821401
373.29868 -1.5982063
369.8544 -1.6193876
367.15527 -1.6340652
364.59323 -1.6509938
362.1211 -1.667399
360.30783 -1.6797804
356.46054 -1.7006468
354.2645 -1.7178386
352.6763 -1.7306837
350.00507 -1.7493482
347.0006 -1.7655723
342.90714 -1.7798225
338.1556 -1.7949114
334.76813 -1.8071897
330.38422 -1.816616
325.979 -1.825523
320.76892 -1.8338051
316.91476 -1.8403491
312.80783 -1.8517296
307.85806 -1.8552393
303.27344 -1.8621837
299.37393 -1.8766016
296.05786 -1.897892
293.8163 -1.9257019
292.23206 -1.9497077
292.05957 -1.973116
290.91998 -1.9930627
288.5517 -2.0152988
289.04608 -2.0442626
290.30414 -2.0654132
292.10083 -2.0855312
292.80234 -2.0999808
295.39197 -2.111508
298.39294 -2.128032
301.0403 -2.1419895
304.76526 -2.154816
307.58292 -2.1771386
309.7183 -2.189796
311.87823 -2.2048802
313.27 -2.2215023
313.57434 -2.2383723
312.5138 -2.2568855
311.0374 -2.2775223
309.14825 -2.3000345
306.14783 -2.3266146
303.6001 -2.3402882
301.7834 -2.3541918
299.48917 -2.3665686
295.93375 -2.3851678
293.19022 -2.3951368
290.37915 -2.4056625
284.1634 -2.4194489
277.41434 -2.4363368
273.7414 -2.4465306
267.8502 -2.4511774
260.95612 -2.459142
254.8504 -2.469989
249.5905 -2.4838088
245.76744 -2.502441
242.08334 -2.5232084
239.51953 -2.5384164
236.1635 -2.5593672
232.9325 -2.5807865
229.7896 -2.602956
228.28745 -2.6294088
228.05925 -2.6587784
231.91884 -2.6831298
235.08234 -2.6957548
240.20317 -2.7105029
244.20625 -2.7314541
249.57115 -2.7451262
253.345 -2.7556152
258.09055 -2.7630758
263.03934 -2.7729366
267.39587 -2.7808747
272.5146 -2.7986057
276.7376 -2.8127182
278.42337 -2.831788
281.38654 -2.85449
284.16168 -2.872163
287.5288 -2.892458
292.8859 -2.9111497
297.07877 -2.9209032
301.20566 -2.9227257
305.00366 -2.9288476
309.08862 -2.9408083
312.04947 -2.959007
314.13745 -2.976385
314.47678 -2.9951582
314.7468 -3.0120578
314.8773 -3.0280282
314.6307 -3.043189
312.08752 -3.0624688
309.63306 -3.0836606
308.33594 -3.103724
307.3972 -3.1231318
305.35007 3.1405506
300.34247 3.1236918
295.73895 3.1016998
291.0946 3.0728526
288.64923 3.0582676
286.75516 3.0435967
284.5465 3.018065
280.57227 3.0014756
276.29565 2.9907563
276.29565 2.9907563
