Stilus
15
132.41277 2.7907047
136.42084 2.7510693
139.06065 2.7246637
142.15797 2.6951015
145.38692 2.667297
149.9207 2.6383746
154.49698 2.6249459
159.60994 2.6068497
165.49149 2.5927165
170.74199 2.5778284
175.97142 2.5628624
181.23344 2.5488002
186.11833 2.5293274
192.13281 2.5190594
196.39435 2.5082304
199.58423 2.495037
203.43025 2.4783227
206.37999 2.460239
210.47864 2.443922
215.90004 2.4285107
222.61592 2.4143212
227.26198 2.4031487
232.08635 2.39234
237.65659 2.375649
241.1507 2.3652642
246.41779 2.3506982
250.48286 2.3403082
255.36954 2.327298
261.9141 2.3091128
266.64478 2.2930841
272.58572 2.2740388
275.69824 2.2645054
278.43646 2.2527025
281.95264 2.2252018
284.8362 2.2082772
288.0039 2.1948519
290.39825 2.1814556
294.4043 2.1636128
298.9028 2.1487577
299.00327 2.1255252
298.41974 2.1038141
297.6902 2.0783942
296.64798 2.0649657
296.4357 2.0418062
296.10663 2.017791
296.7967 1.990787
295.77356 1.9628116
294.1033 1.9395238
293.2415 1.9151148
291.84668 1.8983046
287.08707 1.8887447
281.1952 1.8705415
276.9158 1.8480326
274.88055 1.8349955
272.1605 1.811049
270.00348 1.7933518
265.81253 1.7706876
263.65067 1.7517195
261.8663 1.7348995
261.09827 1.7160642
260.4412 1.6976596
259.85297 1.6784674
259.34302 1.6584148
258.90448 1.6363626
258.60336 1.6152248
258.41476 1.5934975
259.34946 1.5667768
260.47757 1.5390847
261.68088 1.5201879
262.0526 1.4973333
262.6341 1.4717082
263.29575 1.4490175
264.2385 1.4226938
265.18793 1.4003655
267.438 1.3753263
269.64227 1.3542395
271.9196 1.3299142
274.14194 1.3167471
277.13702 1.3008035
282.233 1.2763827
287.34308 1.2572793
291.09808 1.2361437
294.18076 1.2109126
295.1953 1.1858428
296.7367 1.1624383
296.18716 1.1357208
295.95105 1.1119778
296.996 1.0910283
297.54883 1.0758793
300.32974 1.062394
300.84152 1.0360783
298.82187 1.013471
295.16055 0.9966801
290.8763 0.9758339
288.2432 0.9568829
285.27438 0.9328814
281.33444 0.90447295
276.60892 0.8798219
273.7295 0.86631197
270.37604 0.8508192
267.5944 0.83787465
263.88303 0.82699245
257.08972 0.8099168
250.66031 0.79082197
246.93494 0.78154486
240.63422 0.7608332
236.48206 0.7484348
228.84094 0.73637766
221.45738 0.71959114
214.74348 0.69773495
211.52321 0.6813527
207.50977 0.67070454
203.32253 0.66040665
196.65082 0.6436473
190.2456 0.62477577
184.01936 0.6054342
177.96 0.5829992
173.15402 0.55332994
168.61441 0.5404073
162.63235 0.5267008
156.33818 0.5079158
150.7033 0.48119965
145.92043 0.44669232
143.89162 0.4208519
144.75438 0.37322187
149.93596 0.33140174
155.36972 0.2923919
159.09471 0.27052978
161.78105 0.23582116
166.80542 0.19181381
172.1448 0.15611443
178.26797 0.12806593
183.13568 0.1103007
186.98793 0.094534606
192.59209 0.076786086
198.49812 0.06826235
202.69987 0.066845216
207.44908 0.0653127
212.43587 0.063777424
216.36884 0.057990115
222.2067 0.04346545
226.32695 0.0311306
230.73167 0.013208833
235.74313 -0.0041779676
241.77887 -0.02562921
248.20563 -0.045154516
255.23723 -0.06354282
262.51013 -0.077075735
267.60654 -0.08302221
274.07812 -0.08193874
281.89847 -0.1032393
289.73438 -0.121615574
297.51666 -0.1381413
303.24362 -0.14878383
308.98233 -0.16310498
314.80447 -0.17659613
322.9008 -0.19371104
329.82373 -0.20775738
335.3202 -0.22527862
340.42285 -0.2376833
344.04565 -0.25311103
348.25262 -0.26776677
351.75363 -0.27976677
354.8294 -0.28939
357.5734 -0.30496845
358.96005 -0.3170102
360.5515 -0.3301996
361.55573 -0.34454647
362.96136 -0.3630257
364.6332 -0.37662756
366.4009 -0.3886435
367.5008 -0.40817735
368.30188 -0.42799345
367.096 -0.4452783
364.80762 -0.46348763
362.14328 -0.474065
358.09775 -0.4861718
354.29468 -0.4975155
350.12482 -0.5112872
344.54184 -0.52374774
337.83942 -0.5352442
334.8905 -0.5491963
330.67175 -0.5588039
326.99368 -0.56947696
321.4208 -0.57690394
317.9069 -0.58788633
313.6615 -0.59693474
308.9632 -0.6033737
305.30692 -0.614791
301.15884 -0.62952876
296.67853 -0.6373489
290.6879 -0.6440951
285.4869 -0.6489955
279.3698 -0.65561515
275.5903 -0.6616026
270.30582 -0.6769177
267.01056 -0.6868748
261.8222 -0.70323664
257.20236 -0.7134159
252.79547 -0.72331876
248.55142 -0.73307455
246.06981 -0.7532695
243.14098 -0.7703366
239.7841 -0.7840119
234.8249 -0.79917765
229.38225 -0.8125264
226.34653 -0.825376
222.32736 -0.84517366
219.61778 -0.8591933
216.00658 -0.8788049
212.85497 -0.8968701
209.60548 -0.916524
206.76947 -0.93462175
204.2631 -0.9514263
200.83928 -0.9757547
198.09293 -0.996558
195.41066 -1.018136
192.84154 -1.0401303
195.31535 -1.0751973
198.91402 -1.1090661
202.60281 -1.1399708
207.3415 -1.1818662
209.7899 -1.2070379
211.00691 -1.234551
213.1773 -1.2616407
216.06018 -1.2815539
219.48286 -1.2966208
224.08568 -1.3198565
227.32417 -1.3375503
232.05014 -1.3630302
235.80432 -1.3922837
236.99812 -1.4188347
238.37996 -1.4375032
237.76642 -1.4583731
237.16882 -1.4834872
236.78645 -1.5044465
236.47368 -1.5288272
237.31122 -1.5509831
239.26323 -1.5719767
240.3203 -1.5927731
240.51688 -1.6168137
240.81145 -1.6383448
239.49545 -1.6629609
237.90417 -1.6805177
235.80968 -1.7112929
232.776 -1.7392743
230.36862 -1.7596381
226.4713 -1.7808639
222.24387 -1.7987486
219.0488 -1.8162882
216.27147 -1.8433648
214.34961 -1.8749799
211.36005 -1.9043812
208.18225 -1.9351877
206.69458 -1.9692696
203.66557 -1.997543
201.09875 -2.0223927
199.22923 -2.0505812
199.65953 -2.0791607
200.35355 -2.1013048
201.6094 -2.1241512
204.35387 -2.1562865
206.78053 -2.1737566
209.46864 -2.1921513
213.02386 -2.215096
215.56429 -2.2306235
218.72449 -2.2490294
222.46677 -2.2696443
226.37187 -2.2899299
229.67868 -2.3062232
233.75389 -2.3252928
237.88768 -2.3436012
242.11874 -2.3613613
246.40901 -2.3784497
250.78336 -2.3950026
255.3577 -2.4114525
259.6937 -2.4263008
264.4084 -2.4416895
267.94452 -2.452752
271.81094 -2.4644089
276.51715 -2.4780188
279.82278 -2.487222
283.88913 -2.4981642
288.62286 -2.5104074
293.48093 -2.522454
298.387 -2.5341225
303.3212 -2.5453868
308.30267 -2.556311
313.47546 -2.567208
318.1896 -2.5767667
324.96967 -2.5899334
331.55328 -2.6084044
334.18253 -2.6199715
339.20544 -2.6419494
340.54474 -2.6606824
342.55432 -2.680121
345.4131 -2.7027614
348.897 -2.7238526
352.59595 -2.735322
356.6527 -2.7517717
360.36493 -2.7709284
362.91943 -2.791289
361.70764 -2.8105845
359.8638 -2.8258333
358.2866 -2.8395984
356.04794 -2.860483
354.4273 -2.8767788
353.10782 -2.890928
351.89883 -2.9047174
350.7593 -2.9185731
348.7146 -2.9318683
343.79205 -2.9466407
336.7709 -2.9632392
330.99725 -2.9754117
324.9744 -2.9908712
319.18326 -3.0070739
314.55508 -3.0217414
309.0286 -3.035866
303.84454 -3.0412872
296.8088 -3.0516222
290.2148 -3.0635521
283.12708 -3.0757828
276.7392 -3.088681
271.49368 -3.1097682
265.81964 -3.1311846
261.5767 3.1402621
257.585 3.1324692
251.42293 3.1202488
244.65211 3.1148376
238.69269 3.1099813
232.71304 3.1091688
226.70282 3.1083088
220.72086 3.1074064
213.81825 3.0969486
207.8068 3.0812104
203.26717 3.0700068
197.42186 3.0492234
190.88193 3.0249724
183.53305 2.9975233
176.12408 2.974244
169.61906 2.9558768
164.3666 2.9252183
158.72498 2.8915277
152.54428 2.865948
146.85248 2.847867
140.30988 2.8129947
134.76201 2.7752342
129.1895 2.7116985
129.1895 2.7116985
