Stilus
21
39.543175 1.2495854
46.135433 1.2563744
51.437313 1.2650956
58.437874 1.2849196
65.36959 1.3159509
70.73371 1.3065128
77.30632 1.2789245
84.201805 1.2540162
90.60558 1.2206103
97.31548 1.2018046
103.51667 1.1929287
110.613525 1.1791996
117.19121 1.1725855
122.236206 1.1633375
128.11664 1.1511072
134.93103 1.1422694
144.29845 1.1338068
154.36594 1.1205027
163.51593 1.106696
170.54321 1.0865115
176.53828 1.0739034
182.73456 1.0678859
191.16956 1.0618724
199.92249 1.0475719
209.5027 1.0353088
217.0035 1.0223744
222.05739 1.0045899
228.9359 0.994022
237.39645 0.98649204
245.79242 0.9766141
250.85548 0.96984816
257.9003 0.9591965
262.82996 0.9531825
267.2231 0.943707
272.7802 0.93915
277.5422 0.92935497
280.81512 0.91975623
285.19327 0.90551984
289.71967 0.89132255
295.48572 0.8820905
300.76047 0.87511873
304.64883 0.86754256
309.54605 0.8572961
316.31 0.8469124
319.90167 0.83938724
325.6108 0.8258436
329.0665 0.8189609
333.2115 0.80905986
338.59317 0.7977507
342.11942 0.7913889
347.31775 0.7803957
352.24545 0.76663876
355.14285 0.7588103
360.59082 0.74458015
363.32767 0.73025286
365.90866 0.7175412
369.12256 0.69847536
371.2449 0.68753225
374.44504 0.676291
378.58978 0.66083175
380.61557 0.6504596
382.71906 0.6393926
386.18164 0.62633955
389.3882 0.6113388
391.65543 0.5983873
394.11588 0.5850205
396.87198 0.5632132
397.37625 0.5461237
396.52377 0.53273994
395.06134 0.5188303
393.6312 0.5019846
390.90573 0.48913127
386.8924 0.4749472
384.63486 0.46340308
383.65958 0.45237014
382.65915 0.44157913
380.60684 0.4293133
378.76126 0.41854265
374.78662 0.40430877
372.43448 0.39280188
369.40372 0.37986127
367.0348 0.3633535
362.90588 0.34863287
358.86627 0.33787194
355.7473 0.32315576
351.29987 0.3117455
348.8599 0.30188486
345.13654 0.28631714
339.9605 0.27323237
334.52753 0.25919533
329.49155 0.25028986
324.76407 0.24092628
320.77002 0.22890559
317.4308 0.21514794
313.7765 0.20225301
309.0061 0.19129862
303.20828 0.17831784
296.8657 0.16756313
292.28146 0.16328323
287.0552 0.16007313
281.53748 0.14896679
273.9021 0.13469481
268.71072 0.12656313
262.2522 0.11767716
255.96603 0.108816534
249.68416 0.099455334
244.53203 0.09338719
239.62672 0.08688721
234.16008 0.076131545
227.96571 0.064998806
221.17474 0.061254274
215.19887 0.06295747
209.97263 0.06452665
204.11937 0.053105257
198.04369 0.048202686
192.77362 0.04952152
185.94936 0.04197426
181.90437 0.037374135
173.8767 0.021988606
167.84167 0.009227678
161.0508 -0.002791955
152.89258 -0.014155009
148.86667 -0.021418335
144.88933 -0.028935738
139.94522 -0.037051253
133.73698 -0.048209876
128.10582 -0.063989975
121.27923 -0.07793745
115.01042 -0.08219488
108.3091 -0.08729304
104.317345 -0.090642355
97.835045 -0.09666627
92.12218 -0.102681465
86.26664 -0.10967838
79.5295 -0.119011864
73.4194 -0.11525759
68.43794 -0.12368852
63.390427 -0.117704995
59.01209 -0.12648322
52.01346 -0.10998843
47.056717 -0.09463425
41.873043 -0.082421355
36.810528 -0.066553436
31.790936 -0.04559018
25.715933 0.011801004
21.605898 0.025438417
17.546635 0.08838078
13.756756 0.33682096
11.430343 0.9126659
11.40811 1.4151154
16.334219 1.6472534
21.703459 1.7676775
26.602966 1.7787783
32.13562 1.802126
37.228348 1.7974725
42.3369 1.7968262
47.649315 1.8142388
51.777622 1.8143111
56.481743 1.8118403
60.98699 1.8105454
67.05576 1.8190966
72.81088 1.8378122
78.144165 1.8558192
83.8726 1.876219
88.58536 1.8860393
94.985344 1.8930196
100.920135 1.9087223
107.56421 1.9165529
112.29044 1.9014318
117.91101 1.909648
123.48406 1.9216975
129.0042 1.9368808
133.87886 1.941011
139.32541 1.9546243
146.0357 1.974045
151.22769 1.9890485
156.83118 2.0063415
163.65729 2.0215073
168.38441 2.0400865
173.22202 2.0566573
179.70207 2.0769973
185.4404 2.0898001
191.41582 2.1021152
197.20303 2.1107023
203.47437 2.1236868
210.89333 2.1354442
217.49643 2.1488874
222.16743 2.1634421
227.16605 2.179195
232.48154 2.1848195
239.19722 2.195656
246.03174 2.200146
251.60182 2.2085867
256.53122 2.214921
261.52344 2.2203574
266.01657 2.2293565
272.0397 2.2354426
278.9008 2.243533
282.52515 2.2525127
285.14365 2.2637515
292.3941 2.2748184
296.70285 2.2840652
301.78464 2.2896457
306.73428 2.2978032
311.6862 2.3050745
317.08102 2.315738
321.93997 2.326217
326.12268 2.3331068
329.1145 2.3421257
333.26938 2.3507216
337.42758 2.361348
340.97784 2.3716013
345.92062 2.3813868
348.97333 2.3896718
352.4861 2.3989515
355.9541 2.4078586
360.0784 2.421835
363.8421 2.4308677
366.92303 2.441639
369.69714 2.4542809
372.03116 2.4652603
375.4912 2.4794009
378.63104 2.4875133
380.11816 2.5003867
383.14362 2.5171123
386.87943 2.5292392
389.90735 2.5378003
393.1631 2.5465727
394.89905 2.5639014
396.1855 2.5788
396.86115 2.5938969
395.8102 2.6044745
394.2139 2.6163445
392.9589 2.6270225
391.65878 2.6381857
389.551 2.6480997
387.28284 2.6591005
385.23022 2.6693742
382.29727 2.684623
381.59686 2.7004757
382.46613 2.7173724
380.4957 2.732273
377.37997 2.7448368
372.9699 2.7594547
369.97314 2.772585
368.24536 2.7849143
365.56915 2.7992063
363.65393 2.8119144
361.83664 2.8269224
360.05344 2.8425126
356.56287 2.858109
353.0312 2.8727927
350.0401 2.8823175
344.76282 2.8936186
338.8812 2.9039993
332.87027 2.9150596
326.9017 2.9265249
319.99896 2.9377866
313.22284 2.9528253
306.41602 2.965177
298.74744 2.9774666
292.14746 2.9816992
286.22302 2.9844604
279.85956 2.9916694
273.781 3.0031383
269.4098 3.007792
262.95282 3.0198214
255.67888 3.0281086
248.13452 3.0373175
243.9545 3.0408676
239.53973 3.0473878
234.26822 3.0610986
228.30669 3.076535
221.79488 3.0895348
215.73868 3.0973463
210.73613 3.096295
204.73347 3.0949662
199.75685 3.0938036
193.77008 3.092326
188.06743 3.0908308
182.05945 3.0891542
175.68976 3.1027565
169.869 3.1191251
164.56639 3.1366136
158.13322 -3.1223238
151.9215 -3.095537
145.26799 -3.0717003
139.24783 -3.047088
133.50809 -3.0257006
128.9098 -3.0137358
123.15824 -2.9995382
117.357216 -2.9838495
110.60687 -2.9675932
104.96304 -2.9456632
99.76901 -2.9353197
94.879555 -2.924524
89.3538 -2.9108644
83.52369 -2.8944345
77.427895 -2.8745186
70.96634 -2.849518
64.122154 -2.8288474
58.749336 -2.8176715
51.751675 -2.8128588
45.39862 -2.807609
38.456585 -2.7845848
32.904247 -2.7538755
26.694658 -2.7800398
22.26761 -2.7526834
15.010114 -2.8755147
9.987613 3.1365938
6.055328 2.7072742
9.197532 -2.9281263
14.361532 -2.6069791
19.704432 -2.4745314
26.309639 -2.4306917
33.574265 -2.4201744
38.56486 -2.4302123
44.946938 -2.43541
51.435528 -2.4152002
59.483624 -2.383366
66.7266 -2.3564901
73.64726 -2.3204918
80.76663 -2.3061087
89.73664 -2.2886221
94.08703 -2.2766187
101.81995 -2.2558055
110.418045 -2.236079
115.75598 -2.2246876
121.97973 -2.2241755
129.3724 -2.219305
137.14787 -2.2128768
144.59387 -2.2004538
150.39973 -2.1826868
155.48497 -2.1734505
162.75552 -2.1651354
169.26663 -2.1481314
176.23552 -2.1359491
183.94962 -2.1206925
189.94003 -2.1090984
194.91689 -2.1043262
202.85493 -2.0940866
206.69092 -2.0873387
210.72083 -2.0820775
214.36047 -2.0739934
218.36206 -2.0691333
222.24869 -2.063505
227.64699 -2.0520132
234.51814 -2.0367746
238.31102 -2.0287862
241.93114 -2.0214233
249.85947 -2.0061269
253.68486 -1.999125
260.06522 -1.9879513
267.94977 -1.974948
271.9698 -1.9686347
280.31693 -1.9561532
284.9427 -1.9495769
288.69217 -1.9411485
294.46967 -1.9294785
298.5578 -1.9207864
302.21985 -1.9128569
306.6039 -1.9043207
311.01263 -1.8960227
315.43314 -1.8879665
319.01346 -1.8818272
325.08902 -1.869384
331.62222 -1.8507472
338.77158 -1.8385775
345.72647 -1.8240949
352.0806 -1.8084749
355.9337 -1.7993705
361.72668 -1.7845845
367.17337 -1.7700213
373.02594 -1.7559431
377.52298 -1.7439978
382.58554 -1.727421
384.66116 -1.7108294
387.07883 -1.6966057
391.23108 -1.6801536
394.53085 -1.6620812
397.08435 -1.648205
399.72186 -1.6351662
401.32278 -1.6181692
403.09213 -1.6030245
404.9623 -1.5898995
405.13354 -1.5708479
405.18155 -1.5554018
404.26404 -1.5454587
402.49362 -1.528631
400.82523 -1.5122069
397.66016 -1.4991553
393.87842 -1.4838303
389.6409 -1.4700404
385.93863 -1.4560302
382.5951 -1.4419234
379.30136 -1.4274737
373.42188 -1.4109786
368.7048 -1.4013933
364.2911 -1.3909185
359.74854 -1.3829877
355.42438 -1.3720961
352.28906 -1.3558369
348.32233 -1.3445281
343.91403 -1.3356024
340.0757 -1.3321202
335.4155 -1.3264596
331.5864 -1.3227803
325.7969 -1.3182777
320.5004 -1.307562
315.5315 -1.2934562
312.44925 -1.2814791
307.59616 -1.2666068
304.39243 -1.2563846
299.41724 -1.2430708
294.64154 -1.2303718
291.33704 -1.2190576
287.23074 -1.2100921
283.26352 -1.2048038
277.67346 -1.1970766
273.39685 -1.1869984
268.76996 -1.1800367
264.95532 -1.1740985
260.48108 -1.166892
256.29077 -1.1556388
251.73154 -1.1476415
247.18175 -1.1393362
242.34534 -1.1334919
236.49884 -1.1265787
230.74855 -1.1159507
226.39409 -1.1101971
220.93109 -1.0991819
215.60234 -1.0865358
208.63199 -1.0783201
202.65076 -1.0680573
198.15352 -1.057067
192.78171 -1.0457777
186.98628 -1.0355009
181.3499 -1.0234283
174.58261 -0.999628
171.22598 -0.98697877
166.03545 -0.96618176
159.74092 -0.95985186
155.1348 -0.9546841
149.72835 -0.93932545
143.72987 -0.92595434
137.54718 -0.91022533
131.13403 -0.898726
123.66572 -0.8841031
116.66927 -0.87627286
110.14078 -0.86234903
103.02033 -0.85391
96.53228 -0.836512
91.32048 -0.8181829
86.004364 -0.80378723
80.18673 -0.8028111
74.496735 -0.7899943
68.14103 -0.7747469
61.851055 -0.739362
54.384674 -0.6971571
49.187527 -0.6733425
42.389046 -0.651078
33.198753 -0.63505685
27.605747 -0.6042399
22.433636 -0.49666053
17.67016 -0.32809463
11.749291 0.024631012
9.379778 0.5993908
9.379778 0.5993908
