Finger
19
9.555598 1.6230785
22.311895 1.4686857
32.32203 1.4066752
39.154808 1.3850453
44.875324 1.3804717
50.074665 1.364856
54.234016 1.3616941
60.750416 1.3339036
66.62312 1.3053463
72.34749 1.2838745
78.86167 1.2582963
83.81302 1.239768
89.98679 1.2372283
94.64468 1.2319402
99.08712 1.2263619
103.52923 1.2212514
109.93684 1.2154248
115.10569 1.2044141
122.987526 1.1871881
130.42288 1.1689342
136.8949 1.1554697
143.08595 1.1440159
151.04874 1.1243416
157.2872 1.1151452
162.74242 1.1165378
168.83061 1.1209755
174.73082 1.1194612
181.13046 1.1072338
187.26506 1.0923797
193.50934 1.0752535
199.5008 1.0619526
205.9472 1.0459814
211.53163 1.0389551
219.80588 1.0352308
226.7972 1.0279797
233.80948 1.0118024
241.73209 0.9983512
248.3181 0.9847948
253.6415 0.97683156
260.1157 0.96091044
264.59375 0.9498405
272.48874 0.9345954
276.48868 0.92724645
283.92365 0.91595197
290.0726 0.90536547
298.0845 0.8930055
302.6824 0.8847221
306.87982 0.87833744
313.67538 0.86727566
319.32153 0.85696226
325.21585 0.8447653
330.74734 0.8313013
336.26697 0.8214565
341.80316 0.8091225
347.3786 0.79654294
351.81757 0.78372496
357.255 0.7725664
360.94305 0.76265514
364.46915 0.7534512
367.29242 0.7410813
371.35193 0.72896487
373.9585 0.713885
377.52563 0.7039909
380.08734 0.6948543
383.3103 0.68449676
388.74945 0.6731305
391.65585 0.6591335
394.143 0.6494703
396.09073 0.63070154
397.23376 0.61320317
398.27286 0.5987796
397.39316 0.58244765
397.60098 0.5694752
397.1862 0.5536292
397.49527 0.53543895
397.0688 0.5185679
396.65872 0.50125134
396.09174 0.48257652
396.02023 0.4656066
395.2597 0.4491589
392.78415 0.43590078
389.87323 0.41958454
387.073 0.40305996
384.99155 0.39018613
383.1525 0.37834468
380.44263 0.36738056
376.34393 0.35218614
371.9392 0.3366481
367.09326 0.32338598
361.36295 0.3088729
356.28882 0.3010721
351.26407 0.28516167
346.6939 0.27055195
342.0367 0.253724
337.4324 0.23586333
332.73233 0.22579281
325.78604 0.21239987
319.1307 0.20414312
312.2493 0.19558187
305.4226 0.18334745
298.8885 0.17402405
294.13205 0.15967675
287.7031 0.14570798
282.21042 0.13427606
278.0701 0.13257948
271.6382 0.12833115
266.40256 0.12239351
261.20242 0.11713536
256.0266 0.11165664
250.02025 0.103291675
242.66904 0.08986838
235.38449 0.075644016
229.12778 0.06021438
222.88063 0.04382596
215.85771 0.026964942
211.75542 0.017899435
203.7468 0.008811782
196.51785 -9.48832E-4
190.52536 -0.011533883
184.54922 -0.0186808
176.86139 -0.025143994
172.8582 -0.03007506
164.89317 -0.033031873
160.89923 -0.03857342
153.95114 -0.046830874
148.0216 -0.05545427
142.1585 -0.06647217
134.3304 -0.085274205
130.43214 -0.09552282
126.50259 -0.10457828
120.438866 -0.11808781
114.54586 -0.12638809
109.08146 -0.14890428
103.30655 -0.15978938
97.034996 -0.17021462
90.387375 -0.18286963
84.50066 -0.19576886
80.33753 -0.206056
75.23569 -0.20666213
71.22393 -0.21848612
65.53799 -0.23779158
61.511448 -0.2536889
56.41828 -0.2588021
51.232346 -0.26543057
45.998035 -0.2513677
40.661263 -0.23436625
35.35341 -0.21215178
29.910881 -0.15259953
24.58058 0.017995737
20.474802 0.31368732
19.22674 0.6148048
19.731325 0.8712206
21.735468 1.208786
25.64676 1.4101778
32.179417 1.4931256
36.308 1.5570416
42.105335 1.6063838
47.409138 1.6445967
51.688286 1.6752632
56.470886 1.7111418
62.149647 1.7385134
66.39803 1.7446523
72.73079 1.7712526
77.232925 1.796253
82.76433 1.817839
87.4273 1.8401177
94.30231 1.8640757
99.501434 1.8714116
104.67226 1.8760798
109.75874 1.8901291
115.34517 1.898976
122.6873 1.9218587
130.39156 1.9431758
136.73267 1.9633973
143.1124 1.9817861
148.47374 2.0010056
155.44298 2.0175734
162.92548 2.0176973
169.40341 2.0222585
174.63019 2.034748
180.81667 2.0532835
187.68346 2.0656688
192.62106 2.0800385
197.21465 2.098196
202.79811 2.1085982
210.28513 2.1218758
216.33 2.1318839
220.76941 2.1446528
226.24242 2.1514337
231.37013 2.1615157
237.2484 2.1701436
241.50412 2.1794007
246.22609 2.190829
253.37492 2.204697
258.75665 2.2182581
263.98837 2.2317939
267.85434 2.2441776
274.54062 2.252729
281.44162 2.260313
287.43008 2.2691398
293.1886 2.2759733
300.10767 2.2869956
306.89456 2.2936583
312.13867 2.3000925
315.95605 2.306399
319.98114 2.3127885
324.78226 2.3265345
331.0437 2.3387823
336.6499 2.3506527
341.6124 2.3611262
346.2209 2.3742218
350.92834 2.3870816
355.34024 2.3986902
359.7852 2.4099786
364.2649 2.4209661
368.20584 2.430327
370.76453 2.439793
373.57495 2.4496148
377.75516 2.465551
381.53876 2.4793482
384.50543 2.4906428
387.6248 2.5067844
388.97623 2.5228095
389.58215 2.539607
389.54605 2.5581024
389.71722 2.5710115
390.38904 2.5868316
391.55276 2.6065726
391.74725 2.620892
391.31027 2.6386065
391.20676 2.6504228
390.59607 2.6636915
389.76773 2.674777
389.3877 2.688294
388.18484 2.7006881
386.4558 2.715086
384.2225 2.729518
383.2649 2.7404559
381.2596 2.7545576
379.63724 2.7651808
377.1379 2.7764704
374.55106 2.7855546
370.66132 2.7985396
365.83252 2.8133702
362.51764 2.823262
357.97134 2.8352954
351.54224 2.8487818
347.8614 2.8591926
344.57465 2.8715262
341.03217 2.8875604
337.2164 2.8972101
333.43933 2.907054
328.77185 2.917793
322.75876 2.9295647
317.04257 2.9392
311.3467 2.9485633
305.46872 2.9581413
300.0245 2.9649158
294.42078 2.9753015
288.86285 2.9860568
281.43936 2.9998734
273.96152 3.0107222
267.27045 3.022569
262.0633 3.028682
255.0327 3.0365088
248.76964 3.0459661
242.59602 3.052714
235.37729 3.0618627
229.33661 3.0641038
223.99869 3.0711746
218.82431 3.0832262
212.90231 3.0957131
207.60019 3.104212
200.77681 3.112861
195.51198 3.1234484
189.69736 3.1375554
184.75143 -3.135044
179.79195 -3.1279762
175.73718 -3.127662
169.76303 -3.1225932
163.78073 -3.1157544
157.39761 -3.1069872
152.66309 -3.0993633
148.02853 -3.0879035
141.83124 -3.0793202
136.7643 -3.0724945
130.88849 -3.0693874
125.14794 -3.0660691
121.018036 -3.055202
115.27471 -3.0508862
110.3009 -3.046784
106.09797 -3.0430162
100.35593 -3.037356
93.432236 -3.0296004
87.43955 -3.0218892
82.27634 -3.0143378
77.34226 -3.006171
73.27177 -2.9985976
68.219604 -2.9879265
62.51009 -2.9737635
57.593933 -2.9592836
52.484886 -2.9413068
47.705105 -2.9209232
42.956806 -2.8960555
37.440613 -2.858954
32.94396 -2.8508885
28.100908 -2.7988987
23.001339 -2.7185628
19.083038 -2.6239676
15.3471 -2.4788628
12.201502 -2.2566311
8.352181 -2.0153408
5.9049354 -1.1738226
9.090937 -0.64228857
12.617786 -0.44625723
16.410566 -0.33825716
21.040398 -0.36163384
29.400038 -0.46670353
34.91968 -0.52282387
40.441746 -0.6055077
46.104076 -0.6588467
52.3363 -0.6903333
57.854946 -0.72130895
64.34342 -0.7301633
70.20341 -0.7528632
76.68399 -0.76674706
81.772285 -0.79218084
86.10559 -0.80910087
91.68725 -0.81606895
95.472305 -0.8442605
100.416245 -0.8612749
104.12115 -0.8790515
108.50182 -0.8896607
112.404144 -0.91644156
117.5569 -0.9391614
122.52861 -0.9586107
127.68597 -0.9678273
132.38254 -0.9830148
137.91426 -0.9854115
143.20473 -0.9930774
149.59192 -1.0033754
153.59598 -1.0122542
159.65662 -1.0211983
165.5608 -1.0288762
170.0219 -1.0322562
175.58514 -1.0333642
180.66467 -1.0416434
187.01706 -1.0491036
191.72862 -1.0501071
196.53395 -1.0582517
202.82503 -1.0587544
208.2544 -1.0624009
213.12875 -1.0697659
220.22563 -1.0770582
224.38681 -1.0819776
230.11305 -1.0902786
233.87502 -1.0986453
239.47491 -1.1058908
244.61359 -1.1163999
250.24242 -1.1273586
257.6853 -1.1367662
264.051 -1.1479118
269.74222 -1.157387
275.9471 -1.1672302
282.38364 -1.1769431
288.854 -1.1862341
295.58768 -1.1954367
300.82272 -1.2058413
305.85266 -1.2156024
309.48746 -1.2233896
315.26532 -1.2359599
321.51575 -1.2467505
327.30145 -1.255893
332.3766 -1.2726977
337.2232 -1.2895119
342.41818 -1.3112798
348.6529 -1.3315235
354.5542 -1.3471688
357.81543 -1.3606561
361.21423 -1.3714769
366.054 -1.387697
369.94543 -1.406113
373.1204 -1.4211054
377.35324 -1.4361472
384.20242 -1.4562514
389.76828 -1.4733927
392.27182 -1.4873466
393.77542 -1.5049517
395.37515 -1.5229392
396.3202 -1.5406822
398.09036 -1.5539604
399.14282 -1.5659765
399.15164 -1.5790061
399.2238 -1.5915031
399.35098 -1.6034436
398.55725 -1.6166179
396.88208 -1.6319366
393.44223 -1.6452185
388.78363 -1.6564147
383.38162 -1.6733133
380.07486 -1.6900659
376.8635 -1.7071533
373.73788 -1.723986
370.42416 -1.739511
364.81204 -1.7588629
359.86 -1.7750809
354.1262 -1.7905265
350.90805 -1.8043041
346.76953 -1.8160211
342.93112 -1.8284731
339.08173 -1.8430758
334.9121 -1.855866
330.21902 -1.8695172
325.2209 -1.8839071
319.71594 -1.8993758
314.45087 -1.9091245
308.94388 -1.9188402
302.26544 -1.9332193
295.25113 -1.9466051
287.81866 -1.9568148
281.33667 -1.9661964
275.43146 -1.971221
269.0005 -1.9813626
261.6802 -1.9935726
255.71324 -2.0006006
250.20117 -2.0098975
244.35492 -2.0166297
238.52284 -2.0236866
233.15881 -2.0349126
227.42998 -2.043569
221.55545 -2.0511136
216.2149 -2.053567
211.08138 -2.0663574
205.56902 -2.06981
199.51556 -2.0749512
193.80118 -2.0853631
188.10268 -2.0964262
180.29341 -2.1100202
173.62888 -2.112934
165.64871 -2.12653
157.69308 -2.1294374
148.27454 -2.129449
139.36595 -2.135554
131.05519 -2.1488614
127.14116 -2.1594849
118.03244 -2.1806726
109.84778 -2.1883013
101.506 -2.188509
93.73835 -2.1821406
85.13769 -2.1812499
75.70054 -2.187669
67.7343 -2.1968758
61.19758 -2.214427
54.53718 -2.236718
47.06103 -2.2815926
38.63567 -2.334134
30.684063 -2.3571115
22.92174 -2.3883245
16.595913 -2.358089
11.6334 -2.4197614
4.101957 -2.716766
3.3853552 1.7923439
9.313567 1.6244384
15.046497 1.5376005
15.046497 1.5376005
