Mouse
28
1.5273452 -0.006473824
5.2186117 1.273782
10.00402 1.5180618
14.999384 1.5356334
18.99743 1.5430356
23.995907 1.5488194
28.99491 1.552609
33.178146 1.4642807
37.266136 1.4490095
41.50657 1.412881
45.232227 1.335903
49.59823 1.3154548
53.60171 1.2573535
59.63441 1.2193892
65.3707 1.2026291
70.755486 1.20169
75.580574 1.1837635
80.04032 1.1794869
85.04945 1.1910403
89.506645 1.1868536
96.19503 1.1813012
101.579994 1.1817777
106.04021 1.1786332
109.74719 1.1925634
113.83507 1.1973757
117.92539 1.2018541
122.37822 1.1983985
127.202644 1.1878719
132.96457 1.1809937
137.28342 1.1623456
143.47075 1.1506008
147.86147 1.1341778
152.7583 1.1274544
157.6616 1.1211488
165.24933 1.1096804
170.16881 1.1043512
176.43849 1.0968463
183.1822 1.0850172
189.07118 1.0715088
194.50462 1.0633007
201.81001 1.0493573
207.2762 1.0422368
212.75235 1.0354825
217.38152 1.0266954
222.87859 1.0206302
229.76083 1.0134573
237.19037 1.0031391
242.71672 0.99810433
247.70445 0.9966762
253.7867 0.9886932
259.88437 0.9810843
264.60733 0.97482574
270.47794 0.96269256
274.413 0.9548929
277.55304 0.9452106
281.90955 0.9300344
285.72058 0.918098
290.18884 0.9037642
294.0864 0.89250994
297.38528 0.8841465
301.98895 0.87087977
304.58093 0.86083436
309.27472 0.8482287
312.67883 0.8407477
315.36053 0.83129627
319.48322 0.821843
324.3221 0.8103926
327.78818 0.7993401
330.58936 0.79066586
333.41495 0.782138
336.2644 0.77375406
340.55103 0.7655941
344.90192 0.75353885
347.82977 0.74567026
352.2611 0.7341139
355.2409 0.7265704
358.2406 0.71915287
362.67007 0.7121454
366.46942 0.70322967
370.29733 0.6944976
374.15292 0.68594486
378.81488 0.67591226
381.32397 0.6673038
386.23746 0.65405357
388.81693 0.64575326
390.82846 0.6355069
393.69174 0.6238796
397.42615 0.6109753
400.39963 0.59972006
400.6496 0.58725196
401.80145 0.57344824
403.87714 0.5584114
403.47855 0.547377
403.12918 0.53632206
402.82913 0.52524936
402.0877 0.511996
401.41714 0.49869603
399.9336 0.4865204
398.5098 0.47425598
397.593 0.46415702
395.81845 0.4551204
394.97897 0.4449111
393.76077 0.43235588
390.87936 0.41609472
388.49298 0.40196776
386.94556 0.3924542
384.6908 0.37804255
383.23242 0.36834186
381.1131 0.35365397
379.74634 0.34377232
377.47226 0.3346883
373.96295 0.3238164
370.4987 0.31273982
366.12595 0.30226654
363.0402 0.29338783
357.78354 0.2832431
350.3696 0.27158627
344.48898 0.264294
338.37476 0.25389042
332.29852 0.24310516
326.26236 0.23191948
322.4392 0.22198452
317.67105 0.21247394
312.93253 0.20267445
308.22498 0.19257462
302.38626 0.17950936
295.78235 0.16982491
290.35495 0.1625517
285.7794 0.15100434
281.38354 0.14260241
275.75626 0.12723081
271.53882 0.12179405
267.32968 0.116185926
263.0209 0.106619716
258.73703 0.0967358
254.5676 0.09043366
250.40863 0.08392192
246.33977 0.08123787
242.19641 0.074347496
236.94072 0.05907914
230.83894 0.051964846
225.70645 0.039841533
221.6376 0.03154371
216.58484 0.023042029
211.54848 0.014134878
206.52971 0.004794061
201.52734 -4.906379E-5
197.52992 -0.005112603
192.53783 -0.010439113
187.53812 -0.010717427
183.57114 -0.021845518
179.57211 -0.02233209
175.59883 -0.028534176
169.63383 -0.035436004
164.63707 -0.036511965
160.68033 -0.043640148
154.7348 -0.051788412
149.79854 -0.06018302
145.80598 -0.06183307
140.88339 -0.071110785
135.97382 -0.08105939
132.07452 -0.09105845
127.19444 -0.10246265
123.3257 -0.11384649
118.48196 -0.12702635
113.52401 -0.13260603
108.71268 -0.14780548
104.75795 -0.15342869
98.01461 -0.17442755
94.077866 -0.18180637
89.16486 -0.19194543
85.24174 -0.20089746
81.3261 -0.21071236
77.4191 -0.22151904
71.57785 -0.23993738
66.73166 -0.2577441
62.872055 -0.27396184
59.03115 -0.29229543
55.21284 -0.31317258
49.539177 -0.35049456
45.80296 -0.3804851
39.881866 -0.41308063
35.35944 -0.46987575
31.844484 -0.5267798
27.907574 -0.5678762
24.033188 -0.62234145
19.501305 -0.7303482
15.970672 -0.85108554
11.950066 -0.99295354
6.9685655 -1.0400474
3.0467734 -1.7265588
1.7745532 2.5496788
5.2028775 1.8577653
9.109931 1.7331628
13.073321 1.6836818
17.053816 1.6572574
21.135252 1.688057
25.230242 1.7088733
29.502146 1.7573773
33.619083 1.7645353
37.948048 1.7959641
42.070423 1.7979056
45.976532 1.778315
50.09698 1.7813973
54.930954 1.8374138
59.608444 1.8682889
64.334465 1.89465
69.44513 1.9309337
73.894775 1.9371871
77.98913 1.930784
82.43855 1.9363973
87.46977 1.9266379
91.917206 1.9318728
96.36692 1.9366246
101.18469 1.9501705
106.01933 1.962483
111.26456 1.981988
117.04929 1.9884077
123.25266 2.0016196
128.57263 2.0168958
133.47913 2.0242424
138.39232 2.0310676
144.65517 2.0404887
149.58234 2.0462692
154.09607 2.0604365
158.63896 2.0737946
163.20857 2.0864072
168.66756 2.0953462
173.27858 2.106656
178.76569 2.114471
184.26303 2.1218197
189.24223 2.1242597
193.90552 2.1336763
198.35614 2.1314428
203.87463 2.1376264
208.56075 2.1460824
213.26112 2.1541662
220.48547 2.170671
224.97896 2.183997
228.92635 2.1932588
234.29028 2.203132
240.87859 2.219213
244.10501 2.2297997
248.1431 2.237609
252.19585 2.2451675
257.8186 2.2475986
261.88965 2.2547226
269.5603 2.2602553
273.654 2.2668846
277.75934 2.2733183
283.28592 2.2799463
288.07047 2.2885978
292.21283 2.2944071
297.77676 2.3003204
303.35074 2.3060164
307.5214 2.3113015
313.06076 2.3211381
317.2551 2.326062
322.14667 2.3331068
325.63974 2.33987
329.86206 2.3443668
333.37927 2.3508549
338.32443 2.357203
344.01166 2.3695195
347.58133 2.3754866
350.47476 2.3833997
354.07248 2.3891172
357.73883 2.3986697
361.3666 2.4041193
364.3372 2.4115016
368.7388 2.4185245
374.66907 2.428886
377.7045 2.4358108
380.75775 2.442625
384.59872 2.45099
387.69055 2.4575622
390.79886 2.4640303
394.0869 2.4739614
396.80255 2.485721
398.77322 2.4958134
400.19113 2.5078158
402.2496 2.5177112
402.37875 2.5301352
402.83438 2.5459993
402.27045 2.5570202
401.7555 2.5680707
401.28973 2.579148
401.20367 2.5936787
401.20236 2.6082125
401.7826 2.6205819
401.55103 2.631701
400.41632 2.6472178
399.8402 2.6605992
399.33594 2.674017
398.00534 2.686364
396.30835 2.7010717
396.02185 2.7146459
396.21112 2.7259257
396.4508 2.7371933
396.3587 2.7507765
394.85223 2.7601433
393.3807 2.7695808
391.0096 2.7781816
386.44504 2.7875156
382.25388 2.7946095
377.47488 2.79848
371.0966 2.8066354
366.33585 2.8107803
361.58157 2.815034
356.834 2.819401
352.09344 2.823886
347.7025 2.8348513
343.3545 2.8460956
337.13156 2.855965
330.67215 2.8691146
324.52957 2.879807
318.67508 2.8878708
312.84207 2.8962357
306.79883 2.9080868
302.97156 2.91864
300.15656 2.9301634
298.16626 2.945856
295.44763 2.95782
292.77206 2.9700043
288.16626 2.9813116
282.75983 2.9889631
277.08932 3.0040553
272.85666 3.009306
268.50702 3.0184164
263.07486 3.031171
257.88892 3.0367427
253.70642 3.0429325
248.53825 3.048959
242.38322 3.0548851
234.16473 3.06469
228.96388 3.0760765
224.8482 3.0837877
218.70094 3.0958974
214.62144 3.104355
209.55829 3.1130042
204.51158 3.122081
200.48253 3.131666
194.47266 -3.1415417
190.48326 -3.131041
184.51622 -3.119859
178.54295 -3.1135292
173.61423 -3.1012053
166.7163 -3.087523
162.78072 -3.0800607
156.93288 -3.0649889
152.03033 -3.0559137
148.13663 -3.046877
142.26668 -3.0358906
136.30164 -3.0312462
132.44386 -3.0204158
126.48994 -3.0146818
122.523155 -3.0105495
117.70818 -2.9965758
113.75163 -2.9914944
109.79824 -2.9860468
106.01364 -2.970882
100.10605 -2.9606996
96.36627 -2.9430232
91.46984 -2.93224
87.78366 -2.9116256
80.270966 -2.876771
76.41758 -2.8630702
72.58006 -2.8479176
67.80958 -2.8265715
60.856403 -2.8065548
54.87085 -2.7878108
50.774097 -2.778993
46.133312 -2.7405398
42.065205 -2.7253032
38.44087 -2.6832137
34.422367 -2.6578436
29.566078 -2.6091113
24.256687 -2.5754952
19.813278 -2.5524094
14.587664 -2.4758575
10.954401 -2.3215091
6.941044 -2.0947502
3.375234 -1.1012127
5.6188436 -0.18071432
3.375234 -1.1012127
7.8229065 -2.0307524
11.705498 -2.2631993
15.225627 -2.4241805
19.586742 -2.4815328
23.988775 -2.5179222
28.41271 -2.543005
33.40842 -2.5362854
39.798595 -2.5251231
46.192356 -2.51705
52.389065 -2.4842653
58.791325 -2.482369
62.852127 -2.4515479
67.72226 -2.4341943
71.862885 -2.4099722
77.45456 -2.3878124
82.36624 -2.3601673
86.61506 -2.3436446
90.262215 -2.30496
93.92173 -2.28433
97.61822 -2.2652545
101.347626 -2.2475772
105.106445 -2.2311592
109.49582 -2.2231765
114.495636 -2.2227886
118.89163 -2.2157457
124.69224 -2.2108665
130.29204 -2.217154
135.89656 -2.2229233
141.69266 -2.2183356
146.09167 -2.212738
151.89377 -2.2088475
155.12509 -2.1934881
159.78372 -2.1803212
164.46849 -2.1679022
167.79143 -2.1544983
171.68571 -2.1465182
175.59047 -2.1388927
180.88394 -2.1333406
184.80536 -2.126374
189.5892 -2.116945
194.38908 -2.1079812
198.34096 -2.1019928
203.1654 -2.0937698
208.87375 -2.08357
213.2448 -2.0720668
217.23575 -2.0672553
222.52974 -2.0544124
226.5381 -2.05011
231.87848 -2.0381768
235.90178 -2.0343215
245.75545 -2.0234077
253.40056 -2.0131502
257.4449 -2.0100095
263.79727 -1.9987258
269.67587 -1.9928664
277.39355 -1.9843407
281.97922 -1.9772149
286.57874 -1.9703176
291.19147 -1.9636385
294.89075 -1.9584459
298.59778 -1.953382
302.3123 -1.9484425
306.96548 -1.9424363
311.62946 -1.9366097
317.82715 -1.9257929
322.17892 -1.9174882
329.0555 -1.9035105
333.46466 -1.8957788
339.79388 -1.8864121
343.29288 -1.8800262
346.80563 -1.8737694
350.04047 -1.8649065
353.58514 -1.8589203
357.0124 -1.8415121
358.86365 -1.8285358
359.80463 -1.8163687
361.3153 -1.7982414
362.38794 -1.786243
363.89896 -1.7656877
366.09525 -1.7533811
368.3463 -1.7412232
371.79733 -1.7314464
376.27185 -1.7214503
379.79306 -1.7120599
383.48004 -1.7054278
386.93314 -1.6937958
389.44388 -1.682657
391.0074 -1.6719197
392.44 -1.6561937
394.11343 -1.6456484
395.76724 -1.6326718
396.53873 -1.6224477
397.35147 -1.6122644
398.20526 -1.6021236
400.0996 -1.5919743
400.03488 -1.5819772
400.01022 -1.569478
401.04797 -1.5570136
401.12305 -1.5470424
401.23798 -1.5370759
401.43768 -1.5246274
401.64215 -1.5146788
399.9583 -1.5019163
399.25662 -1.4917489
399.59238 -1.4817698
397.9777 -1.4713118
394.53064 -1.4576938
391.15805 -1.4438384
387.72253 -1.4322982
383.50223 -1.4175848
380.0237 -1.4081765
376.75214 -1.3959804
373.72498 -1.3809433
369.6018 -1.367762
365.76038 -1.3516154
362.01636 -1.3351306
356.90878 -1.3230319
352.8214 -1.311313
348.5168 -1.3020853
343.28116 -1.2918278
338.75787 -1.2849256
334.2512 -1.2778369
329.76175 -1.2705548
326.24344 -1.2640005
322.4325 -1.2602539
318.9368 -1.2534361
315.45627 -1.2464674
311.046 -1.2382973
307.59973 -1.2309798
302.89023 -1.2254775
299.47366 -1.2178141
295.49533 -1.2056134
291.19485 -1.1962736
287.47583 -1.1911833
284.1414 -1.1826979
278.98438 -1.171241
274.78214 -1.1608098
270.20386 -1.1534338
265.14536 -1.140813
261.939 -1.1309769
258.3253 -1.124384
255.16255 -1.1140809
249.79153 -1.1034878
245.33797 -1.0943068
240.90582 -1.0847871
236.49634 -1.0749115
232.1108 -1.0646616
225.02481 -1.0573542
219.19604 -1.0580717
214.7294 -1.05705
209.39319 -1.0536335
204.434 -1.0567153
199.9677 -1.0555878
194.13866 -1.056345
186.94778 -1.0591794
182.97362 -1.053242
177.64047 -1.0491004
172.31056 -1.0447024
167.84737 -1.0430397
163.38467 -1.0412861
158.57301 -1.0308018
151.55246 -1.0183735
147.62796 -1.0099214
142.8736 -0.99723256
138.4293 -0.99368876
134.53824 -0.9836961
129.836 -0.9687753
125.98116 -0.9573364
121.56095 -0.9518455
116.335106 -0.94091195
111.72602 -0.9217822
107.94706 -0.9067657
101.38188 -0.89359504
94.836716 -0.87860346
89.72622 -0.8601971
84.64979 -0.8395754
79.61393 -0.816334
74.62687 -0.7899704
68.263115 -0.78003806
61.907467 -0.7680649
56.976234 -0.75415003
51.32245 -0.7507064
46.354244 -0.7622482
40.699112 -0.7590308
34.322956 -0.77473754
29.37324 -0.7970148
23.716858 -0.7997855
18.142673 -0.8823064
13.337111 -0.97110116
9.675755 -1.1976416
9.675755 -1.1976416
