Stilus
18
189.65091 0.84171814
186.37308 0.8090978
181.97986 0.75436056
178.32692 0.71231526
175.92096 0.677644
174.24083 0.6536255
172.13448 0.6177163
170.62216 0.57594377
172.5563 0.539222
175.62166 0.5033907
177.47975 0.47226724
179.36812 0.42971727
181.79845 0.39529422
183.46246 0.36088166
185.89511 0.32724544
188.69969 0.29994693
192.39774 0.2777457
196.66997 0.26109767
201.56616 0.25329015
205.53755 0.23827367
209.00934 0.21952172
213.17517 0.20079179
216.86462 0.1832533
220.7431 0.15813302
224.7656 0.13383901
227.65327 0.11238075
230.06497 0.08606187
234.73692 0.06718905
239.49036 0.049162854
244.20021 0.03136824
248.70776 0.012254075
252.94122 -0.0047584884
256.12827 -0.020844584
259.36667 -0.038342234
263.55405 -0.05391965
268.62476 -0.071562864
271.243 -0.089297056
272.73035 -0.10732604
273.28174 -0.12465997
275.1125 -0.14664155
277.8121 -0.16238645
280.25766 -0.17569746
282.93344 -0.19350308
285.40164 -0.20967317
288.91675 -0.22478873
291.4875 -0.23980948
293.66635 -0.25534132
295.65192 -0.2702766
297.05624 -0.28416002
300.66794 -0.30110025
304.81274 -0.31400475
308.27954 -0.33506176
312.10254 -0.35043892
314.1254 -0.36765194
316.04156 -0.3830848
317.83713 -0.39686784
318.09415 -0.42064762
318.31833 -0.44263744
319.8368 -0.46314666
321.30307 -0.4789923
322.08414 -0.49539918
323.43402 -0.517091
322.7532 -0.53737235
322.91522 -0.55375934
324.7663 -0.5657852
326.63483 -0.58033097
328.14853 -0.5982253
328.94583 -0.61241686
328.56732 -0.6356926
326.82086 -0.65195227
323.78247 -0.6669662
320.41534 -0.6792689
318.28406 -0.70011044
319.24286 -0.7190915
322.26923 -0.7390028
323.66544 -0.75233036
323.6609 -0.7741461
323.50848 -0.7955597
321.86978 -0.81515443
320.2627 -0.8287111
316.59323 -0.8424475
313.75885 -0.85263366
312.0295 -0.86886096
310.498 -0.88481295
307.97025 -0.89903975
303.647 -0.912859
301.2988 -0.928527
299.53958 -0.947764
299.347 -0.9648206
298.3726 -0.98276377
296.76877 -1.0033278
295.36932 -1.0236747
292.74817 -1.0385555
290.72952 -1.050466
290.5089 -1.0658345
288.53476 -1.0857304
285.30368 -1.0998964
283.29913 -1.1139905
281.5106 -1.1270927
279.40323 -1.1432358
277.9709 -1.1616426
278.6187 -1.1860338
276.9801 -1.2030205
271.52304 -1.2039887
265.9947 -1.2068123
262.32162 -1.2190202
260.47995 -1.2388185
258.437 -1.2625691
258.90994 -1.282927
259.4667 -1.3035269
260.1983 -1.3230361
259.95383 -1.3432357
258.95737 -1.360497
257.09293 -1.3764502
256.34857 -1.3918011
255.35269 -1.4148233
252.83928 -1.4332988
250.55362 -1.4509239
249.57909 -1.4677836
246.21536 -1.4871519
243.76485 -1.5064231
241.45624 -1.5306352
242.27809 -1.5588278
244.26991 -1.5801785
245.36641 -1.6004733
246.51596 -1.6165805
247.80539 -1.637347
250.16058 -1.6558986
251.70322 -1.6781377
252.21202 -1.6954671
253.85555 -1.7140915
254.45862 -1.7296766
256.22546 -1.7471157
257.1257 -1.7657894
256.4431 -1.7909334
256.6654 -1.8116734
259.33417 -1.8361926
260.74066 -1.8553636
263.624 -1.8680463
266.56906 -1.8882183
268.16806 -1.9058931
270.12585 -1.9261203
272.27264 -1.9467943
274.2243 -1.9644291
275.68893 -1.9905758
279.31976 -2.0146644
280.60712 -2.032279
282.44205 -2.0528636
285.27167 -2.07149
288.1986 -2.0897462
291.89578 -2.1061666
294.59335 -2.1201098
296.61145 -2.1362374
298.71542 -2.1484082
302.02954 -2.1650326
304.76074 -2.182832
307.27985 -2.200987
310.20407 -2.2181723
311.49866 -2.2392676
313.3763 -2.2548907
315.97458 -2.2678926
317.92947 -2.2800436
321.26788 -2.2920675
324.57523 -2.3081713
326.28818 -2.3310227
325.61517 -2.3509018
323.06744 -2.368385
320.37335 -2.3860903
318.51166 -2.406232
319.9495 -2.4285693
322.66385 -2.4459503
325.14697 -2.4614637
327.8233 -2.4726915
328.9992 -2.4968789
327.90045 -2.517908
326.06342 -2.5311046
324.18774 -2.5503893
322.70673 -2.5628953
324.1703 -2.583384
323.97168 -2.6012895
322.94284 -2.6209314
321.51257 -2.6351092
320.12195 -2.6549761
318.61453 -2.677831
319.5879 -2.693603
322.02133 -2.7207425
321.65863 -2.7404974
320.83282 -2.7631185
319.60074 -2.7817063
317.5387 -2.7993805
315.95676 -2.813725
314.97195 -2.83333
313.6519 -2.858001
312.3646 -2.8725028
310.2962 -2.884843
306.6418 -2.9053879
302.90118 -2.9167209
297.01367 -2.9311357
291.5192 -2.9550972
288.67236 -2.9681838
286.03104 -2.9807756
282.93582 -3.0011432
279.65747 -3.0217893
274.5506 -3.0408487
272.03583 -3.0613754
270.62552 -3.0830758
266.4969 -3.1085231
262.38605 -3.1314983
260.18283 3.13372
255.40817 3.123791
250.68141 3.112265
247.63274 3.0957026
242.91316 3.074916
238.35072 3.0519264
235.86876 3.0296726
233.30142 3.0107944
230.2876 2.9831533
226.28833 2.9638095
222.48344 2.9501958
218.567 2.92426
213.61397 2.9009979
210.93867 2.8770626
208.3669 2.8479805
206.38968 2.8145332
204.30064 2.7850947
202.55956 2.757032
199.46535 2.7381423
194.71828 2.7052717
190.35323 2.6711051
188.51262 2.6312149
187.2398 2.5903203
187.33672 2.557751
186.19235 2.5203462
184.3223 2.4893486
181.89052 2.4623585
180.27707 2.428317
180.90092 2.4012504
182.28586 2.3612065
184.34795 2.3258746
186.00648 2.2957842
187.72826 2.2736583
190.46616 2.2413003
194.00546 2.2139835
196.9819 2.1839821
200.07721 2.1610708
203.95499 2.1378489
207.96811 2.1144824
210.74048 2.0780437
212.8837 2.0469337
216.38861 2.0170105
220.74603 1.9926602
224.02524 1.9724704
227.12346 1.947762
229.61781 1.9247749
230.97263 1.9037995
231.82901 1.879395
232.61784 1.8536315
235.12923 1.8315347
238.80063 1.8101677
243.43669 1.7753032
244.47203 1.7544171
246.61336 1.7359861
248.59784 1.7116488
250.59366 1.6886424
250.56491 1.6691009
250.13347 1.6497022
251.43802 1.6224685
252.47949 1.6024723
254.38266 1.5865016
257.2291 1.5654521
257.42465 1.5465434
256.58505 1.527966
255.8817 1.5063493
256.23026 1.487906
254.79347 1.4643781
253.49588 1.4406984
252.37183 1.4160254
251.39592 1.391296
247.04298 1.3662905
242.75116 1.3457651
238.51068 1.3254707
237.41254 1.2939374
236.89311 1.2645863
233.03874 1.2300576
229.25261 1.1997294
225.42784 1.1739496
220.85106 1.1590369
216.65161 1.1404343
213.07039 1.1080056
207.77863 1.0798284
201.6948 1.0399493
198.43474 1.0184534
193.59259 0.9860147
193.49796 0.95922834
195.46277 0.93636113
194.23373 0.90331495
192.43027 0.86482245
189.83861 0.842601
189.83861 0.842601
