Mouse
24
179.65674 2.419598
176.67456 2.404635
177.21109 2.3765392
179.29576 2.3565824
180.75813 2.3331058
181.64629 2.3059502
184.72963 2.2837796
186.49281 2.2616365
188.96764 2.2440693
192.11098 2.231086
195.48474 2.2113566
198.11986 2.1952426
201.37859 2.1836295
203.53836 2.1642866
206.61284 2.1427262
208.92918 2.1243136
210.80626 2.102231
212.29813 2.076437
214.39302 2.0551565
217.03203 2.0384183
219.29608 2.0179834
221.2374 1.9938605
224.09044 1.9783933
227.16557 1.9534999
229.09114 1.92673
230.5591 1.9059327
232.1255 1.8854072
233.78836 1.8651652
236.78023 1.8481381
238.61606 1.8285718
240.54182 1.8093114
241.5795 1.7912655
241.7157 1.7742121
242.90485 1.75642
244.00488 1.7347662
244.3731 1.7179486
244.81018 1.7011863
244.3223 1.6849527
244.89427 1.6682595
246.53091 1.6513212
247.23938 1.6348689
249.01324 1.6183234
249.8548 1.6021413
250.74803 1.5820844
250.73479 1.5661317
251.78514 1.5502632
251.899 1.5343864
253.07495 1.5187346
253.31459 1.5029646
254.61365 1.4875562
253.98228 1.4715337
250.32211 1.4580241
248.8204 1.4411451
245.2667 1.4269071
242.91092 1.4088384
240.63599 1.390422
239.42453 1.3724867
238.29088 1.354375
236.49913 1.3310004
234.58006 1.3113979
231.7915 1.2902904
230.06361 1.2699721
228.43213 1.2493548
225.62222 1.2311373
223.24179 1.2082715
220.98053 1.1849254
218.05325 1.1695231
215.58612 1.1494645
212.78204 1.1331984
210.4765 1.112233
210.50128 1.0909866
209.74449 1.0674645
207.37837 1.0389347
205.50414 1.0164801
203.19147 0.997748
200.12277 0.9758024
197.39455 0.96024835
194.71541 0.94426227
189.69496 0.91835225
186.21512 0.8902521
183.1235 0.8765076
181.37541 0.8539206
180.39734 0.826812
179.55322 0.7994283
178.14897 0.767784
176.92584 0.7356696
175.12599 0.7068345
174.88074 0.67829704
174.77824 0.6497028
174.00647 0.6244427
174.17352 0.5957369
174.48375 0.56710976
174.93637 0.5386074
175.9198 0.5025384
177.58174 0.47194457
179.40672 0.44194552
181.38983 0.4125765
184.2843 0.39392996
186.87607 0.37088856
189.22517 0.34352198
192.02638 0.3217944
195.87096 0.29918903
198.85019 0.27884212
201.9093 0.25910378
205.78192 0.23408656
208.80061 0.2110064
212.31139 0.19784886
215.6759 0.1805641
217.95471 0.16003673
220.32343 0.13994242
224.01974 0.12861107
227.41125 0.10454779
231.10136 0.089830555
234.91759 0.07982358
238.68857 0.0659582
241.45474 0.048608184
243.29245 0.031786263
247.19774 0.015098025
250.17278 -0.0050682966
254.20538 -0.016790144
256.33716 -0.036163174
259.50894 -0.051149417
262.80524 -0.06956744
265.1064 -0.08409533
268.45776 -0.09800439
270.97958 -0.11564617
272.46176 -0.12980603
274.9877 -0.14328873
277.8815 -0.16363302
279.54535 -0.1771685
283.41367 -0.19266945
287.14365 -0.20434174
289.935 -0.2164514
292.768 -0.22832844
294.91037 -0.24407585
297.83713 -0.25548545
300.10327 -0.27076405
302.158 -0.28263494
304.54636 -0.29748622
306.69522 -0.30900013
308.8842 -0.32035238
310.16702 -0.33259284
311.49597 -0.34473068
312.8704 -0.35676363
314.2897 -0.36868963
315.75333 -0.38050672
317.26062 -0.39221317
318.81097 -0.40380734
320.80856 -0.4181399
323.2914 -0.43510088
324.0959 -0.44759384
325.84705 -0.4586605
327.63766 -0.46960753
329.4671 -0.48043427
331.33475 -0.4911402
332.36356 -0.5031719
330.83276 -0.519595
329.904 -0.53877217
328.56876 -0.5554686
328.16696 -0.57064635
327.8409 -0.5858578
327.5909 -0.601096
327.41705 -0.61635387
325.92206 -0.6309598
326.5009 -0.6487465
326.5654 -0.6640578
325.92905 -0.6812871
325.38983 -0.69857866
324.29276 -0.71359587
322.60425 -0.72639906
321.64383 -0.74163216
320.7585 -0.75695294
319.2518 -0.77011126
318.50742 -0.7856166
317.1225 -0.7989965
316.52164 -0.81466407
315.99872 -0.8303873
316.30362 -0.8482544
315.94815 -0.864031
314.9015 -0.8778155
313.91504 -0.8916893
312.9894 -0.9056478
311.33032 -0.9177397
309.7172 -0.92995936
307.34244 -0.94039214
305.81622 -0.9528857
303.5164 -0.9636279
301.25214 -0.9745328
298.47302 -0.98839444
295.21536 -1.0053688
293.09174 -1.0168926
290.4928 -1.0315316
289.32376 -1.0451702
287.3376 -1.0572122
286.27097 -1.071099
283.9091 -1.0865575
282.96033 -1.1007143
281.1711 -1.1133977
279.4277 -1.1262416
278.6396 -1.1407456
277.5083 -1.1586258
275.5434 -1.1752529
274.027 -1.1887233
273.1367 -1.2070752
271.39813 -1.224294
269.7411 -1.2417295
268.47513 -1.2558295
266.96854 -1.2736379
265.54758 -1.2916427
264.21356 -1.3098352
261.99728 -1.3272893
259.64014 -1.3487895
258.5852 -1.367652
256.82565 -1.3821214
255.12062 -1.3967875
253.31462 -1.4155453
250.60832 -1.4340239
249.10167 -1.4493848
247.55083 -1.468946
246.17984 -1.4846977
245.86816 -1.5009071
245.62126 -1.5171533
245.43929 -1.5334278
245.32242 -1.5497223
245.27072 -1.5660279
245.29785 -1.5864124
245.42685 -1.606784
245.65758 -1.6271257
246.0683 -1.651473
246.42291 -1.6676532
246.95659 -1.6878061
247.45546 -1.7038608
248.1683 -1.7238317
249.33138 -1.7515821
251.25879 -1.7704432
252.51721 -1.7937341
253.66956 -1.8129581
255.62555 -1.8272119
257.6327 -1.8412462
259.97202 -1.8587532
261.43594 -1.8770919
262.66974 -1.8916119
263.95837 -1.9059931
266.5837 -1.9224719
268.70956 -1.9434358
270.57004 -1.960648
273.3071 -1.9843405
276.1945 -2.0075505
278.78552 -2.0270534
281.9397 -2.0493436
283.80386 -2.0618548
284.83633 -2.0758946
286.79327 -2.0881007
288.43744 -2.1048825
291.01453 -2.1196716
293.34604 -2.1389005
295.23154 -2.1549993
296.629 -2.1681075
298.07693 -2.1810904
300.38727 -2.192003
301.71634 -2.2093377
303.13525 -2.2265153
305.42554 -2.2414877
307.1512 -2.2537136
308.92227 -2.2658012
309.97827 -2.2798443
312.59747 -2.2895565
314.50006 -2.3012228
314.9735 -2.3170378
316.97543 -2.3284454
319.73752 -2.3375337
321.10068 -2.3508267
323.22244 -2.3618004
324.02762 -2.3814294
325.63263 -2.398687
326.58633 -2.413738
325.55023 -2.4313362
324.61554 -2.4490414
323.6301 -2.4624999
322.70358 -2.4760382
324.64008 -2.4884927
327.4285 -2.5026236
328.88516 -2.5171995
330.41107 -2.5316436
332.27496 -2.550132
334.25113 -2.5684078
336.33755 -2.5864627
336.30234 -2.6038003
337.23618 -2.6226106
336.5351 -2.63846
335.50616 -2.6503422
333.1767 -2.663575
330.4632 -2.6729305
328.23502 -2.6865213
326.06833 -2.7002954
323.96432 -2.714251
321.52396 -2.7312348
320.485 -2.7467864
318.96786 -2.7583623
318.06522 -2.7741184
316.30334 -2.788871
314.61105 -2.803786
313.00238 -2.8289618
312.45715 -2.8451734
311.7193 -2.8645203
311.61423 -2.8777454
311.31723 -2.8940887
310.3615 -2.9065845
309.2355 -2.9223096
307.41144 -2.9343026
304.4582 -2.9490223
301.75043 -2.960765
296.29953 -2.96769
292.51282 -2.9827514
288.93878 -2.9947789
284.41666 -3.0066345
280.05997 -3.0153275
275.7251 -3.0242944
271.3071 -3.0372114
265.94003 -3.0502121
258.5494 -3.0670002
254.28922 -3.0815148
250.08441 -3.096521
246.93742 -3.1121562
242.85243 -3.1281357
239.83156 3.1385403
238.89922 3.1175966
238.02948 3.1006954
237.22823 3.083675
236.49614 3.066544
232.84682 3.0481246
230.27267 3.0296128
226.78784 3.0101135
222.55728 2.984893
218.93384 2.9730184
215.71101 2.951625
212.17804 2.9388084
208.14436 2.9151447
204.71532 2.9012372
201.58153 2.882058
197.56314 2.860885
192.98468 2.8323522
189.80878 2.8159008
185.14534 2.790177
181.54031 2.7651784
178.4473 2.7340276
174.20352 2.7045605
171.02988 2.6632135
168.04555 2.633664
165.21318 2.6030738
163.62889 2.5611577
162.33739 2.5184987
162.31236 2.4876955
162.4413 2.456912
162.72385 2.4262064
164.63367 2.4038806
167.35023 2.3861918
170.11748 2.3690736
172.93298 2.3525078
176.4889 2.3405619
180.06902 2.3290894
180.06902 2.3290894
