Stilus
30
225.41875 1.5508571
227.41025 1.5231725
229.5674 1.5019774
234.04034 1.4762312
239.5269 1.4574479
244.07486 1.4463763
250.87404 1.4289929
257.31653 1.4188372
260.1339 1.4000192
265.4836 1.3843693
271.42148 1.3702394
279.11493 1.3539708
285.61673 1.3387688
293.4697 1.3269013
298.4668 1.3196137
303.161 1.3068724
305.6396 1.295172
308.55103 1.2768794
311.13846 1.2609113
312.7077 1.2456045
314.16183 1.2321445
316.9663 1.2168452
318.74283 1.202057
320.56497 1.1876162
322.46527 1.1732526
324.23175 1.1604717
325.36035 1.1463385
322.17477 1.1180433
318.60416 1.0986543
315.29532 1.0856892
311.8129 1.0687591
308.7513 1.0568628
307.13876 1.0373305
304.75714 1.0178807
301.75793 1.0034125
297.52032 0.99381167
294.52432 0.9800556
290.7013 0.96287555
287.10706 0.9444896
287.51947 0.92506844
289.59177 0.90439475
291.0139 0.8818418
292.17737 0.8571353
293.4539 0.8406204
296.70264 0.8185428
300.2832 0.799865
304.3063 0.7863499
308.35056 0.77329415
311.4646 0.7603061
316.38055 0.7445074
320.2613 0.7333992
324.94763 0.7204791
328.30508 0.71153593
332.29688 0.70122427
336.00735 0.69193614
339.3786 0.6807871
343.60693 0.66344917
345.60004 0.65146095
348.3541 0.6412594
351.79807 0.6269386
354.66318 0.61763847
357.378 0.6061569
360.74988 0.5943665
363.5668 0.5804964
365.8388 0.56992674
369.36264 0.5545894
372.20673 0.54207623
374.94342 0.53336066
377.15857 0.5184771
377.54703 0.5025894
375.66623 0.48646885
374.24838 0.47343585
373.23804 0.46215877
371.03735 0.45010605
368.55994 0.4359878
366.1585 0.42169064
363.155 0.4098158
360.3342 0.39860713
357.62955 0.38606972
354.03644 0.377651
349.50058 0.3640775
342.52032 0.35378456
336.14877 0.34503162
331.36966 0.3316087
327.24893 0.3133573
325.0388 0.30203605
320.86447 0.29269382
315.9639 0.28383037
311.3864 0.2697624
305.43668 0.2578913
302.08493 0.24404618
298.62952 0.23157546
295.78506 0.21996133
291.5297 0.20627429
288.5543 0.19391455
284.21863 0.16941065
282.38458 0.15147726
281.45212 0.12795989
280.72897 0.10607552
280.2354 0.0879998
280.78903 0.06748835
285.068 0.054532763
289.8484 0.038102657
293.79266 0.020239051
296.1361 0.0065148217
299.95657 -0.016752273
302.26395 -0.030608585
304.4125 -0.043851495
305.66348 -0.059718512
307.99316 -0.07548624
309.4023 -0.09125769
309.21014 -0.110926926
309.49875 -0.12416386
311.12756 -0.13927515
313.83768 -0.15423186
314.47733 -0.16680686
311.94693 -0.18306345
308.28903 -0.19720496
304.34485 -0.21529445
301.38943 -0.23163326
297.03195 -0.2427354
293.53525 -0.25239286
288.93292 -0.267569
285.43875 -0.2921004
280.70676 -0.31882447
277.83615 -0.335132
274.72226 -0.34680662
270.01865 -0.3531095
266.26547 -0.35830954
261.6072 -0.36498594
257.87448 -0.37052283
254.14755 -0.37622577
248.59547 -0.38506413
243.3474 -0.39382046
239.69748 -0.40380293
235.98491 -0.42766243
233.44414 -0.44874868
230.70084 -0.46945179
232.58754 -0.49336922
234.18661 -0.5191449
234.63634 -0.5467168
235.83463 -0.57870483
239.09062 -0.6005671
244.58952 -0.6186982
248.71786 -0.6416447
253.10802 -0.6595704
256.97342 -0.67254984
262.18686 -0.6897805
265.5448 -0.7049698
269.46967 -0.72192067
274.721 -0.73798335
280.91934 -0.75157624
285.92953 -0.76511276
289.9538 -0.7745471
293.6468 -0.7825041
298.24298 -0.7943876
303.09055 -0.808824
307.09 -0.8211789
310.20728 -0.83049315
314.85062 -0.8438858
316.6407 -0.865062
316.90753 -0.88856864
315.74338 -0.9098693
314.8001 -0.9241972
313.51862 -0.94036585
312.6488 -0.9551722
311.81854 -0.969467
309.49167 -0.98709244
308.525 -1.0081475
307.07468 -1.0280558
304.90854 -1.0468361
303.5236 -1.0631245
300.65643 -1.0805402
297.19507 -1.0971411
293.16412 -1.1091862
289.01144 -1.1217654
285.50357 -1.1385707
282.43527 -1.1539307
279.57718 -1.1684277
278.26193 -1.1892127
277.10876 -1.209796
280.00912 -1.2336307
283.05905 -1.251362
288.11676 -1.2761798
291.85263 -1.2952656
297.49426 -1.31713
300.96884 -1.3274012
306.30237 -1.3405195
311.48514 -1.3542784
316.402 -1.3685781
322.0939 -1.3876036
326.63687 -1.3963611
330.48087 -1.404956
335.82828 -1.4181312
340.27798 -1.4289577
343.9385 -1.4441397
345.2741 -1.4606537
350.43665 -1.4772569
353.13345 -1.492193
357.32748 -1.5032171
361.33688 -1.5099498
366.58072 -1.5230994
371.27686 -1.5341147
374.76517 -1.546809
377.9459 -1.558274
380.15305 -1.5714508
380.20438 -1.5872425
380.31912 -1.600358
380.48898 -1.6128273
381.7431 -1.6264422
383.1198 -1.641909
382.8196 -1.6570228
381.0732 -1.6712062
376.0201 -1.6885843
371.4687 -1.6988572
367.758 -1.7056359
362.19885 -1.7105025
357.39447 -1.7152164
352.9534 -1.7305582
345.83664 -1.742668
340.05228 -1.752422
333.96524 -1.7640622
327.43436 -1.7773048
324.0513 -1.789399
318.73828 -1.8118471
313.6444 -1.8257806
308.41098 -1.8378886
305.01367 -1.846929
300.7673 -1.8578601
296.5695 -1.8663864
292.46082 -1.8814087
287.91394 -1.8901339
284.52094 -1.9079498
280.80215 -1.9211491
278.88406 -1.9455949
278.43994 -1.9622812
277.46945 -1.982796
277.34113 -2.0037303
279.3444 -2.0231044
280.1273 -2.0447016
280.01825 -2.0649297
280.94492 -2.0875652
285.07736 -2.1056912
289.22488 -2.1162446
293.5341 -2.127214
298.423 -2.1407273
302.46802 -2.1514738
305.73596 -2.1607604
309.00116 -2.1695287
311.63107 -2.181788
313.26285 -2.1946676
315.69574 -2.205296
314.65585 -2.2311213
315.08646 -2.2531636
312.87103 -2.2653453
310.45932 -2.280284
308.48526 -2.297533
305.62903 -2.3115065
302.10138 -2.3267708
298.98297 -2.3446715
297.356 -2.3594978
294.5594 -2.385172
292.506 -2.397669
287.66556 -2.4161391
283.01517 -2.4348679
278.54468 -2.4538772
270.9186 -2.460577
264.0972 -2.4686713
257.2334 -2.4772234
251.89159 -2.4897768
247.14981 -2.50169
242.37723 -2.5215063
239.36076 -2.53938
236.57631 -2.5567222
234.2667 -2.571783
231.9311 -2.587699
229.79048 -2.6029496
227.32663 -2.6213717
225.36276 -2.6367917
222.51564 -2.6508467
226.68785 -2.6680992
229.69589 -2.6845167
233.46802 -2.6989164
237.7244 -2.7057016
241.56506 -2.7130942
246.19894 -2.7305474
249.19827 -2.7433853
252.64684 -2.754492
256.59955 -2.7712286
261.4249 -2.784512
268.22977 -2.79396
273.62872 -2.8011005
278.01172 -2.8104837
283.14178 -2.820427
288.36127 -2.8286226
293.6551 -2.8394506
298.51776 -2.8480225
302.59595 -2.8624153
306.23587 -2.8822918
307.9102 -2.9005165
309.57324 -2.9179618
313.20447 -2.93613
315.3492 -2.954441
319.1919 -2.9718907
321.95944 -2.9866474
324.05704 -3.0063655
324.3272 -3.0242631
323.87888 -3.036659
323.3734 -3.0527267
321.9736 -3.0678537
319.6714 -3.081853
318.443 -3.095334
316.26364 -3.1099038
314.15967 -3.123347
312.38992 -3.1360729
309.39966 3.133357
305.18878 3.1201458
300.66074 3.1008246
297.034 3.0839036
294.34442 3.0677533
291.47336 3.0509274
290.11572 3.033717
288.83435 3.0182958
286.26755 3.0005615
284.76575 2.9820352
285.56082 2.9655747
286.3836 2.9500942
288.127 2.934256
290.9306 2.9222138
293.1988 2.9066443
295.66663 2.893881
301.5643 2.8873165
307.27664 2.8754547
312.99756 2.8624496
316.4407 2.8504207
319.9316 2.8361015
322.33984 2.8229854
326.77655 2.8113015
331.57693 2.797226
335.97583 2.7852113
339.2011 2.7754009
343.10254 2.7653344
347.7464 2.7551143
351.86017 2.7472064
355.47986 2.7392335
358.07462 2.7294416
363.08893 2.721951
367.53143 2.7116508
372.2995 2.7023818
377.6262 2.6918514
379.8334 2.6799598
380.79462 2.6691153
381.61618 2.6536353
383.34744 2.6397505
383.99423 2.6279988
385.24948 2.611915
384.91336 2.598233
384.32303 2.5839126
382.3813 2.568713
379.90805 2.5546951
375.49133 2.5436354
373.02582 2.5309758
371.00702 2.5188982
368.40463 2.50596
365.76016 2.4970767
362.04425 2.4871664
358.09616 2.47868
353.6581 2.468844
348.64603 2.4573371
344.40695 2.4472554
341.1302 2.4392304
337.92673 2.4311798
334.18594 2.42151
330.04755 2.4104571
326.1417 2.3996625
322.63242 2.3896463
319.56207 2.3806224
316.1302 2.3702326
311.55307 2.355847
308.196 2.3448865
304.5449 2.3372874
300.71854 2.328826
294.96683 2.318022
292.18063 2.3036711
289.96472 2.2887948
287.7079 2.2669437
284.85794 2.2570248
282.49667 2.241081
282.32004 2.2149045
284.23233 2.193582
286.44193 2.1778102
289.62378 2.164012
292.30634 2.1479893
294.26306 2.1311772
297.42343 2.105324
299.83548 2.0920691
301.82468 2.0744646
304.1196 2.054485
308.0386 2.0372486
310.8247 2.0248432
313.9927 2.0096927
317.14532 1.9943136
318.06113 1.975869
317.67212 1.9566164
317.26633 1.94163
315.4421 1.9299133
314.66272 1.9139389
313.1792 1.9004242
309.4481 1.8847733
307.282 1.873394
305.9203 1.8587937
304.4373 1.8418652
303.3618 1.8288008
299.36407 1.8155149
294.2159 1.8029016
291.34088 1.7906538
288.47882 1.7755959
281.54797 1.7635449
275.25806 1.7550726
268.0537 1.7373697
263.46075 1.7215807
260.93375 1.7042599
257.54102 1.6854492
253.80795 1.6683391
248.37697 1.6497847
241.14384 1.6361458
234.21849 1.6210403
228.81737 1.6091202
225.42125 1.5912848
225.37892 1.564149
224.4997 1.5374242
224.4997 1.5374242
