Finger
22
208.3926 1.5636072
218.50691 1.5156695
231.52463 1.4654682
236.57547 1.4483271
241.27336 1.4332197
247.49481 1.4114437
254.04472 1.392328
258.6365 1.3755476
262.1691 1.3597058
267.68872 1.3526716
275.47806 1.3355981
280.67273 1.3249463
285.2875 1.3196019
290.2687 1.315905
297.43933 1.3092722
304.73117 1.2915305
309.19553 1.2788839
312.53094 1.2680448
315.7085 1.2572398
319.61713 1.2448905
321.7549 1.230583
323.5589 1.2167231
324.86487 1.2044967
325.20654 1.1850902
324.37018 1.1679196
323.57892 1.146903
321.82977 1.1282268
319.40247 1.1132097
316.41623 1.0954064
312.95532 1.0770633
310.09894 1.0619313
305.51874 1.0422564
302.84634 1.0289258
299.66522 1.0151618
296.9676 0.99361074
295.14883 0.97841054
291.4273 0.9593652
288.26376 0.93882823
285.06927 0.9262234
283.36087 0.9093604
281.35852 0.8891398
281.32678 0.8664591
282.1604 0.8429399
283.86844 0.8243371
286.02664 0.8111291
289.3302 0.7991827
292.12738 0.78454417
294.27835 0.7725212
296.7685 0.7556115
300.42203 0.74370325
305.34363 0.72897524
308.4963 0.71988523
313.03296 0.7072469
316.8765 0.69692457
320.11148 0.6884952
324.76117 0.6767711
328.27704 0.66819674
331.628 0.6602459
336.20337 0.6497213
340.16315 0.6409064
345.3886 0.6296676
350.63742 0.6223064
356.31207 0.616921
362.76956 0.60855156
366.8647 0.6007948
370.43704 0.59094906
374.4795 0.5757503
377.4372 0.5659603
379.0659 0.55156815
381.11816 0.5299197
380.09906 0.5134556
380.5323 0.5006912
377.92142 0.48644656
376.70956 0.47016948
375.1435 0.45438161
374.0413 0.43582836
371.45126 0.42060602
369.43506 0.40823364
367.8941 0.3931082
366.05478 0.3790206
364.32217 0.36689514
362.64966 0.35470042
359.04184 0.34246698
354.733 0.33226803
350.33926 0.31855172
346.29428 0.3071501
342.31955 0.29824388
337.67297 0.28198263
331.93643 0.26508966
327.76077 0.2521683
322.88458 0.24322566
316.3247 0.23527819
310.2997 0.22667237
304.40265 0.21726415
299.10715 0.2059156
292.54074 0.18822914
288.4245 0.16727313
287.38248 0.15024795
287.634 0.13473155
288.48105 0.11298432
290.3759 0.09234713
291.7869 0.07812156
294.61063 0.056991413
297.04346 0.033851363
300.89975 0.013458984
305.88126 -0.0047366684
309.6499 -0.019137219
313.30872 -0.03573916
317.03064 -0.051870402
319.94287 -0.072554685
321.26273 -0.08510777
322.47873 -0.09999866
323.36084 -0.11835628
324.84875 -0.13024299
325.5523 -0.14581689
326.29187 -0.16051507
327.08603 -0.174875
327.8978 -0.18837193
327.84634 -0.20323862
326.77362 -0.21712644
323.1146 -0.23512495
318.66394 -0.25501847
314.60342 -0.2649607
310.24792 -0.27463192
305.55902 -0.2832036
300.08444 -0.2919922
295.56097 -0.29659575
289.81815 -0.30533734
284.48395 -0.3158989
279.60068 -0.32819757
274.97726 -0.3453864
271.05737 -0.36247155
265.8467 -0.38212422
261.09882 -0.39043742
256.49365 -0.39783818
253.59665 -0.41122487
250.18082 -0.42105728
246.51993 -0.4371589
243.31755 -0.45591173
239.85616 -0.4734494
235.7069 -0.49208418
231.80045 -0.5060624
231.71512 -0.5337206
234.31712 -0.562199
236.85883 -0.58666956
239.15973 -0.60098886
241.7191 -0.623376
245.27243 -0.6432513
248.61661 -0.65441525
252.79398 -0.66439813
255.46773 -0.67621714
260.67056 -0.6947561
266.4883 -0.71054995
272.12128 -0.72316116
275.77753 -0.73140657
281.20535 -0.74221414
286.54376 -0.75724816
290.8732 -0.76793605
297.19376 -0.7849721
302.52292 -0.7943096
306.2851 -0.8052486
311.3618 -0.820803
314.9994 -0.83150774
317.5085 -0.84291106
321.3427 -0.853494
320.42093 -0.87058306
320.34158 -0.8910848
319.43286 -0.9052215
318.73914 -0.92289376
316.92694 -0.94167584
314.8481 -0.95628893
312.80576 -0.97124094
310.5879 -0.99345446
308.03476 -1.0063062
306.6218 -1.0198194
303.5315 -1.0366195
301.50873 -1.0480719
298.56833 -1.0654262
295.77057 -1.0756388
293.42786 -1.0906316
290.61444 -1.1095647
286.77307 -1.1290723
284.16974 -1.1403548
282.28104 -1.1551664
280.3043 -1.1714461
279.50638 -1.1877191
278.65256 -1.2053014
278.44855 -1.2279694
280.8121 -1.253496
285.45703 -1.274324
288.50397 -1.2875733
292.01465 -1.298178
297.21405 -1.3108083
301.1811 -1.3204218
307.25354 -1.3355199
312.7656 -1.346999
318.4309 -1.3542594
323.02197 -1.3633765
327.52496 -1.3697087
331.03134 -1.3810923
334.96893 -1.3978317
338.5129 -1.4107924
343.81464 -1.4232589
348.2636 -1.4323418
352.0225 -1.4435685
356.36465 -1.4542241
359.90573 -1.4665437
362.57916 -1.4825352
365.1418 -1.4976536
366.75452 -1.509199
367.62784 -1.5205153
370.37866 -1.5364946
370.247 -1.5492144
371.16995 -1.5634865
371.16574 -1.5763365
371.23126 -1.5903842
371.38705 -1.6057637
368.81924 -1.6197475
366.30338 -1.6419556
363.97653 -1.6644179
360.52844 -1.6798347
355.1527 -1.6956633
349.81073 -1.7062157
345.21402 -1.7197393
339.75443 -1.7310675
333.35907 -1.7432618
326.22662 -1.7564373
321.49582 -1.7655116
316.26584 -1.7759194
311.069 -1.7892524
307.53503 -1.7977445
300.7298 -1.8165841
295.43106 -1.8316584
290.44778 -1.846935
286.41373 -1.8727438
283.82684 -1.8903918
280.67377 -1.9016505
277.1876 -1.9173601
274.3285 -1.9336778
271.96002 -1.9587115
272.31366 -1.9760724
272.7391 -1.9977472
273.6621 -2.0203474
275.32315 -2.0344348
275.64865 -2.0510092
277.0289 -2.0697093
279.13733 -2.0833998
282.59702 -2.0977614
284.7301 -2.110498
289.15625 -2.1238582
291.5642 -2.135759
295.21704 -2.1488228
299.0942 -2.1684015
301.69098 -2.1809328
304.47668 -2.1995013
306.7686 -2.2151473
307.12433 -2.238008
308.36633 -2.2585642
306.3099 -2.273879
303.1632 -2.287947
298.75275 -2.30539
293.59152 -2.3213844
289.22955 -2.3355448
286.1992 -2.350651
282.68225 -2.3680754
278.53174 -2.3834567
272.43042 -2.3965352
266.91275 -2.4079797
261.5499 -2.4251876
257.56873 -2.4384668
252.16911 -2.451488
246.34622 -2.4675558
241.67868 -2.483868
236.45343 -2.4988015
233.38931 -2.5165434
228.85858 -2.5291746
224.6342 -2.548475
221.33742 -2.5709481
219.11888 -2.595637
217.14677 -2.6179671
218.41803 -2.6526716
221.21288 -2.6795862
223.07794 -2.703686
224.35144 -2.7344103
227.25157 -2.7611575
231.42914 -2.7868476
235.17711 -2.8052843
240.84543 -2.8266401
246.17567 -2.8388584
250.72821 -2.8507705
256.41873 -2.8553758
260.45053 -2.8599284
264.8403 -2.8647213
271.843 -2.8682187
278.16998 -2.8671346
284.1943 -2.8694499
290.16653 -2.875189
295.96704 -2.8805332
301.55896 -2.8882053
307.31198 -2.8937383
314.39386 -2.905977
318.37753 -2.9243865
320.46225 -2.9421122
320.5105 -2.9576936
321.4405 -2.9771397
321.79602 -2.9899333
321.10855 -3.0046504
320.464 -3.0201144
319.9704 -3.0334833
314.71796 -3.0472803
312.10483 -3.0617733
307.9152 -3.0802522
304.9106 -3.0928147
302.523 -3.1057072
298.3495 -3.1293676
294.64273 3.1329448
289.50595 3.109376
286.06522 3.0872502
282.98804 3.06933
280.49255 3.0519984
276.92316 3.0355313
272.415 3.0189874
267.74036 3.0028758
262.97717 2.976168
261.29767 2.9557981
262.46378 2.9405704
265.65366 2.9165423
269.4939 2.904547
274.3416 2.8937826
280.9412 2.8850431
286.04034 2.87524
292.18997 2.8632505
296.89316 2.8474836
300.34656 2.8328202
303.85254 2.816461
306.6926 2.801619
310.26447 2.788617
315.95096 2.7817485
324.89645 2.7697892
332.76758 2.7589488
338.53036 2.749908
343.23148 2.739778
346.65448 2.731409
349.65256 2.7204525
351.4723 2.7090394
354.25122 2.6974576
356.18857 2.687549
359.74536 2.6738138
363.2402 2.6610274
365.71347 2.6482124
367.62827 2.638612
369.57886 2.6236167
371.57626 2.6142604
374.62756 2.6004376
376.90793 2.585414
379.00787 2.572642
373.81226 2.5560133
369.92197 2.552292
361.09583 2.5492086
357.08826 2.545773
352.14093 2.5423572
347.46652 2.5366318
343.23135 2.5288541
338.98712 2.5200248
335.52197 2.5089195
330.80667 2.487878
328.24734 2.4779868
322.74655 2.459797
319.36124 2.447098
315.54642 2.4369855
311.81195 2.4225073
308.86917 2.408126
305.49725 2.3953922
301.77774 2.3839362
298.93613 2.3702533
296.15726 2.3563302
293.36362 2.3418887
289.76376 2.3290193
287.3473 2.3057468
286.2456 2.2803032
285.2063 2.264569
283.03357 2.2440252
281.616 2.2255602
280.7477 2.2014306
281.37097 2.1787236
283.42154 2.1516156
286.7432 2.130778
290.74554 2.1069226
294.68927 2.0756407
298.95947 2.0526202
302.48145 2.0317547
307.23666 2.009659
310.2277 1.9838947
312.1325 1.9596981
314.71387 1.936603
317.32718 1.919647
316.79745 1.904552
315.45035 1.8920083
313.25717 1.8808838
309.62296 1.8650107
306.3189 1.8516147
301.04297 1.8357475
295.64496 1.8196889
290.10358 1.7997111
284.8902 1.7823929
281.73453 1.7631049
276.0857 1.7479451
269.11218 1.7337208
263.8878 1.722771
259.2678 1.7096275
253.4484 1.6929225
246.82477 1.6717944
240.51666 1.6494066
233.17743 1.6303506
228.09071 1.6145977
225.64641 1.5968776
218.80444 1.5785989
213.88345 1.5684614
213.88345 1.5684614
