Stilus
33
261.35013 1.565064
252.23016 1.5360422
245.20291 1.516773
239.8958 1.5041345
233.58714 1.4927005
228.75246 1.4822323
224.43068 1.479441
219.6643 1.477453
213.76888 1.4795636
206.88556 1.4716691
201.70575 1.4566635
197.06255 1.4514103
191.34653 1.447826
187.19038 1.4397017
183.16624 1.422327
179.31375 1.4021025
173.15604 1.3843936
168.27986 1.366821
164.50056 1.3535563
157.87871 1.3247682
154.25093 1.3121661
150.14996 1.2980331
144.51324 1.2798984
138.95932 1.2679106
132.61191 1.2647874
134.31787 1.2268542
138.38268 1.2065779
147.30553 1.1940209
155.6996 1.1807039
161.27979 1.1673449
165.86763 1.1471448
171.59198 1.1301827
179.39229 1.126137
186.54463 1.1206262
191.96214 1.1155968
199.91031 1.1085649
205.16046 1.1036909
209.96294 1.089901
217.90471 1.0784764
223.65039 1.0719624
231.65616 1.0606253
238.07544 1.055348
243.7275 1.0526832
249.7113 1.0541652
255.40723 1.0445576
261.05084 1.0317807
267.25708 1.0245904
274.74396 1.0192782
282.4153 1.0147532
290.16016 1.0110465
295.3349 1.010071
301.23083 1.0116165
306.82068 0.99799937
312.32614 0.98265487
317.0553 0.9717376
321.72675 0.96288264
326.8582 0.95512015
332.77686 0.9520774
339.2237 0.9520519
346.5434 0.94595355
352.87274 0.9440075
360.06177 0.9378952
363.69513 0.9289758
367.64124 0.91921765
372.66013 0.9092513
376.75043 0.90085673
381.13107 0.8906352
384.27197 0.88059306
387.1687 0.8715808
390.80115 0.85668653
391.86633 0.8352449
391.62366 0.8207991
389.5112 0.8078845
384.65417 0.7957422
380.9304 0.78612137
376.18558 0.77723926
371.67303 0.76481956
367.1756 0.7519697
362.36273 0.74174756
357.75833 0.7308548
351.45013 0.7223779
346.1533 0.718341
339.4263 0.70941055
332.83432 0.7007426
325.54648 0.6884177
318.80225 0.6735057
313.48666 0.6664998
306.54443 0.65866673
301.56918 0.6541982
297.2087 0.6438604
294.09317 0.6324884
288.20984 0.6207953
282.8725 0.612588
277.3632 0.59672517
272.55914 0.5769143
267.8728 0.55817425
263.7789 0.54020804
261.7375 0.5270582
263.55157 0.502548
266.42322 0.4827816
270.80148 0.46553048
274.7855 0.45377687
280.17554 0.44441527
285.80032 0.4350642
291.3075 0.42253155
297.0164 0.41390628
301.2021 0.40419888
307.46494 0.39198282
311.3392 0.37992287
316.01065 0.36554888
321.8087 0.35369223
328.09048 0.3417793
333.37982 0.3345537
337.973 0.32203123
341.85318 0.31670815
347.6656 0.30294794
351.94553 0.29279742
355.72855 0.2804841
359.74423 0.2714987
363.386 0.26367992
370.33557 0.25238433
374.63565 0.24392451
377.84106 0.23365034
382.53262 0.22331557
386.1588 0.21114813
389.98822 0.19539608
397.2465 0.18351795
401.70895 0.17189704
397.60156 0.16097079
389.81238 0.1492535
382.90677 0.13817544
377.55978 0.13214369
371.44705 0.12616944
366.6999 0.11419473
362.2493 0.10439412
357.0126 0.09186329
351.53253 0.08409391
346.2538 0.07445363
341.92603 0.060739942
336.73175 0.04982619
330.59573 0.040966097
325.51227 0.03546218
319.48123 0.030595785
315.42038 0.023919977
311.38113 0.018507158
306.39365 0.018100759
300.42133 0.021787329
295.48862 0.028100781
289.73694 0.029490797
285.35645 0.02644064
279.67978 0.014470178
273.4887 0.0020094465
266.90274 -0.005428418
259.67496 -0.016228886
251.66508 -0.017669374
244.6842 -0.01817354
239.51329 -0.025943834
232.64392 -0.040599477
225.69478 -0.045190826
219.95456 -0.052038956
213.00963 -0.053737234
207.79703 -0.055086587
203.02983 -0.05638139
198.86137 -0.062598564
193.8853 -0.064207345
188.13647 -0.06617212
182.06439 -0.078087196
177.183 -0.08724047
171.44453 -0.09016833
166.54745 -0.097454615
161.46243 -0.10820146
155.7268 -0.123631135
151.91426 -0.13491918
145.98666 -0.14043297
141.45836 -0.15210196
137.40335 -0.16399427
133.7956 -0.21995106
136.95872 -0.26734257
142.6201 -0.28556675
147.32277 -0.29746935
151.7442 -0.3023601
157.5073 -0.3057629
162.44904 -0.30261198
168.43175 -0.30237222
175.31264 -0.30815154
179.88077 -0.31244385
186.04546 -0.31234607
190.98914 -0.30528775
196.63898 -0.3015631
202.81044 -0.31554464
208.30328 -0.334557
212.65355 -0.36005762
218.924 -0.38355994
224.84053 -0.40398175
229.85762 -0.4077715
235.49774 -0.4204738
241.53687 -0.435513
247.2499 -0.4560299
252.59964 -0.47427157
257.62567 -0.4948854
255.06287 -0.5171767
252.39583 -0.532392
247.89668 -0.54894286
243.00531 -0.5613016
238.59547 -0.57296574
235.2377 -0.5822024
231.30757 -0.5934296
226.99301 -0.606307
222.883 -0.6191517
219.54536 -0.6300279
214.17099 -0.63236904
209.2283 -0.64239675
204.25128 -0.64842373
197.65143 -0.6547114
192.29616 -0.6630153
186.51901 -0.6736536
181.51248 -0.6816085
173.53748 -0.68553334
167.64104 -0.687351
162.72304 -0.696305
157.53755 -0.69902366
150.37917 -0.7043289
145.95918 -0.7211985
141.58653 -0.7390956
137.19424 -0.7686783
133.65198 -0.79463905
130.48177 -0.81971115
127.509186 -0.8450272
134.25732 -0.8643723
139.66801 -0.885562
143.58107 -0.8987827
147.59497 -0.9137955
153.32715 -0.93226326
158.96733 -0.9370713
164.78108 -0.94794136
171.80331 -0.9611051
179.1627 -0.9709063
186.62814 -0.9788099
192.62402 -0.9810516
198.34598 -0.9753443
206.55357 -0.9738304
211.01343 -0.97666836
219.30841 -0.9857425
225.39761 -0.99702215
230.56538 -1.0063227
237.39236 -1.012073
241.5143 -1.020283
247.47044 -1.0349904
251.14455 -1.0436544
257.9718 -1.050088
261.9551 -1.0544084
268.9207 -1.0615574
274.48624 -1.0718749
280.92484 -1.0802956
285.32043 -1.0885049
291.88193 -1.0973116
296.8738 -1.1012421
301.81784 -1.1058376
307.3849 -1.1149023
313.46793 -1.1243958
320.56516 -1.1288667
327.95013 -1.1327798
332.9859 -1.1357934
339.22678 -1.1382201
344.28085 -1.1418164
348.89645 -1.1455379
352.93744 -1.1495371
357.15216 -1.1548187
362.87686 -1.161777
367.17383 -1.1690879
371.51877 -1.183147
374.43658 -1.1937829
378.7318 -1.2124419
382.53918 -1.2252103
383.38843 -1.2425712
383.78714 -1.2569753
383.34305 -1.2702878
382.00443 -1.2818099
380.54108 -1.295039
376.56476 -1.3057861
372.6228 -1.3140497
366.5404 -1.323765
361.29016 -1.3364893
356.67508 -1.3473622
353.24524 -1.3600267
349.4393 -1.3701133
344.73227 -1.3791741
337.74344 -1.3932022
332.31656 -1.3993924
325.90738 -1.4053056
319.73285 -1.4116167
313.65457 -1.4278249
308.83356 -1.432917
303.16974 -1.4402989
297.72366 -1.4472495
291.39954 -1.4557235
286.10516 -1.464123
280.93353 -1.4693013
276.58417 -1.4813287
271.05157 -1.4933394
266.01108 -1.5008383
258.82623 -1.5215228
253.61009 -1.5403093
253.25658 -1.5648808
254.27208 -1.5835674
256.35928 -1.6000198
261.22894 -1.6137888
267.71857 -1.6305215
271.72977 -1.6452528
274.82758 -1.6599498
281.4189 -1.6733788
286.92078 -1.6837021
293.1362 -1.69166
298.56396 -1.7025063
303.0887 -1.7095745
309.07025 -1.7183632
313.15152 -1.732159
318.0302 -1.7452079
322.68344 -1.7612095
329.36804 -1.7723075
337.84683 -1.7769724
343.16116 -1.7797002
347.3351 -1.7808082
352.11633 -1.786618
357.45285 -1.7990947
361.17612 -1.8094875
365.2248 -1.8201809
369.106 -1.8293725
371.51993 -1.8409036
373.9604 -1.8529868
376.0371 -1.8714484
374.44748 -1.8910551
372.97266 -1.9043216
368.61765 -1.9177517
363.697 -1.9285051
359.41302 -1.9382039
353.35202 -1.9485774
349.3679 -1.9585588
346.525 -1.9688824
340.72086 -1.979249
334.31528 -1.9875565
330.0426 -1.9932948
325.40735 -1.999708
321.5559 -2.0051923
315.01526 -2.014847
310.0767 -2.018861
303.11862 -2.0225866
295.07614 -2.0282962
289.03497 -2.0347455
283.6854 -2.0442038
278.15683 -2.0544121
273.01755 -2.0560355
266.78918 -2.059885
260.8605 -2.0720203
255.37743 -2.0838225
250.17035 -2.095587
244.80809 -2.1083155
239.15007 -2.1084268
234.25728 -2.1203146
229.156 -2.134006
223.14899 -2.1416588
217.68494 -2.146923
211.80594 -2.1495576
207.18369 -2.1396503
200.81511 -2.1362817
194.98912 -2.1370344
189.77371 -2.1405714
184.30222 -2.1467311
178.18666 -2.1556783
172.09143 -2.1652405
163.70825 -2.173946
157.3788 -2.182579
152.75288 -2.187861
148.70515 -2.2073085
143.92575 -2.2320828
140.70578 -2.250017
136.50806 -2.2655387
138.9075 -2.313023
142.49481 -2.3400757
146.03673 -2.37436
149.11862 -2.3941033
154.54216 -2.4088993
160.83466 -2.4210238
167.9628 -2.427728
174.07101 -2.4399195
180.54439 -2.4501965
186.46898 -2.4624214
191.85774 -2.4668267
196.1266 -2.4744303
201.92802 -2.4788823
207.53584 -2.482404
214.753 -2.4864223
220.2485 -2.4969702
224.8281 -2.5066874
229.07764 -2.5202851
234.40884 -2.5364735
240.17354 -2.5529819
243.92007 -2.5632005
247.71913 -2.5731807
249.59528 -2.5950315
248.76456 -2.6163442
247.59534 -2.6327705
245.74356 -2.6550698
242.95992 -2.6771955
239.65048 -2.690996
233.72032 -2.691829
227.05707 -2.7020922
221.3528 -2.7148082
216.1704 -2.7343433
209.88026 -2.7563498
203.97423 -2.7761905
199.50862 -2.7910745
193.8189 -2.7946749
188.72365 -2.793359
183.14989 -2.799716
177.97295 -2.810203
172.1285 -2.8291552
168.19185 -2.8542988
163.01895 -2.8816674
157.86574 -2.9072123
150.52698 -2.9346683
145.04974 -2.9302592
140.68617 -2.9308689
136.47157 -2.9308572
131.8146 -2.947452
128.27324 -2.979618
127.40682 -3.0122192
132.1271 -3.032095
138.0853 -3.0368373
145.84639 -3.0234413
152.06393 -3.0134354
158.26366 -3.0184817
162.34778 -3.0215938
167.92628 -3.0255985
172.27327 -3.028538
176.85474 -3.031479
182.06357 -3.0346415
186.04405 -3.0369382
192.4754 -3.0560899
197.51387 -3.054442
203.83856 -3.0510266
210.98239 -3.0445888
216.00316 -3.0509648
220.69385 -3.0596132
224.59268 -3.0678089
230.32108 -3.087045
235.29987 -3.0929503
240.65204 -3.1007915
246.74411 -3.1184804
251.96329 -3.1318765
256.68326 -3.1359482
260.93362 -3.13604
265.92892 -3.1399019
271.04938 3.1363046
277.1831 3.1269922
282.97427 3.1219938
287.9559 3.1223328
292.68677 3.1226442
296.95886 3.1195512
304.21338 3.1167912
309.99292 3.1116393
315.31738 3.1049833
320.09854 3.091184
325.4172 3.0822918
329.84232 3.0739772
334.8069 3.0652657
339.36435 3.054476
344.58655 3.0441515
350.06396 3.0316606
354.76727 3.0299666
359.7881 3.0182254
364.72208 3.0095682
369.78952 2.999114
374.08002 2.9858642
379.0647 2.9745777
384.39285 2.9703615
389.1296 2.9606893
395.8982 2.948401
402.8439 2.9410412
407.8729 2.9370337
403.0132 2.935464
398.15112 2.93291
396.95724 2.9199936
393.23083 2.9094203
388.74454 2.904047
383.5095 2.8936923
377.9626 2.8793836
374.03708 2.8696392
370.62204 2.861462
366.75397 2.852747
362.23923 2.8439941
359.0116 2.8353693
356.05133 2.8235276
351.5572 2.8159716
347.59064 2.8060336
342.99683 2.801359
338.0685 2.7961936
331.72665 2.7893062
325.16318 2.7818754
319.56155 2.7752748
314.68796 2.7693267
310.14722 2.7636034
305.971 2.75289
300.4711 2.740903
296.37018 2.7304094
291.78494 2.723547
285.27567 2.7210746
280.71225 2.7137928
276.6003 2.7010217
272.4144 2.6917288
268.9352 2.6750996
266.41742 2.6565742
262.5072 2.6324654
258.8397 2.6223166
257.58923 2.5982034
258.3052 2.577067
260.8645 2.554808
265.03522 2.5448275
270.08844 2.5305982
276.51883 2.5148847
282.94843 2.501746
287.08398 2.4940677
291.1125 2.482914
297.41736 2.4706962
301.83597 2.4642663
307.0209 2.453718
313.1513 2.445012
318.80972 2.438467
325.4008 2.4324307
332.40143 2.429768
339.5318 2.424566
346.5 2.4190981
353.88443 2.40828
359.01248 2.3976781
363.40756 2.3901353
367.0955 2.3779795
371.42914 2.3658686
377.06375 2.3544817
380.6325 2.3415167
383.27307 2.330019
384.42004 2.317736
384.90686 2.3007839
382.81213 2.2847393
380.51434 2.267573
377.23965 2.2550416
374.1354 2.2448056
371.54785 2.236039
368.5697 2.2256708
363.696 2.21262
357.61273 2.2061675
348.75854 2.2018447
341.609 2.1980464
332.2333 2.193551
325.1145 2.1906123
320.73297 2.183746
315.6205 2.1758282
309.52524 2.169919
304.33752 2.162543
296.44742 2.1591802
289.25153 2.159201
281.71063 2.1557791
274.46405 2.143843
267.18692 2.1291656
262.14926 2.1142955
256.987 2.0958018
252.17769 2.0784264
245.8969 2.0625658
238.33467 2.0486863
230.12788 2.0341156
222.11357 2.0220597
214.69711 2.006552
207.41391 1.9964511
199.3667 1.9926819
192.05205 1.9870073
183.8638 1.9770107
175.30846 1.9793183
168.42432 1.9777143
159.59346 1.9556274
151.50955 1.9329368
146.06374 1.9160869
139.07492 1.8979721
133.70654 1.9017373
132.00443 1.868327
138.3846 1.8242309
145.83899 1.8022765
150.70287 1.794676
159.20406 1.7761216
162.97963 1.76505
166.73785 1.7545216
173.281 1.7358116
180.42897 1.7292179
186.78087 1.7129753
193.45747 1.6976206
201.18977 1.6839505
207.27951 1.6757934
211.96918 1.6722735
216.20844 1.6702772
221.7409 1.6587403
227.56459 1.6476773
233.39166 1.6371741
239.37631 1.6355122
245.2592 1.6267856
249.37721 1.617891
252.4675 1.6009358
255.66464 1.5807481
255.66464 1.5807481
