Stilus
25
244.35962 1.5687526
246.55298 1.5309771
247.7437 1.5148988
249.65123 1.4981712
251.41895 1.4787405
252.99106 1.4569614
257.30542 1.4325603
258.50162 1.4144968
260.25977 1.3972379
262.92557 1.3820044
265.10095 1.362075
267.0008 1.3470726
269.65323 1.3219302
270.88016 1.3046911
271.9833 1.2901955
274.0272 1.2653812
276.67596 1.2475309
278.10098 1.2325696
279.4887 1.2187254
281.11453 1.2033058
283.59683 1.1905864
286.26434 1.1769096
292.02234 1.1609764
293.88644 1.1425008
296.11984 1.1262689
296.9583 1.1070881
297.76974 1.0924224
298.9328 1.0715678
300.82373 1.0594549
302.83002 1.0477694
305.12326 1.0348781
302.5648 1.0201938
299.99915 1.0070772
296.12173 0.9887169
293.21545 0.97447807
291.02756 0.95522285
288.59558 0.9396698
288.32706 0.9163826
285.69955 0.89417034
282.78305 0.87360376
279.36273 0.8646822
276.60226 0.84991556
271.26993 0.8339958
268.03262 0.8229829
263.2995 0.8166383
256.86575 0.80639654
252.06674 0.7907679
247.66412 0.77302456
243.83772 0.75680333
240.43483 0.7416954
235.31235 0.728715
230.88051 0.7153577
226.1911 0.70489824
221.5002 0.68676835
216.41364 0.6762312
213.00626 0.6598745
209.10393 0.64343935
202.30054 0.63862306
197.14737 0.62568474
193.92381 0.60682756
188.83327 0.58623767
184.43065 0.5696626
179.0721 0.55094254
171.75218 0.53649837
166.86282 0.5258454
159.85472 0.5094084
155.52191 0.488546
151.47717 0.47123417
148.21352 0.45193592
146.10928 0.42129728
143.36295 0.3947989
140.90549 0.3706711
144.85869 0.33632037
148.38971 0.32058436
154.39943 0.28738198
159.30756 0.26365682
163.47202 0.23942192
168.96295 0.20879415
173.1016 0.19097383
179.34161 0.16123325
184.81975 0.1392331
189.1494 0.120718665
193.40677 0.10896853
198.87329 0.09333814
205.86902 0.07798036
211.47142 0.06880415
217.15163 0.06239058
222.11946 0.06099343
227.09543 0.059655372
233.3677 0.058050174
239.47046 0.0565692
243.99864 0.04830361
248.073 0.031379554
253.96408 0.006982361
259.0866 -0.012877767
263.26962 -0.027371094
269.21426 -0.04538347
275.50885 -0.066061586
279.72202 -0.07586078
285.15076 -0.08402382
291.17722 -0.09353476
296.2156 -0.10211928
300.84604 -0.11390368
306.6117 -0.12876734
310.66418 -0.14021158
315.17636 -0.14955601
319.56235 -0.16719565
325.03168 -0.17442292
330.07553 -0.1824946
336.03055 -0.19211619
341.85098 -0.2029495
346.11044 -0.21586964
349.16324 -0.22865912
351.23758 -0.24115591
352.21524 -0.2521946
353.55643 -0.26651818
354.94366 -0.2804773
356.24908 -0.2929289
357.72372 -0.3063007
359.33917 -0.3202104
360.9868 -0.33369982
362.65317 -0.3467107
364.25278 -0.35866764
366.0352 -0.37143975
367.601 -0.38222614
369.19928 -0.39285472
371.33792 -0.40652767
372.42953 -0.41990998
371.3227 -0.4360345
369.2954 -0.4573297
365.39255 -0.47257647
361.7301 -0.4808724
357.8743 -0.4865018
353.94778 -0.49558467
350.74445 -0.50703454
346.6627 -0.5168993
342.35406 -0.5299073
338.2373 -0.5438366
334.09448 -0.5524108
330.78354 -0.5648017
328.7558 -0.5832685
325.87152 -0.5974214
321.61127 -0.6102481
318.24805 -0.6176574
314.98962 -0.6250253
310.74466 -0.63891697
306.79318 -0.65261227
301.40744 -0.66213214
296.8329 -0.6656137
291.6898 -0.67075723
286.5282 -0.6761594
280.61127 -0.683971
276.2709 -0.69332594
271.6975 -0.70617527
268.4969 -0.7163869
263.992 -0.72626895
260.18924 -0.7393267
256.6665 -0.757258
253.05894 -0.7708205
248.80038 -0.7819063
245.2906 -0.79621756
241.80513 -0.81106037
237.66365 -0.8233801
231.10893 -0.83666205
225.42914 -0.8497128
221.79929 -0.86158764
218.66814 -0.87843996
215.51207 -0.8962918
211.97781 -0.9174237
208.21686 -0.9352936
203.69756 -0.95533115
200.99632 -0.97460145
198.93591 -0.99926054
198.5015 -1.0252281
199.19205 -1.052762
201.69145 -1.0740175
204.92442 -1.1016887
207.77702 -1.1287287
208.79266 -1.1585484
211.2267 -1.1891682
212.57602 -1.2257103
213.07707 -1.2512686
215.06232 -1.2798809
218.36961 -1.2975155
222.68172 -1.3122752
226.80376 -1.3397593
230.08284 -1.3602995
234.11485 -1.3829513
237.44319 -1.4070486
238.69327 -1.4280475
238.1109 -1.4462136
237.5562 -1.4665045
237.00722 -1.4916592
236.66495 -1.5126841
237.3606 -1.542362
241.14662 -1.5599064
245.14145 -1.5804584
248.85384 -1.5988939
249.54323 -1.6188425
249.16461 -1.6429223
248.25021 -1.660286
244.88899 -1.6862048
244.52412 -1.7069625
244.38719 -1.7309033
243.56844 -1.75319
239.63255 -1.7774616
236.32835 -1.7977116
232.42853 -1.8148447
226.9448 -1.8436273
222.97652 -1.8626437
220.4231 -1.886387
219.12875 -1.9148217
216.16885 -1.9406725
212.49174 -1.9728129
208.8199 -1.9920803
204.4267 -2.012513
201.7535 -2.034616
198.86833 -2.06245
200.03142 -2.0834777
201.73473 -2.1080427
203.87582 -2.12542
206.27806 -2.143943
207.50674 -2.1660595
212.00233 -2.184514
214.47672 -2.2007053
217.7578 -2.2210913
219.64061 -2.2396495
222.72136 -2.264012
225.86534 -2.2806027
230.55127 -2.2917273
235.29231 -2.3072734
239.49695 -2.3203318
244.11662 -2.3286119
247.57559 -2.3432631
250.7329 -2.3561013
253.9305 -2.368618
257.1669 -2.3808217
259.76138 -2.3955376
262.98898 -2.4068222
265.74274 -2.4211602
268.89673 -2.4363012
271.63483 -2.4544072
274.93277 -2.4642115
279.3633 -2.472351
284.79587 -2.4829223
290.49057 -2.4828715
294.154 -2.4946063
297.56055 -2.5074022
301.5846 -2.5171816
305.2555 -2.5258205
309.13467 -2.5346713
313.0489 -2.5433273
317.59256 -2.5558434
321.1184 -2.564076
325.50058 -2.5764627
328.97583 -2.586725
334.53757 -2.5969973
338.38977 -2.603878
343.17188 -2.6146932
347.96155 -2.626814
351.66678 -2.6327639
355.7855 -2.6511579
358.38553 -2.6678147
361.95074 -2.6852093
364.99002 -2.698974
368.4597 -2.709414
370.24878 -2.7249615
369.9507 -2.7429936
368.16312 -2.7555861
366.88333 -2.7717211
365.1011 -2.7845232
363.40085 -2.7972832
362.06052 -2.8077602
360.1362 -2.823526
358.60684 -2.8367448
357.4235 -2.8474488
355.73218 -2.8635736
354.20886 -2.8790627
353.18076 -2.8901227
351.91724 -2.904501
350.55627 -2.9211411
349.2957 -2.9378715
346.60715 -2.9510162
339.10522 -2.9660685
333.85953 -2.9796996
330.1079 -2.9905562
327.0567 -3.0069106
323.4487 -3.0209734
317.28122 -3.0320208
311.99054 -3.039843
306.889 -3.0422854
300.6713 -3.0493493
295.269 -3.0646522
288.37076 -3.0731812
283.21097 -3.0790834
278.0899 -3.0851605
272.62878 -3.1023319
268.48776 -3.1203308
263.44672 -3.1415849
258.50177 3.1251245
253.51 3.1197155
248.27605 3.1152284
242.5963 3.1074317
237.62836 3.1056323
232.65825 3.1016996
227.71796 3.095283
222.77332 3.0909579
216.92458 3.0791366
210.99953 3.0726345
206.17166 3.061296
200.96176 3.031735
197.03119 3.0123267
191.51878 2.9973552
187.73276 2.9836552
180.90013 2.9567149
176.24493 2.9365332
172.31357 2.9250572
168.07121 2.9164526
162.31404 2.892473
157.72905 2.881794
153.17232 2.8671074
148.37488 2.8579907
144.53413 2.8357701
141.78804 2.7945147
140.11331 2.7517912
140.5288 2.7220166
143.42662 2.692637
147.12074 2.659268
150.88977 2.6404374
155.44556 2.6237125
160.81554 2.6015432
165.15117 2.5861623
170.07019 2.5702925
175.45438 2.5543344
181.3759 2.5378666
184.62346 2.5220687
190.4211 2.5066433
195.44043 2.4976845
202.5831 2.48962
208.82948 2.4763072
212.71489 2.4607863
217.39499 2.4469047
221.03738 2.4362087
226.91315 2.424345
230.5236 2.4148796
236.3039 2.4096446
240.03818 2.3955517
244.381 2.388394
250.67053 2.3791542
255.5934 2.369641
259.7819 2.3593357
263.15213 2.34653
266.11676 2.3356607
269.7359 2.3228617
272.1078 2.3097613
275.0565 2.2903388
278.9351 2.273517
281.74063 2.2490742
284.6868 2.2296224
287.61157 2.214268
290.6908 2.200911
292.53864 2.1848304
295.91013 2.171646
298.2583 2.1592753
300.03717 2.142331
300.7228 2.1217613
301.7278 2.0988553
301.50504 2.0793855
302.411 2.059142
300.97983 2.0354698
300.3352 2.0215394
302.6932 2.0031872
301.9195 1.9854459
301.2372 1.9632728
298.89685 1.9439032
297.00818 1.9273055
294.4387 1.9101351
291.21313 1.8972329
287.71198 1.8851087
281.81195 1.8659381
276.21207 1.8484108
272.23108 1.827013
269.902 1.807991
268.66434 1.7881162
265.29318 1.7642075
262.3644 1.7459937
261.42993 1.7244924
260.8462 1.7093018
260.29105 1.6930541
259.55878 1.6674168
257.47394 1.6515139
255.0886 1.6298914
253.5932 1.6144073
250.64604 1.5975065
250.64604 1.5975065
