Finger
32
6.5638857 1.4946413
13.327621 1.3215292
19.1486 1.2371712
27.704254 1.1520135
35.651096 1.0721849
41.36023 1.0279562
50.112328 0.9961284
57.24659 0.9724251
62.386673 0.96837795
68.09805 0.9529
75.35468 0.927186
81.574814 0.8921625
88.38855 0.86694807
95.48612 0.85829526
102.87545 0.84945387
111.45822 0.83984554
119.012955 0.82291347
126.18471 0.8083061
130.36494 0.7886127
136.5767 0.78193605
143.26772 0.78094816
148.38283 0.7763488
155.2755 0.7802325
160.7717 0.7902455
167.09909 0.77950263
173.32805 0.77454937
179.47865 0.7700852
185.847 0.76681626
192.59978 0.76380783
199.61359 0.7698839
206.00385 0.7686577
213.40436 0.765936
217.52031 0.757332
225.86774 0.74981534
233.71527 0.7419442
241.14056 0.74182415
246.6802 0.7453479
252.09442 0.7423265
257.63123 0.74249536
263.13358 0.7418111
268.28793 0.7363331
272.87454 0.7316388
277.73886 0.72850275
283.50644 0.7221779
290.87204 0.71714497
295.92365 0.7122564
300.84302 0.7058319
308.11365 0.69958746
312.56467 0.69548464
319.91672 0.6889962
325.48358 0.68191206
332.24908 0.6760259
337.36932 0.6686976
343.0173 0.6602803
348.75613 0.6475645
353.38098 0.63770217
356.77264 0.6306763
363.2527 0.6210905
369.114 0.6130794
372.57864 0.60655236
376.83313 0.595895
379.6235 0.5873962
382.14566 0.57364064
382.8717 0.55472594
380.79807 0.5426572
376.8727 0.5303925
372.6308 0.5161048
366.81216 0.5032207
359.1922 0.4873814
354.5551 0.48071444
346.27237 0.47046527
337.82608 0.4623029
329.4792 0.45209593
325.94168 0.44372812
319.70255 0.43149173
312.78668 0.4196793
306.87668 0.4184615
299.28152 0.41058397
294.81433 0.4097874
288.1419 0.40850392
283.2073 0.4049885
276.66882 0.3955134
270.3305 0.385853
264.39224 0.37051168
260.50574 0.3557451
259.05655 0.3403702
258.61902 0.31453568
262.45212 0.30074415
267.77066 0.28579906
271.8128 0.2776076
275.89273 0.273396
281.92352 0.26740238
288.87656 0.25366074
294.44897 0.24176131
301.49536 0.22919033
305.39502 0.22621243
312.96057 0.21738136
317.46594 0.20866635
322.2156 0.19919907
327.51093 0.1866583
331.88593 0.17498288
337.7374 0.15771596
342.16217 0.14009717
347.27542 0.12645932
351.80756 0.114124626
359.3896 0.102568425
363.31433 0.0979293
371.02402 0.08839994
376.69003 0.08645078
381.37976 0.066991486
379.78247 0.052670486
377.28876 0.037127033
374.26807 0.025796369
368.50732 0.010234336
362.2719 -0.003385252
356.3322 -0.017461736
350.43317 -0.029168306
344.51617 -0.036117353
338.6031 -0.042654958
332.6574 -0.046424557
325.90045 -0.0473878
317.91235 -0.048579432
312.96313 -0.049348287
308.95532 -0.04998897
304.95828 -0.05064473
296.9535 -0.05201114
290.71954 -0.049685903
284.67502 -0.047227576
278.65082 -0.044659633
273.68216 -0.045470975
268.88852 -0.04628219
263.96118 -0.05093676
258.75952 -0.05196162
253.75403 -0.052987553
247.09877 -0.061630234
239.91322 -0.064392455
234.94342 -0.06575651
227.95706 -0.06777483
223.04947 -0.07375964
217.29921 -0.075715184
212.4098 -0.08218097
205.2277 -0.08506379
199.23656 -0.08762818
193.36679 -0.09548512
187.70721 -0.10250546
182.07762 -0.12229001
176.17401 -0.12767808
168.12193 -0.12783408
161.93712 -0.13274476
156.02711 -0.13780434
149.30737 -0.14404868
143.24559 -0.14313854
136.07681 -0.1375988
129.05563 -0.1355221
123.0387 -0.14219345
116.98075 -0.14097796
108.79851 -0.13514742
100.88203 -0.143618
96.91884 -0.14953409
90.821106 -0.14852332
85.5461 -0.14593975
79.34931 -0.13486154
73.48276 -0.12885757
67.21451 -0.09951103
61.894787 -0.08809773
56.064518 -0.07939439
50.043194 -0.06894162
44.74384 -0.054740097
38.950478 -0.03720588
33.689125 -0.013347314
28.968988 0.018971788
22.831089 0.10115231
17.095695 0.20901172
12.978571 0.27683783
8.404611 0.4357153
4.9802 0.7927253
5.9824905 1.7170984
10.885829 2.0728376
15.430098 2.2966232
22.988043 2.354424
30.069675 2.354785
38.70179 2.3502495
44.20969 2.3551607
51.27543 2.3552716
57.624786 2.3430882
63.487434 2.322018
69.19232 2.3043814
74.88836 2.2918262
81.23342 2.2946162
87.42224 2.298964
94.729294 2.2902198
99.621475 2.2739706
104.64687 2.2677553
111.83753 2.2575848
118.56897 2.276678
125.46903 2.292212
132.47717 2.3063617
139.64375 2.3202903
146.14624 2.3278856
154.97818 2.3318439
163.44756 2.3330839
172.61256 2.346612
182.29282 2.3480165
190.98268 2.3418603
197.53505 2.3379004
204.43518 2.3324327
210.45361 2.3264368
216.81018 2.3289523
224.84343 2.336097
231.91214 2.342838
239.15118 2.3513818
246.71605 2.3579295
251.88564 2.361429
259.45624 2.368731
267.25903 2.3762877
274.4056 2.3860765
279.69427 2.3934138
285.85272 2.3997045
291.01007 2.4019752
299.4588 2.412962
303.83267 2.4180787
311.2136 2.4262683
317.7362 2.4315097
324.24475 2.4365456
330.789 2.442448
335.63446 2.4459076
343.68906 2.4541044
350.15317 2.4645102
355.46 2.4728763
359.36008 2.4814231
362.5571 2.4882512
367.90982 2.4993415
373.52957 2.507232
378.3684 2.51661
381.97534 2.5266123
383.16275 2.5426126
383.63272 2.5572155
383.84317 2.5730288
383.4037 2.5877688
380.75204 2.6042385
377.74548 2.61775
372.41647 2.6280222
368.67877 2.6348817
364.69278 2.6434693
360.5542 2.65303
355.7736 2.6618974
351.14294 2.668722
341.0915 2.6760836
335.94684 2.6789467
325.27722 2.689946
314.5907 2.7017574
304.4249 2.7113385
299.40582 2.715673
291.27017 2.7255511
282.74207 2.7353132
277.95135 2.7386973
273.36768 2.7405643
264.7778 2.7472384
258.98102 2.7505736
252.49265 2.7612996
246.31848 2.7720807
242.50095 2.7846498
240.14796 2.7993102
244.96196 2.8272455
248.81544 2.8430202
253.00803 2.8551135
257.3146 2.8670876
261.07745 2.8761249
266.7287 2.8876905
271.5148 2.8970246
277.25107 2.9068015
283.0397 2.911691
288.49866 2.9222186
294.10492 2.930922
299.78342 2.9383752
303.52493 2.944273
309.98785 2.9550045
315.14194 2.958091
320.49802 2.966744
324.62402 2.974445
328.8077 2.980363
332.9839 2.9862776
338.3542 2.9969416
344.16354 3.007493
348.67294 3.0164618
353.06827 3.0287468
356.4118 3.0458302
358.08505 3.0577753
359.852 3.0702689
360.55154 3.088838
360.28458 3.105501
359.16385 3.1165447
357.0857 3.128203
351.52417 -3.1409724
346.33102 -3.129441
339.65994 -3.1174457
332.82132 -3.1049778
327.88385 -3.0982833
320.12003 -3.0847569
316.2345 -3.0776966
307.6097 -3.0629716
302.9191 -3.058369
298.01672 -3.0536168
293.1089 -3.051301
287.83774 -3.049643
282.86136 -3.0480206
274.9182 -3.0453088
266.95444 -3.042427
259.0343 -3.0393846
255.05264 -3.0377834
250.05273 -3.0356998
245.33792 -3.0366693
241.05376 -3.0359004
235.13907 -3.040728
230.03174 -3.0424178
224.04842 -3.0413013
214.70947 -3.0451581
206.64894 -3.047406
200.59053 -3.0483818
193.55646 -3.0501208
185.57478 -3.047495
181.58516 -3.0454211
173.55017 -3.0467393
166.44766 -3.0532148
158.47069 -3.0503533
154.4853 -3.0479927
150.498 -3.0455053
145.76505 -3.042375
140.79802 -3.038863
136.5794 -3.0356781
132.60101 -3.0324879
125.68256 -3.0264559
121.707825 -3.0226784
113.03637 -3.0135076
108.06274 -3.0075777
103.136925 -3.0011356
98.80769 -3.0027096
88.77855 -3.0010026
81.87422 -2.9890578
77.89312 -2.9811957
70.47719 -2.9893193
63.77406 -2.9771204
58.692173 -2.9800065
54.369976 -2.9670339
49.817627 -2.971284
44.330933 -2.9701748
39.101997 -2.9760132
33.898415 -2.9802446
28.804827 -3.01747
23.84226 -3.038734
17.5381 -3.0588868
12.807132 -3.0282214
6.8880196 -2.929666
0.45044908 -1.5110737
6.9962454 -0.06431394
12.963275 -0.0346931
19.032639 -0.063513026
27.1688 -0.11820371
35.692513 -0.20300187
40.046383 -0.2319139
48.48569 -0.2540282
52.89519 -0.2717463
58.19142 -0.28161478
63.602604 -0.2901424
72.98075 -0.29403996
78.13013 -0.28792924
83.47425 -0.29386836
92.31835 -0.3102877
96.75008 -0.31737256
105.92308 -0.338644
111.5343 -0.34705335
116.989456 -0.3505398
126.24829 -0.3659957
135.88426 -0.38615385
144.55789 -0.40487626
152.75598 -0.4262694
163.0882 -0.44996634
173.30037 -0.46616203
177.81747 -0.4787243
188.16162 -0.4921805
197.85782 -0.49012232
203.4357 -0.48667926
209.45526 -0.4822535
214.08545 -0.48136762
221.75908 -0.47982854
229.7563 -0.48017162
236.76537 -0.4801488
244.48273 -0.4810155
250.5293 -0.4819695
258.80493 -0.4948243
265.598 -0.49902278
273.54434 -0.50822926
281.86398 -0.5192224
290.18793 -0.5276247
297.60864 -0.53550905
302.245 -0.54360235
307.11972 -0.54452276
314.53195 -0.54514945
322.9724 -0.5538011
328.57013 -0.56832635
335.30426 -0.5775714
342.9237 -0.5901835
347.76242 -0.59938663
354.8842 -0.6049473
363.52817 -0.6151786
366.87088 -0.622159
371.93024 -0.63637847
375.0969 -0.64382184
379.1989 -0.65758455
376.6845 -0.67379814
374.23007 -0.6859524
371.13602 -0.6935785
365.45392 -0.69940734
361.7243 -0.70448244
357.12186 -0.7117873
351.62048 -0.7187026
346.32904 -0.72734404
342.83044 -0.7334925
335.52313 -0.74823403
331.90512 -0.75522804
328.30353 -0.7613657
320.51843 -0.77174646
311.28366 -0.7781755
302.82025 -0.7872756
298.5706 -0.79205084
293.09894 -0.7964186
288.73114 -0.8020377
281.527 -0.808091
274.6535 -0.81318915
269.58835 -0.81694925
263.9495 -0.8229744
257.7144 -0.8321087
252.21834 -0.84434074
247.33939 -0.8591287
244.66551 -0.87189555
240.36093 -0.8819055
237.5138 -0.8949651
236.52325 -0.91651005
239.43613 -0.9434285
242.75717 -0.95949817
245.3406 -0.9804644
250.53073 -1.0001493
253.49843 -1.011277
261.03873 -1.0302483
265.34235 -1.0399544
273.76825 -1.0579284
279.54507 -1.0654494
285.25043 -1.0725003
291.6385 -1.0805019
297.70026 -1.0875545
303.37473 -1.0936418
309.1947 -1.0997275
315.0091 -1.1055615
320.87012 -1.11124
325.83392 -1.1161786
334.98605 -1.1286932
342.63077 -1.1360168
349.18726 -1.1447195
352.9421 -1.1495429
357.15216 -1.1548187
361.2127 -1.1711508
361.47687 -1.1870648
359.35883 -1.2019373
356.57236 -1.2145892
352.1734 -1.2247372
346.23358 -1.2396092
340.8362 -1.2496678
333.99423 -1.264191
327.38388 -1.2776711
319.92783 -1.2902055
312.53717 -1.3033127
304.46936 -1.3163811
299.8371 -1.3227087
290.9642 -1.3318019
285.66916 -1.3379972
280.7989 -1.3450283
275.04776 -1.3551222
269.75143 -1.3621725
264.20358 -1.3701638
259.47583 -1.3782507
254.18504 -1.38221
245.76419 -1.3881009
236.71391 -1.3862132
231.82664 -1.3866596
227.5094 -1.3875908
222.4693 -1.3869519
217.3493 -1.3873013
210.25168 -1.3868759
202.0724 -1.3883367
196.95044 -1.3897861
191.7154 -1.3942342
185.9578 -1.3939782
181.6528 -1.391142
173.47655 -1.3930374
165.38051 -1.3916864
159.55904 -1.3914421
154.29436 -1.397009
148.25645 -1.3966117
142.99791 -1.4043101
137.86232 -1.4054979
131.90897 -1.3996019
124.251465 -1.3889371
117.01483 -1.3844236
110.1157 -1.3745332
103.05161 -1.3707842
95.46997 -1.354658
87.727844 -1.3352382
80.45848 -1.323645
74.43909 -1.3169142
69.83709 -1.3295112
64.52953 -1.3410097
59.66347 -1.3390372
54.739155 -1.3219186
49.652504 -1.3166331
43.6679 -1.299476
38.84531 -1.2706324
34.50287 -1.2619675
28.279013 -1.2286397
22.036495 -1.2137029
16.019398 -1.1535426
10.242138 -1.0047172
4.39541 -0.65130657
3.577013 0.71143574
7.5203123 1.3398314
14.11527 1.5910819
20.39704 1.7329723
26.843985 1.8068225
33.453144 1.8583679
39.953056 1.9362065
46.63298 1.9992881
53.424202 2.021296
57.74358 2.0083883
65.34338 2.0046034
70.72627 2.0004766
76.42803 2.0064514
81.36816 1.9915785
89.19834 2.0014489
98.117424 2.0044322
107.48381 2.0153458
116.794426 2.0229366
123.76323 2.0423498
130.71829 2.0494637
137.43503 2.0487206
144.31395 2.0473626
151.82744 2.0456238
158.53036 2.04514
164.87195 2.051134
172.37761 2.0494912
179.44266 2.0528033
187.99149 2.0482879
196.40286 2.0421033
201.51585 2.0458715
207.14659 2.048166
213.36476 2.0435731
221.5149 2.0360157
229.5617 2.028172
236.81969 2.0215006
243.4464 2.013868
251.12096 2.0037918
259.1222 1.9970983
262.86447 1.9915466
270.5753 1.9828553
274.4421 1.9767051
282.3095 1.9716358
290.05966 1.9640511
297.9066 1.9575282
305.34296 1.94763
311.8501 1.9393857
319.30786 1.9303802
327.06235 1.9240195
335.01035 1.9191532
340.6616 1.913135
347.76984 1.908903
353.4306 1.9032769
358.1115 1.898767
361.63507 1.892541
365.15698 1.885011
369.96933 1.8822043
373.41956 1.8750238
377.62067 1.8701484
381.47433 1.864296
383.78793 1.8468084
381.7393 1.8271798
378.05457 1.8079323
375.18158 1.7988092
371.1172 1.7869945
366.58423 1.7709011
362.6956 1.7561435
359.508 1.7380766
356.55304 1.7218431
351.87912 1.7095265
345.4795 1.6975077
338.70746 1.6851814
331.64383 1.6785576
323.28485 1.6689346
318.33792 1.6641637
313.87878 1.655916
305.7008 1.6509256
299.30777 1.6432862
292.18036 1.624551
286.8201 1.6150786
281.53418 1.6088667
276.9205 1.6050661
271.64984 1.5983744
264.81738 1.5915409
260.56125 1.5773479
259.35843 1.5615686
260.51944 1.5343682
263.57245 1.5128427
266.8962 1.494818
271.39938 1.482361
276.2614 1.4719784
282.85413 1.4600793
289.16107 1.4520497
294.56012 1.4474343
300.47064 1.4398241
307.9447 1.4299252
316.42996 1.420975
324.16684 1.4120972
331.1386 1.3995502
338.74677 1.3838079
344.66638 1.3746127
350.3645 1.3661957
355.1211 1.3574344
360.8584 1.349551
365.63318 1.339041
369.95905 1.3273702
372.6582 1.3175099
377.0956 1.3041172
377.90247 1.2915726
374.5716 1.269533
370.06497 1.2543924
365.06027 1.2435223
360.79608 1.2336466
356.89157 1.2244816
351.36884 1.2097064
342.884 1.2019929
338.01358 1.1972561
329.92487 1.1934851
323.3513 1.186094
314.31046 1.1744202
308.81525 1.1669611
302.89972 1.1621965
297.9824 1.1579566
290.92267 1.1518302
282.4636 1.1493353
277.52142 1.1452512
273.44727 1.1425467
268.50888 1.1382009
263.4654 1.134399
255.67844 1.133125
247.3614 1.1307638
241.3626 1.1272496
234.4163 1.122556
227.94435 1.1186352
222.21513 1.120081
216.96542 1.1193326
211.09254 1.1217349
204.69354 1.1177278
197.15611 1.1149187
190.49652 1.1151559
184.48088 1.1173443
179.62549 1.1170119
173.9723 1.1145228
167.57533 1.109349
160.58672 1.1016285
154.20697 1.0950638
147.9312 1.0884696
142.18285 1.0895996
136.41899 1.0920783
129.6916 1.0913117
123.01258 1.0904189
116.28239 1.0894707
110.29716 1.0917174
104.90068 1.0883855
96.79959 1.0914146
87.93046 1.0898088
79.622765 1.0925077
72.037865 1.0847363
65.01666 1.0657058
57.77458 1.0713277
50.97642 1.0701251
44.08146 1.082506
39.474487 1.0769472
32.665775 1.0738261
26.258427 1.031562
20.218185 1.0707309
13.77806 1.1607116
8.770438 1.160839
5.1277556 0.8207006
3.5244365 -0.1279282
6.0424385 -0.95389044
10.351725 -1.3271891
16.313442 -1.4788321
22.04356 -1.5481397
30.833755 -1.5545994
35.00753 -1.5565306
40.021122 -1.5583179
45.02462 -1.5597047
49.98022 -1.5408173
54.029625 -1.5430647
58.229237 -1.5450652
65.01335 -1.5755078
72.03285 -1.5915954
79.06716 -1.6125557
86.30686 -1.6228944
91.450714 -1.6308991
97.22413 -1.6457387
104.48122 -1.669437
110.356285 -1.6750628
116.51286 -1.685035
122.692955 -1.6956211
127.93916 -1.7063023
133.96275 -1.7075709
141.89359 -1.7084863
149.99756 -1.7130157
157.16037 -1.7142751
163.46483 -1.7196789
171.50468 -1.7245071
179.75768 -1.7287031
187.89073 -1.7324762
194.40596 -1.7375244
199.6239 -1.7432044
205.88425 -1.7477735
212.98999 -1.7514185
221.92734 -1.753141
233.06374 -1.7565366
245.42056 -1.7595226
257.89893 -1.7659875
269.49112 -1.7726332
280.22003 -1.7792633
289.81055 -1.7836813
297.61575 -1.7910436
304.34543 -1.7968359
310.10318 -1.8025033
315.65704 -1.8081058
323.4346 -1.8150504
331.68127 -1.8274715
338.24634 -1.8407075
344.6521 -1.8512015
350.88623 -1.8632773
358.14664 -1.8723383
361.6887 -1.8832084
363.2859 -1.8965454
364.27652 -1.9127787
362.65582 -1.9372697
359.3595 -1.9533167
355.1988 -1.9677644
349.5326 -1.9807929
345.5316 -1.9915528
338.93964 -2.0041358
334.7529 -2.0125659
330.31885 -2.0195982
326.2724 -2.0289898
319.10968 -2.0400906
313.6616 -2.042427
306.63803 -2.0534565
299.9997 -2.061309
292.57626 -2.0717475
288.58176 -2.075365
282.93906 -2.0856683
276.0413 -2.0915015
270.8575 -2.1025124
267.4118 -2.1101089
263.75287 -2.1219287
260.2816 -2.1311097
256.5999 -2.1447651
253.79124 -2.156653
252.4283 -2.1823604
253.26004 -2.2150416
255.32878 -2.238602
258.10886 -2.2532873
262.00925 -2.2714016
267.54074 -2.2842343
273.9132 -2.291573
278.4894 -2.2977147
287.40045 -2.306414
293.20236 -2.312477
298.71286 -2.3182333
305.28864 -2.3236766
309.80786 -2.3321311
315.78705 -2.3359385
320.42548 -2.3442242
326.7661 -2.3552816
331.79004 -2.3622696
335.87387 -2.3676329
341.67917 -2.3780522
347.9326 -2.3840914
353.08466 -2.3893244
356.9348 -2.4024446
360.7427 -2.4164379
363.56824 -2.4284122
366.9748 -2.4385498
367.89252 -2.4576268
367.0675 -2.472651
364.02405 -2.4841223
360.4942 -2.496911
356.60605 -2.506818
351.51712 -2.5130599
345.23853 -2.5184174
337.2156 -2.5261648
328.52933 -2.5372806
319.88852 -2.5489938
312.05374 -2.5520031
304.28052 -2.5547106
295.8313 -2.5673282
287.33044 -2.5812325
277.30978 -2.5926423
267.81097 -2.5935695
259.75433 -2.5926785
251.29643 -2.608425
242.97461 -2.626305
234.91194 -2.6370416
229.95903 -2.6400535
224.999 -2.6431963
216.85867 -2.644734
210.08914 -2.642468
202.69481 -2.6393917
196.2107 -2.6445415
187.94743 -2.6497567
178.4428 -2.654218
170.20116 -2.6683476
162.3176 -2.6711512
156.7957 -2.681786
150.01149 -2.683074
142.22182 -2.6702178
134.5878 -2.6510878
128.7796 -2.6340685
121.362625 -2.6284027
113.829506 -2.621202
104.889824 -2.6163762
95.60063 -2.6179292
86.950356 -2.6294339
78.22536 -2.640158
69.49016 -2.6365943
64.22674 -2.626253
60.201084 -2.607933
52.76947 -2.550038
46.022095 -2.4981506
38.68823 -2.451782
28.972885 -2.4793975
18.38127 -2.512238
8.178546 -2.7894895
4.9714513 2.1388762
9.594255 1.3475391
13.75875 0.9950908
13.75875 0.9950908
