Mouse
27
296.43805 1.4753098
296.84613 1.461896
297.30746 1.4485211
295.8403 1.4342762
295.42242 1.4204011
294.07507 1.4059331
293.77386 1.3919427
293.53027 1.3779265
293.34442 1.3638896
293.21643 1.3498377
293.38086 1.3324614
293.38242 1.3184075
294.40677 1.3052509
294.52042 1.291254
295.64908 1.2782493
295.8738 1.2643293
296.15576 1.2504331
296.49478 1.236566
295.35617 1.2172408
294.32867 1.1977735
293.03232 1.1813301
293.65433 1.1674353
292.00308 1.146308
291.8622 1.1309963
291.78983 1.1156735
292.698 1.094256
294.14377 1.0775911
295.67044 1.0610938
297.64258 1.0493628
297.93433 1.0343769
298.29285 1.0194235
299.56226 1.0063003
298.37384 0.9878011
297.28833 0.96916026
297.12106 0.952346
296.82965 0.9308068
296.85422 0.91396284
296.1821 0.8950201
296.38556 0.8781582
295.9152 0.85912275
294.88586 0.8425589
295.2975 0.8209046
296.59125 0.80643916
297.94037 0.78735584
298.6788 0.7707783
299.49893 0.75428706
298.98743 0.7376657
298.5588 0.720992
298.2134 0.7042751
297.17938 0.6896594
296.99066 0.672841
297.6791 0.65395695
297.66882 0.6371599
296.9294 0.6223242
297.90012 0.60358596
298.1415 0.586828
298.46646 0.5701018
298.02448 0.55518025
298.50705 0.5384947
297.7073 0.52063024
296.52255 0.4997201
296.81702 0.48009014
297.22556 0.46050665
296.84375 0.44242227
296.06256 0.42876595
297.16815 0.41232616
297.0456 0.39420527
297.38934 0.37920296
297.7999 0.36423868
299.21674 0.34817505
299.76492 0.33335507
300.3787 0.3185924
299.80496 0.30170855
299.59946 0.2879682
298.91522 0.26777065
298.84967 0.2539772
297.8698 0.24097894
298.66638 0.22312252
298.7849 0.2093258
298.9603 0.19554265
298.20892 0.18238448
298.329 0.16529365
297.54718 0.14871787
296.98083 0.13539726
297.46 0.12161892
296.8949 0.10490156
297.40918 0.08782922
298.08228 0.07416714
298.81076 0.06056914
299.5942 0.04703977
299.43277 0.03369556
299.32474 0.020339336
299.2701 0.00697585
298.26895 -0.006411551
297.34317 -0.023249151
297.46304 -0.03669297
296.68985 -0.053658705
296.00247 -0.07070816
296.31192 -0.08417413
295.67978 -0.097939156
295.21707 -0.115126744
295.83316 -0.13191707
295.3964 -0.14578627
296.0039 -0.15915665
296.66415 -0.1724699
296.39398 -0.18634468
297.16107 -0.19957276
297.97986 -0.21273042
297.87543 -0.22656538
298.79938 -0.23961054
298.8057 -0.2534094
298.8689 -0.26720503
299.94986 -0.2800677
301.08008 -0.29283592
300.3522 -0.3075094
300.95523 -0.32435036
300.70105 -0.34223178
301.12936 -0.35585964
299.74927 -0.37185562
300.29883 -0.3854757
299.06207 -0.40164188
296.99042 -0.41930464
297.24802 -0.43740872
297.1643 -0.4524535
296.25555 -0.4690245
296.31335 -0.48411745
295.56104 -0.50082076
295.76102 -0.51593167
295.16656 -0.5327344
294.65576 -0.5496002
294.22906 -0.5665197
294.72186 -0.58161414
294.45493 -0.59856296
294.85126 -0.61830676
296.16605 -0.6359789
296.17062 -0.65286136
297.04428 -0.6676487
295.80005 -0.6839861
294.63544 -0.70045716
292.24094 -0.71189594
291.2132 -0.7286695
291.62845 -0.7505958
291.48645 -0.7699922
292.16498 -0.7918107
293.7094 -0.8158567
296.02075 -0.8323524
297.00003 -0.8488889
296.65027 -0.86569273
295.6128 -0.8803827
294.63956 -0.895173
293.7312 -0.9100581
294.69394 -0.9338687
295.8226 -0.957511
296.28482 -0.9790833
296.58566 -0.99592
297.81915 -1.014496
297.43872 -1.0294676
297.12515 -1.0444741
296.00687 -1.057856
295.82022 -1.0729558
296.58722 -1.0896366
296.54263 -1.1047157
296.56546 -1.119796
297.56253 -1.1362896
297.72638 -1.1513047
297.95728 -1.1662999
299.18042 -1.1825379
299.55045 -1.1974256
300.9233 -1.2134392
301.43057 -1.2281924
301.05664 -1.2418231
300.7388 -1.2554852
300.18164 -1.2723544
299.02997 -1.28514
297.6597 -1.3012577
296.6196 -1.3142565
295.62997 -1.3273445
295.43915 -1.3445861
294.35803 -1.3611403
293.55164 -1.3744686
292.79764 -1.3878678
292.91577 -1.4052746
293.27182 -1.4192897
295.6666 -1.4341955
297.13345 -1.4484491
298.66006 -1.4625599
301.24112 -1.4768369
301.88895 -1.4903395
303.5242 -1.5072898
305.29413 -1.5207816
307.0839 -1.5373698
306.97626 -1.5503932
306.9207 -1.5634236
305.91727 -1.5764749
302.01147 -1.596418
300.1827 -1.6132405
300.4364 -1.6298687
300.69907 -1.6431483
300.01834 -1.6566873
300.3879 -1.6699547
300.924 -1.6864893
301.41196 -1.6996719
301.9521 -1.7128094
302.54416 -1.725898
302.20197 -1.7394869
302.8992 -1.7525055
302.66647 -1.7661012
302.48978 -1.7797154
302.36923 -1.793343
301.3327 -1.8077555
301.32785 -1.8214386
301.3794 -1.8351195
301.48734 -1.8487933
299.7366 -1.8643733
299.31714 -1.8822979
298.6721 -1.8970988
298.42877 -1.9151183
298.86584 -1.9288466
298.4276 -1.9437493
298.43555 -1.9617944
297.22583 -1.978084
297.9199 -1.9917421
298.66928 -2.0053344
300.37515 -2.0174136
300.33228 -2.0323026
302.1347 -2.044157
301.3284 -2.0605114
301.47812 -2.075341
299.9594 -2.0934618
299.0564 -2.1146274
299.44778 -2.1295145
299.90533 -2.1443596
300.98495 -2.1619198
300.76465 -2.178522
300.62732 -2.1951442
300.57315 -2.2117767
301.21442 -2.2310383
302.11978 -2.245556
302.31735 -2.2620878
303.35794 -2.27645
302.29813 -2.292586
301.99133 -2.3112812
300.41705 -2.3251784
300.29486 -2.3440082
299.56824 -2.3605018
298.9235 -2.3770711
298.36115 -2.3937078
298.62683 -2.4126384
299.65213 -2.428998
299.3485 -2.4456618
299.90686 -2.4644494
298.99127 -2.4790678
298.13992 -2.4937727
298.16028 -2.5105429
297.4478 -2.5253685
297.62613 -2.5421624
297.0538 -2.5570796
298.2341 -2.575667
297.8107 -2.5906057
298.31418 -2.6072958
298.03186 -2.6222644
297.81647 -2.637258
297.6681 -2.65227
298.0228 -2.6718113
296.69168 -2.6883647
295.02112 -2.7081344
294.27646 -2.7218976
294.50687 -2.7370687
293.50067 -2.7540712
292.94336 -2.7680037
292.09274 -2.7851913
292.27213 -2.803612
292.86627 -2.8187625
293.52734 -2.833848
294.2549 -2.8488624
297.2463 -2.8624094
297.13388 -2.876278
296.83142 -2.8934174
296.61633 -2.9105866
296.48877 -2.9277759
295.66586 -2.940997
294.8949 -2.9542894
295.1613 -2.9682357
296.3157 -2.9860218
296.57266 -3.0032008
297.0396 -3.017003
297.454 -3.0341008
297.95508 -3.0511458
298.54242 -3.0681288
299.2737 -3.0817041
299.06097 -3.0950558
299.90103 -3.1085346
299.79547 -3.12187
299.7433 -3.1352127
299.74445 3.1346278
299.82095 3.117951
299.9808 3.1012871
300.22385 3.0846455
300.47806 3.0713546
300.78525 3.0580885
301.14526 3.0448518
300.56396 3.0312839
300.0382 3.0176659
299.56827 3.0040028
299.15445 2.9902992
298.96283 2.9732609
297.69202 2.9588878
298.44467 2.9457078
298.27078 2.9319007
298.37704 2.9148118
297.60007 2.896929
296.9187 2.8789582
296.05823 2.8641562
296.22067 2.8502443
295.48682 2.8353329
295.76794 2.8214183
296.4356 2.8043458
296.8439 2.7905147
297.3088 2.776724
297.83008 2.7629793
299.71426 2.7474775
300.35455 2.7339022
300.13766 2.7190247
299.98727 2.704129
299.00443 2.6877596
296.75793 2.6727638
295.04587 2.6545427
294.30826 2.6377604
293.65393 2.6208985
295.31345 2.6045258
295.67514 2.5894408
298.32812 2.575171
299.65628 2.562116
300.206 2.5473182
299.18295 2.5287538
297.67444 2.51278
296.84488 2.4939554
297.52533 2.4744685
297.54547 2.4529476
298.46234 2.433624
299.48993 2.4144258
299.94916 2.3978138
300.49088 2.3812573
299.70053 2.3648052
298.27985 2.3506224
298.36496 2.3316622
297.08603 2.3172681
296.61377 2.3005
295.46945 2.285896
295.1539 2.2689984
294.9228 2.2520695
293.98962 2.2372158
292.32718 2.2243452
292.3197 2.2072406
292.39774 2.1901402
292.56122 2.173054
292.81 2.1559916
294.525 2.1399982
294.9383 2.1230915
295.43567 2.106237
296.01666 2.0894437
295.8045 2.0743475
297.89526 2.059047
298.70926 2.0425088
298.267 2.024528
297.92142 2.0064998
298.58722 1.987077
298.83237 1.9721278
298.21814 1.9584702
298.59088 1.9435354
297.15756 1.9309986
296.7118 1.9171942
295.37772 1.9044563
295.04114 1.8905361
294.76187 1.8765868
295.21268 1.858395
295.06577 1.8444338
295.68866 1.8263243
295.67392 1.81238
295.71667 1.7984368
296.5844 1.7804903
296.75848 1.7666047
296.98972 1.752738
297.27792 1.7388955
298.4596 1.721257
298.87692 1.7075227
298.35803 1.6942408
298.88593 1.6805472
298.47427 1.667226
299.1123 1.6535928
299.7382 1.636692
300.5 1.6231903
300.31708 1.6098889
300.18738 1.5965737
300.11093 1.5832493
300.08777 1.5699205
300.11792 1.556592
300.2014 1.5432686
299.33893 1.5298185
299.52945 1.5164751
297.77786 1.502697
296.08344 1.4887584
296.08344 1.4887584
