Mouse
31
2.0586054 -1.7948695
2.0446825 1.7964216
6.0102906 1.6469774
10.003324 1.6165398
14.000334 1.6034747
18.001038 1.5406506
22.04689 1.5007713
26.116917 1.4732884
30.201347 1.4532272
34.441753 1.4091675
38.552074 1.4002635
42.664864 1.3930757
46.77947 1.3871521
52.071274 1.3669227
56.63582 1.3293402
60.7589 1.3291012
65.38992 1.2991929
70.745605 1.2909195
75.82845 1.2964597
80.225105 1.2859693
84.925064 1.2653006
89.657486 1.2468066
94.417496 1.2301722
98.522545 1.2341688
103.299995 1.2195467
107.74508 1.2148913
112.912735 1.1940279
117.59536 1.163873
122.4617 1.1543034
127.75426 1.138336
131.80736 1.1441664
136.69447 1.1362956
141.16476 1.1353723
147.3932 1.1250746
152.2989 1.1186236
156.76178 1.1040326
161.23389 1.1041191
166.15826 1.0988258
170.63025 1.0990438
175.602 1.0814434
181.02028 1.0723264
184.70694 1.0584819
189.66512 1.0550334
194.62543 1.0517608
199.09085 1.0530043
204.55183 1.0456916
210.02318 1.0387596
215.5041 1.0321798
219.28596 1.0211995
223.94113 1.0129654
229.4557 1.0074035
234.13504 0.99980253
238.82738 0.9924999
242.69904 0.98320276
246.59103 0.9741983
251.89388 0.9644688
256.40384 0.952889
261.7562 0.94395894
266.53632 0.938407
269.7201 0.928636
274.3307 0.91840667
277.56558 0.90914226
281.60782 0.9022991
285.5107 0.89072675
290.22192 0.88166475
294.19073 0.87070864
299.6042 0.8596934
302.98184 0.85184497
307.043 0.84173584
311.1347 0.8318916
315.31116 0.8267859
318.76395 0.8196778
322.23248 0.8127224
325.7163 0.8059154
330.62894 0.79919356
334.85492 0.7947958
338.37723 0.7884288
344.03723 0.7801576
349.00433 0.77415377
353.28946 0.7662832
356.8708 0.76052946
360.4637 0.75489014
364.06787 0.74936235
367.00647 0.7419382
369.965 0.7346324
372.94293 0.72744286
375.93985 0.7203676
378.95532 0.7134046
381.34036 0.7045573
383.7549 0.6958206
386.3396 0.683551
388.19925 0.6730488
390.10132 0.6626479
391.63184 0.6467407
393.63928 0.6365625
395.68707 0.6264887
397.1972 0.6144654
398.76437 0.60253495
400.38782 0.59069955
402.0669 0.5789614
402.4203 0.5665621
402.83545 0.5541865
403.3122 0.5418383
402.48227 0.52863175
401.7228 0.515373
400.15793 0.50326896
400.00574 0.49209732
399.0172 0.4820779
398.50717 0.4686338
397.17142 0.45626453
396.3272 0.4460924
396.43094 0.4348129
394.76266 0.42562297
393.128 0.4163558
391.52734 0.40701208
389.96118 0.39759246
388.05258 0.3857124
386.19928 0.3737166
383.82266 0.3649655
381.47583 0.35610604
379.1593 0.3471376
375.93042 0.33894187
372.7272 0.33060473
367.33673 0.321265
363.88348 0.30996266
359.818 0.30191875
355.77634 0.29369155
351.75928 0.28527585
348.7298 0.27588308
344.767 0.26708993
340.83145 0.258093
336.92416 0.24888663
333.04608 0.23946506
328.9719 0.22686249
325.16504 0.21695124
320.61972 0.21049912
316.8672 0.20013225
310.99753 0.18757166
306.51614 0.18038933
302.86624 0.16917339
297.12387 0.15541847
291.5823 0.14451973
286.0767 0.1332001
281.72427 0.124531224
277.3937 0.115591
272.09167 0.106758155
266.911 0.101303734
262.83105 0.099057615
257.48358 0.08551881
252.33588 0.07931427
248.19565 0.072558306
241.07367 0.06638889
234.95964 0.05958957
230.90843 0.05629818
226.85982 0.052889276
222.81395 0.04935653
217.77199 0.045902915
213.73187 0.042087846
207.69646 0.038492873
203.69948 0.03924856
196.63396 0.030481955
191.60767 0.02606067
185.58556 0.021516582
181.55354 0.010976921
176.55385 0.011287781
172.55411 0.011549439
168.54553 0.00589078
161.55507 -0.012424202
157.59355 -0.025429802
153.70241 -0.045604818
148.81543 -0.0605626
144.8886 -0.06912286
139.97604 -0.07871716
135.07732 -0.08900835
130.29767 -0.107709214
124.450745 -0.12088116
119.61846 -0.13422096
115.65568 -0.13884914
109.86691 -0.15542264
105.91694 -0.16126867
98.39586 -0.19439211
92.726746 -0.21747473
85.9049 -0.23505731
82.02019 -0.24641566
76.215485 -0.26562
71.4029 -0.28400317
65.66478 -0.3096088
61.86697 -0.3293095
56.81621 -0.3411142
52.38046 -0.33067852
47.002743 -0.324972
41.626953 -0.3177913
36.569973 -0.33453855
32.465485 -0.34589767
27.72407 -0.29298937
23.329266 -0.26042762
19.206758 -0.26374394
15.084577 -0.2688728
10.349804 -0.397561
6.839417 -0.625977
1.8345003 0.57188123
5.0137663 1.6621517
9.110188 1.7314612
14.207002 1.7446415
18.536758 1.8136388
22.659855 1.8140274
27.041477 1.8501935
31.162464 1.8456405
36.52201 1.861192
40.934456 1.8800266
45.04983 1.87415
50.123158 1.8633909
55.48954 1.8719116
60.563457 1.8631947
64.68222 1.8601731
69.76126 1.8534595
74.84301 1.8476572
78.69828 1.8337638
83.08545 1.8444934
88.06131 1.8759533
92.48009 1.8835856
98.49444 1.9066077
103.874504 1.9089241
109.25507 1.9110123
115.32241 1.9292428
120.12887 1.9409477
124.95052 1.9517504
129.78568 1.9617494
134.63286 1.9710293
139.49084 1.9796635
143.85518 1.9968871
149.16405 2.0102224
155.39787 2.0198295
162.0895 2.0342286
166.57617 2.0476584
171.97449 2.0576472
177.86719 2.0719712
183.30396 2.0806248
187.01863 2.0940745
191.62616 2.104332
196.59673 2.1071231
201.22845 2.1165922
206.72806 2.1230862
212.23593 2.1292434
216.68842 2.1272898
221.66992 2.1292498
226.34084 2.1372142
231.02551 2.1448562
236.27382 2.155731
240.9895 2.1626964
246.54318 2.1671085
251.84534 2.1768458
257.98758 2.1839433
263.32892 2.1929164
267.29337 2.2007172
271.27362 2.2082894
276.06882 2.213465
279.27878 2.2227845
283.12753 2.234679
288.42096 2.2467911
291.71442 2.255343
301.067 2.277349
305.74792 2.2901523
309.14468 2.297754
313.22995 2.3075597
318.02432 2.3194206
321.48737 2.326419
327.0712 2.335578
331.96695 2.3465335
335.48874 2.3529582
338.31992 2.3613455
341.87277 2.3674972
345.43835 2.373522
349.0519 2.3834743
352.64978 2.389214
356.9936 2.3967402
361.35715 2.4040852
365.82028 2.4151146
368.81992 2.4223185
371.8384 2.429406
376.28494 2.4360778
379.33893 2.4429154
382.41034 2.4496434
385.4988 2.4562638
388.7569 2.4663959
392.67224 2.474355
396.18304 2.4876926
398.16165 2.4977906
400.18045 2.5077877
402.46863 2.5211515
404.77463 2.5432682
405.03122 2.5556006
407.2763 2.5651236
406.7971 2.5760474
406.36652 2.5869958
406.84094 2.5992374
406.5138 2.6102047
406.98547 2.6278956
406.70508 2.6443698
406.57953 2.655363
406.04657 2.668552
406.02917 2.679566
404.72543 2.6917264
403.90674 2.7017212
403.62302 2.7150402
401.9846 2.7240992
398.1468 2.7335422
394.34515 2.7431679
390.58078 2.7529802
387.22546 2.760583
383.89294 2.7683182
381.51794 2.777125
376.94995 2.7866812
374.6377 2.7957654
372.35675 2.8049614
369.4695 2.819396
367.2708 2.8288648
364.15118 2.8376267
360.4835 2.851848
357.16324 2.8636642
353.19385 2.8722243
349.9616 2.884476
346.057 2.8934503
341.20938 2.901935
335.87842 2.904186
330.3177 2.9094534
325.74094 2.915591
321.1768 2.9219036
315.23013 2.9339273
309.52628 2.9432423
303.66434 2.9561408
299.1879 2.9635308
293.74286 2.9705675
288.1516 2.9812937
282.59482 2.9924428
277.3559 2.996895
272.9756 3.0056572
268.74533 3.0110137
264.52298 3.016541
259.31616 3.0217886
255.11024 3.0276983
250.91354 3.0338058
245.63199 3.0437586
239.37967 3.053783
235.22542 3.0607615
227.02142 3.0710878
221.89903 3.0784912
214.69008 3.0950303
210.60913 3.1036325
204.51836 3.1171775
200.47974 3.1266637
196.4599 3.136539
191.45996 3.136407
187.46011 -3.13622
183.48204 -3.1252027
179.48259 -3.1248374
175.52884 -3.1130629
171.5305 -3.1123974
165.5664 -3.1053023
160.56981 -3.1041725
156.57268 -3.1032166
150.57727 -3.101688
146.58054 -3.1005993
141.58488 -3.099152
135.59053 -3.0972745
131.59457 -3.095928
127.59888 -3.094497
123.65609 -3.0848958
118.79935 -3.0657017
114.894035 -3.0543833
109.12002 -3.0313332
105.264114 -3.0177093
101.295975 -3.0128298
97.330444 -3.0075526
93.36785 -3.0018275
89.40859 -2.9955947
83.47699 -2.9851382
79.69795 -2.9649222
74.780945 -2.9531708
68.8963 -2.9368577
63.26315 -2.9020917
59.384903 -2.886113
54.561825 -2.8629527
48.821144 -2.8291435
45.031597 -2.8018355
40.5975 -2.8154488
35.546715 -2.7970302
31.446709 -2.7839947
26.82017 -2.7186942
22.773844 -2.6866467
16.526665 -2.635803
10.98306 -2.4497006
7.48025 -2.2091684
5.0279894 -1.6618925
5.4477644 -0.5847554
9.435742 -0.4386049
14.047988 -0.60648745
18.098991 -0.7253734
24.43329 -0.76990116
29.38194 -0.796578
34.33194 -0.7743695
39.28097 -0.79376054
45.64513 -0.777103
51.30181 -0.7780177
56.25112 -0.7912377
61.20867 -0.8023179
66.150475 -0.7903638
71.10695 -0.79996246
76.069115 -0.8083095
80.42181 -0.8422681
84.094055 -0.8650652
88.5831 -0.89308566
93.13497 -0.9183855
96.93433 -0.9352409
101.93419 -0.93485117
105.1472 -0.9098921
109.97871 -0.8979235
115.76115 -0.9045758
120.14521 -0.91206473
125.93729 -0.9175299
131.93352 -0.93313307
137.14844 -0.94311965
141.79863 -0.95811987
148.18997 -0.95543987
153.18805 -0.95452136
158.42923 -0.9624614
162.85591 -0.96642077
168.11095 -0.9735324
172.26828 -0.98985595
177.84975 -1.0036709
182.6135 -1.0137613
187.39488 -1.0233376
191.33475 -1.0297569
195.28218 -1.0359169
199.6001 -1.0486863
206.67236 -1.0571898
211.04156 -1.0688305
215.03181 -1.073704
220.79143 -1.0826821
225.68121 -1.0891585
229.69144 -1.0933671
235.0519 -1.0955843
239.95947 -1.101412
243.53358 -1.1088418
248.45879 -1.1142081
252.0552 -1.1212049
256.5675 -1.1296744
261.09763 -1.1378506
265.64456 -1.1457474
269.2937 -1.1518726
273.47043 -1.1626507
276.75632 -1.1717038
280.98938 -1.1818978
284.88232 -1.1950492
288.24628 -1.2033689
292.56607 -1.212698
295.97107 -1.2205993
299.7314 -1.2251779
305.05234 -1.2349256
308.50754 -1.2422594
312.29626 -1.2463921
316.7269 -1.2544167
320.53082 -1.2582994
324.99075 -1.2659574
328.80853 -1.2696085
332.0496 -1.2789344
336.55887 -1.2860546
340.1233 -1.2921801
343.43228 -1.3009824
347.02695 -1.3068322
350.3792 -1.3153213
353.51294 -1.3263917
357.66214 -1.3379133
360.88226 -1.34856
363.9337 -1.3617036
366.85333 -1.3773001
369.05563 -1.3894998
372.46725 -1.3993586
373.7801 -1.4108163
377.1197 -1.4229774
379.52335 -1.4345666
381.9773 -1.4460082
384.36868 -1.4598874
386.9315 -1.47102
389.54163 -1.4820048
393.1951 -1.49304
396.83 -1.5063852
399.5882 -1.5168582
402.38965 -1.5271864
403.23456 -1.5372051
405.09714 -1.5497069
405.02258 -1.5620495
405.0097 -1.5743947
405.04385 -1.5842704
403.14273 -1.5967389
400.30563 -1.60942
398.48242 -1.6196445
397.6995 -1.6298133
397.02826 -1.6425339
393.51855 -1.6584709
392.89374 -1.6688358
391.42697 -1.6820487
388.1707 -1.6985551
386.71967 -1.7094734
384.4771 -1.7234322
382.1456 -1.7349716
379.05774 -1.7497101
374.09128 -1.7657174
370.56448 -1.7731031
365.5265 -1.7871218
362.05994 -1.7948884
358.8469 -1.8055167
355.43332 -1.8136067
351.32538 -1.8253174
347.00473 -1.8345234
343.40958 -1.8403711
337.21637 -1.8516164
332.98294 -1.8615491
329.4442 -1.8679379
325.26642 -1.8783182
321.76407 -1.8850433
317.6458 -1.895897
314.18262 -1.9029796
310.40402 -1.907182
305.42496 -1.919848
302.017 -1.927489
298.62708 -1.935304
294.32462 -1.9445347
290.97565 -1.9527532
287.26776 -1.9579433
283.02936 -1.9678849
277.50592 -1.9762467
272.91843 -1.983473
268.34564 -1.9909459
263.7884 -1.9986775
259.24747 -2.0066805
254.72374 -2.0149682
251.11774 -2.021813
246.62735 -2.03065
242.15694 -2.039814
237.70761 -2.0493217
233.28061 -2.0591915
229.75592 -2.0673604
226.24706 -2.0757833
219.65134 -2.0872169
213.44975 -2.0929487
209.99225 -2.1024492
204.67007 -2.106411
201.2406 -2.1165555
197.3064 -2.1227467
193.38004 -2.1291895
187.77605 -2.1416025
183.8746 -2.1487803
179.98305 -2.1562686
176.10204 -2.1640878
170.01768 -2.1740654
165.34517 -2.1862414
160.11285 -2.1940708
154.30266 -2.1971982
147.4801 -2.2140374
141.68121 -2.2182617
136.68126 -2.2184067
132.28711 -2.224591
125.88546 -2.2235255
120.88568 -2.2239072
115.708466 -2.2364383
110.55111 -2.2501407
106.18692 -2.2591548
101.83209 -2.2689407
97.48789 -2.2796
92.49912 -2.2831273
85.348366 -2.2936049
81.03368 -2.3077486
75.323586 -2.3228652
70.40555 -2.3104846
61.872997 -2.3270516
56.191216 -2.3492773
50.53451 -2.3485029
44.877846 -2.3475335
38.527786 -2.327749
33.564705 -2.344614
27.200356 -2.3679013
21.543991 -2.370975
14.474073 -2.3781958
8.115922 -2.3082845
2.480399 -2.1988437
2.7296002 0.37230146
2.7296002 0.37230146
