Mouse
62
242.27338 1.5733074
244.29616 1.5569125
248.35487 1.5450577
252.38087 1.5415045
256.44464 1.5341657
260.5218 1.5270562
264.6117 1.520166
268.77292 1.5097716
272.03796 1.4957672
276.18182 1.4896315
280.42456 1.4801251
284.59387 1.474399
289.7671 1.4691896
295.16745 1.4574258
299.37198 1.4522996
303.58414 1.4473155
307.80362 1.4424679
313.15515 1.4350101
317.53372 1.4273543
321.78165 1.4229797
326.18854 1.4156889
330.45227 1.4115793
334.8854 1.4046279
339.3343 1.3978586
344.7823 1.3917826
349.25974 1.3853695
353.3756 1.3846751
357.07996 1.3752211
360.81555 1.3659621
364.79504 1.3542148
369.57373 1.3459702
372.43115 1.3366972
375.3201 1.3275664
377.2716 1.3179142
378.2922 1.3076766
379.35223 1.2974949
376.33136 1.28695
372.77728 1.2813698
368.9454 1.2782755
365.11716 1.2751163
361.58835 1.2692473
358.37625 1.2606033
354.24197 1.2509184
351.08795 1.2419281
347.30472 1.2382084
343.85776 1.2316616
340.42587 1.2249824
335.13324 1.2161065
330.449 1.2108516
326.7084 1.2065392
322.04138 1.201008
317.3845 1.1953142
312.73822 1.1894511
308.10303 1.1834114
304.40317 1.1784472
300.32535 1.1764314
294.40494 1.1717368
289.02072 1.1713911
284.9474 1.1691655
281.27002 1.1636062
277.6016 1.1578996
273.94244 1.1520405
268.0586 1.1463472
263.09296 1.1419843
258.55402 1.1339436
254.50778 1.1308541
249.99298 1.122336
245.52136 1.1226127
240.1488 1.1210963
235.21468 1.1156845
228.94783 1.1120114
223.57954 1.1101279
219.10742 1.1101887
211.95204 1.1039613
206.13731 1.106041
202.56953 1.0971904
198.55591 1.0924841
194.08427 1.0921463
189.15382 1.0964841
183.79303 1.0937396
179.3213 1.0934052
175.31163 1.0879883
170.84035 1.0874867
166.36908 1.0869582
161.89789 1.0864005
157.89542 1.0802082
153.89932 1.073694
149.42975 1.0726929
143.60423 1.0744106
139.13457 1.0733585
133.78766 1.0686625
127.961174 1.0704067
121.25775 1.0683745
114.55488 1.0661045
109.70557 1.052045
105.24051 1.0497046
101.279816 1.038606
96.312355 1.0443727
92.358574 1.0319732
87.89971 1.0281521
83.44227 1.0239226
79.51508 1.0085045
74.22504 0.9953878
69.782585 0.98824024
64.79258 0.9929404
60.35173 0.98449576
55.36065 0.98965913
49.5351 0.9848674
45.099655 0.97277176
39.279808 0.9642251
34.859093 0.9459505
29.86011 0.9490741
26.070332 0.8908576
20.984995 0.8150879
17.50446 0.6996938
15.238946 0.49750745
12.816458 0.25820166
8.396028 0.03247142
4.719124 -0.37475666
2.7553866 -1.4281913
6.769331 -2.1329987
12.59954 -2.1229184
16.14211 -1.9925803
19.549175 -1.8617717
23.409178 -1.8127308
27.309504 -1.7776324
31.235048 -1.75133
36.164936 -1.7265031
39.993813 -1.6862806
43.969585 -1.6757979
48.055805 -1.6877688
53.139923 -1.6954776
58.365734 -1.718827
62.632355 -1.7409925
66.74465 -1.7456079
70.68711 -1.7357658
74.6357 -1.7269645
78.58948 -1.7190481
82.547714 -1.7118906
86.381294 -1.6939161
90.35235 -1.6884792
94.32586 -1.6835002
99.29572 -1.677837
103.38122 -1.6833209
107.46959 -1.6883878
112.6784 -1.7008091
116.64579 -1.6963633
120.87387 -1.7086351
125.96422 -1.7110445
130.52843 -1.7371075
134.63918 -1.7395141
138.58401 -1.7346673
142.69395 -1.7370083
146.80463 -1.7392184
150.91599 -1.7413079
156.01323 -1.7421864
159.95607 -1.7379214
164.067 -1.7398759
168.0113 -1.7358696
171.95819 -1.7320472
176.0672 -1.7340056
180.17683 -1.7358748
184.12363 -1.7323047
188.2327 -1.734131
192.34236 -1.7358792
197.43878 -1.7367135
201.54927 -1.7383292
205.8309 -1.7446694
209.9438 -1.7460647
215.0416 -1.7465893
219.3334 -1.7523779
223.63228 -1.7579441
227.74863 -1.7589904
232.05536 -1.7642322
236.36823 -1.7692826
240.89085 -1.7782177
245.98962 -1.7780099
250.3181 -1.7825413
254.65154 -1.7869185
258.9897 -1.7911491
262.8944 -1.7878236
267.4546 -1.7955569
272.03018 -1.8030306
276.38498 -1.8067417
281.71506 -1.8094956
287.04718 -1.812147
291.65485 -1.818857
296.27524 -1.825358
300.90778 -1.8316591
305.81723 -1.840923
311.44037 -1.8459221
316.11008 -1.851618
320.5087 -1.8541548
324.3511 -1.8507069
328.749 -1.8531923
333.4312 -1.8584905
337.8352 -1.8608077
342.24097 -1.8630652
346.93997 -1.8680236
351.64728 -1.8728495
356.36258 -1.8775477
361.3931 -1.8847572
362.9684 -1.8978595
364.27313 -1.9082583
365.617 -1.9185818
366.0631 -1.929786
364.69125 -1.9429455
363.383 -1.9562019
360.06055 -1.9629519
356.75482 -1.9698273
353.86243 -1.9794272
351.41068 -1.9917846
348.1779 -1.9991008
345.38742 -2.0091786
341.29813 -2.0180502
337.23633 -2.027136
333.20306 -2.036443
327.42224 -2.0487714
324.34198 -2.057182
320.8113 -2.0630102
317.7708 -2.0717323
314.75497 -2.0806222
310.8965 -2.0912786
305.7056 -2.1010392
300.89102 -2.1065762
296.086 -2.112293
291.291 -2.1181984
287.3576 -2.1224718
282.90305 -2.1238616
278.9769 -2.128343
275.5908 -2.1360228
271.68042 -2.1408005
268.32153 -2.1488452
264.14798 -2.1591878
260.8301 -2.1676996
257.5316 -2.17643
252.85971 -2.1844356
248.43869 -2.1871254
244.37575 -2.1989527
242.94925 -2.2186205
243.6433 -2.242417
247.55928 -2.2557147
252.41597 -2.260469
257.41077 -2.2595723
263.04178 -2.261647
267.1381 -2.2684166
272.0092 -2.2726016
277.42963 -2.284464
280.81403 -2.292901
283.4738 -2.3034902
286.16473 -2.3138812
290.98456 -2.3267405
295.1327 -2.3415334
302.1845 -2.365276
307.186 -2.376639
312.9556 -2.3898237
316.5668 -2.3961453
320.93002 -2.4044237
326.65045 -2.4079132
332.37476 -2.4112825
339.4353 -2.4101355
344.41626 -2.4114108
349.39774 -2.4126496
353.05255 -2.4180837
356.7176 -2.423406
359.8473 -2.4346418
361.7427 -2.4499257
362.4729 -2.4693491
362.36365 -2.4831421
362.3234 -2.4969409
362.35214 -2.51074
361.63477 -2.5229344
359.32977 -2.5320032
357.05472 -2.5411882
352.32315 -2.5457451
346.76923 -2.5488188
342.89587 -2.5447206
337.3409 -2.5478632
331.7894 -2.5511112
328.74332 -2.559525
325.72095 -2.5680954
321.27615 -2.5665693
315.74622 -2.5703106
310.22086 -2.5741854
304.39206 -2.5736685
296.33966 -2.572342
290.5112 -2.5717633
285.525 -2.5730522
281.07782 -2.5713863
275.2495 -2.5707555
269.42133 -2.5700972
263.59323 -2.5694098
257.2246 -2.5719585
252.778 -2.5700867
248.33232 -2.5681481
242.80498 -2.5730493
235.59528 -2.5736449
229.76659 -2.5729465
224.7809 -2.57461
219.26187 -2.5802004
214.60031 -2.5885367
209.43823 -2.6013272
204.81676 -2.6105413
197.48442 -2.6239173
192.90833 -2.63424
188.35379 -2.6450632
182.47195 -2.6587133
177.5381 -2.6632175
173.06647 -2.662837
164.55458 -2.6702092
159.63075 -2.6755738
154.71182 -2.6812797
148.9003 -2.6844132
143.09035 -2.6878014
138.18327 -2.6946247
133.71178 -2.6951826
128.3388 -2.6924193
121.63133 -2.6932175
117.15974 -2.6938004
112.68819 -2.6944296
106.88396 -2.6995099
102.4129 -2.7004514
97.5201 -2.710756
91.72635 -2.7177083
85.43718 -2.710161
79.64335 -2.7181246
74.771866 -2.7327204
70.30686 -2.7362027
64.9235 -2.734139
59.14907 -2.7472086
54.688534 -2.7528682
49.69202 -2.7333536
45.22743 -2.7388299
41.160637 -2.7230892
35.779945 -2.7173717
31.731411 -2.6942039
26.360743 -2.6805503
22.35099 -2.640992
16.16652 -2.5713394
11.567951 -2.4100718
7.6340475 -2.0631166
3.7479312 -1.4661206
5.1696196 -0.5557559
8.42307 -0.08646779
12.456776 0.10233845
17.218733 0.31121138
21.494535 0.44603583
24.330616 0.576997
25.230797 0.7540319
27.477093 0.88543975
32.07023 0.9600501
38.462425 0.94940346
43.461346 0.94686025
48.460487 0.94484174
53.45979 0.9432007
59.053047 0.9281465
65.27143 0.9035501
70.89198 0.8941439
76.51788 0.88612026
81.38031 0.87135905
85.50426 0.8506189
92.56143 0.84563994
98.208626 0.8421721
104.52765 0.8319633
110.91839 0.83566076
116.56844 0.8332226
120.74943 0.8198439
125.72173 0.8241091
132.05699 0.8168934
138.441 0.820551
144.0945 0.81917125
149.06627 0.82279086
153.98871 0.81700045
159.64284 0.81588084
164.57097 0.8106695
169.50331 0.8057613
174.4395 0.8011307
180.07968 0.79278415
185.73639 0.7925592
190.68239 0.7886651
196.33983 0.7813681
202.00713 0.7744801
210.51149 0.76820254
217.60966 0.76226336
224.71503 0.75669956
229.73213 0.74808764
236.1185 0.74610037
241.82948 0.7411759
246.87549 0.7334779
251.85567 0.73169404
256.17084 0.7270704
260.4913 0.72260004
264.8168 0.71827567
269.14713 0.7140903
273.48196 0.7100376
278.58282 0.7037822
284.33774 0.70044696
288.68698 0.6968128
295.21774 0.6915625
300.21204 0.69076234
307.38602 0.68835586
312.38104 0.68763816
316.1117 0.6820512
323.29163 0.6799565
328.44098 0.6751197
332.81482 0.6722992
337.97592 0.66771555
342.52908 0.66096944
346.4897 0.6521107
349.0769 0.6428798
353.0915 0.63439035
356.3211 0.62773687
360.37985 0.61958826
363.64377 0.6132006
366.9222 0.6069269
371.0402 0.5992411
375.17963 0.5917244
377.95413 0.583625
377.74722 0.5682027
375.40308 0.5532973
372.79987 0.54188615
370.7527 0.5326428
368.73755 0.5232976
365.0146 0.51654375
359.56406 0.51236475
354.99408 0.5066868
350.43582 0.5008609
344.53503 0.49370593
339.53693 0.48492554
336.80167 0.47580224
330.966 0.46790883
327.3878 0.45975935
322.06232 0.447197
318.11765 0.43574363
312.8933 0.42240617
309.04196 0.41030195
301.6972 0.3956358
296.09515 0.38526
291.45712 0.37323013
284.63852 0.36000666
278.21292 0.34951785
273.43127 0.3442191
268.6576 0.3387319
264.55286 0.34019092
259.17215 0.33935347
254.40607 0.33346757
249.97244 0.33114514
245.2192 0.32487926
243.97186 0.30934095
246.90234 0.29283437
250.59032 0.2717903
253.66908 0.25616416
257.54056 0.25222892
262.3853 0.24747324
268.69284 0.24921998
272.57104 0.2456004
277.66425 0.24471551
282.51788 0.24042761
286.40442 0.237102
290.294 0.23386545
294.18658 0.23071453
298.83292 0.22363068
303.28033 0.21354395
307.75766 0.20374975
311.4777 0.19800714
315.0181 0.1892844
318.4037 0.17766668
323.15363 0.17188634
326.7634 0.16376205
330.5509 0.1588044
336.17184 0.15010737
339.98102 0.14543965
343.79745 0.14087546
347.75827 0.13926043
352.3125 0.12885751
355.79355 0.11626324
358.33536 0.10420441
359.93277 0.09257327
362.5752 0.08082317
365.1991 0.066513
364.95508 0.055576764
364.71152 0.04188804
365.56543 0.030840907
366.46378 0.019846601
366.40622 0.008931689
365.39233 -0.0019907847
363.42233 -0.013008419
358.47488 -0.021558039
353.55438 -0.03034629
348.66196 -0.039381888
342.79996 -0.048815824
338.90942 -0.055286042
335.0334 -0.061906256
330.31845 -0.07492942
325.4908 -0.082206756
321.5045 -0.08322839
316.60806 -0.0876888
311.71817 -0.09228926
306.83505 -0.09703624
300.86383 -0.098968364
295.78992 -0.09727435
290.81396 -0.09894416
285.83887 -0.1006721
280.7641 -0.09891823
275.5951 -0.09348836
271.6128 -0.09486314
264.6451 -0.09736856
260.66434 -0.09886036
255.68924 -0.100790426
251.70985 -0.10238941
245.74205 -0.104884975
240.87901 -0.1111868
237.01901 -0.11725242
231.06128 -0.12029016
226.22302 -0.12733094
222.25598 -0.12961636
218.29015 -0.13198484
214.32559 -0.13444096
210.36237 -0.13698964
204.56314 -0.14583789
200.60645 -0.14873554
194.67471 -0.15330279
190.72261 -0.15650542
184.64009 -0.15622067
180.68987 -0.15966494
174.76878 -0.16512318
170.82446 -0.16897215
165.72757 -0.16809775
160.46744 -0.1610229
155.2159 -0.1534689
151.1105 -0.15097551
146.86165 -0.14160848
140.51434 -0.126498
135.19615 -0.109150305
129.92198 -0.090388104
124.8533 -0.08602624
119.78722 -0.08129532
114.80445 -0.08483203
110.81935 -0.08789036
105.83956 -0.09203708
101.95751 -0.105409674
98.09514 -0.11983809
93.264114 -0.13689356
88.46318 -0.15580623
83.52735 -0.16509534
79.58445 -0.17335565
74.664375 -0.18490686
70.73639 -0.19530366
64.86091 -0.21325669
60.957397 -0.22714512
55.12808 -0.25165743
49.070877 -0.26236778
41.396683 -0.31251225
37.61054 -0.34521636
32.575787 -0.3682723
27.191103 -0.36584944
23.10343 -0.38736957
18.31041 -0.318135
12.688207 -0.21664765
8.396028 0.03247142
13.583064 0.16810061
18.435577 0.069083594
22.557096 -0.12120827
27.98398 -0.20612422
32.328712 -0.24136311
37.669235 -0.26119208
43.304176 -0.2983122
47.42193 -0.2936773
51.54054 -0.28978306
56.905647 -0.29835683
62.904594 -0.3357799
67.68667 -0.358156
72.13548 -0.36468402
76.9547 -0.38256684
82.18867 -0.40955225
87.06018 -0.42286646
91.12114 -0.4148596
96.41584 -0.43610713
102.2169 -0.44204685
107.171196 -0.4305223
112.06321 -0.4399534
116.534134 -0.4408626
121.489 -0.4307445
127.286514 -0.43575862
132.24684 -0.42665476
137.21733 -0.4182098
143.00658 -0.4231804
148.38701 -0.42163217
153.2684 -0.42881092
157.7379 -0.4297984
163.95724 -0.43926907
169.75943 -0.4427375
174.66183 -0.4484462
181.7977 -0.46626312
187.17734 -0.47574523
193.45824 -0.4822883
197.92961 -0.48186716
203.33492 -0.49018252
208.27765 -0.49384877
212.7478 -0.493214
217.69273 -0.49665284
222.24602 -0.5060447
226.7142 -0.5052086
231.6675 -0.50818384
237.98439 -0.5126445
243.81313 -0.5133087
248.77167 -0.515918
255.96457 -0.517947
261.4246 -0.52366555
266.3894 -0.5259094
270.99905 -0.53311795
275.62228 -0.5400849
279.4048 -0.54868275
285.11597 -0.5611502
288.94724 -0.5691872
293.63528 -0.5751556
298.62378 -0.5762991
303.068 -0.5746403
307.513 -0.5730294
311.37057 -0.58034134
315.2444 -0.58747387
319.13385 -0.59443295
323.0384 -0.6012241
328.34955 -0.60861343
335.07205 -0.6164797
339.8359 -0.6209794
343.7962 -0.62705743
348.57568 -0.6312997
353.36124 -0.63542706
356.54984 -0.64279145
360.55396 -0.64834636
363.59515 -0.6593077
367.4636 -0.6683959
370.583 -0.678985
368.74863 -0.6900183
364.9063 -0.69874054
361.85287 -0.70585126
358.818 -0.7130827
356.46274 -0.72254527
353.47214 -0.7300288
350.50165 -0.73763955
347.55185 -0.74538
343.93997 -0.75113153
341.02722 -0.75913644
336.72272 -0.7672027
332.4407 -0.77547723
328.1871 -0.7796579
324.64627 -0.7861296
321.1193 -0.79274374
316.89047 -0.79730475
310.53635 -0.7998256
306.3181 -0.8046418
302.10718 -0.80959237
297.21866 -0.81713045
292.34756 -0.82492024
288.9074 -0.83274066
285.4854 -0.8407491
282.08212 -0.8489513
276.43692 -0.8502509
272.4041 -0.86162186
268.2871 -0.8680821
264.1816 -0.8747434
258.68057 -0.8821399
254.60086 -0.88927823
251.31654 -0.8991325
246.65398 -0.90995497
242.81848 -0.9236842
240.42812 -0.936958
243.89377 -0.9524037
247.1639 -0.9617859
251.28125 -0.97316897
254.59789 -0.9820094
258.77087 -0.9927402
262.43637 -1.006342
266.6742 -1.0163723
270.08322 -1.0241693
274.36694 -1.0336423
277.81116 -1.0410099
282.13705 -1.0499657
286.4849 -1.0586505
289.97827 -1.0654104
294.3632 -1.073634
298.7674 -1.0816158
302.7698 -1.0849084
306.77542 -1.088115
310.32397 -1.0940979
314.79575 -1.0942833
318.81024 -1.0972509
322.82745 -1.1001449
327.74017 -1.1043435
332.21365 -1.1111121
336.7019 -1.1177006
340.3028 -1.122846
344.81628 -1.1291264
348.43665 -1.1340336
352.5572 -1.1426029
357.11182 -1.1484166
360.764 -1.1529619
364.02298 -1.1599315
367.69354 -1.1642765
370.98053 -1.1710159
372.21875 -1.1840522
371.6586 -1.195035
372.0778 -1.2070082
370.6734 -1.2170933
368.02905 -1.2288973
362.59985 -1.23819
358.15134 -1.2486508
353.74298 -1.2593734
348.7193 -1.2667775
343.05322 -1.2707584
337.68576 -1.2720402
332.98425 -1.2771149
328.29153 -1.2823348
322.64798 -1.2868402
317.69916 -1.2953994
311.8098 -1.303384
305.68637 -1.3148375
299.8479 -1.3235213
295.24158 -1.3300574
290.88177 -1.3334562
286.52542 -1.3369583
279.99774 -1.3424158
275.6508 -1.3461976
268.92285 -1.3557293
264.3829 -1.3635863
259.08008 -1.3671705
254.76085 -1.3716836
250.44702 -1.3763524
244.17497 -1.379641
239.07605 -1.3797741
233.78947 -1.3841127
229.6735 -1.3851587
224.57484 -1.3854256
220.27817 -1.3910027
214.19608 -1.3905867
208.92133 -1.3957151
204.80849 -1.3971212
199.37625 -1.4076083
194.12123 -1.4135897
189.02644 -1.4146734
184.91995 -1.4166521
180.81424 -1.4187205
173.59447 -1.424
167.51277 -1.4246664
158.46341 -1.4226397
153.22797 -1.4307325
147.1472 -1.4317693
143.04788 -1.4348174
137.95883 -1.437086
133.73575 -1.4479203
129.64432 -1.4517939
124.5616 -1.4549997
119.37232 -1.4668027
114.29652 -1.4709635
110.21838 -1.4763741
105.24171 -1.4718949
100.168655 -1.4769006
94.19677 -1.4709284
90.118965 -1.4775443
85.14197 -1.4720759
81.1624 -1.4672185
77.082634 -1.4747568
73.10207 -1.4695098
68.12957 -1.4620891
63.161415 -1.4535004
58.198715 -1.4434462
53.242992 -1.4315188
48.2964 -1.4171458
42.214096 -1.4188026
36.131947 -1.4210172
30.914028 -1.4608643
26.941748 -1.444575
22.852905 -1.4659524
17.781954 -1.492457
13.740892 -1.6150873
10.071067 -1.8327823
6.769331 -2.1329987
4.9215145 -2.7829614
6.0513444 2.7566023
9.860681 2.4521325
14.06582 2.322799
15.925582 2.5953825
17.149166 2.8897982
18.610395 3.1269453
22.11948 -2.9262094
26.477316 -2.8846939
30.600168 -2.8863
34.48532 -2.9155953
39.582523 -2.9192793
43.493027 -2.9395585
47.41846 -2.9564862
51.355404 -2.9708223
56.28909 -2.9859183
61.233532 -2.9985788
66.32559 -2.9944
71.2753 -3.0046887
76.365616 -3.000652
81.606995 -2.9849935
86.70202 -2.982595
91.797485 -2.9804626
95.747826 -2.987165
99.85474 -2.983431
103.96293 -2.9799924
108.07226 -2.976815
113.16868 -2.9753456
118.265335 -2.9740028
122.37652 -2.971398
126.32054 -2.9767613
132.4033 -2.9767468
136.35066 -2.981561
141.28902 -2.9872
149.19893 -2.9954457
155.99161 -3.0083232
159.95703 -3.011646
164.91614 -3.0155747
168.88518 -3.0185516
172.85562 -3.0213916
177.82056 -3.0247633
182.7874 -3.027952
186.76215 -3.0303805
191.73207 -3.033275
195.7091 -3.0354843
199.68706 -3.0376058
203.66588 -3.0396445
207.64551 -3.041605
211.6259 -3.0434916
216.7004 -3.0411592
221.67577 -3.0434206
226.65222 -3.0455828
231.72563 -3.0433557
235.70668 -3.04502
240.68385 -3.0470233
245.66197 -3.0489452
252.63278 -3.0515087
256.7073 -3.0490308
260.69046 -3.050449
265.67007 -3.052162
270.65048 -3.0538118
275.5473 -3.059018
280.3756 -3.0675979
285.29126 -3.0723891
289.21536 -3.0767949
293.1449 -3.0810826
298.02368 -3.0887957
301.96774 -3.0928018
305.8733 -3.0999706
309.8304 -3.1037326
313.7918 -3.1073995
318.78894 -3.1079357
322.75504 -3.1114495
328.69925 -3.1180813
333.6762 -3.1214297
337.6754 -3.1216686
341.6564 -3.124828
345.62848 -3.1308079
349.61902 -3.1337914
354.6126 -3.1367214
358.60852 3.1408324
362.62314 3.132568
365.68073 3.1217036
368.78073 3.1110208
370.92294 3.1004064
372.10782 3.0897765
370.40454 3.0760157
368.69403 3.0648344
364.9507 3.0557976
361.23788 3.0465744
357.45355 3.0399427
353.57843 3.0359812
349.709 3.0319319
344.96725 3.0245826
338.26022 3.0162945
333.55954 3.0084722
328.87988 3.0004268
325.211 2.9926074
321.40765 2.9876833
315.63766 2.9816384
311.8522 2.9764297
307.2618 2.9673336
302.51657 2.9612124
297.1794 2.9476588
292.47235 2.941009
288.55365 2.938247
283.86557 2.9312396
280.1684 2.924768
274.5334 2.916509
271.09558 2.9060242
266.47565 2.8979957
261.15717 2.885022
257.8125 2.8735807
253.26614 2.864545
249.98393 2.8524728
246.44398 2.843956
242.92245 2.8351912
238.78302 2.8208892
235.31258 2.8114974
237.5803 2.796934
241.77104 2.7855544
244.12627 2.7716246
248.3837 2.760977
251.74408 2.749176
255.82317 2.7515438
259.90366 2.753837
263.61102 2.7595744
268.625 2.7630591
274.38135 2.7596338
278.66815 2.7503269
283.5127 2.7459254
287.83377 2.7371192
292.1765 2.7285743
296.53995 2.72028
300.9232 2.7122269
304.41977 2.7030149
307.94156 2.6940124
312.3857 2.6866252
315.95166 2.6780345
320.4314 2.6710548
325.81488 2.665678
330.3213 2.6590753
335.3126 2.6500175
339.852 2.6438081
345.76288 2.636626
350.32953 2.630776
355.7778 2.6264646
360.36462 2.6209064
364.96234 2.615488
368.7087 2.6088305
372.98563 2.6000063
375.58755 2.5885987
378.23767 2.5773494
376.49103 2.5649343
373.69528 2.556855
370.92432 2.5486543
366.78845 2.5410368
363.24677 2.5309868
360.5564 2.5223536
357.08453 2.5119457
354.4546 2.5030203
351.25085 2.4962325
348.06366 2.48932
343.67188 2.48688
339.894 2.4820476
336.12427 2.4771066
332.3629 2.4720538
327.9865 2.4692662
324.23874 2.4639957
319.09335 2.4590554
313.95605 2.453953
309.59723 2.4507446
304.47375 2.4453433
300.12384 2.4419084
295.6648 2.4336054
290.67538 2.432497
286.99435 2.4260662
281.25443 2.4224544
276.26895 2.4210868
270.53433 2.417226
264.8039 2.4131985
258.41022 2.4118695
254.09818 2.4072418
247.70671 2.4057016
241.31587 2.4040802
236.27776 2.396115
231.30429 2.3939145
224.23842 2.3951037
220.63194 2.3861194
214.9389 2.3803303
210.66745 2.3741052
204.29271 2.3712025
197.9198 2.3681126
191.5489 2.3648174
186.59442 2.3612566
180.22823 2.357512
175.27895 2.3535151
171.04605 2.3451805
165.38956 2.3448038
159.73308 2.3444004
153.3799 2.339301
148.4449 2.333975
143.51442 2.328283
137.85986 2.327138
132.93546 2.320739
127.28232 2.3191638
120.952576 2.3113735
115.301674 2.3091753
105.41415 2.3047614
96.94107 2.3002613
91.96053 2.3049295
83.41966 2.3166482
77.72042 2.331953
72.757355 2.3400202
65.6772 2.35981
60.020386 2.3601508
52.949383 2.3606791
48.0014 2.3464103
43.065434 2.3288662
38.146152 2.306789
32.497402 2.2981923
27.614824 2.2622309
21.867836 2.3023562
16.18104 2.37087
9.860681 2.4521325
5.1382847 2.6834486
3.128532 -2.5566525
5.740789 -1.5025294
2.3602786 -2.3205307
2.7841659 2.1866982
6.475511 1.8218056
11.836033 1.8805935
16.667858 1.7890124
21.034061 1.8406954
26.122297 1.8265548
30.512106 1.8568106
36.185146 1.8973763
40.408756 1.9673728
45.23922 2.0437782
48.05205 2.108447
53.026695 2.1184096
57.4843 2.1118848
62.460194 2.1200688
67.43965 2.1270447
71.893814 2.1212926
76.698524 2.098301
81.16205 2.0947845
86.4953 2.085882
90.961815 2.0833542
94.94445 2.071872
99.4136 2.0701888
103.883 2.0686502
107.87991 2.059088
112.350746 2.0581071
116.82168 2.0572014
120.82922 2.0490427
125.3009 2.0485218
129.31633 2.0411677
134.24434 2.0475838
138.71611 2.0471601
144.53558 2.0497427
149.0072 2.0492835
153.0214 2.0430486
158.38467 2.0399337
163.74939 2.0370226
169.11542 2.0342965
173.14278 2.029134
177.17455 2.0242064
181.21042 2.019498
186.11836 2.0246983
190.5903 2.0249271
194.62543 2.0205283
199.09714 2.020841
204.03827 2.014594
208.98698 2.0086427
213.94275 2.002967
218.9051 1.9975483
222.55252 1.9901088
227.02036 1.9909819
231.08145 1.9878718
236.06055 1.9831647
240.64975 1.9748375
245.64252 1.9705784
249.71713 1.9680326
254.71667 1.9640588
259.34207 1.9566706
264.35254 1.9530566
268.8101 1.9544091
274.571 1.9577255
278.65326 1.9556322
284.41522 1.9588091
290.35068 1.9541787
294.0641 1.9490905
299.08133 1.9460232
305.033 1.9418647
310.05655 1.9390229
314.14877 1.9374094
319.17612 1.934719
323.27048 1.9332055
327.9505 1.9278002
332.63983 1.9225472
337.67914 1.9202256
343.3227 1.9142424
347.0917 1.9103618
350.8658 1.9065646
356.53625 1.9010196
361.26974 1.8965319
365.06165 1.8930255
369.4963 1.8861731
373.9479 1.8794835
377.16412 1.8712093
380.1188 1.8605564
380.918 1.8489927
381.7679 1.837479
381.70068 1.8266795
380.70795 1.8165146
378.54977 1.8043454
375.47272 1.7926228
371.6803 1.7839003
364.7765 1.7739819
359.08398 1.7658813
354.39844 1.7569965
349.91916 1.7506875
345.4542 1.744215
338.86642 1.7356431
334.28043 1.7258029
327.7488 1.7165709
322.37384 1.7096165
316.8853 1.6992983
312.54355 1.6914188
307.2281 1.6836832
301.04382 1.679327
296.9596 1.6774384
292.7736 1.6721002
288.69357 1.6700553
283.43182 1.6612709
278.27585 1.6557366
274.04855 1.6460671
269.9148 1.6397928
265.792 1.6333236
260.5778 1.6192015
256.4171 1.6043745
252.31468 1.5890619
247.27782 1.5773008
243.27657 1.565076
239.33331 1.5482669
239.33331 1.5482669
