Finger
16
342.01166 0.7630142
347.60623 0.74079067
350.05472 0.7306095
352.97537 0.7185762
354.95996 0.6970586
354.22507 0.6823303
352.6263 0.6642395
353.05106 0.6472348
350.94687 0.632637
349.64288 0.61772865
348.58636 0.60283744
347.42172 0.5876587
346.74826 0.5747734
345.35892 0.55985254
344.43896 0.54448146
344.42297 0.52571285
344.45172 0.5082771
342.9676 0.48823234
340.39658 0.47236672
337.70563 0.45652524
337.18112 0.4361354
336.73114 0.42253748
335.94272 0.4098893
334.3574 0.39107263
331.75424 0.37157977
331.7915 0.35686144
331.494 0.34366852
331.91376 0.3300711
330.16125 0.313125
329.61307 0.2977875
328.919 0.2800498
327.26202 0.2618701
325.7596 0.24407063
324.5949 0.22921878
323.6618 0.21651667
322.64142 0.20163472
321.3807 0.18144573
320.679 0.16910289
319.5753 0.14750732
318.95132 0.13369957
318.26538 0.11658547
317.72018 0.10088089
317.13416 0.080589704
314.96658 0.06281885
313.41202 0.04400184
312.2557 0.030564586
309.15067 0.015476052
308.1152 -0.0014595424
304.66788 -0.0178755
300.33392 -0.037312105
298.55322 -0.053417042
296.10123 -0.0809699
293.6908 -0.1029819
290.74643 -0.12730202
288.39383 -0.15027617
285.96765 -0.17896917
285.7828 -0.19417687
285.70532 -0.21258429
282.9496 -0.23142196
279.9849 -0.25003278
277.51132 -0.27041125
275.72092 -0.28734976
272.01428 -0.3172684
271.20108 -0.34267858
269.32797 -0.36396155
267.9889 -0.38192257
265.6265 -0.4033073
263.7016 -0.42348415
262.0477 -0.44693434
261.07858 -0.4705097
259.58762 -0.5029702
259.0774 -0.5306733
257.29965 -0.54935175
255.70808 -0.5739686
254.24806 -0.6026793
252.84705 -0.6356594
251.58392 -0.6681654
251.7709 -0.6943269
251.31982 -0.7168073
250.95326 -0.7432566
251.41512 -0.76491886
252.41779 -0.788708
250.9475 -0.80740446
251.11855 -0.8405938
249.84424 -0.86899334
251.8054 -0.8989616
253.37692 -0.92975587
253.91942 -0.96049577
254.96803 -0.9823628
255.59727 -1.0072455
255.77174 -1.0360955
258.1043 -1.0671929
259.26694 -1.0914465
260.15128 -1.1190088
261.2261 -1.1463063
262.16068 -1.1687986
263.54117 -1.189828
264.49094 -1.2163374
266.2504 -1.2426242
266.94525 -1.271102
267.59003 -1.3030186
267.7177 -1.3308688
268.09094 -1.3579444
269.68912 -1.3849468
270.2929 -1.4152645
274.13687 -1.4469793
278.51318 -1.467698
280.1678 -1.4890356
281.73563 -1.5108929
283.4772 -1.5289205
285.80054 -1.5480796
290.22415 -1.5683477
293.04935 -1.5820763
295.179 -1.6023122
297.4168 -1.6222169
298.96088 -1.6413519
299.4435 -1.6613346
300.0464 -1.681278
300.6056 -1.6969414
302.10162 -1.7137858
306.0413 -1.7291149
307.79895 -1.7436309
309.92386 -1.7630757
310.832 -1.7775452
312.96298 -1.7938249
314.3424 -1.8124125
315.5769 -1.8278065
315.9213 -1.8439049
317.82312 -1.8645113
318.61926 -1.8830384
319.9713 -1.8958737
322.33295 -1.9169549
324.35037 -1.9338067
326.59396 -1.9514819
327.4861 -1.9701722
328.9672 -1.9845021
330.09543 -1.9995593
330.89456 -2.0144963
332.99075 -2.0250878
336.12314 -2.0438125
338.41687 -2.0568898
339.43518 -2.0687358
339.26804 -2.0830579
340.47748 -2.0976665
341.24374 -2.1124604
342.2907 -2.132356
342.8325 -2.147333
342.82193 -2.1682992
342.4941 -2.1874993
340.87747 -2.2037554
338.15582 -2.2152874
337.23486 -2.2360213
337.7549 -2.250251
337.5027 -2.2687411
338.5404 -2.2826233
338.9564 -2.3014994
339.9469 -2.3213642
339.07288 -2.3408184
339.04236 -2.3643985
339.1676 -2.384753
340.08066 -2.4013262
340.5283 -2.424573
340.5811 -2.4518554
342.53348 -2.4690275
342.6747 -2.4874437
342.5102 -2.5061507
342.0222 -2.5295029
341.64938 -2.5464523
340.54688 -2.5619435
339.5253 -2.5775135
337.85773 -2.5922036
336.16006 -2.612158
335.28928 -2.628625
334.2175 -2.6405334
333.52106 -2.6556904
332.39877 -2.670091
331.30756 -2.6833613
330.50507 -2.7023113
330.83054 -2.7219236
330.5765 -2.7387953
328.26675 -2.7556424
327.71036 -2.7745907
329.371 -2.7959864
331.31616 -2.813169
334.6476 -2.8237414
334.54535 -2.8365536
333.193 -2.8497198
331.71387 -2.864947
329.36212 -2.8793592
328.15714 -2.8934078
325.02106 -2.90682
320.21918 -2.923146
317.59595 -2.9391654
314.4783 -2.9566185
311.46106 -2.9743633
308.25235 -2.9988797
305.47488 -3.017373
302.47656 -3.030866
298.64874 -3.0481572
295.93945 -3.0676632
293.56256 -3.0875251
292.33707 -3.1043947
291.21216 -3.1187348
290.33923 -3.1393507
287.41788 3.120293
286.36578 3.1020868
285.61023 3.0844193
285.0197 3.063219
284.36697 3.0488937
282.88736 3.0306609
279.8568 3.007853
277.41766 2.988128
273.6313 2.9649026
269.7023 2.9426827
268.5769 2.9227693
267.2953 2.9041102
267.71796 2.888304
268.10715 2.8685806
265.54752 2.8415375
265.48764 2.8236887
264.56134 2.8014371
263.82465 2.7762547
263.71402 2.756551
261.58905 2.7353475
260.73633 2.713465
257.94885 2.6931024
256.75925 2.6673772
255.17274 2.6375995
255.01956 2.6146405
256.0277 2.5987792
255.9711 2.5710726
256.32544 2.5532932
256.08572 2.530487
254.68379 2.5107298
253.71074 2.4882395
252.40813 2.4640825
252.40416 2.4406307
251.98016 2.417533
253.67758 2.3953831
255.0796 2.3736305
255.74889 2.3541713
254.64334 2.3215551
254.09628 2.2957792
254.10692 2.2655678
254.09935 2.239365
255.45895 2.2153993
257.05557 2.19297
259.22043 2.1752388
258.96368 2.1531017
260.0926 2.123426
260.46118 2.1041455
260.20624 2.078597
260.3592 2.0522356
262.555 2.0307276
265.53937 2.0097778
267.7206 1.9842398
268.95703 1.965682
270.62833 1.9404012
271.68112 1.9138575
273.2085 1.884834
274.8574 1.8638529
277.3652 1.843126
279.59195 1.8216864
283.48584 1.8036587
285.47543 1.7818685
288.3584 1.761375
290.25122 1.7390813
291.63287 1.7215608
293.00366 1.7061642
294.18335 1.6888263
296.28827 1.6704018
298.17194 1.6541754
300.77002 1.6362233
302.6285 1.6222568
304.9922 1.6051872
306.35995 1.5887276
312.3124 1.5771921
315.1455 1.5571296
317.5329 1.5326645
318.52374 1.5202004
319.06836 1.5014435
317.74738 1.4816734
317.0485 1.4658363
317.6117 1.4501681
318.2506 1.4346044
318.2884 1.412411
318.96368 1.3996639
321.04132 1.381453
322.0186 1.3662219
323.07007 1.3510864
324.19507 1.3360525
326.0195 1.313696
327.66272 1.2952665
328.80927 1.2831907
330.14612 1.2698042
330.71158 1.2568458
331.77823 1.2448026
332.1746 1.2321177
333.07657 1.21793
334.1217 1.1991115
335.87537 1.1859393
337.78177 1.1722369
338.83286 1.157528
339.60132 1.145214
340.0543 1.1300513
340.8198 1.1176997
342.09674 1.0995665
343.98987 1.0810847
345.06415 1.0655527
345.71426 1.0532206
346.86246 1.041029
348.22104 1.0232779
348.42355 1.0033668
347.7969 0.98248
346.4977 0.9598999
345.50446 0.9427853
345.0728 0.9202788
344.19153 0.89991874
344.90036 0.8828969
345.1362 0.86463416
346.079 0.84499776
346.4923 0.82855976
346.26608 0.80919796
345.99762 0.7923722
345.4755 0.7756169
343.66998 0.75541526
342.60907 0.74139255
344.6038 0.72830737
344.6038 0.72830737
