Finger
23
390.88266 0.81825733
385.68857 0.8055718
377.43997 0.7843645
372.80457 0.7718259
367.91922 0.762025
364.32278 0.7516239
361.59464 0.74351627
356.10254 0.73413324
349.3618 0.7254724
345.00723 0.71649224
339.4435 0.7065751
334.0678 0.7010569
329.57898 0.6900199
326.25485 0.6824498
320.31818 0.6694281
314.15042 0.6599306
306.2427 0.6520643
299.43158 0.6442351
292.6475 0.63605535
285.7264 0.6268651
279.18857 0.6138759
273.90268 0.5989931
269.84445 0.58334756
267.6607 0.57086694
265.8413 0.553008
266.1067 0.5261615
269.66968 0.4973052
273.1332 0.48133785
277.43082 0.45513776
281.76727 0.4424411
287.75766 0.42808506
292.57483 0.41311473
296.45435 0.40076905
299.81082 0.39203689
304.84766 0.37960285
308.65848 0.37013745
313.43335 0.36357638
320.74185 0.35492057
327.63248 0.34126604
333.07455 0.33169767
337.57587 0.32398462
342.558 0.31603387
347.6579 0.3057639
353.1374 0.29497355
358.54486 0.28692782
361.9999 0.2783665
366.835 0.26471046
371.12906 0.25795987
377.97116 0.24773246
380.0568 0.23012735
382.04456 0.21761915
384.4114 0.20305239
387.88568 0.1937681
391.79266 0.1912953
393.1054 0.17351891
388.19547 0.15971082
381.17627 0.1444364
372.38422 0.12626657
365.51495 0.111616135
358.22763 0.09986859
348.94095 0.08809461
344.68463 0.08346182
338.3902 0.07315876
332.21143 0.06787762
326.11804 0.06300641
318.95682 0.055576395
314.14844 0.053296562
309.86343 0.050165195
301.77765 0.04220575
293.63455 0.029731823
286.4097 0.022853384
278.58408 0.020577349
273.60242 0.01735402
269.53754 0.013807182
261.53223 0.006597333
253.53781 0.0061086616
245.55849 -0.0010879319
241.55785 -0.005260677
233.58882 -0.010480398
226.4234 -0.015225722
218.64365 -0.02410194
209.90036 -0.029805744
204.97047 -0.035352997
200.77753 -0.04117424
192.88684 -0.053242005
184.92632 -0.05649488
180.04082 -0.06243689
174.28207 -0.07035232
169.17302 -0.078449525
164.25412 -0.08191305
160.32568 -0.090180874
152.34854 -0.09491672
144.489 -0.10579483
136.70116 -0.120533004
132.84398 -0.13163456
128.75333 -0.14367932
127.40761 -0.20094614
132.80779 -0.23700494
139.3625 -0.2757813
146.66078 -0.30597332
152.92386 -0.32135046
160.86615 -0.33683488
169.74179 -0.34350884
177.64215 -0.3514161
185.24567 -0.35362208
193.19989 -0.36050257
200.59218 -0.3665618
206.33107 -0.37145096
214.99521 -0.39087936
219.59975 -0.4030691
227.2065 -0.4114997
233.33072 -0.4234038
241.5116 -0.43542954
247.28297 -0.44701517
251.14743 -0.4584079
254.8474 -0.47856304
253.77682 -0.5019793
252.87663 -0.5277692
251.12825 -0.5527372
248.92508 -0.56895506
245.24875 -0.58459914
240.18874 -0.60365045
234.1506 -0.611083
227.69838 -0.6163106
220.25017 -0.62356365
216.41908 -0.63060206
211.20763 -0.63690424
203.02237 -0.64843273
199.22458 -0.6565616
191.6704 -0.6672378
184.58255 -0.6770169
177.36716 -0.68066925
171.1083 -0.69339776
164.23103 -0.70672554
158.90265 -0.71867895
154.03513 -0.7291679
149.30185 -0.7463525
145.16177 -0.76348925
139.0034 -0.7687705
133.66713 -0.77340984
128.8813 -0.7880986
125.107 -0.80729115
126.41718 -0.8608588
129.61743 -0.89183056
134.00247 -0.9108986
142.17107 -0.92870927
151.77109 -0.94310224
156.99521 -0.9514953
162.24142 -0.95935804
168.06668 -0.96919096
173.4721 -0.9767974
179.43398 -0.9855381
184.93723 -0.99885404
190.28511 -1.0043232
200.83888 -1.0141997
206.17542 -1.0188187
211.49529 -1.0231819
216.12273 -1.0255
221.159 -1.0288291
226.54503 -1.032724
231.85577 -1.036365
236.90398 -1.0355626
246.83876 -1.0393304
255.74448 -1.041702
264.28513 -1.0463583
272.18387 -1.0546474
276.18134 -1.0586982
284.14734 -1.0663762
288.9688 -1.0716319
293.33322 -1.0729895
298.16708 -1.078043
303.09494 -1.0829425
311.0915 -1.0893145
315.12186 -1.0923803
322.46118 -1.097227
330.24057 -1.1016387
337.52518 -1.1059393
344.6916 -1.1163392
349.19 -1.1226234
353.00583 -1.1278143
358.22162 -1.1347109
362.34085 -1.1430334
366.127 -1.1528614
371.64648 -1.1661433
376.37817 -1.179387
381.10568 -1.1908996
383.87866 -1.2063224
385.7782 -1.2247359
384.03397 -1.2396239
382.74643 -1.249551
377.47464 -1.2691456
375.02203 -1.2790008
371.94308 -1.290517
367.7733 -1.3033984
363.5912 -1.3144518
358.6215 -1.3231816
354.52332 -1.3347521
350.5471 -1.3458284
342.73535 -1.3676139
339.7075 -1.37848
335.84406 -1.391348
332.10437 -1.4036003
328.45016 -1.4149467
319.70688 -1.4336876
311.13724 -1.4460673
303.74725 -1.4562163
299.46063 -1.4637675
292.79654 -1.475967
285.64163 -1.4911512
277.28064 -1.5103538
271.0128 -1.5274446
264.90143 -1.5414885
260.53622 -1.553545
255.75887 -1.5600691
251.88943 -1.5782138
252.32422 -1.5945673
254.209 -1.6110827
255.68988 -1.6294216
261.72195 -1.6448178
269.82596 -1.660672
277.40414 -1.6726204
281.76804 -1.6791179
286.7454 -1.6894988
291.51242 -1.6961774
297.5314 -1.7088044
303.33707 -1.7202998
309.02835 -1.7338212
316.4868 -1.7459476
322.67548 -1.7552432
328.05 -1.7618767
334.53955 -1.7698622
340.45477 -1.7813541
347.8138 -1.7973903
353.95496 -1.809851
360.28125 -1.8228035
366.66534 -1.8353055
371.0958 -1.846808
374.78568 -1.8557811
377.61768 -1.8670467
379.10547 -1.8796443
380.91666 -1.894215
381.9346 -1.9100264
379.40265 -1.926388
375.5712 -1.9386542
371.8232 -1.9570624
367.8308 -1.9732109
363.78598 -1.9868878
358.33398 -2.0005949
354.65906 -2.0053496
348.35468 -2.013766
344.7308 -2.0187593
337.1166 -2.0263398
328.2964 -2.0336442
323.5704 -2.0374308
319.326 -2.0406215
309.76776 -2.0491006
304.4075 -2.0508325
298.26544 -2.0541234
292.01483 -2.0576165
286.45993 -2.0600672
281.87384 -2.060487
276.59323 -2.0626037
265.36197 -2.0638037
258.9493 -2.0640712
252.7122 -2.0683517
247.11273 -2.0714128
238.74815 -2.0764601
234.65654 -2.0810077
229.93839 -2.0863242
225.75462 -2.091749
220.55315 -2.0961704
215.77014 -2.1037693
210.94139 -2.1117337
204.06288 -2.114955
195.87384 -2.122285
191.3477 -2.1307828
186.3751 -2.1412363
181.03442 -2.1536686
176.7735 -2.160981
172.47705 -2.1655526
166.42378 -2.1757777
161.95961 -2.179706
152.31456 -2.191957
147.68762 -2.2061434
139.49149 -2.222869
132.05077 -2.230186
126.14226 -2.2440076
120.26295 -2.262137
115.623795 -2.2812326
112.617935 -2.3044276
114.04365 -2.346908
118.310074 -2.3829904
123.0053 -2.4022062
127.17589 -2.4173753
132.8624 -2.4387293
137.11096 -2.4529648
141.66373 -2.4611173
148.1992 -2.479275
152.92543 -2.484768
159.16695 -2.4852455
165.42467 -2.4781775
171.18637 -2.4802797
177.08435 -2.490194
182.28365 -2.4912605
190.11067 -2.497817
196.84067 -2.502821
202.86713 -2.5125766
209.34074 -2.5188167
214.12897 -2.527678
219.58049 -2.5298932
224.467 -2.532897
230.98048 -2.536727
236.7098 -2.5482817
240.47182 -2.5587945
244.37767 -2.5735662
247.26479 -2.608825
245.48111 -2.6315086
242.61096 -2.6530712
239.52617 -2.6709473
235.49692 -2.6860242
227.90282 -2.6974628
219.9586 -2.7069073
211.64848 -2.7248962
203.69325 -2.743785
200.06316 -2.7579155
193.50047 -2.7733736
185.76987 -2.7804015
176.87332 -2.785584
167.4872 -2.8008997
159.61363 -2.823171
151.35844 -2.8470647
144.67192 -2.8760264
137.7755 -2.9021132
130.05319 -2.9192216
125.71425 -2.92773
119.10964 -2.9496937
113.98755 -2.9858203
109.782745 -3.0221908
115.6815 -3.0425296
120.63081 -3.0466065
125.33122 -3.050179
129.60701 -3.0532026
134.58655 -3.0564811
140.47903 -3.0671937
148.81908 -3.0831463
153.81862 -3.086673
159.76561 -3.0934792
165.72278 -3.0966582
171.68948 -3.1040454
179.41014 -3.1099029
187.38213 -3.1125264
195.34503 -3.1188283
203.30615 -3.1234396
210.29187 -3.1251988
218.30632 -3.1303785
226.26393 -3.130773
233.52428 -3.1311095
240.46867 -3.1355674
246.47456 -3.1357143
252.49707 -3.1358545
258.47665 -3.1359873
264.43164 -3.1361134
270.43655 -3.1362352
275.44995 -3.1399603
279.6719 3.1404827
283.68234 3.1396554
291.6603 3.1336858
296.66312 3.1304512
301.38596 3.1240573
305.71622 3.1177125
309.7674 3.1140094
315.85956 3.1050463
320.18484 3.096904
325.501 3.0791647
329.83667 3.0647953
334.90472 3.054005
342.2048 3.0441918
349.05588 3.028792
355.33066 3.017314
359.93713 3.009862
364.4359 3.0028622
368.9821 2.9912076
373.83182 2.9775481
381.50748 2.9649558
385.2037 2.9482646
387.22302 2.9354699
390.76517 2.9236703
387.45093 2.91183
383.47678 2.8993578
380.414 2.885836
375.71878 2.8660507
371.58054 2.8538013
364.67712 2.8431728
358.0558 2.8367555
351.1677 2.8305779
345.07065 2.8218443
341.27246 2.818157
337.1055 2.8108783
333.3358 2.804576
328.70575 2.798866
325.19797 2.7925076
321.5207 2.7875698
317.43222 2.779441
313.48816 2.7746701
309.74817 2.7700255
305.32254 2.764371
300.68585 2.758254
296.08023 2.751973
292.14465 2.746435
285.48566 2.7366862
280.38782 2.724987
274.64514 2.7117167
267.8079 2.695849
262.11252 2.6779063
257.88388 2.660956
255.14154 2.6459436
253.81877 2.6212432
254.11765 2.6036499
257.13275 2.5843086
260.4721 2.5640635
265.1283 2.5494804
272.92856 2.5333703
278.19626 2.524896
282.63217 2.5151806
286.76447 2.5072505
292.1434 2.499561
299.8777 2.4928944
305.95688 2.4842288
312.4328 2.4719439
318.4164 2.4546318
325.71417 2.4371712
329.2194 2.4293637
333.76895 2.418227
339.1476 2.4048176
344.63324 2.3916798
350.14334 2.3749344
354.48895 2.36229
357.13446 2.3508778
361.7662 2.3382883
365.79514 2.323966
369.5109 2.3109128
373.48486 2.2976534
375.73923 2.2852716
376.64478 2.266656
376.21396 2.2495801
376.29883 2.2333043
374.5277 2.2200832
369.32672 2.2138515
363.35364 2.205603
355.53522 2.1946893
346.83832 2.1844187
338.77127 2.1760888
330.02893 2.1685445
321.5704 2.1630356
315.83496 2.1600149
308.78732 2.149033
301.32062 2.141409
291.43994 2.137824
283.09293 2.1324875
274.84882 2.1256864
269.21405 2.1201222
261.96936 2.1113658
254.96878 2.0959065
247.38686 2.0892668
238.80043 2.0856268
231.13809 2.0795918
225.18431 2.072849
219.19366 2.0682511
213.33334 2.0566487
207.14845 2.0384617
198.55629 2.0223255
193.05247 2.012427
183.61702 1.9939835
177.02855 1.9798527
171.71593 1.9631561
165.12009 1.9454417
159.09529 1.9300549
150.77441 1.904871
144.59381 1.8840592
139.10962 1.8695858
133.52243 1.8473283
136.86882 1.8027301
143.31671 1.7795227
149.72017 1.7637556
153.60216 1.7571863
158.28314 1.7516123
162.42726 1.74695
167.38983 1.7416754
171.91142 1.7312503
175.95345 1.7217895
182.74535 1.711942
186.77539 1.7021837
192.72418 1.6981058
199.42644 1.6938051
205.3888 1.6804273
211.23502 1.6726274
215.23116 1.6707304
220.29422 1.6638718
224.89813 1.6530458
231.7809 1.646276
236.74995 1.644689
241.42491 1.6391083
246.48154 1.6255261
250.57393 1.6126599
252.41797 1.5935125
256.11783 1.5745703
257.87222 1.5572402
254.76482 1.53451
250.04425 1.5107554
246.35031 1.492125
241.81577 1.4704139
235.41464 1.4548578
230.5692 1.4410446
225.81543 1.4310212
220.39717 1.4183985
214.17476 1.4092118
209.87407 1.4010444
204.88995 1.391922
199.19627 1.381649
193.7071 1.3657
190.06805 1.3515736
184.47841 1.3358418
180.63625 1.3178469
177.24767 1.2946705
171.94173 1.2791506
166.85196 1.2762414
160.74365 1.2776984
155.8531 1.2749211
151.15797 1.2723595
146.58452 1.2627472
144.21413 1.2225758
146.47588 1.1937904
152.79446 1.1747024
158.35374 1.1603513
164.81161 1.1576341
171.41368 1.1426541
177.62222 1.1338708
184.06395 1.1262562
192.64986 1.1143748
201.38739 1.0967668
208.68149 1.0811973
216.4164 1.0635374
224.08612 1.0570568
231.93668 1.0563726
240.86354 1.0498562
249.06316 1.0409598
256.74005 1.0303258
265.48163 1.0193762
273.21497 1.0152966
280.4145 1.0144683
288.66068 1.0128402
297.65466 1.0040169
305.6378 0.99350053
311.58844 0.9819718
320.0331 0.976194
325.712 0.9711471
333.56195 0.95917445
337.64386 0.95228934
345.13058 0.9419216
350.46805 0.9318542
357.06387 0.92114407
361.50397 0.9130867
367.52765 0.9051772
372.07672 0.89510965
375.53055 0.8879221
378.19196 0.8793163
381.53876 0.8728522
386.1755 0.86262584
389.29318 0.85332435
393.08633 0.8423348
396.41922 0.8329601
399.7195 0.81841993
399.7195 0.81841993
