Finger
14
195.55424 0.92716235
190.56189 0.88201034
188.62698 0.8597151
186.93622 0.8375051
185.18706 0.814138
182.43993 0.784521
180.28783 0.7481878
178.92056 0.70876676
178.68677 0.6695843
178.53864 0.6389134
179.67741 0.6008073
181.60075 0.56809354
184.28015 0.53960073
186.00821 0.5049237
187.76723 0.46196523
191.00829 0.42399937
193.60176 0.40055498
196.7877 0.37837052
200.81372 0.34388897
204.24162 0.31720525
208.75188 0.28951696
211.96895 0.2561152
215.44156 0.22411293
219.43663 0.20052055
223.49223 0.17364423
227.09482 0.15929312
231.08403 0.13326661
235.05888 0.111420795
238.83243 0.08359861
242.16525 0.06213893
244.92107 0.04305471
249.18988 0.026616482
252.69238 0.008106633
256.1915 -0.009555728
260.75388 -0.024719108
265.23264 -0.046098642
268.60526 -0.067420885
272.62665 -0.084215015
276.49448 -0.10523874
279.04218 -0.12227033
281.0227 -0.14304832
282.79297 -0.16066204
284.94266 -0.18367162
286.1316 -0.20483577
287.94962 -0.21777265
291.77524 -0.23661694
294.64594 -0.25465676
297.78076 -0.26812175
300.694 -0.28035262
302.0047 -0.2929446
304.0362 -0.3143403
305.36172 -0.32742855
307.3426 -0.34590277
309.8348 -0.36013457
311.46533 -0.3722161
315.11475 -0.38846964
316.51105 -0.40315148
318.91165 -0.42045045
320.1291 -0.439355
321.05792 -0.45494998
321.49005 -0.47177148
321.81934 -0.48872375
322.51974 -0.5105601
323.49396 -0.53281343
324.20374 -0.5559022
324.00775 -0.57355136
321.55786 -0.59433514
320.38916 -0.61424613
319.23172 -0.63671577
317.7927 -0.652835
315.7645 -0.6703697
314.83206 -0.69671994
313.62772 -0.71680254
311.3057 -0.73729265
308.95825 -0.75748545
306.18524 -0.7797612
304.60785 -0.7942119
302.0652 -0.812388
299.9606 -0.8296383
298.5707 -0.8436037
296.32184 -0.86367345
293.81543 -0.88301677
292.26935 -0.89631635
289.98227 -0.91184956
287.94757 -0.9325886
286.82767 -0.9497464
285.9663 -0.9661547
284.67944 -0.99169517
284.6864 -1.0091369
284.30148 -1.0250146
282.8405 -1.0423534
281.20602 -1.0596129
279.6854 -1.0768754
278.67728 -1.0991843
276.455 -1.1151984
274.28894 -1.1315902
272.19562 -1.1482558
270.31155 -1.1640352
268.63678 -1.1787593
266.13406 -1.20217
264.04483 -1.223229
262.0696 -1.2446699
260.72977 -1.2602227
259.24246 -1.2786263
257.92386 -1.2961338
256.79825 -1.3121445
256.12955 -1.3385893
254.77113 -1.3623308
253.59702 -1.3854868
252.89023 -1.4010417
251.94427 -1.4245629
251.26556 -1.4442148
250.4074 -1.4748315
249.9589 -1.4957451
250.57933 -1.5198739
250.35216 -1.5428671
253.25827 -1.5638356
254.27179 -1.5834771
255.14624 -1.6059388
255.68689 -1.629222
256.0264 -1.6486641
257.20996 -1.6688962
258.10638 -1.6908101
258.78925 -1.7110016
259.64914 -1.7327878
260.68347 -1.7554916
261.83847 -1.7777756
262.76093 -1.7938772
263.67557 -1.8086857
264.89084 -1.8269213
265.93567 -1.8415177
267.60132 -1.8631072
269.76108 -1.8800819
271.91064 -1.9006826
273.91296 -1.921406
276.03918 -1.9418954
278.2774 -1.9620447
280.22427 -1.9785568
282.7523 -1.9987823
284.64423 -2.0131273
286.93948 -2.0297263
288.83588 -2.04284
291.50153 -2.060449
292.19937 -2.075621
293.97556 -2.0898852
296.64218 -2.1119833
298.73178 -2.123511
301.20813 -2.142856
303.79285 -2.1618657
306.6578 -2.1813524
308.1202 -2.1979902
309.36652 -2.212878
310.74054 -2.2359471
311.03833 -2.2525983
310.9929 -2.272571
311.47952 -2.2892046
311.08466 -2.311876
312.26263 -2.334674
312.18884 -2.3573358
313.67886 -2.3786335
314.5474 -2.3954492
315.56467 -2.4154966
317.31335 -2.4379995
319.33618 -2.4586232
319.8526 -2.4869132
320.67737 -2.505234
320.36987 -2.5239139
319.09866 -2.5390165
318.5657 -2.5541892
319.11774 -2.573004
320.24243 -2.5908647
318.93243 -2.6053007
318.7213 -2.6237047
318.78442 -2.6424747
317.16956 -2.6603703
315.33698 -2.6786642
313.93427 -2.695009
311.8853 -2.7166333
311.0751 -2.7364855
308.99283 -2.7546008
306.51886 -2.7749128
304.96402 -2.7884262
302.58392 -2.8026736
300.43103 -2.8212094
298.38135 -2.8426032
295.44885 -2.8640788
293.3892 -2.8765712
291.65234 -2.8994823
291.45926 -2.917086
292.1363 -2.9386728
293.94366 -2.9605308
294.9451 -2.9759176
293.25363 -2.9956782
289.88464 -3.0103884
284.6137 -3.0230546
279.09253 -3.0314622
272.18332 -3.0360236
267.9732 -3.0428054
261.23627 -3.0623624
256.875 -3.0833304
252.59268 -3.1061814
249.2058 -3.1298096
246.44185 3.1363075
241.72136 3.1205924
236.8535 3.1022773
232.06697 3.084241
227.42848 3.0610476
223.76947 3.0340319
221.4469 3.00914
219.91739 2.985055
217.26538 2.961019
212.9417 2.941683
208.7216 2.9168553
204.78183 2.8937337
201.00429 2.868519
199.39003 2.839726
198.09604 2.8111646
196.96387 2.782164
194.9743 2.7507997
191.46118 2.7204957
188.88678 2.69688
185.84831 2.6787198
183.28514 2.6407573
180.84262 2.6064463
180.90668 2.574232
180.59497 2.546604
181.59401 2.5099506
181.60268 2.4823613
181.53502 2.4466028
181.78764 2.4045286
182.28615 2.3615553
181.65912 2.3264294
183.41722 2.2881753
183.89032 2.2574437
185.93794 2.2212136
186.96979 2.1905353
190.13556 2.15187
192.63133 2.1310961
195.94249 2.102692
198.69395 2.0728905
201.7889 2.0407872
203.10419 2.0059967
206.03171 1.9781662
210.39673 1.9539673
215.96931 1.933588
221.48883 1.9098244
226.07109 1.8968375
229.71489 1.8607029
232.19685 1.8351419
234.65263 1.8069055
238.20322 1.7776624
243.04182 1.7505203
245.31425 1.7261302
247.66405 1.707357
250.26892 1.6817783
250.27806 1.6566991
250.9302 1.6385541
251.6369 1.6182489
251.46869 1.6010476
251.37794 1.5847027
253.35587 1.5653348
254.51062 1.5354111
255.79066 1.5121223
256.21335 1.4887043
256.66745 1.4694511
256.14047 1.4525312
253.80046 1.4350584
251.6729 1.4143758
249.48051 1.3887585
247.50262 1.3666016
246.04645 1.3371845
243.67186 1.3127435
240.95921 1.2915453
239.35289 1.2683452
237.35052 1.2386067
234.27626 1.21813
231.3201 1.203067
227.03722 1.176965
222.40424 1.1485314
219.2709 1.1358894
216.64441 1.1161107
211.62384 1.0979427
209.5896 1.073563
204.96242 1.0324405
202.54605 1.0135046
198.03606 0.9751552
197.65831 0.93186027
198.48674 0.9096601
197.99716 0.86753964
196.31114 0.8394424
194.53122 0.81194973
192.49852 0.785526
190.98283 0.7626574
188.97105 0.73389417
187.34012 0.7016389
184.99219 0.6759082
184.47813 0.64018846
184.47813 0.64018846
