Mouse
28
250.46849 1.5692763
250.50652 1.553308
251.60782 1.5374815
252.77158 1.521797
255.99283 1.5067637
257.27673 1.4914962
258.62 1.4763838
260.02167 1.461431
260.48862 1.4461664
261.1573 1.4271681
261.75977 1.4120438
263.40683 1.3976487
266.09033 1.3841356
267.84146 1.3701532
269.85886 1.3527343
272.69894 1.3399998
276.553 1.3284007
278.50772 1.3153198
280.50943 1.3024234
282.5571 1.2897118
285.60715 1.2781985
286.78647 1.2648432
288.01654 1.2515997
289.2967 1.2384712
290.62625 1.2254604
292.00458 1.2125703
293.43094 1.1998035
294.90466 1.1871623
296.42505 1.1746485
298.90933 1.1635936
300.51596 1.1513712
303.0756 1.1406606
304.76526 1.1287311
304.70157 1.1140568
303.8129 1.0978849
303.88724 1.0831685
303.6354 1.0639904
304.72867 1.0509206
305.8736 1.0379467
305.3619 1.021672
303.0176 1.0091519
301.81284 0.9908752
299.58765 0.9779743
297.41306 0.96488255
294.71097 0.95436347
292.04208 0.9436509
288.81277 0.9355232
284.80368 0.9251054
282.0514 0.9087739
279.52997 0.8971555
277.04697 0.8853273
274.48288 0.86815447
272.09717 0.8558494
268.34155 0.8436338
265.30222 0.82828903
260.91312 0.81273985
258.00336 0.7966009
255.16232 0.7800981
252.36494 0.76883096
249.60031 0.7573127
246.86954 0.745538
243.50542 0.73045105
240.85503 0.7180803
238.24231 0.70543617
234.13272 0.69796777
230.03665 0.69023293
224.40604 0.6878376
221.10757 0.6767314
217.05136 0.6681343
213.80315 0.6563456
205.58556 0.6442118
201.59404 0.6343049
198.4355 0.62105423
195.31293 0.60737747
192.22807 0.593259
186.96167 0.58005583
183.11035 0.56777006
178.43869 0.5579114
173.26685 0.54259586
167.27425 0.5293453
163.54634 0.5144094
157.14561 0.493692
153.5105 0.47691977
149.92065 0.45933914
147.28441 0.43800446
145.63293 0.4131284
142.22406 0.39301425
139.44978 0.36263433
137.13763 0.3379477
140.2851 0.31504175
144.09355 0.30644011
147.33678 0.28530675
149.88492 0.2457749
152.86853 0.21402314
156.18587 0.18981165
159.93478 0.17895241
163.70169 0.16859175
167.48538 0.1586982
171.43628 0.15501092
175.38942 0.15148981
179.34462 0.14812398
183.30177 0.14490342
187.12201 0.13652854
191.82175 0.12265108
195.45541 0.104912914
199.33371 0.097822316
204.21753 0.09055769
208.11513 0.084034145
212.10129 0.08245122
215.93547 0.07169484
219.79376 0.061314948
223.62589 0.046828333
227.50334 0.03283267
231.44534 0.023628514
235.42314 0.018980585
239.39346 0.010310409
243.38132 -0.0021850476
248.39365 -0.010192866
253.44112 -0.021828497
257.5221 -0.03313642
261.59283 -0.04027116
265.72552 -0.050946012
269.88754 -0.06129277
274.07758 -0.07132422
278.29437 -0.08105262
281.63327 -0.094346814
285.80844 -0.09999496
289.9925 -0.10548028
294.29724 -0.11418651
298.50302 -0.119316205
302.842 -0.12757981
307.2011 -0.13560943
311.57947 -0.14341387
315.14014 -0.15461601
318.73947 -0.16556649
322.37613 -0.17627117
325.2541 -0.19032773
329.17444 -0.2035192
333.91483 -0.21283002
338.4647 -0.21899733
342.27753 -0.2285006
346.35748 -0.24059963
348.5507 -0.25384828
350.8043 -0.26692897
354.07837 -0.27906045
357.40363 -0.2909679
359.82416 -0.30348256
362.9424 -0.31235325
364.1915 -0.32280526
365.4801 -0.33318466
367.14578 -0.3460546
367.58472 -0.35721436
367.49872 -0.37186447
368.0432 -0.38297743
366.25275 -0.39972213
365.07812 -0.41301328
364.87912 -0.42525437
365.6409 -0.43634823
363.31036 -0.44848534
360.58545 -0.46449453
357.9231 -0.47449678
354.8323 -0.48215425
352.70825 -0.49494916
350.64264 -0.50789696
347.15298 -0.51350075
344.67126 -0.52425605
342.74106 -0.53767586
339.83002 -0.54623157
336.9443 -0.55493456
334.62 -0.56631315
331.79446 -0.5753248
327.6107 -0.5836291
323.45007 -0.5921476
319.31354 -0.6008874
316.59464 -0.6106361
313.3259 -0.6179562
310.6608 -0.6280399
307.2253 -0.6402364
304.0269 -0.6480961
300.05588 -0.65815556
296.1161 -0.6684838
292.98752 -0.6769456
288.20377 -0.6948658
284.3811 -0.70612353
280.59543 -0.71768653
276.93085 -0.7244653
272.46674 -0.7390599
268.79233 -0.75159025
264.47012 -0.7617368
260.19852 -0.76678467
255.21822 -0.7747341
250.25467 -0.78299946
246.02141 -0.794455
241.1008 -0.80343914
236.92769 -0.8156985
232.79144 -0.8283954
229.44072 -0.8444536
226.15092 -0.8609833
223.6951 -0.88085145
221.17064 -0.89480096
218.07715 -0.9126874
214.85468 -0.9245701
211.29591 -0.94724244
208.41583 -0.9667194
204.78351 -0.98404163
202.0581 -1.0046495
199.94107 -1.0215348
197.37686 -1.0431427
196.26677 -1.0633179
197.00708 -1.0884659
197.871 -1.11341
199.34988 -1.1447794
201.02194 -1.175657
204.1742 -1.2031686
205.59242 -1.2265712
206.17305 -1.2481096
209.71552 -1.273762
212.9773 -1.288239
216.01921 -1.3067397
219.133 -1.3247206
222.31563 -1.3421923
225.5642 -1.3591658
225.73929 -1.3774215
226.97424 -1.3964107
227.30228 -1.4145058
227.70451 -1.4325429
228.0627 -1.4548637
229.4388 -1.4818504
231.11304 -1.4998592
232.86116 -1.5176034
235.64742 -1.5394701
238.55576 -1.5566242
242.53258 -1.5733496
243.5756 -1.5897619
244.68365 -1.6060297
244.8572 -1.6223564
241.33061 -1.6521823
238.90941 -1.6782371
237.38687 -1.6958945
236.92914 -1.7131727
232.75803 -1.7374874
230.69308 -1.7610207
227.02072 -1.7911421
223.80542 -1.8081298
220.91078 -1.8299879
219.08522 -1.8511469
216.10829 -1.8696094
213.20706 -1.8885808
209.77582 -1.9141444
207.78073 -1.9432884
204.6545 -1.970388
202.5936 -1.9962608
201.10968 -2.0271206
198.89084 -2.0495248
198.1321 -2.0744214
197.49707 -2.0994935
198.3637 -2.126347
201.04564 -2.1474786
203.81497 -2.1680446
205.85352 -2.1908627
209.99844 -2.2179942
213.66977 -2.2403984
216.17522 -2.254907
220.01627 -2.2760427
222.62999 -2.289724
225.95421 -2.3063767
230.02333 -2.325718
234.19649 -2.338342
238.40564 -2.3505218
244.05867 -2.356448
247.62032 -2.3707228
250.50505 -2.3818488
254.10194 -2.3898375
257.7146 -2.3976028
260.67175 -2.407995
264.4068 -2.4206564
267.4246 -2.43053
270.46786 -2.4401822
274.30652 -2.4519448
277.40405 -2.4611194
281.30804 -2.4723024
285.24622 -2.483178
289.2172 -2.493756
293.2197 -2.5040467
297.84064 -2.511341
302.47693 -2.5184124
305.73395 -2.526048
309.00842 -2.5335224
313.69006 -2.540012
317.55704 -2.5445445
321.4304 -2.5489678
326.1422 -2.5549874
330.31796 -2.5633664
333.67487 -2.5699182
337.04578 -2.5763392
340.43033 -2.5826328
343.11777 -2.5977738
345.5266 -2.608717
348.476 -2.6170201
353.1896 -2.6279793
355.71017 -2.6384015
358.26883 -2.6486762
359.9406 -2.6637254
359.90482 -2.6761503
360.3885 -2.6922853
360.48038 -2.7046902
359.71667 -2.7159421
360.83032 -2.729472
363.71057 -2.7389157
364.93536 -2.7522218
365.8582 -2.7679787
366.28738 -2.780139
366.7706 -2.792269
366.3641 -2.803462
365.68372 -2.8172684
365.38004 -2.8285177
365.12265 -2.8397841
363.66772 -2.8529117
362.54926 -2.8634884
361.4716 -2.8741293
360.18246 -2.887518
357.25714 -2.896948
353.3917 -2.9058738
350.52954 -2.9156373
345.5339 -2.9271464
341.76706 -2.9367144
339.01324 -2.9470665
334.33035 -2.9564927
329.85394 -2.9632003
326.04388 -2.97666
321.61383 -2.9838195
318.04166 -2.9947584
313.65482 -3.0023544
309.41925 -3.0069613
305.9302 -3.018602
301.48978 -3.0301418
297.19174 -3.0386767
292.91602 -3.0474615
288.5803 -3.0599587
284.4354 -3.06582
279.2349 -3.0751774
274.05972 -3.0848892
269.91034 -3.0951464
265.82797 -3.1019635
260.75888 -3.1088676
256.70236 -3.116145
252.65991 -3.1236553
248.64435 -3.127388
243.62408 -3.1353052
239.61984 -3.1393733
234.62386 3.135335
228.64557 3.1264236
223.6639 3.121614
219.7145 3.1121492
215.74857 3.1069705
211.87802 3.0921657
206.12766 3.0713444
201.29405 3.0596895
196.58562 3.0423985
191.82436 3.0294418
187.225 3.010529
183.5378 2.996877
179.88618 2.9826677
176.448 2.9622908
173.08597 2.9411132
169.80461 2.919107
166.13425 2.9079232
162.01607 2.8827612
158.68877 2.864125
155.12932 2.8508618
151.59845 2.8369784
147.78746 2.8288605
144.30563 2.8137383
141.54495 2.7845685
139.2902 2.7476177
139.05046 2.7155282
140.75076 2.689647
142.54306 2.6644
145.30144 2.6431057
150.35593 2.6234362
154.09454 2.6073132
159.06567 2.6038866
162.84998 2.5890799
165.8255 2.5717113
168.84929 2.5549598
172.74347 2.5420842
176.66501 2.5297782
181.19792 2.5135283
184.37643 2.49916
188.38495 2.4885206
193.20288 2.4815123
197.24496 2.4717102
201.30524 2.4623024
206.01932 2.4495187
211.52861 2.4403698
214.13104 2.4260967
218.27121 2.4182758
222.35162 2.4043956
226.47331 2.391018
229.94379 2.3812628
233.4355 2.3717983
236.94264 2.3566453
241.2006 2.3449106
244.0768 2.3334537
246.98427 2.322265
251.33473 2.3115902
254.30078 2.3009746
257.29486 2.290605
261.44113 2.2970662
258.3415 2.3182795
253.94685 2.3399076
258.24976 2.329224
261.90192 2.3160932
266.34232 2.3008149
270.0887 2.2884688
272.46545 2.2760491
274.88348 2.263846
277.34174 2.2518573
279.83914 2.240081
283.16672 2.226356
285.7462 2.215048
288.36157 2.203944
291.01187 2.1930406
294.2714 2.1851177
296.98007 2.1746025
299.72098 2.1642783
301.94357 2.1513782
303.67905 2.1358926
305.48648 2.1205866
307.36465 2.1054642
309.31223 2.0905287
311.32794 2.0757835
310.29352 2.062942
308.42358 2.0515118
306.59445 2.0399435
304.36652 2.0252905
302.20486 2.0104244
300.11093 1.9953475
298.0862 1.9800624
296.51718 1.9676862
295.9213 1.9539131
295.38177 1.9400871
294.20892 1.91984
292.53668 1.9037781
290.94073 1.8875357
289.4224 1.8711185
288.2644 1.8578631
285.92523 1.8420812
282.69095 1.8269362
280.25848 1.8071285
278.15405 1.7904935
276.12778 1.7736096
274.36774 1.7600633
272.6587 1.7463444
270.84247 1.7288111
268.26257 1.715259
266.72443 1.7009577
265.24146 1.6864935
262.8197 1.6722536
260.45227 1.6577519
259.06805 1.638859
256.82956 1.6238496
255.64923 1.608432
255.52998 1.5927887
254.47336 1.5771595
254.47336 1.5771595
