Stilus
38
6.515102 0.084452145
13.2169485 1.2899257
22.132181 1.4960812
27.933279 1.5457215
33.23294 1.5557688
38.023544 1.5839295
43.417213 1.6462622
49.492027 1.6617318
54.475754 1.6533927
61.442917 1.644009
67.48918 1.6522793
73.19932 1.6459105
78.51037 1.6506592
84.37673 1.6596894
91.340195 1.6528965
97.606766 1.6578817
103.38205 1.6530055
108.50886 1.6398838
113.17189 1.6281909
120.00269 1.6249206
124.11849 1.6169481
130.3401 1.6129534
137.09227 1.610876
143.0672 1.602216
148.01338 1.5944155
155.72668 1.5868306
162.72113 1.5861413
168.2036 1.5856411
173.21306 1.5852118
178.9277 1.5847514
187.3133 1.5681303
191.67046 1.5681908
196.6914 1.5682573
201.30757 1.5683156
205.9396 1.5683714
209.96625 1.5646688
216.17711 1.5592458
223.88127 1.5596434
229.67235 1.5599246
235.05351 1.5559242
240.88702 1.5521376
247.05104 1.545297
251.21457 1.5449514
256.26373 1.5385193
263.4707 1.5203898
269.56985 1.5133375
275.6097 1.5109681
281.65042 1.5094458
287.8246 1.500349
293.83585 1.49153
299.0099 1.485518
305.6875 1.4759042
310.18933 1.470305
315.01132 1.4617234
320.07904 1.4541405
326.3573 1.4471967
331.875 1.4370532
336.68542 1.4267038
341.8385 1.4227096
346.16934 1.4190125
350.97775 1.417961
357.51855 1.4128753
362.0731 1.4061826
366.94473 1.4026136
370.2533 1.3907067
372.97058 1.3808696
373.90637 1.368264
374.7501 1.357578
376.04312 1.3422391
376.99252 1.331654
378.2184 1.3187033
379.3755 1.3071222
380.70755 1.2944582
381.95822 1.2831377
382.30276 1.2711228
379.93054 1.2581059
376.90048 1.2485859
372.01218 1.2391883
368.09805 1.2348497
364.20563 1.2311153
359.39203 1.2263783
355.27744 1.219228
351.08694 1.2125819
345.95404 1.200812
342.5723 1.1930741
338.04883 1.1877593
332.49643 1.1810213
328.11325 1.1755275
322.58847 1.1683711
317.65637 1.1617527
312.2861 1.1542859
306.57556 1.1460304
302.14905 1.1393942
297.3184 1.1356099
292.16022 1.1273859
287.19235 1.115285
281.8262 1.105936
277.85703 1.0987589
273.41846 1.0945681
268.87933 1.0900342
263.1799 1.0911095
256.652 1.0904727
250.32991 1.0828706
244.24873 1.0742664
237.36441 1.0669582
233.74808 1.0595872
227.33183 1.0538205
219.9709 1.0596976
213.4671 1.0640376
205.62297 1.0650699
199.09892 1.0597444
192.72664 1.0471003
188.20218 1.0331609
180.99707 1.0271643
175.895 1.0178164
171.12851 1.00745
167.64665 0.9942767
162.55745 0.9848847
155.82623 0.9831393
150.9192 0.98135775
144.16615 0.9847941
137.30238 0.9774196
130.65366 0.9707824
124.8988 0.9657718
119.03575 0.96633315
111.82909 0.9652546
106.50934 0.9675532
100.699715 0.96393526
96.24053 0.9556333
91.04092 0.94355375
85.65328 0.9119927
80.629845 0.9090354
75.653244 0.8889924
70.64709 0.881267
64.710686 0.8955608
60.17887 0.92755306
54.846184 0.95451003
47.873928 0.9793978
39.47479 0.9888064
35.30235 0.9521002
30.867146 0.9245325
24.949335 0.9191282
19.508339 0.9412771
16.021986 1.1370982
10.380296 1.3044076
4.65479 1.7870346
4.994024 3.1315951
9.378114 -2.6476064
15.300294 -2.409395
22.142233 -2.2694268
30.023405 -2.310064
36.362755 -2.37636
41.687214 -2.4548895
46.715992 -2.4932353
52.766045 -2.531564
58.378716 -2.514531
61.724396 -2.4731214
67.62322 -2.4296713
72.846245 -2.4146607
78.6461 -2.403547
85.11382 -2.4208553
90.44058 -2.4286766
95.64263 -2.4376636
99.21894 -2.4743097
104.79992 -2.5156052
110.66899 -2.5230112
117.029274 -2.5138535
124.1507 -2.506999
131.27893 -2.4945567
137.2342 -2.4996967
141.9464 -2.5049756
148.3773 -2.5054169
152.55415 -2.5236723
159.84235 -2.5194366
165.2255 -2.5262427
171.26804 -2.5368543
175.48419 -2.546505
181.14388 -2.567508
186.20842 -2.5850003
192.35173 -2.6047523
196.62723 -2.617644
200.90921 -2.629916
204.49236 -2.6397288
209.32521 -2.6469386
214.64986 -2.660271
220.25502 -2.6556435
227.44174 -2.6514297
233.94714 -2.6470518
239.73203 -2.6490505
246.66606 -2.6480458
250.66216 -2.6588538
254.3783 -2.6709073
260.38608 -2.667672
265.33694 -2.6665657
271.72723 -2.6678796
276.93457 -2.6718674
281.1744 -2.675533
285.64072 -2.6794784
289.675 -2.6825593
296.75995 -2.6876953
301.86417 -2.6923378
307.02948 -2.695931
311.79645 -2.6996796
315.45795 -2.705164
319.313 -2.7107878
324.5661 -2.7182138
329.81284 -2.7253711
333.6793 -2.7304873
338.26254 -2.7363868
342.65396 -2.7418776
347.67102 -2.7538068
351.8622 -2.762097
354.8816 -2.771535
358.40326 -2.7827985
364.06927 -2.8003032
368.27176 -2.8129663
371.8957 -2.8219528
374.82547 -2.839313
377.18365 -2.8550363
381.18097 -2.8739676
384.98218 -2.8874435
387.2691 -2.900085
384.70383 -2.9093287
378.65726 -2.9210541
373.4452 -2.9321828
369.0605 -2.9463344
364.53015 -2.9556346
359.00015 -2.9609475
353.35294 -2.9683719
349.53534 -2.9815536
343.03662 -2.9960635
337.4268 -3.00587
331.91043 -3.0158672
325.5066 -3.0256767
320.40268 -3.0355163
314.6322 -3.0431414
310.15472 -3.0433345
305.04205 -3.0473306
298.4854 -3.046208
292.02374 -3.0440907
284.99982 -3.0452027
278.76816 -3.0529063
274.2429 -3.0633588
268.2375 -3.0712817
261.50433 -3.080898
254.89572 -3.091234
248.73149 -3.095579
241.6722 -3.1013584
235.79494 -3.117392
228.896 -3.1308973
221.7313 3.1402595
214.48566 3.1343718
207.80641 3.1258209
200.81453 3.120244
193.82938 3.1129777
185.87354 3.106374
177.93248 3.0991812
170.06995 3.0913372
166.04742 3.0840921
159.16798 3.0753138
153.14952 3.072705
146.33098 3.0574894
138.52374 3.0436954
132.3951 3.0315583
126.526245 3.0184786
118.507484 3.0336068
112.10727 3.0474207
105.2836 3.0508316
99.3075 3.0453534
92.35977 3.0380888
86.15789 3.0306084
80.19189 3.0223136
74.27094 3.0127537
68.32934 3.0014796
62.403088 2.9880726
55.47346 2.9687128
48.89185 2.9451551
42.076374 2.912811
36.208416 2.8748975
29.675867 2.884554
23.456394 2.9358718
16.575085 2.863737
10.970498 2.7142818
6.552551 2.3747795
5.5523043 1.521848
7.752255 0.626691
11.277879 0.22789976
17.586424 -0.11102285
22.907063 -0.24003015
28.461313 -0.29315826
36.169193 -0.34496054
42.552628 -0.346188
47.788246 -0.3289491
52.164745 -0.33669877
59.25184 -0.36109477
63.993294 -0.35469413
68.023544 -0.33606574
74.46092 -0.30601937
79.7717 -0.30861732
85.94913 -0.3344815
94.51008 -0.3680567
100.849754 -0.3897842
108.44588 -0.41189703
116.44728 -0.44383737
123.76599 -0.45515272
131.75801 -0.4550178
138.50653 -0.4592937
147.17279 -0.4741577
152.25334 -0.47904807
160.16301 -0.48169062
168.23375 -0.48349002
173.54805 -0.4816009
179.4028 -0.48226625
186.73613 -0.48393574
192.52872 -0.4875326
199.29765 -0.49795207
206.00229 -0.5075684
212.2935 -0.512564
221.6843 -0.52110875
228.09502 -0.5223045
235.81013 -0.5233682
243.40056 -0.5302309
248.64192 -0.5283938
254.51315 -0.53507125
261.14062 -0.54932
267.7187 -0.5592961
271.78082 -0.56806344
276.04785 -0.58455515
283.18924 -0.5922348
290.3343 -0.59952855
297.79184 -0.61085427
305.69974 -0.6248158
309.6716 -0.6315227
317.03815 -0.6418833
322.57513 -0.6493308
329.5137 -0.6562965
335.8127 -0.6605867
341.06204 -0.66719663
346.20435 -0.6766801
350.48492 -0.6906622
354.2823 -0.6991626
360.3727 -0.7031139
365.07526 -0.70876193
370.55273 -0.7197214
373.83426 -0.73168063
376.68246 -0.7400623
377.29047 -0.7530642
377.7558 -0.76918536
377.1777 -0.7827572
375.79358 -0.7977426
374.45892 -0.80916905
371.2002 -0.819355
367.9686 -0.8288029
363.14954 -0.83613104
358.23428 -0.8462269
352.37775 -0.8532483
347.33182 -0.8567721
338.8848 -0.85854846
331.18756 -0.8623854
326.30267 -0.86570823
322.2868 -0.8744565
318.7406 -0.8829195
312.11633 -0.8898158
306.041 -0.898858
302.57874 -0.9066514
298.27765 -0.91974807
295.1116 -0.9296277
291.15518 -0.94082415
286.37216 -0.953432
281.6708 -0.96326995
276.1453 -0.9707383
270.34442 -0.98008096
265.07852 -0.98769784
257.32858 -0.9928565
250.41933 -0.9986607
244.67242 -1.0126246
239.85028 -1.0202976
233.17336 -1.0271493
226.81296 -1.0308511
220.46983 -1.0347502
211.41792 -1.042202
205.37294 -1.0418977
199.58124 -1.0431249
192.9674 -1.0521615
185.47319 -1.0602341
178.81218 -1.058478
172.15771 -1.0617833
165.30711 -1.0680084
158.3784 -1.06558
152.087 -1.0726475
144.26814 -1.0746641
137.56003 -1.0730703
131.3443 -1.0646408
124.98892 -1.0570662
119.30388 -1.0397042
112.87935 -1.044785
106.58199 -1.0536027
100.464966 -1.0448459
94.05716 -1.0512254
87.732765 -1.0625079
80.554085 -1.0696079
73.62091 -1.0972081
67.83962 -1.1358435
64.33713 -1.1973702
57.82091 -1.2403351
53.5975 -1.2386211
47.599796 -1.233894
41.267395 -1.2315955
34.6556 -1.2554629
29.713726 -1.3069779
23.730383 -1.363303
16.793125 -1.4657178
10.767285 -1.6866803
6.3298225 -2.307271
5.707293 2.8667803
11.173561 2.305529
17.35893 2.2010057
23.58558 2.128598
29.300594 2.048978
34.770893 2.0238233
40.208885 2.017036
45.38563 2.014309
50.084743 2.0138898
56.66976 2.0172718
62.47417 2.0259857
68.401665 2.0323489
74.5517 2.0474086
81.83488 2.0599422
87.639275 2.0695512
92.94845 2.078439
98.254166 2.0788713
102.8745 2.0720987
110.05236 2.0777602
116.629814 2.073301
122.09071 2.0698032
127.9092 2.0716898
132.91792 2.0756865
140.73782 2.0833142
147.08781 2.0834188
153.79187 2.0812943
160.13573 2.0752852
165.34178 2.0698893
171.15848 2.0712812
176.98714 2.0726006
183.20993 2.0664225
187.68271 2.0656676
192.32787 2.0652163
198.43642 2.070707
204.8998 2.0799448
209.72234 2.0916903
214.22107 2.1058862
219.70703 2.1155705
227.16478 2.1188142
234.08792 2.1244063
241.29686 2.1254349
248.50682 2.1264045
255.92793 2.1360042
260.60904 2.145565
265.40555 2.156863
271.7126 2.1602743
277.05563 2.1615095
283.24905 2.1702225
287.30084 2.1778705
294.08673 2.180037
299.99448 2.1854815
306.70663 2.1950836
311.36823 2.202106
315.48776 2.2091987
320.68356 2.2204897
324.50024 2.2314494
330.3438 2.2412002
335.48917 2.246146
339.09537 2.2536027
343.7393 2.264281
347.22314 2.271816
354.8647 2.2773125
359.57202 2.2822816
365.66534 2.2911034
368.80804 2.298726
372.16217 2.3087823
376.48383 2.3213189
378.77652 2.3316207
377.26993 2.3454576
375.48126 2.356807
372.7254 2.3757665
369.73206 2.386191
366.44928 2.3957522
362.38092 2.4079857
357.1037 2.417221
351.15692 2.4278033
346.86218 2.4333231
340.5317 2.4422224
333.35156 2.4492278
325.8836 2.4572194
319.06012 2.4684098
314.7288 2.4792976
306.01065 2.485476
297.95102 2.4931402
290.55356 2.5040336
282.61197 2.5183525
274.34586 2.5292094
267.95276 2.5307088
260.58456 2.5377233
252.531 2.549268
243.65114 2.5593903
236.89879 2.5721831
229.60416 2.5814898
223.63788 2.5819848
216.90459 2.573332
209.46689 2.5733278
200.70665 2.5793674
192.57655 2.5954869
185.06514 2.6104274
177.61266 2.6296093
172.30664 2.6339972
165.3769 2.6383004
158.7018 2.6422753
152.9129 2.6510243
144.14468 2.6732564
138.21217 2.6943336
130.198 2.7218838
123.6507 2.7360947
116.05661 2.7360218
108.688446 2.7369912
101.39921 2.748791
93.8388 2.7607048
85.96554 2.773542
78.39116 2.7927914
70.73401 2.8133557
63.38472 2.8116834
57.055344 2.8107193
50.223827 2.8421955
43.56788 2.8734965
37.236855 2.8824353
32.178787 2.840517
26.192987 2.8388042
19.349098 2.8903096
13.249776 2.870566
6.9364367 2.9164145
2.5483122 1.5855508
7.171607 0.25755373
11.258835 -0.10337447
17.960098 -0.29187375
23.330454 -0.32475278
28.056728 -0.26854104
33.803463 -0.19183378
40.16956 -0.11092141
46.48281 -0.0419294
52.150043 -0.0017707797
56.931484 0.009653166
61.941975 0.025006121
66.400635 0.023326699
71.42753 0.021684755
75.8754 0.020413397
80.282364 0.019292695
86.40591 0.01792528
93.1071 -0.0018597599
99.09508 -0.0045375368
104.81615 -0.0042898674
111.088036 -0.0040476657
117.08637 -0.0038403026
121.22161 -0.0119523825
127.784096 -0.011338528
134.06303 -0.005376334
140.76389 0.00390414
147.77881 0.0153697925
154.79779 0.022917328
159.86494 0.028443137
164.11826 0.033797033
169.91382 0.03852824
174.21037 0.047516663
181.47464 0.0470947
187.1884 0.04565616
193.87662 0.04408011
200.85725 0.042547196
205.16982 0.04514724
211.93361 0.04976134
218.98073 0.05272749
225.93637 0.05110279
229.9379 0.050212715
236.91829 0.04873209
243.91681 0.0473328
250.45331 0.04609659
256.87323 0.04494373
262.1988 0.047845405
269.9525 0.050175898
276.3006 0.05526383
283.1067 0.06098074
288.29355 0.07031428
294.58542 0.08243624
299.09964 0.091253966
303.5618 0.09742226
309.4784 0.103206016
314.8035 0.11217326
319.2862 0.12051744
326.69122 0.13274142
332.85406 0.1402008
339.84378 0.15431319
344.15048 0.16595587
348.20465 0.17671314
351.9321 0.18720366
355.03317 0.19845165
359.51505 0.20789833
366.88562 0.21476895
372.43665 0.21979451
377.88028 0.2320558
381.38474 0.2445465
382.5819 0.25678653
381.0087 0.2687952
376.59964 0.2830692
372.39597 0.29476014
368.06113 0.2991349
364.40732 0.30715364
360.9904 0.31389925
356.5565 0.32089067
352.1359 0.32806206
347.37366 0.34102777
341.8289 0.34765494
337.48807 0.3523198
332.7065 0.35760885
327.11206 0.36400735
323.1148 0.3687248
317.5426 0.3755142
313.82083 0.3801938
308.2706 0.38739946
303.38715 0.39754537
298.90762 0.4074847
294.34528 0.41418493
288.85733 0.42255256
283.39746 0.4312322
277.12637 0.43370762
270.4252 0.43296772
265.68365 0.43568635
261.8594 0.44391173
254.77632 0.44845212
248.69704 0.4512982
243.51276 0.45706463
237.82103 0.46549296
232.46292 0.46745473
227.68964 0.4717331
221.77213 0.48030618
215.99947 0.48903355
208.9748 0.49610233
200.99242 0.50632083
195.26517 0.5167645
188.71114 0.5197434
181.5023 0.51703495
174.80457 0.5190754
168.40472 0.5271016
163.14053 0.5443479
158.05792 0.56393135
153.00587 0.584955
147.11115 0.59523356
140.41357 0.60377514
133.1874 0.60458344
125.35895 0.60905725
117.95162 0.61441505
111.0251 0.60038203
103.251976 0.59322965
95.385254 0.59821266
88.74273 0.6083396
83.1836 0.6375207
79.057236 0.6767614
73.1596 0.7068497
67.40457 0.7232364
62.652855 0.7501462
56.270355 0.78371155
51.033222 0.800167
43.279335 0.81600815
37.76269 0.8239892
31.988262 0.8309175
25.067541 0.84343255
17.63652 0.96904993
13.118816 1.1174502
7.062232 1.6415638
5.306231 2.795589
10.044874 -2.7379522
14.093947 -2.5094285
20.643185 -2.3318367
27.354494 -2.3123863
33.17204 -2.335729
40.45138 -2.3087938
47.589115 -2.2861235
55.05544 -2.2470279
61.8016 -2.2218475
68.896324 -2.2072582
73.87456 -2.195494
81.30618 -2.1750937
86.68967 -2.1636963
91.15969 -2.153495
94.80318 -2.1317778
99.937775 -2.1172657
105.4214 -2.102327
111.12603 -2.0968044
118.86746 -2.1002567
126.57516 -2.1023953
136.15318 -2.109899
140.75204 -2.1090658
148.2556 -2.1082938
156.23882 -2.109555
164.08403 -2.1093283
169.21321 -2.0997715
175.91173 -2.0972438
180.42189 -2.0947936
187.0194 -2.0905356
192.53865 -2.083113
198.26309 -2.082829
205.32393 -2.0746243
212.9689 -2.0615726
217.82422 -2.0548718
222.19159 -2.0534573
227.54793 -2.0510418
235.24715 -2.0495138
242.74356 -2.0463102
249.98254 -2.0414455
256.44135 -2.0373747
261.36505 -2.0321717
266.94644 -2.0259647
271.66162 -2.017487
277.08508 -2.0081327
281.18106 -1.9974277
285.36316 -1.9869463
289.13297 -1.9811913
293.3705 -1.974915
298.66614 -1.973721
303.88132 -1.969986
310.6049 -1.9651947
317.07355 -1.9567184
321.00955 -1.9517418
325.4171 -1.9380888
331.0838 -1.9299002
337.40555 -1.9228761
343.2833 -1.9165928
349.01678 -1.9137176
354.05618 -1.911632
358.91266 -1.9038907
361.73764 -1.8880844
362.92407 -1.8711263
367.5731 -1.8516225
366.154 -1.8378574
363.90244 -1.8253627
361.21313 -1.8158559
358.71033 -1.8003949
354.42487 -1.7837063
348.12225 -1.767145
343.20505 -1.7544287
337.22858 -1.7396483
330.5016 -1.7277995
323.81647 -1.7154456
316.34067 -1.69982
309.88715 -1.6895127
303.4712 -1.6787721
297.09036 -1.667567
290.83597 -1.6592947
285.43692 -1.6531163
279.29172 -1.6477566
274.104 -1.6390911
266.94284 -1.6297127
260.08963 -1.6235834
253.99704 -1.6169653
248.47737 -1.6130134
242.85889 -1.602623
237.5914 -1.5981234
229.81293 -1.5903543
225.79024 -1.5862787
217.74446 -1.5741524
209.75407 -1.5684155
203.75311 -1.5683454
197.7878 -1.5644548
190.79417 -1.5577091
182.80667 -1.5516732
175.85852 -1.5452367
171.48932 -1.5445853
165.86382 -1.5436962
158.8492 -1.5487885
152.81587 -1.5544564
145.81664 -1.5589114
138.57622 -1.5671926
132.85782 -1.5670375
127.837456 -1.5668899
120.59106 -1.5666552
114.6033 -1.5577235
106.86133 -1.5474285
100.64322 -1.5459845
95.64161 -1.5446867
89.12997 -1.553987
82.87292 -1.5527178
74.88279 -1.5507885
69.87862 -1.5493555
62.87991 -1.5469687
55.17336 -1.5436397
47.917408 -1.5395262
38.927338 -1.5323013
33.933174 -1.5266323
29.465113 -1.5199299
24.230137 -1.5089273
16.833763 -1.4816824
10.78232 -1.4314014
3.9445207 -1.4438523
2.7367148 1.9443574
7.2315245 1.779471
12.401306 1.6918945
16.854553 1.6597983
16.854553 1.6597983
