Stilus
21
300.52118 0.35149214
300.95926 0.309795
301.1223 0.2739832
301.42883 0.2521927
301.3752 0.23440234
301.44052 0.22064826
301.11987 0.19977298
300.032 0.1809934
300.1212 0.16327088
300.37106 0.14706686
300.76422 0.13251388
300.14725 0.116078496
300.6797 0.10169895
301.22687 0.085563794
300.77356 0.065687306
300.5372 0.05238808
300.3467 0.03843511
300.19623 0.021803873
302.62573 0.005117988
304.13815 -0.010967309
304.25134 -0.029397873
303.40298 -0.043109905
302.18594 -0.06104561
303.0022 -0.076224566
303.3481 -0.08992759
304.8317 -0.10598961
305.393 -0.122053355
305.28177 -0.13863143
304.8617 -0.15211673
303.81586 -0.17593232
301.81476 -0.1906313
300.79944 -0.20751674
299.24356 -0.22820456
298.38562 -0.24960604
298.55338 -0.26489478
298.38474 -0.2814822
299.42303 -0.2989518
298.30273 -0.32014352
297.79193 -0.33591005
297.20596 -0.3580936
297.31808 -0.37958226
299.59534 -0.39820242
301.48853 -0.4128743
301.8852 -0.43052825
301.75064 -0.4495621
303.0213 -0.46268314
304.81305 -0.48145676
307.64236 -0.4987734
308.40134 -0.51602787
308.29996 -0.5342113
306.70886 -0.55710673
303.81293 -0.5675592
301.9509 -0.5853282
300.7823 -0.60551834
299.18896 -0.6260654
301.1517 -0.65022796
303.02307 -0.66634476
303.547 -0.6881844
303.18857 -0.70855385
300.84027 -0.7240964
298.376 -0.73920727
297.44022 -0.7611665
297.3546 -0.78495735
298.0503 -0.80658054
301.30246 -0.81687576
302.29828 -0.8334365
302.344 -0.85566396
302.85825 -0.87660515
301.7214 -0.8942606
299.4034 -0.90937626
296.72803 -0.9252169
295.9568 -0.94013864
296.88342 -0.95898235
299.91263 -0.9810699
299.46945 -1.0001439
300.08078 -1.0220078
299.2266 -1.0397171
298.51422 -1.0580895
298.68 -1.076984
300.7892 -1.0994862
300.35315 -1.1173517
300.09506 -1.1325691
297.81735 -1.1451043
295.63156 -1.1617157
294.63672 -1.1849493
295.87354 -1.2022288
296.9935 -1.2220417
296.42072 -1.2387675
295.5442 -1.2555369
296.0309 -1.2742236
296.37357 -1.2913414
297.53766 -1.3067507
299.6692 -1.329335
298.75568 -1.3457546
298.63144 -1.363234
299.63037 -1.380476
301.26248 -1.4017445
301.54727 -1.4220403
301.83862 -1.4388827
303.09344 -1.459395
303.48254 -1.479327
304.8722 -1.4937348
304.78918 -1.5092618
304.52158 -1.525725
305.3164 -1.5445845
306.95996 -1.5618075
307.21558 -1.5768422
306.26935 -1.5903606
305.49777 -1.6140875
305.7411 -1.6296604
305.0232 -1.6437271
304.4996 -1.6627513
303.2848 -1.6805243
302.6351 -1.6973344
301.01654 -1.7189859
297.4109 -1.7335038
294.13873 -1.7491616
292.13196 -1.767773
290.37708 -1.7892247
290.519 -1.8102548
290.5274 -1.8244615
289.50998 -1.8477305
290.9679 -1.8677534
293.72632 -1.8862581
294.61444 -1.9058409
295.41003 -1.9282852
297.47916 -1.9418596
299.32507 -1.9573998
300.94943 -1.9704497
302.92682 -1.9856315
305.28915 -2.002866
307.08047 -2.0153475
309.27014 -2.0299864
310.85272 -2.045442
311.3338 -2.0673344
312.19183 -2.08228
308.9582 -2.1012313
305.7397 -2.1216867
303.32428 -2.1382277
301.50345 -2.1608996
300.6021 -2.180114
302.32843 -2.1953375
303.27206 -2.2135127
304.84375 -2.2364554
303.86908 -2.2547386
301.94022 -2.2728617
300.70807 -2.2971637
299.64157 -2.3229568
298.25717 -2.3517694
300.54904 -2.3666546
302.3052 -2.3814888
304.7244 -2.401242
305.12518 -2.4245026
302.74707 -2.4437747
299.40527 -2.4637153
298.33646 -2.4832158
298.37094 -2.505241
300.64655 -2.5231137
303.91522 -2.5407457
306.3905 -2.558113
307.02905 -2.5865302
306.26813 -2.6030824
305.18723 -2.617142
303.6484 -2.6378489
302.22543 -2.6586845
301.2775 -2.6739547
298.0881 -2.6974196
296.29034 -2.7103457
295.17114 -2.7354639
295.78275 -2.754715
295.74075 -2.7756116
301.6653 -2.7953672
304.9756 -2.824344
306.17734 -2.8573241
307.1627 -2.8852866
307.57806 -2.9031625
308.17245 -2.9236245
309.86465 -2.9445834
309.9738 -2.9643679
308.97342 -2.983464
308.36877 -2.9962757
307.58612 -3.014841
307.06705 -3.02888
306.46396 -3.047857
306.0357 -3.0641556
305.70557 -3.0796137
305.48233 -3.0927873
305.27243 -3.109842
306.15756 -3.1253858
307.11688 -3.1393287
308.15613 3.1252277
308.32166 3.1049678
307.89117 3.0829558
307.9773 3.0667915
308.32452 3.0530272
308.80627 3.0369189
309.3394 3.0216272
309.1589 3.0012047
309.899 2.98521
310.84186 2.9670205
311.39948 2.944394
310.52036 2.926596
310.63623 2.9069269
308.9396 2.8922746
307.89426 2.8763716
307.4299 2.8577797
307.2574 2.8372118
307.21124 2.8166654
307.92093 2.7905152
306.30542 2.770076
304.07568 2.75304
302.64618 2.7316477
302.04022 2.7105656
302.558 2.689487
303.88724 2.673229
306.76172 2.655033
307.72562 2.6355855
308.5231 2.617846
309.71262 2.598619
310.12112 2.5804768
311.2044 2.5666704
312.01376 2.547617
312.3466 2.5297294
309.6856 2.5129082
308.82397 2.494101
307.33893 2.4745998
307.2947 2.457763
308.38107 2.4396157
310.12357 2.4231343
310.47052 2.4025612
311.9901 2.379623
310.50186 2.363809
308.73865 2.3479178
307.3959 2.3334389
305.04535 2.3199437
305.0112 2.2979133
306.72125 2.2833185
309.84964 2.258803
311.83514 2.241342
313.02252 2.2206192
312.76437 2.2027981
311.83652 2.1793735
309.49838 2.1655707
308.24692 2.1493833
306.82135 2.1292837
306.0343 2.111706
305.76535 2.094117
304.2899 2.0769176
303.62946 2.059712
302.13892 2.0410733
302.19586 2.0216272
304.81818 1.9930179
307.17474 1.9716117
306.8904 1.9566429
305.92697 1.9398642
305.1126 1.9235404
304.66104 1.9047954
303.24872 1.8858287
303.9582 1.8658538
303.2006 1.8516325
302.9242 1.836152
301.65253 1.8201692
300.47885 1.8043392
299.3356 1.7877014
299.00034 1.7660161
298.9543 1.7471011
300.1766 1.7312976
298.43008 1.7153096
297.82883 1.7007042
297.15274 1.6819403
297.61282 1.6640928
298.2038 1.6479048
298.84415 1.6302038
296.00473 1.6062318
295.37036 1.5893948
297.32022 1.5667039
301.1483 1.5444034
302.6605 1.5229294
301.99054 1.5038774
300.4356 1.4897003
299.04105 1.4731104
299.17914 1.4591875
299.73026 1.4438331
300.29468 1.4298716
301.00052 1.4142061
301.85797 1.3971368
303.08832 1.3753479
303.9472 1.3615547
304.9759 1.3462234
304.2734 1.3275951
303.2005 1.3102281
301.98428 1.2954123
298.44366 1.2687297
295.88528 1.2482492
295.46887 1.2329022
294.59375 1.2072053
294.66467 1.1879864
295.56653 1.1716872
296.6284 1.1548654
295.88705 1.1381277
295.41772 1.1195085
295.93274 1.1045351
296.70538 1.0869381
298.40036 1.0741203
300.6327 1.0605886
301.849 1.0467798
303.52045 1.0308892
301.65448 1.012495
298.38513 0.99283415
295.9534 0.9671193
293.35416 0.9441396
292.31927 0.92028034
293.47293 0.89864564
294.29865 0.8789478
294.91098 0.8606766
294.3615 0.8415742
293.51212 0.8164898
292.49243 0.79419047
289.85675 0.77045846
288.04132 0.7526416
289.32043 0.7344595
290.99902 0.7189482
292.2871 0.6937868
293.63538 0.6725117
293.1219 0.65216094
291.13254 0.63163465
291.4828 0.60984623
292.65405 0.58531773
294.69116 0.5696775
297.573 0.5539596
299.0819 0.5241097
299.23105 0.50465834
299.14313 0.48299015
298.9701 0.4674138
300.03455 0.44429395
301.46048 0.42280534
301.01587 0.40085554
299.4648 0.37954995
298.58725 0.36280188
298.58725 0.36280188
