Stilus
43
13.321286 1.2266601
20.912218 1.1239038
27.049421 1.0999043
34.833294 1.1171525
43.316135 1.0844128
52.044144 1.0863057
58.543472 1.0886414
65.061165 1.0723783
71.05891 1.0645398
76.010185 1.0589962
81.219315 1.0635978
86.02228 1.0680531
92.9732 1.0630776
99.30419 1.0523338
105.39712 1.0609787
111.36068 1.0805392
117.03101 1.0988628
122.041916 1.1084933
129.38042 1.1108823
132.98082 1.1242496
137.76598 1.1408154
144.21866 1.1384767
150.42772 1.144612
156.12357 1.1489781
161.75336 1.1544386
169.30602 1.1305953
176.01704 1.1239594
182.25294 1.1200223
188.82745 1.1192455
192.86867 1.1236473
199.20084 1.1388363
204.69205 1.1418394
212.9755 1.1441537
218.92982 1.1502092
222.84294 1.1580497
227.20773 1.1664467
231.39417 1.1707208
236.50378 1.1740679
242.5443 1.1755719
247.79916 1.1800473
253.07272 1.1860522
258.74094 1.189101
264.46185 1.1937101
270.81085 1.1950612
277.09644 1.1937697
284.07797 1.1922383
290.51166 1.1959419
297.2978 1.1954226
304.13895 1.196714
308.8124 1.2018746
315.4616 1.2074025
319.6085 1.2115661
325.33023 1.2181624
329.86026 1.2232119
335.6668 1.2294719
340.34055 1.2343459
344.6264 1.2386922
350.3151 1.2533036
355.8675 1.2643193
359.3603 1.2732129
364.05875 1.2800333
367.53107 1.2913512
370.67383 1.3102547
370.49152 1.3240405
370.65924 1.3374873
368.2332 1.3496975
364.26788 1.3608809
358.88107 1.3676372
354.83795 1.3782105
349.67618 1.3826051
345.3745 1.3861195
338.83585 1.3968475
332.33948 1.400175
327.26523 1.4006003
322.39554 1.4011477
316.01166 1.4065771
309.0523 1.4150479
303.3314 1.4296616
299.81076 1.4481
294.95035 1.4656314
290.1786 1.4750935
284.7541 1.4875064
279.5437 1.4966924
274.4957 1.4997859
269.19992 1.502106
263.97446 1.5159078
257.32214 1.5323942
252.13716 1.5475894
249.35631 1.5677946
249.39171 1.5879112
249.51266 1.6063268
253.75941 1.6274648
255.05818 1.6452649
260.10284 1.6636066
265.59634 1.6806403
272.84775 1.6927763
277.4475 1.7016298
282.68814 1.7084588
286.95697 1.7118396
294.59427 1.7249162
300.98117 1.7316853
306.13422 1.7342236
310.2052 1.7337617
314.4253 1.7347953
319.32593 1.7382159
324.16202 1.7442014
328.89563 1.7555652
332.88678 1.7701318
337.66666 1.7832339
342.311 1.794398
348.17596 1.8031312
352.99945 1.8086556
359.3285 1.8078784
363.93375 1.807644
368.52454 1.8096365
372.8427 1.8206247
374.99716 1.8321058
376.394 1.8456408
373.5578 1.8602306
368.65207 1.8770225
362.8787 1.8885003
358.2509 1.8956915
354.44803 1.8993075
348.0408 1.9055893
342.7495 1.9140579
335.87338 1.9188932
328.04434 1.9243507
320.85968 1.9285626
316.18973 1.9307128
309.04483 1.9325074
301.81177 1.9344995
295.41873 1.9391233
288.33902 1.9411746
283.37097 1.9442031
277.9982 1.944878
270.8852 1.9474913
266.73853 1.949501
261.71243 1.9530077
256.98773 1.9594274
252.3908 1.9668964
247.80669 1.9746454
242.47707 1.9761016
238.40285 1.9788603
233.27696 1.9791007
228.24678 1.9837952
224.00577 1.9872776
216.25833 1.9979978
209.42906 2.0065014
203.08441 2.0116267
196.10046 2.0170577
192.3615 2.0249798
184.32507 2.0342276
177.53285 2.035995
172.083 2.0328288
163.4105 2.025556
154.97217 2.029789
150.01955 2.031706
145.13591 2.0325637
141.09169 2.0388472
136.64813 2.0452
127.89843 2.0295835
120.948494 2.037609
114.45273 2.0466888
106.631325 2.0445204
99.30789 2.037259
90.120544 2.026574
82.40267 2.0204327
77.64362 2.0195851
72.35912 2.0246875
66.96938 2.0305877
62.798676 2.0412207
57.467655 2.0494149
52.639698 2.0380752
46.07289 2.0192282
39.43306 2.0077085
34.22716 2.0401292
29.37332 2.0563085
23.729921 2.0521405
17.92534 2.0641663
13.815452 1.7710272
14.440175 1.4160292
18.12409 1.1154577
22.766436 0.9512811
29.128933 0.90840584
37.972157 0.8797143
45.772545 0.8791363
50.90452 0.9045576
56.57065 0.87055075
62.6868 0.8328203
68.690475 0.81997705
74.63019 0.8287128
82.36409 0.8203736
88.69236 0.8099266
95.003845 0.80087495
100.66131 0.80001855
108.82958 0.7989382
114.59376 0.7876372
121.80235 0.7859219
126.27437 0.7954269
131.76617 0.7966223
137.88002 0.7924895
143.0033 0.78587925
151.32458 0.77782595
157.93102 0.77020085
163.77411 0.76428044
169.48499 0.7494538
175.27304 0.7455209
183.15512 0.74724776
192.06747 0.7473814
200.60918 0.7505889
206.9191 0.7506347
213.85143 0.74614906
220.96156 0.7410208
227.468 0.73141545
231.53671 0.72260636
238.72308 0.71271455
246.63503 0.710401
255.0822 0.7128883
261.96606 0.720122
268.99646 0.72718304
275.6886 0.7271602
280.6426 0.72405183
287.5972 0.71761864
292.84442 0.7109061
298.83597 0.70696473
303.51797 0.7025214
311.44415 0.6978081
315.76776 0.6938963
322.53918 0.6863158
329.94556 0.67969024
337.24112 0.6755477
342.30826 0.6719926
347.74728 0.6679309
354.37332 0.6603855
359.11597 0.6501681
362.65155 0.6369139
366.97952 0.6238708
369.1037 0.604848
370.88345 0.5869025
371.411 0.5708333
370.06335 0.5570972
368.41953 0.5446828
365.22882 0.5300859
361.2355 0.51505536
357.08575 0.50153744
352.282 0.49282008
346.41217 0.48557386
340.8854 0.4800437
335.02625 0.47946724
326.68146 0.4691076
321.30206 0.46361881
316.9639 0.4555178
310.097 0.44310093
305.15744 0.43175825
300.07767 0.42487213
292.78183 0.41090962
286.9816 0.39799687
281.2254 0.38586116
276.80057 0.37631723
270.32944 0.3659087
266.09793 0.3558831
261.90396 0.34555238
256.2341 0.34427392
253.08461 0.3298308
249.9562 0.30788708
247.77646 0.29318374
251.48566 0.26441398
256.78607 0.24386214
260.6595 0.2312173
267.04346 0.21789196
271.82034 0.21316612
276.0081 0.20988311
280.8832 0.2061873
287.5297 0.20135483
292.62546 0.19780155
298.7208 0.19371365
304.41104 0.19004795
311.2632 0.18581481
318.3455 0.18163435
324.4596 0.17191981
329.3332 0.16935086
334.0832 0.16692024
338.15308 0.1592134
342.62433 0.15386158
347.19638 0.1437529
351.96356 0.13827288
358.29916 0.122363806
363.32196 0.11452231
368.5619 0.097120106
372.00876 0.08004487
373.4081 0.06842385
374.61795 0.055915497
374.29382 0.037372027
370.50232 0.024027608
363.50162 0.010358653
357.47583 -0.0034653307
350.48486 -0.012687146
344.6272 -0.02910917
339.57523 -0.041941617
333.82834 -0.057682272
326.24982 -0.068201624
320.4182 -0.07569556
312.47546 -0.07826492
307.70047 -0.079482004
303.53314 -0.0805756
299.5416 -0.08165168
295.54053 -0.08275961
289.36655 -0.08452956
283.41226 -0.07923435
278.9769 -0.076903746
272.47263 -0.08168004
267.3045 -0.084019944
261.33972 -0.08594228
255.37144 -0.087955974
249.38165 -0.09007422
243.42682 -0.09228387
236.63696 -0.09493965
229.5109 -0.09789673
222.74173 -0.100881815
216.58641 -0.103759035
209.82933 -0.107113
205.66571 -0.10929005
199.89145 -0.11246029
194.74782 -0.115443654
189.96725 -0.11836229
184.83592 -0.12166431
178.8843 -0.12573329
172.94254 -0.13007718
166.20743 -0.13538001
160.25374 -0.14044234
154.32814 -0.14587262
149.21587 -0.150908
143.12437 -0.1503179
137.04738 -0.14965993
131.57573 -0.12666649
124.59275 -0.1024119
118.00027 -0.07434446
111.693344 -0.050481994
105.58825 -0.024960425
100.57291 -0.016247965
96.38175 -0.0067519196
91.57614 0.0060011684
85.71471 0.018069845
78.79995 0.019655682
72.91722 -0.016455417
66.78752 -0.06305682
61.31835 -0.11349804
55.488358 -0.17100534
48.992672 -0.18100132
41.606934 -0.17988473
35.290188 -0.18365788
29.207033 -0.18755062
24.37897 -0.1834189
19.905851 -0.13580784
14.791102 -0.09811166
10.128668 -0.04440799
12.069765 -0.42370233
20.177944 -0.6350384
29.960182 -0.6424992
34.52362 -0.62501854
41.446655 -0.56534785
46.922295 -0.4984646
51.370846 -0.45190218
56.110645 -0.43080035
61.99788 -0.4050453
66.83046 -0.37424022
72.20682 -0.34515896
79.01203 -0.3514818
86.39164 -0.35708755
94.24195 -0.3685097
98.78788 -0.37506643
106.44486 -0.39735398
114.24894 -0.40670377
122.85733 -0.4208273
129.96935 -0.43007284
136.7844 -0.4375461
144.36476 -0.45136026
152.48683 -0.46003833
160.27089 -0.46712348
168.57413 -0.47549778
173.96758 -0.4674305
180.83026 -0.47170296
187.7198 -0.4757033
193.8777 -0.48204294
199.4238 -0.4804156
203.73021 -0.47612306
209.92633 -0.47107187
217.09555 -0.4780367
223.09459 -0.48987964
231.4583 -0.50087106
240.01323 -0.51371753
246.2417 -0.5237459
252.55481 -0.52296096
257.70682 -0.5248914
264.1486 -0.5291661
270.4394 -0.5395984
277.05563 -0.55135113
284.61148 -0.5556484
289.772 -0.555557
296.37378 -0.56199354
303.00986 -0.56338835
307.95215 -0.55901325
316.19376 -0.560644
324.88715 -0.5685712
333.40326 -0.58069736
338.10437 -0.5889152
344.11627 -0.5951345
350.40613 -0.60121846
357.84564 -0.60692346
363.1532 -0.6135129
368.2787 -0.62371075
373.23544 -0.636608
376.08685 -0.6467937
377.88168 -0.6573951
377.56857 -0.6727108
374.80276 -0.68892103
370.23175 -0.70266294
365.52505 -0.7136185
360.46753 -0.7227842
354.5993 -0.7330057
350.17368 -0.7444437
346.3797 -0.7545821
341.47177 -0.7648409
338.4727 -0.7726483
332.8039 -0.7809
327.20145 -0.7893052
321.04013 -0.79652405
315.93372 -0.80289143
308.34937 -0.80613714
301.81137 -0.80368817
294.9311 -0.80467445
287.89606 -0.81004816
283.5178 -0.81482345
278.0787 -0.8210763
273.79306 -0.83136183
269.70465 -0.84255356
266.3292 -0.85688144
262.6652 -0.87313575
259.19934 -0.8892418
255.77425 -0.90592104
253.02611 -0.9199005
250.3285 -0.9341841
247.46454 -0.9500086
249.69347 -0.9776558
254.24614 -0.9991083
260.0104 -1.0143583
264.49545 -1.0248713
269.05206 -1.0308062
276.10672 -1.0376728
284.4134 -1.0436053
291.4747 -1.0497571
298.5366 -1.0556161
303.79764 -1.0607679
308.52438 -1.0656223
315.60867 -1.0707964
319.25272 -1.0770215
324.44385 -1.0856136
330.446 -1.0951661
335.9697 -1.103616
339.5571 -1.1089381
344.8469 -1.1222303
348.86368 -1.1328473
353.1181 -1.1459277
356.29227 -1.1568161
359.93015 -1.1669753
363.3433 -1.1817222
362.76044 -1.1930602
362.46503 -1.2104456
362.5346 -1.2258866
360.87308 -1.2389394
356.67996 -1.2517986
352.4396 -1.2623677
347.74158 -1.2716538
342.19376 -1.2837598
334.2256 -1.2931414
328.53915 -1.2984022
322.92657 -1.3031777
315.4007 -1.3090343
307.6305 -1.3156856
300.0891 -1.3194788
291.5909 -1.322623
286.8871 -1.326043
281.67126 -1.3319571
275.38547 -1.3338447
266.894 -1.3377438
258.6178 -1.3389426
251.92004 -1.3480567
245.36743 -1.3554376
239.89072 -1.3580484
233.99753 -1.3579154
229.71034 -1.3618032
220.45416 -1.3631734
212.63042 -1.3735533
205.79733 -1.3763552
197.54721 -1.3748989
193.46759 -1.3747659
189.3375 -1.3758503
184.4783 -1.3761377
180.15065 -1.3783431
173.4576 -1.3871089
165.09872 -1.4023159
156.72467 -1.4126091
148.36565 -1.4240712
140.04794 -1.4368519
133.80856 -1.4473263
125.65721 -1.4535235
120.61068 -1.4568065
115.40623 -1.4691496
107.17816 -1.489371
102.04646 -1.5120393
97.7009 -1.5247786
92.79871 -1.5331184
88.642715 -1.5426246
82.95658 -1.552736
75.823975 -1.56421
71.6163 -1.5638231
66.62699 -1.563301
58.91038 -1.5623192
54.092762 -1.5615641
49.865234 -1.5607814
42.843487 -1.55914
36.629807 -1.5571625
32.531055 -1.5554446
26.656229 -1.5520608
20.440062 -1.5952291
15.763283 -1.6024803
11.559314 -1.6140095
5.8126397 -1.7914641
2.6712 -2.778301
8.158299 -2.2736144
12.242911 -2.0360827
16.19039 -1.9169515
20.196201 -1.8462551
24.410778 -1.7559675
29.103819 -1.7258427
34.07292 -1.7030867
40.04227 -1.6832744
45.949375 -1.6850525
51.08028 -1.6785439
58.312675 -1.678645
67.55153 -1.7081207
73.4552 -1.711034
78.442795 -1.704886
83.60967 -1.6965542
88.5552 -1.6894968
92.54736 -1.6843538
99.5984 -1.6842786
107.67668 -1.6870009
115.71831 -1.6875783
122.68025 -1.6809233
127.565384 -1.6766899
132.53467 -1.6727054
138.78358 -1.6681019
142.8762 -1.6653062
148.94563 -1.6614442
153.78552 -1.6768262
158.0923 -1.6815794
163.05988 -1.6892667
170.37473 -1.7018813
177.69171 -1.7134129
186.06784 -1.7232974
190.92363 -1.7246171
196.18517 -1.7307895
200.4411 -1.7334526
206.08792 -1.7475953
212.73763 -1.756358
219.62326 -1.7560302
223.88986 -1.7606091
231.18945 -1.7598428
237.26544 -1.759229
243.48123 -1.7660406
248.97704 -1.7698731
255.0913 -1.769829
262.1231 -1.771444
267.6023 -1.7748824
273.3021 -1.7817887
278.35193 -1.7910506
283.61212 -1.8027627
290.44775 -1.8149587
298.01614 -1.8196808
304.75873 -1.8242046
309.2027 -1.8268429
315.4966 -1.8268367
321.74152 -1.8323369
326.12427 -1.8325555
333.3989 -1.8353908
340.48013 -1.8425308
346.37286 -1.8516161
353.34073 -1.8647372
359.3412 -1.8736489
362.9479 -1.8849882
366.73642 -1.8988509
368.6064 -1.9134443
364.25665 -1.9331805
361.2396 -1.942282
356.21936 -1.9598863
350.3455 -1.9729826
346.50946 -1.9814421
342.8343 -1.992491
336.14386 -2.0073123
331.7908 -2.0141277
327.18585 -2.0208218
322.7283 -2.0275052
319.1185 -2.0330708
314.12637 -2.0381758
306.18265 -2.0505555
301.77295 -2.0581737
297.38812 -2.0660048
292.68274 -2.0708158
288.59772 -2.0746095
282.93906 -2.0856683
277.7834 -2.0879085
272.5835 -2.0987918
267.77356 -2.1049616
263.47787 -2.1146333
258.38034 -2.1266062
253.29388 -2.1391282
249.8561 -2.14794
244.78577 -2.152706
241.32666 -2.161132
244.3164 -2.187616
247.01189 -2.2028418
249.56769 -2.2166967
254.58684 -2.2309144
260.0039 -2.243921
264.69135 -2.2539575
272.7097 -2.2621834
277.7028 -2.2669408
283.9948 -2.2714148
290.79773 -2.2794895
296.00238 -2.2844257
301.24316 -2.2880228
310.3617 -2.2923026
317.2985 -2.2992716
321.42578 -2.3066294
326.20697 -2.3181796
330.51175 -2.327737
334.6527 -2.3407469
339.378 -2.3550029
343.12033 -2.3658767
346.15152 -2.3744297
349.39246 -2.3833354
353.05 -2.3931024
357.44537 -2.4044635
362.10065 -2.4160743
365.8567 -2.425143
369.4454 -2.4335709
373.43207 -2.4426749
373.7265 -2.4579742
371.53024 -2.4739494
369.24106 -2.487962
364.56958 -2.5048788
359.54315 -2.516874
353.09918 -2.516796
344.92798 -2.5211513
337.42834 -2.5307093
331.3463 -2.5399196
325.3712 -2.5560095
322.89777 -2.5676625
319.9489 -2.5820794
316.86157 -2.591774
309.37637 -2.602886
302.8283 -2.613161
296.24722 -2.6239507
289.04102 -2.6346142
284.4771 -2.6327477
277.69238 -2.6304338
273.4519 -2.622732
267.15747 -2.6168406
261.5665 -2.6110785
255.42073 -2.6133661
249.84079 -2.61925
242.96236 -2.6268892
236.65811 -2.631193
231.92043 -2.6401381
225.33087 -2.6486907
219.44183 -2.6504693
213.63425 -2.6497276
205.12503 -2.6604161
198.68523 -2.6678624
191.28777 -2.6715539
185.69731 -2.680352
179.25572 -2.6935503
173.03282 -2.7018602
167.47772 -2.7127125
162.12349 -2.7128627
156.42088 -2.713758
150.59445 -2.7070436
143.81293 -2.7138064
138.57967 -2.7360785
131.36801 -2.753798
126.39513 -2.7570696
120.98094 -2.76457
113.823746 -2.7665923
107.38685 -2.7657285
100.97787 -2.7512782
95.461235 -2.7614372
89.12295 -2.766111
82.72527 -2.7649524
76.78507 -2.7482927
71.32799 -2.731657
64.705475 -2.7164378
58.74435 -2.6938913
51.50161 -2.7066894
45.655712 -2.722792
39.276283 -2.7301133
33.247547 -2.7495399
26.173798 -2.8078654
20.546095 -2.8600926
13.80162 -2.9263544
8.759632 3.1091938
13.523879 3.0639384
19.969316 -3.068975
25.585526 -3.0457647
30.649696 -2.996003
35.466183 -3.015888
41.13556 -3.0332863
45.518703 -3.021668
50.4664 -3.033474
54.578182 -3.0416477
59.05871 -3.032247
64.494255 -3.0259113
69.546646 -3.034349
76.317116 -3.0307298
80.674355 -3.0242774
86.6029 -3.0090961
90.978905 -3.0044246
96.39393 -2.9964783
102.132706 -2.9997454
108.344086 -2.9892921
113.44096 -2.9872763
118.528854 -2.9854217
123.60515 -2.9837043
128.8098 -2.966548
134.36098 -2.947389
138.73933 -2.949925
142.7918 -2.9554293
147.57495 -2.9615304
152.35867 -2.967243
158.26366 -2.9738111
164.43498 -2.9801643
169.23758 -2.984784
174.79366 -2.9898076
179.10687 -2.99349
183.60408 -2.9971435
190.11073 -3.0021203
194.25017 -3.0154884
199.16179 -3.0323656
203.05876 -3.0450747
207.5619 -3.0526557
211.66562 -3.059122
216.65993 -3.0610273
222.63187 -3.0631928
228.99892 -3.0588114
234.83034 -3.0544662
239.16457 -3.051855
243.8221 -3.0424047
250.19687 -3.0397763
254.79372 -3.0416195
261.4146 -3.0441597
267.70895 -3.0502062
272.2594 -3.0517378
276.65463 -3.0531693
282.9277 -3.0551345
288.90143 -3.0569267
293.857 -3.0583577
299.42276 -3.0656545
304.37604 -3.0711174
309.81818 -3.0872996
315.15457 -3.1014564
321.24725 -3.109083
325.8246 -3.1144857
330.67056 -3.1190784
337.62717 -3.1247241
344.07544 -3.1359298
350.06842 3.1357415
354.69507 3.127081
357.80737 3.1132147
359.33008 3.1021912
359.56168 3.0882995
359.93048 3.071679
358.33505 3.0569994
356.93604 3.0422454
353.49973 3.0270698
348.15048 3.0141253
341.78476 3.0050786
335.57474 3.002536
330.63327 3.000444
325.7878 2.9959846
321.0394 2.9899023
315.5253 2.9840245
309.87234 2.9753795
304.45776 2.9682589
299.44574 2.9598386
294.79935 2.9521759
290.68842 2.9459608
285.52448 2.9388041
281.5897 2.93593
277.2695 2.9188778
273.08984 2.9041264
268.98944 2.889033
264.91345 2.873219
261.36575 2.856562
257.97952 2.8386164
254.3563 2.824799
250.59743 2.802466
250.18738 2.7822475
252.35469 2.76004
255.2801 2.7423725
259.77524 2.7287784
267.05417 2.7202685
272.1466 2.7166018
278.84903 2.7156594
285.06577 2.7101116
291.26086 2.704838
296.33524 2.6941738
302.3137 2.6816885
307.7004 2.6757815
313.5138 2.6672788
319.0965 2.6683493
326.4776 2.6635952
331.735 2.6518786
335.32996 2.6406765
340.4386 2.631669
345.87558 2.621403
347.99115 2.610886
350.04492 2.6009722
354.21457 2.5923803
357.89468 2.5810301
360.4798 2.5697079
363.62903 2.5563893
365.04492 2.5456693
362.60385 2.528356
358.12766 2.5171196
354.1339 2.5124624
348.37558 2.5075185
342.465 2.5038762
334.15643 2.5086515
328.79608 2.505221
323.58957 2.5010042
317.58282 2.4947388
313.0059 2.4876766
306.59595 2.4788294
301.0919 2.4686942
297.62158 2.4604635
293.9511 2.4503007
287.7006 2.440079
282.32397 2.4391387
276.58463 2.435768
267.1732 2.4352293
261.14282 2.43435
255.36435 2.4291918
252.16673 2.4102292
248.36642 2.4018722
242.86153 2.395091
236.14235 2.3947082
228.61714 2.3932757
219.20265 2.3977046
213.70786 2.402087
205.20999 2.409693
197.3066 2.415754
189.32054 2.415508
183.67325 2.417341
176.31432 2.4048839
169.36066 2.397473
161.759 2.378869
153.88371 2.3729215
145.20786 2.3654468
136.19296 2.3621817
127.008965 2.3570728
118.36804 2.3556619
113.41301 2.3494203
104.588005 2.3421142
95.43824 2.3333838
85.91457 2.322655
76.369736 2.3184903
67.23637 2.30288
59.94456 2.2727866
52.002693 2.2327158
42.186417 2.2038357
32.210655 2.2007287
23.470226 2.1957817
17.527184 2.1510003
12.781555 2.0150347
12.781555 2.0150347
