Finger
34
13.018319 1.2989435
31.404419 1.0554266
42.43681 1.018272
48.687866 1.0057589
53.95261 0.9973498
59.89465 0.9880973
65.864265 1.0023605
71.6176 1.0040307
77.3706 1.0070114
81.88227 1.0115029
87.47448 0.99757934
94.53258 0.98916477
99.55537 0.9729633
105.847336 0.95359623
111.7127 0.9570217
118.96692 0.95296437
124.71 0.9611051
129.94487 0.9704618
134.39088 0.97509086
140.06773 0.9787235
145.94286 0.9801244
152.65292 0.9850129
159.205 0.99140424
166.68361 0.999363
173.35953 1.0035154
181.92238 1.0010489
189.22313 1.0069562
196.21918 1.017406
203.23338 1.0271348
209.42346 1.0337883
214.14232 1.0375031
219.88277 1.035761
226.06212 1.0416827
232.72931 1.0521957
240.33177 1.0618758
246.58682 1.074797
250.78543 1.0793228
255.96622 1.0826459
260.56866 1.0906909
265.92325 1.0981809
272.31186 1.1016766
278.5251 1.1050105
284.69363 1.110981
290.64566 1.114329
298.33978 1.1149502
306.41135 1.120597
314.37778 1.1265903
320.73868 1.1317805
324.8566 1.1377246
330.9339 1.142884
337.09338 1.1512023
342.57132 1.1583244
347.8879 1.1681244
351.86224 1.1760075
354.02258 1.1930833
357.22003 1.2085348
361.83072 1.2280672
365.6535 1.2354084
369.02008 1.2496742
373.09656 1.2669556
376.9395 1.2791961
379.55246 1.300428
381.5494 1.3151162
381.52673 1.3271769
381.46225 1.3389976
378.69745 1.3484517
372.60727 1.3587973
367.44586 1.3678905
362.77017 1.3740577
355.9285 1.3845351
348.84607 1.3959854
342.25452 1.4044439
336.91153 1.409641
332.42526 1.4177372
326.28275 1.4241357
320.148 1.4252187
312.95145 1.4282974
304.83682 1.430243
296.67096 1.4331038
292.53036 1.434662
286.10425 1.439512
278.1153 1.4454961
270.8735 1.4496566
264.2789 1.4580994
257.36194 1.4665743
250.76305 1.4759389
243.69398 1.4896971
236.48993 1.4999331
229.97803 1.5153782
223.822 1.5316296
218.00983 1.541014
212.72255 1.5449705
207.68036 1.5527196
201.65544 1.5584141
195.70557 1.5631412
189.6955 1.5666262
183.92242 1.5680811
176.92847 1.5623287
169.9894 1.5619831
164.68443 1.5616992
158.68329 1.5676492
152.69319 1.5740666
146.93915 1.5741948
141.70021 1.5795681
136.03839 1.5818089
130.95418 1.5822365
124.99583 1.5907732
118.72719 1.5918281
111.972176 1.5930971
104.9517 1.5945891
96.9727 1.5965472
88.25896 1.5990902
84.00178 1.6005245
76.00025 1.6036555
68.99947 1.6069908
62.03111 1.611059
56.03716 1.6153682
50.572235 1.6201885
44.07432 1.6274778
38.8317 1.6351402
32.78876 1.6165019
26.765524 1.5894542
19.992868 1.5572245
14.032144 1.5351999
8.790747 1.5139571
3.389357 1.1129552
3.5448425 -1.1344568
10.071821 -1.4214967
15.287391 -1.4726405
21.083794 -1.4633284
26.729553 -1.4207743
31.629234 -1.4282179
36.83342 -1.4211034
42.381794 -1.3570821
47.80666 -1.3065896
53.4505 -1.2769603
58.57481 -1.2677908
63.50126 -1.2337621
69.71554 -1.206493
75.45261 -1.1982243
80.49606 -1.1911091
85.23772 -1.1942874
90.84571 -1.1845232
99.52295 -1.1767371
107.82571 -1.1609203
113.11148 -1.1425755
118.732376 -1.1249781
126.61304 -1.1046137
132.34225 -1.0987288
138.16296 -1.095858
146.20227 -1.0934336
150.99577 -1.0931354
157.66582 -1.0944448
164.5499 -1.089554
169.69482 -1.0854478
175.96152 -1.0786473
184.59012 -1.07454
193.84645 -1.0622699
200.70761 -1.0598823
205.73666 -1.0583556
211.61824 -1.0523204
216.93393 -1.0490028
223.91245 -1.0373502
230.37663 -1.0262053
237.30511 -1.0167421
241.66086 -1.0072386
248.84016 -1.0029398
254.90376 -0.99485695
260.98346 -0.98714983
269.01965 -0.9757003
277.10507 -0.9649058
284.7457 -0.95249325
289.68027 -0.9471536
297.40436 -0.94051886
302.90277 -0.93532646
310.4204 -0.9254043
317.3776 -0.91609454
321.88336 -0.90930486
326.21136 -0.9029795
330.49658 -0.89689744
335.7954 -0.89090294
341.8285 -0.8830547
347.27454 -0.8736251
352.49475 -0.8648178
357.89468 -0.8557752
362.03452 -0.8499676
366.12247 -0.842483
370.19458 -0.834243
373.57767 -0.82431036
375.696 -0.8104846
377.10654 -0.7951403
379.64902 -0.7846089
379.35248 -0.76787066
377.7053 -0.7546752
375.61298 -0.74088717
372.8988 -0.7293769
369.69205 -0.71911454
366.97885 -0.71062857
363.83047 -0.70051426
359.35672 -0.685617
355.61224 -0.6726413
351.36862 -0.66056156
346.54733 -0.6567571
340.9066 -0.65461236
333.27826 -0.64945656
327.42322 -0.6410201
321.46384 -0.631667
313.51538 -0.61856264
306.79947 -0.6102005
297.84735 -0.6066865
288.30893 -0.60753083
280.88583 -0.6085421
273.1279 -0.60608554
264.31644 -0.60275
257.00275 -0.5974839
248.21751 -0.5936408
239.50398 -0.5917921
232.90143 -0.59012574
226.42172 -0.5789234
219.78226 -0.56594515
213.73686 -0.55622476
208.45547 -0.5424773
202.67227 -0.5309066
196.15623 -0.52689266
190.31506 -0.5264485
182.66228 -0.51933384
177.19167 -0.5109023
169.92787 -0.49449646
164.05974 -0.4792479
156.34537 -0.46359977
150.02652 -0.45311293
143.83812 -0.44873896
138.02747 -0.44490814
131.5124 -0.42869982
125.21036 -0.41436377
117.84192 -0.39805537
111.69521 -0.38237083
102.31133 -0.356192
93.44811 -0.34593686
86.47615 -0.32595667
81.62631 -0.31837657
75.18865 -0.30671412
69.5187 -0.28716278
62.927956 -0.268399
56.388565 -0.2455104
50.8313 -0.21202178
46.335907 -0.16681634
40.966545 -0.10875485
34.718338 0.015829775
28.312449 0.15196899
24.62026 0.2690672
21.528849 0.47791162
19.399906 0.6844806
16.347244 0.8743323
13.02793 1.13554
10.588957 1.4763331
11.368995 1.9546279
13.460678 2.2418752
16.919918 2.4689722
21.93314 2.6402185
26.532143 2.7329981
32.108356 2.7739275
36.66791 2.7925541
41.452404 2.8088613
46.52057 2.8237474
51.7047 2.836364
58.138493 2.8351908
63.787205 2.8019357
69.26008 2.7949338
74.88715 2.783428
81.100746 2.7821457
87.68722 2.776775
93.38558 2.774415
99.70105 2.7773006
104.82286 2.7755277
110.16229 2.7574906
115.960144 2.742924
121.86891 2.7342508
127.04496 2.7284245
132.48647 2.71959
139.83298 2.7117305
148.8551 2.7044065
155.18164 2.693307
160.50185 2.6746626
168.75821 2.6662712
174.3863 2.6569855
181.11067 2.6516032
187.62135 2.6459577
193.0573 2.6375659
200.34592 2.6233993
204.65585 2.608711
211.07959 2.602584
217.23032 2.598811
223.66785 2.596562
231.68935 2.587305
237.8698 2.5773702
243.8021 2.56965
249.16345 2.5584884
253.25018 2.550184
260.3284 2.5407052
267.43793 2.5317297
275.5663 2.5258331
281.7398 2.519534
290.9117 2.516792
296.93655 2.5116937
301.3393 2.5043445
308.632 2.4982295
314.65048 2.4886923
320.67432 2.4795225
326.0053 2.4698706
330.64868 2.4607275
334.15216 2.453776
339.1436 2.4439921
344.15897 2.4362607
347.03387 2.4271615
350.82462 2.4147904
354.63873 2.4027758
357.62936 2.3936415
361.04068 2.3835125
363.8029 2.3755267
368.07346 2.3635411
370.55203 2.3472865
372.38803 2.334998
373.93314 2.3222895
375.5535 2.3088257
374.87524 2.2908106
372.05875 2.2800775
366.44113 2.2694871
361.54147 2.2619405
356.8388 2.2547302
352.14572 2.247325
345.90585 2.243302
340.46982 2.2373178
334.57913 2.2293894
328.38632 2.2199147
323.407 2.2156012
317.84735 2.2125437
311.376 2.21014
304.8459 2.2087073
298.4677 2.2094343
292.31897 2.2054489
287.09903 2.1977096
281.98468 2.1897364
277.33752 2.1804614
271.08325 2.1776927
263.91055 2.1727936
257.47232 2.1681595
251.39487 2.1635633
245.82455 2.1562161
238.36954 2.146852
232.29643 2.1381874
224.71593 2.1307166
221.24799 2.1139903
213.34521 2.1048374
207.21947 2.0999439
201.55304 2.0934296
195.06558 2.0882382
188.59839 2.0827117
181.12856 2.0711343
174.36058 2.0597503
168.29007 2.0487232
162.02116 2.0410116
156.08427 2.0333698
148.88142 2.0266056
142.5963 2.020003
135.99695 2.0168104
130.9545 2.024765
123.82256 2.0123684
115.88831 1.9877621
109.0744 1.9651619
101.88073 1.941726
95.658455 1.9240621
90.587135 1.9254837
86.16389 1.9321433
80.99401 1.9331263
75.87614 1.9411877
68.00438 1.9269011
63.09176 1.909678
57.782677 1.8962781
51.871967 1.858371
46.031837 1.8061565
41.46509 1.7579095
35.316277 1.7051809
30.575459 1.6276122
25.99436 1.5900078
19.997692 1.5458213
14.01598 1.5351588
8.331758 1.2961936
4.3785095 0.23623899
7.9740934 -0.67065156
13.05657 -0.78292567
20.847155 -0.81782675
27.801891 -0.854817
35.88981 -0.90301025
42.48285 -0.93500406
47.93139 -0.98581547
52.703632 -1.0772421
56.49912 -1.1228739
61.48488 -1.1614883
66.02933 -1.1748191
71.26482 -1.1902925
76.99217 -1.2060276
83.57937 -1.2359567
91.46924 -1.2543502
98.154144 -1.2765726
104.111885 -1.2938682
109.8944 -1.308793
116.98929 -1.340578
121.34983 -1.3677605
125.79442 -1.397468
132.3529 -1.4213142
138.2252 -1.44401
144.73912 -1.4620628
151.55136 -1.4750925
157.66656 -1.4851749
165.21893 -1.5059184
173.0532 -1.5217199
180.2269 -1.5292221
187.94016 -1.5403676
195.87878 -1.5478495
203.85187 -1.5536475
210.0667 -1.5625889
217.824 -1.5639185
225.82632 -1.5641623
233.82402 -1.5643891
241.81152 -1.5646008
248.03279 -1.5687829
254.79462 -1.5727562
260.0143 -1.575653
266.02557 -1.5801822
273.04224 -1.5872575
279.87112 -1.5967526
285.16174 -1.6040753
291.9952 -1.6101415
300.1027 -1.6190716
308.24402 -1.6268008
316.38297 -1.6348146
323.0162 -1.6419712
328.95123 -1.6479591
333.82175 -1.6531659
340.471 -1.665565
345.73877 -1.6728283
351.14816 -1.6827325
356.70358 -1.6950928
360.42023 -1.7098973
363.5054 -1.7254056
366.2805 -1.7380742
369.1491 -1.7510799
372.03876 -1.7633269
373.3881 -1.7810584
374.9111 -1.7993138
375.16153 -1.8135076
373.3237 -1.8319198
370.14102 -1.8419938
364.98935 -1.8544365
360.1 -1.8670892
357.16968 -1.8784078
353.10703 -1.888668
348.87933 -1.895677
345.46674 -1.904446
339.89 -1.9108256
335.47308 -1.9183109
330.42685 -1.9274191
324.81766 -1.9338603
319.59512 -1.9434289
313.46487 -1.9545186
307.70285 -1.9620906
302.7966 -1.9660089
294.86603 -1.9699041
287.63882 -1.9729533
280.72113 -1.9787104
273.40314 -1.9832175
265.08875 -1.9846104
258.78757 -1.986857
252.50317 -1.9892185
245.31967 -1.9933665
238.81735 -1.9964263
232.64537 -2.002666
225.448 -1.9942198
218.55144 -1.988355
210.49971 -1.9844732
202.31157 -1.9902678
195.81525 -1.9938958
188.42828 -1.9941096
180.04639 -1.9983983
171.90121 -2.0070982
167.32367 -2.0136065
162.91795 -2.0193129
156.48192 -2.0251644
149.93883 -2.0239782
142.68382 -2.0313947
133.6421 -2.041975
128.95258 -2.0430903
124.47222 -2.0434082
117.45928 -2.0430655
108.82489 -2.0447237
103.55816 -2.0495703
98.19538 -2.0549562
92.55748 -2.0744407
87.235756 -2.0819933
82.571594 -2.0859435
75.86062 -2.0905206
66.3447 -2.1346128
61.214024 -2.1536102
55.14742 -2.1831377
50.492447 -2.224043
45.95766 -2.24528
37.34111 -2.3295412
33.160366 -2.4111254
27.235006 -2.5074043
22.648422 -2.6267374
18.770597 -2.8059895
15.825142 -3.0207725
12.8274355 2.9502962
12.047116 2.3793626
13.633588 1.9944935
17.985674 1.7947855
22.31766 1.5931733
28.06371 1.588591
32.50166 1.4973096
37.053192 1.3672346
41.23708 1.2700043
46.245922 1.1948632
50.828026 1.1446491
57.23943 1.0999227
63.5978 1.057316
69.25349 1.0440089
69.25349 1.0440089
30.530207 1.5544384
32.231033 1.3276016
35.19186 1.1615338
38.33224 1.0520213
44.418144 0.91786736
47.71721 0.8639686
53.559586 0.802646
59.79871 0.74446625
66.99116 0.6830237
73.13162 0.6504756
78.49293 0.61854994
84.741844 0.59520423
91.06797 0.5848294
97.996544 0.5624819
105.54249 0.55115765
112.569374 0.5337516
119.4413 0.52880734
123.57331 0.51984745
128.13701 0.5095314
134.37363 0.5157316
139.79486 0.51206493
145.11478 0.5072638
153.77629 0.49828413
159.47552 0.498437
165.9477 0.49776757
172.8848 0.49578238
179.00964 0.4915039
185.5995 0.4893566
192.51588 0.48789597
197.97462 0.48603004
203.97305 0.4815797
208.66313 0.4806394
215.04279 0.4796271
223.5344 0.475029
229.61777 0.467454
235.98482 0.46686444
240.69319 0.4663574
245.82289 0.46150723
251.07784 0.45998827
255.99348 0.45483768
264.24243 0.452201
269.19208 0.44740158
273.4704 0.44395006
280.20825 0.43647537
286.75797 0.42967638
294.44904 0.42145553
300.82434 0.4119744
308.15564 0.40160155
312.53088 0.39566368
316.43567 0.39051494
320.53445 0.388623
325.16635 0.38279748
330.1261 0.38001248
334.16156 0.37761584
341.67804 0.36967826
347.50238 0.36319175
352.52365 0.35475954
358.77264 0.34535375
363.23822 0.33693406
367.98254 0.32631317
371.7703 0.318619
375.96402 0.3121477
379.60184 0.29873064
381.99365 0.28316313
384.0236 0.2634067
386.80542 0.25010377
385.8507 0.23737125
381.7743 0.22045723
378.41776 0.20926625
372.273 0.19393434
366.12512 0.17851795
359.57794 0.1669789
352.7737 0.15877922
346.23352 0.15010819
341.83057 0.14315727
337.44617 0.13602923
330.38608 0.1298313
324.9199 0.1258169
317.95795 0.12144609
313.05246 0.11775684
308.60876 0.11295708
304.40964 0.10790343
300.2089 0.10269632
292.62988 0.091691
285.58618 0.079912014
277.38144 0.07142293
269.21533 0.062444787
261.09784 0.055711526
255.05872 0.05310854
247.00397 0.04674078
238.92683 0.04104635
230.86742 0.0338174
224.84087 0.025882196
218.79036 0.020781424
211.77232 0.013255221
204.78795 0.0040065725
200.78839 -0.005882607
194.5466 -0.017720727
188.62921 -0.032777254
182.71558 -0.044801686
175.10902 -0.059665866
167.28876 -0.074432984
161.39105 -0.08336952
155.41289 -0.08658434
149.43492 -0.090057254
143.57254 -0.10073772
137.72292 -0.1123302
130.51173 -0.118565254
124.69662 -0.13220175
118.75705 -0.13885553
112.24846 -0.15596914
103.66512 -0.16900267
99.444855 -0.17624846
94.38362 -0.17504495
87.33813 -0.18073452
79.30567 -0.18647076
71.95924 -0.18786882
67.443596 -0.1896265
63.209248 -0.19810475
55.156616 -0.2089453
48.695854 -0.20092098
42.616264 -0.20587243
36.707745 -0.23209558
30.19965 -0.2833636
22.650871 -0.3819855
16.531935 -0.46708933
10.865507 -0.6349739
7.4651546 -1.0418462
5.5790815 -1.7898675
7.4312415 -2.500144
11.514431 -2.8375375
16.312037 -2.9286506
21.255175 -2.9786854
26.039534 -3.0088146
31.314009 -3.063335
36.21479 -3.1223698
42.213142 3.1285737
48.970787 3.109961
55.21597 3.1135397
61.20621 3.1162858
66.22345 3.1031067
70.956474 3.1056752
76.99088 3.0986462
82.96997 3.0988264
89.99672 3.0910532
96.24551 3.094337
102.47298 3.097211
108.225204 3.0995712
113.93645 3.1016786
119.90269 3.1036658
125.88434 3.1134102
131.85869 3.1222675
138.35056 3.1231744
142.82904 3.1237519
149.05827 3.1312022
155.04002 3.131603
161.03299 -3.1388004
167.03632 -3.128546
172.05522 -3.1230614
178.06868 -3.1180677
184.09114 -3.1133754
190.13132 -3.1038325
196.22073 -3.0934515
202.30885 -3.08501
208.40825 -3.0770614
214.51768 -3.070746
221.36949 -3.0639267
229.43585 -3.0611541
235.56728 -3.0558155
241.96007 -3.049814
248.20705 -3.0400233
254.381 -3.0345774
260.8981 -3.0266335
266.13904 -3.0270176
271.61615 -3.029338
277.52652 -3.0244906
281.8207 -3.022713
288.0486 -3.0183072
294.24158 -3.0140703
301.18652 -3.0080316
305.38425 -3.0055487
310.8767 -3.00191
315.3251 -2.9986665
321.32227 -2.9939315
325.78995 -2.99089
330.39847 -2.988419
335.916 -2.9849343
340.73038 -2.9841971
346.98096 -2.9812238
352.3103 -2.9758844
357.73642 -2.9699223
362.6427 -2.9611065
367.47192 -2.9503627
373.3034 -2.936295
380.8171 -2.9315848
385.6998 -2.925341
388.1081 -2.9131763
391.89328 -2.9024804
400.12958 -2.8964925
404.21283 -2.8881009
402.10156 -2.8720295
395.81686 -2.854545
392.8321 -2.8442934
387.38083 -2.8291857
382.46786 -2.8159606
377.31055 -2.8043344
373.24133 -2.7962444
369.39847 -2.786736
365.41376 -2.7768447
360.85342 -2.7660687
354.6925 -2.7561734
348.87836 -2.7494028
340.8808 -2.739679
336.2776 -2.7338533
331.6711 -2.7278464
327.12595 -2.7217371
322.58212 -2.7154405
318.50653 -2.7130756
314.52182 -2.7098696
309.45337 -2.706802
301.4965 -2.700879
297.39636 -2.6981924
289.40396 -2.6925802
284.66794 -2.6885185
280.76675 -2.6827571
276.34946 -2.6819615
268.85593 -2.6804168
261.54727 -2.6762736
257.52023 -2.672761
249.19342 -2.6680748
244.52702 -2.6629033
240.14842 -2.659397
235.7819 -2.6580477
227.69553 -2.6505637
218.58676 -2.6438205
213.34406 -2.6397512
208.52057 -2.6324577
204.03162 -2.6216404
193.67667 -2.601235
189.26793 -2.588836
184.5326 -2.5793395
178.59438 -2.569685
173.78616 -2.5588515
168.52417 -2.5524516
163.8924 -2.5481682
158.48158 -2.5457683
153.05586 -2.5397413
139.90208 -2.5249481
134.34819 -2.516083
129.12604 -2.5059726
122.72885 -2.497898
116.16177 -2.4876342
110.28598 -2.469202
104.33354 -2.448263
99.46267 -2.424067
93.49897 -2.4035974
87.118355 -2.3828611
80.13791 -2.3678422
72.991 -2.3494322
65.17473 -2.3376384
57.965828 -2.3321946
44.859283 -2.282295
38.902668 -2.2169235
31.229395 -2.1585588
22.862902 -2.1232715
13.062941 -2.0705824
4.2219152 -1.633942
6.7259297 0.26966885
15.22673 0.47641858
15.22673 0.47641858
