Stilus
26
4.3378987 0.9574607
9.974732 1.3177843
15.070225 1.4043453
22.33198 1.4587544
26.793154 1.4060049
31.985558 1.3664135
37.086727 1.3674212
42.16934 1.368094
46.614796 1.3438846
53.547073 1.2812432
57.81154 1.2817338
62.225006 1.3027629
66.38277 1.319925
71.66617 1.3129103
78.06243 1.2946911
85.192894 1.2672073
91.899254 1.2481524
97.6592 1.2336866
104.24844 1.2270572
110.14113 1.2159922
116.35591 1.1982245
121.9818 1.1906918
127.23685 1.1725065
133.34802 1.1544188
140.05754 1.1377102
146.85657 1.1191034
151.91714 1.1124923
157.32155 1.1008687
162.82434 1.0898671
168.57957 1.074791
173.66074 1.0534215
179.61998 1.0402638
186.4057 1.0347085
193.07855 1.0259275
200.1095 1.0173272
206.17525 1.0068785
213.14624 0.996138
220.75093 0.98878324
225.32079 0.9782146
232.9135 0.9687764
239.73846 0.9575218
244.5481 0.9463244
250.44356 0.93867993
255.9986 0.92975485
261.93195 0.9237448
268.56952 0.9229651
275.6824 0.91966283
280.4537 0.90975493
284.25687 0.8983617
288.16965 0.8869569
293.2151 0.8755363
297.48596 0.8647823
302.0923 0.857129
305.65326 0.8487096
312.32013 0.8366569
317.05853 0.8308184
321.49036 0.8214135
324.72763 0.8107599
328.39835 0.80344486
332.60144 0.7947103
337.33627 0.7846899
343.70663 0.7764865
347.3639 0.7681939
351.75754 0.7601072
357.3812 0.7481676
360.65088 0.7406661
365.179 0.7358742
368.1782 0.72575176
371.27383 0.71480834
374.91913 0.699414
377.48892 0.68683475
380.37802 0.6722006
383.4057 0.66427547
385.21045 0.65248895
388.21545 0.6416966
391.68985 0.62956196
394.97385 0.62272877
396.74393 0.60720885
398.55588 0.5858895
399.9462 0.5693527
400.57892 0.55442107
398.6572 0.5441719
398.2458 0.5301924
397.82874 0.5169508
395.38342 0.4995537
392.65424 0.4866646
390.33997 0.47533777
387.62982 0.46156946
386.23618 0.44833228
386.48846 0.43150932
385.84207 0.41520345
384.96484 0.40344584
383.75443 0.3891885
381.92163 0.3773148
380.41113 0.3671654
377.4889 0.35418892
374.96964 0.34177586
373.2033 0.3300613
369.2899 0.32214954
366.42792 0.30908585
361.3042 0.29622096
359.39795 0.2833304
355.17572 0.27247548
350.26178 0.2619731
345.13333 0.25099424
340.2951 0.24555166
334.4894 0.23452412
329.46848 0.22259684
324.4898 0.2102899
320.1111 0.20606816
315.3099 0.194646
308.85532 0.18477443
302.07312 0.17216295
297.39813 0.16467625
293.24347 0.1627428
287.19525 0.15738866
281.87665 0.1514126
278.01205 0.13715495
273.39706 0.12099567
267.96564 0.10759644
262.58823 0.09448708
257.26178 0.080845304
250.97882 0.06593823
244.94766 0.064474426
238.83134 0.05672074
232.83699 0.058182642
227.82985 0.059462845
222.80363 0.057284545
216.87025 0.044015363
210.74431 0.027334569
206.47104 0.012341195
199.58575 -0.015718322
193.68076 -0.022960072
186.83813 -0.027815301
179.82162 -0.034629855
175.8314 -0.036662336
169.47473 -0.046889808
163.73183 -0.07299304
159.36934 -0.08936418
152.60544 -0.10650219
145.88248 -0.12526065
139.97563 -0.13208961
135.2323 -0.13675131
130.07896 -0.14220509
125.91376 -0.1469428
119.99237 -0.1542508
113.79815 -0.1468477
107.83991 -0.15301806
101.91404 -0.16199185
95.84077 -0.16178375
90.14088 -0.17211294
84.24467 -0.18429253
80.1122 -0.19391687
74.44523 -0.20888877
69.16077 -0.22511451
63.320778 -0.23171423
58.2152 -0.23296066
54.23012 -0.25043333
49.04469 -0.25645438
43.05552 -0.25111926
38.885284 -0.2509637
33.643723 -0.2536778
28.666498 -0.26269215
24.219223 -0.23120567
18.027205 -0.19241424
11.7436495 -0.20999818
7.3240285 -0.19913532
5.026672 -1.0015745
5.5266685 -2.2066596
9.491725 -2.654041
13.533449 -2.7452598
18.912285 -2.749651
23.67797 -2.776973
27.863876 -2.795862
32.369205 -2.845572
36.27514 -2.8782537
42.103672 -2.915398
46.314774 -2.9362738
50.926437 -2.975027
55.72547 -2.9894886
61.5291 -3.0203097
67.61395 -3.0312712
72.58103 -3.0388486
77.557335 -3.0454621
82.71644 -3.0405803
88.68319 -3.0349145
95.95063 -3.0325515
100.42698 -3.03743
105.68036 -3.0426254
110.644966 -3.0470796
115.24394 -3.0595646
120.37504 -3.0547392
126.82206 -3.0371017
131.9108 -3.0319147
137.87415 -3.0366764
142.059 -3.039778
147.7254 -3.0504904
151.70593 -3.0694075
157.55737 -3.084802
163.82365 -3.1003773
169.8945 -3.1095335
175.92041 -3.1163142
181.07239 -3.1324387
186.06343 3.1343899
191.20851 3.1183574
197.34607 3.110955
201.94308 3.1101782
208.15134 3.1053412
213.36685 3.1062276
217.95421 3.1069725
224.17986 3.1034741
229.47925 3.0934591
234.23074 3.0803716
239.13031 3.069639
246.01062 3.0600657
252.83939 3.0492291
282.16556 2.9903362
288.159 2.9872131
293.5582 2.9797437
298.35367 2.9731748
303.8166 2.9618838
308.32022 2.9490328
311.75848 2.9348357
318.40067 2.919948
325.5098 2.908207
330.29636 2.9023263
336.43976 2.88882
341.87085 2.8770921
348.02 2.8669782
352.2668 2.8567991
358.00128 2.8469326
363.56754 2.8387651
367.92557 2.8287058
370.28604 2.8179429
372.85205 2.803248
375.2125 2.7884624
378.4187 2.7734137
383.2254 2.7613409
385.857 2.7527602
388.62665 2.7422776
392.50977 2.7298548
394.7059 2.719413
396.5067 2.7094133
398.6304 2.6980042
398.8055 2.6867352
400.71054 2.6759737
400.8825 2.6641605
400.64404 2.650066
400.55002 2.6358252
401.7518 2.623679
402.21735 2.611741
402.6529 2.5953982
403.24265 2.584638
401.93338 2.5701616
400.88943 2.5514505
398.47864 2.5347073
396.60907 2.5190706
393.7685 2.5079682
392.0072 2.4959807
389.432 2.4771671
386.7377 2.4622297
383.8909 2.445655
380.50668 2.427822
377.2061 2.4158285
374.32895 2.4053912
369.0072 2.392244
365.4506 2.383151
360.25656 2.3760266
356.24323 2.3662543
351.4535 2.3558598
347.05878 2.34822
343.45923 2.3416972
340.08243 2.3314211
336.66357 2.3206892
332.5762 2.3154871
327.84143 2.3073535
323.8577 2.2996047
317.32193 2.291755
312.00726 2.2844698
305.82913 2.2760735
299.6652 2.272704
294.4616 2.2693713
289.8879 2.2606604
286.3351 2.252295
282.53403 2.2355351
279.01257 2.2192614
275.24002 2.2064214
271.63266 2.1952062
267.02734 2.188995
261.22314 2.1810362
253.93294 2.1774797
246.9476 2.1702504
241.59856 2.1675777
233.8053 2.158139
225.91187 2.145454
220.47867 2.133247
214.07382 2.126094
209.17868 2.117942
203.19539 2.107238
196.576 2.0903451
188.25404 2.0743954
179.50296 2.0602646
173.4313 2.0495822
166.03928 2.0354674
159.65515 2.0221643
153.437 2.0129688
146.51581 2.0051365
140.41023 1.9999663
134.10033 1.9906349
126.29117 1.983566
122.03642 1.9878957
115.157585 1.995404
108.555626 1.9949487
103.668076 1.9950807
96.073746 1.9851848
88.307526 1.9527634
79.99615 1.9080031
72.287025 1.875707
65.03522 1.8508713
59.955654 1.8427289
55.454872 1.8205885
50.93177 1.7982628
46.22029 1.7996786
41.61223 1.7762504
36.52124 1.7773657
31.419804 1.7789129
27.217237 1.7779874
22.308414 1.7281406
16.53711 1.5707964
12.686104 1.2504333
10.783582 0.8028868
11.404979 0.15558861
14.687359 -0.16745953
17.083153 -0.43660125
21.581743 -0.5862927
26.735823 -0.65180594
32.946667 -0.6603908
42.654995 -0.6852726
50.3277 -0.71469194
57.466175 -0.7454162
63.786953 -0.7826779
67.499 -0.81201285
71.27474 -0.8424944
76.08621 -0.854854
84.510025 -0.8587322
91.546455 -0.85306895
97.9428 -0.8559035
105.10106 -0.86461276
111.79026 -0.88024044
118.326706 -0.8929963
126.90261 -0.8969113
134.08794 -0.9110255
139.53113 -0.9212267
143.92857 -0.9356403
151.23436 -0.9425138
158.19681 -0.9549233
164.34943 -0.9738463
169.05182 -0.98556244
174.93114 -1.0076743
181.68814 -1.014884
186.6362 -1.0281508
191.51509 -1.0373977
197.87277 -1.0446315
203.57909 -1.055205
208.90405 -1.0586568
215.99039 -1.0664746
221.73526 -1.0756066
228.56358 -1.0828061
235.7457 -1.0979404
241.99521 -1.1111076
245.58786 -1.1183369
252.79893 -1.1321566
257.31604 -1.1403761
260.96066 -1.1467791
267.34866 -1.1575389
273.3883 -1.171175
278.72864 -1.1831269
283.91904 -1.1943659
288.95822 -1.2049539
294.40448 -1.2156519
300.172 -1.2291161
303.61572 -1.2366401
311.73618 -1.2497307
316.1721 -1.2577152
320.39102 -1.2678415
327.84308 -1.2876462
332.10272 -1.2976357
337.42276 -1.3051244
341.72992 -1.3145946
346.06625 -1.3238267
350.43762 -1.3328412
354.29498 -1.3383825
359.8659 -1.3505856
363.91684 -1.3586963
369.17456 -1.3728137
373.4686 -1.3838483
377.7019 -1.3961772
382.4538 -1.4136977
385.83633 -1.428718
389.81467 -1.4451646
393.2835 -1.4616215
394.6643 -1.4772598
396.14688 -1.4928223
397.85663 -1.5107582
398.54044 -1.5259038
398.31635 -1.5409468
399.1817 -1.55603
399.1383 -1.5715475
398.18866 -1.5866034
396.5004 -1.5992656
393.6795 -1.6121606
390.92123 -1.6252502
387.23505 -1.638695
385.50223 -1.654582
384.06152 -1.6705698
381.78604 -1.6838002
381.2194 -1.6976848
377.4202 -1.7176656
373.4135 -1.735502
371.12018 -1.750187
366.54782 -1.7691085
362.3027 -1.7804581
357.6739 -1.796963
353.54993 -1.8112602
348.99036 -1.8179927
344.0792 -1.8300036
340.81665 -1.8416549
336.83078 -1.8541955
332.5845 -1.8710846
329.3127 -1.8926643
323.58975 -1.9057332
319.494 -1.9161474
313.31506 -1.9273558
306.1922 -1.9395293
300.72803 -1.9494339
294.87436 -1.9617195
288.94656 -1.9769717
283.19812 -1.9903277
277.96924 -2.0026863
272.36227 -2.0121956
267.74527 -2.0245051
261.9272 -2.0396354
254.82071 -2.0538123
247.2923 -2.0652525
240.48564 -2.0687196
236.70303 -2.0798419
229.63297 -2.087078
225.66385 -2.0919797
221.79439 -2.0978415
214.40173 -2.1125705
207.38234 -2.121712
200.29294 -2.1306443
194.15367 -2.1383388
186.35564 -2.1523669
178.59749 -2.1676166
172.62827 -2.1784987
165.50331 -2.1924028
157.7606 -2.1979387
150.82979 -2.2133791
144.6919 -2.227969
138.73874 -2.2429793
132.46402 -2.2536898
125.78323 -2.266266
117.91156 -2.2891254
111.233315 -2.3157067
104.79041 -2.3469284
99.70754 -2.369141
91.234566 -2.370333
85.71443 -2.3728557
79.220116 -2.3670316
72.32301 -2.3857546
65.32291 -2.4105973
58.36881 -2.4413846
48.801525 -2.4581852
40.10317 -2.4804626
32.965603 -2.5076091
26.975288 -2.5683548
21.16054 -2.7631142
15.88801 -2.9749465
13.637827 2.9908266
10.012307 2.7020159
10.012307 2.7020159
