Mouse
59
0.9809264 2.7775056
4.7528834 1.9858679
8.566466 1.7964422
13.486192 1.7133968
17.454851 1.680823
21.435163 1.6603309
25.516542 1.6853501
29.49387 1.6698475
33.4766 1.6580312
37.463013 1.6487287
41.53438 1.665235
45.51812 1.6569483
49.593616 1.6700977
53.676388 1.6812485
58.757816 1.688784
62.731773 1.6812781
66.70885 1.6746668
70.6885 1.6687996
74.670334 1.6635581
78.65401 1.6588475
82.63926 1.654591
86.551765 1.639209
90.48298 1.6251607
94.47732 1.6228601
98.47212 1.6207463
102.46732 1.6187972
106.46289 1.6169944
110.45878 1.615322
115.45404 1.6133944
120.44969 1.6116266
125.44569 1.6099997
130.442 1.6084973
135.43857 1.6071059
139.43602 1.6060644
143.4336 1.6050811
147.43132 1.6041511
151.42914 1.6032702
155.39867 1.5960027
159.37599 1.5890976
163.36055 1.5825291
168.35179 1.576241
173.34932 1.5703154
177.35262 1.5646877
181.35254 1.5648224
185.35246 1.5649513
189.36076 1.559794
193.36052 1.5600215
197.37338 1.5551736
201.39072 1.5505191
205.38991 1.5509139
209.41101 1.5465193
213.43602 1.5422903
217.46469 1.538218
221.49686 1.5342939
226.5315 1.5306879
231.56894 1.5272388
236.60902 1.5239366
240.65286 1.5205644
244.64789 1.5213853
248.6937 1.5181637
252.74199 1.5150452
257.79095 1.5122528
262.90494 1.5057713
267.03207 1.4992707
271.09424 1.4966458
275.15823 1.4940984
279.38922 1.4844891
283.55154 1.478678
287.62723 1.4764953
292.7973 1.4713029
297.97498 1.4662908
302.16586 1.4610889
306.25183 1.4592733
310.4534 1.454305
314.6624 1.4494696
318.8786 1.4447619
323.10165 1.4401771
327.19818 1.4387392
331.4299 1.4343464
335.66785 1.4300644
339.9118 1.4258894
344.46405 1.4160755
348.72714 1.4121765
352.9954 1.4083717
357.26865 1.4046578
361.71698 1.3983071
366.3586 1.3894247
369.0646 1.3797415
371.80475 1.3702003
374.5782 1.3607996
378.3604 1.3521125
382.17056 1.3435981
385.0356 1.3346463
385.99106 1.3245709
386.98547 1.3145462
387.0539 1.3038942
387.16623 1.293247
385.4053 1.2811325
380.90674 1.274867
377.0824 1.2717736
373.56058 1.2660611
369.74683 1.2628151
366.86703 1.2517172
365.30396 1.2387435
361.85544 1.2325275
358.42117 1.226192
354.6589 1.2223818
351.24823 1.2158179
347.5004 1.2118171
344.11465 1.2050126
340.74515 1.1980731
335.53577 1.1887856
331.82742 1.1842918
328.12598 1.1796966
324.81845 1.172156
320.21637 1.1660949
316.02722 1.1569566
312.7772 1.1488864
309.54797 1.1406475
306.34018 1.1322354
302.7235 1.1266246
298.21643 1.1194198
292.84503 1.1181177
288.8118 1.1151738
284.7811 1.1121465
280.30905 1.1122262
276.281 1.1090629
272.25583 1.105806
267.7837 1.1057836
264.2145 1.0989945
257.96274 1.0953295
252.60237 1.0933081
248.59204 1.0894864
245.05347 1.0819297
241.05444 1.0777993
237.05966 1.0735297
233.06935 1.0691139
229.08374 1.0645442
224.23135 1.0576319
220.25835 1.0526716
216.29095 1.0475291
211.32791 1.050367
207.36327 1.044959
201.53294 1.0453808
194.83797 1.0432556
190.88184 1.037233
184.19061 1.0346888
176.98961 1.0368022
172.52882 1.0349802
168.58302 1.0279669
163.60912 1.0310383
158.63684 1.0343022
154.17691 1.0321912
149.38159 1.0207686
144.60706 1.0085902
137.93298 1.0038047
134.02815 0.99406874
128.75061 0.985914
124.31248 0.98156327
119.320145 0.9838362
115.444084 0.9718587
111.01444 0.9664252
106.58836 0.9605403
102.16629 0.95414567
97.74878 0.9471728
92.749825 0.94824433
86.13267 0.9359202
81.132866 0.93645173
76.729485 0.9265508
71.72949 0.92649895
65.32963 0.92948234
60.329636 0.9296636
55.1438 0.9044962
48.130154 0.9219531
42.338146 0.9070493
37.965652 0.88363355
31.56312 0.88111365
27.2232 0.8442884
22.244278 0.82565075
17.35065 0.87787545
12.541224 0.9705967
8.605309 1.3262632
6.6322784 1.8639623
6.7988453 2.626485
9.937951 -3.0760698
14.387497 -2.885047
18.566242 -2.7168617
23.074026 -2.6122954
27.750965 -2.542408
33.326485 -2.510977
37.743744 -2.5306702
42.52406 -2.49408
46.92794 -2.5115044
51.927532 -2.510213
58.3253 -2.505454
62.735767 -2.5176895
69.72409 -2.5013819
74.72407 -2.5011618
79.724045 -2.5009692
84.939354 -2.517276
88.78247 -2.5344741
93.21085 -2.5413342
98.47351 -2.5532553
103.74874 -2.5639658
108.500084 -2.5814083
112.42732 -2.5927777
116.883865 -2.5960324
123.05869 -2.6074395
127.016045 -2.6166964
130.49295 -2.632058
134.96053 -2.6335778
139.91634 -2.628751
144.50705 -2.6148174
149.98274 -2.6051712
155.30484 -2.6105556
160.63113 -2.6155832
165.59772 -2.6120439
170.0604 -2.6137755
175.389 -2.6182823
179.8534 -2.619765
185.68336 -2.6191812
191.01591 -2.6231685
195.48149 -2.624421
201.31091 -2.6237476
205.28448 -2.6291604
211.01427 -2.6389713
215.88304 -2.6460693
219.87979 -2.6507185
224.30179 -2.6612267
228.31322 -2.6654384
233.21962 -2.6714544
238.58415 -2.6828473
243.51357 -2.6882577
249.35149 -2.695191
255.15727 -2.6930456
260.0994 -2.6979175
263.7177 -2.7044284
269.0944 -2.7055619
273.63474 -2.7132792
277.68976 -2.715986
282.65894 -2.7200673
286.71887 -2.7225928
290.78055 -2.725048
295.2478 -2.7243347
300.22617 -2.7280388
305.20847 -2.7316222
311.90723 -2.7304683
315.97427 -2.7326262
320.56808 -2.7388287
325.17392 -2.7448559
329.2502 -2.746749
332.946 -2.7513702
337.5755 -2.7570045
342.2154 -2.7624862
346.14008 -2.7732
350.80923 -2.7783327
354.44656 -2.791257
357.86786 -2.7977178
360.97388 -2.80667
364.1083 -2.8154688
367.27048 -2.8241167
370.45963 -2.8326163
373.38016 -2.8435283
376.3445 -2.8542697
379.35156 -2.8648422
379.94705 -2.8789399
379.89655 -2.8897917
378.91977 -2.900015
377.9828 -2.9102907
377.0859 -2.920616
374.27386 -2.9298723
369.33463 -2.9408321
365.018 -2.9440162
360.89957 -2.9445574
356.3962 -2.9506152
352.09137 -2.9540358
347.6091 -2.960369
343.14114 -2.9668677
338.85678 -2.970628
333.42593 -2.9769433
328.84085 -2.986949
324.435 -2.9941866
320.0466 -3.001623
315.6764 -3.0092657
311.4509 -3.0139365
306.00046 -3.024822
300.58762 -3.036101
296.30502 -3.044748
291.04916 -3.0533464
286.97733 -3.055589
281.91046 -3.0575995
276.68835 -3.0668879
272.62573 -3.0694506
268.63632 -3.0683775
264.6472 -3.0672717
259.5875 -3.0696833
255.52696 -3.0724618
252.84529 -3.0558593
249.13913 -3.042487
245.15909 -3.0408726
240.80374 -3.0557299
235.5788 -3.0665975
230.38295 -3.077957
225.16866 -3.094274
221.08594 -3.1024544
217.0515 -3.106337
212.9674 -3.1197534
208.93344 -3.1289055
204.91766 -3.1384172
200.91693 3.1398542
196.92125 3.1347406
191.94585 3.1241426
187.96696 3.1184518
182.96834 3.1178195
178.99657 3.1117032
174.07184 3.0993602
167.03734 3.1035721
162.97467 3.1149025
158.97614 3.114231
155.00896 3.1070762
151.05013 3.099546
146.1016 3.0912688
141.10814 3.0894864
137.11372 3.087967
133.1786 3.078859
129.1867 3.076918
125.19534 3.074853
121.204544 3.072652
116.216934 3.0696883
111.23043 3.066459
106.2452 3.0629263
101.26142 3.059046
96.279335 3.054764
91.2992 3.0500147
85.3261 3.043584
79.35707 3.0361857
74.28108 3.0424914
69.30739 3.0353537
65.331314 3.0288613
60.36567 3.0195434
55.406208 3.0085566
51.44429 2.9982426
46.50106 2.9828813
42.39478 2.9912608
38.44456 2.9756777
34.505814 2.9565313
30.39111 2.9646554
26.27904 2.975323
22.042181 3.0348077
17.967361 3.0664244
12.921349 3.1145563
9.068132 -2.9585395
5.5856423 -2.647134
3.7640116 -1.8167936
4.7785745 -0.8694462
7.9687996 -0.4758832
12.4407215 -0.4714849
16.107096 -0.3584469
20.86318 -0.27427113
24.737406 -0.23046184
29.627234 -0.19190209
35.535526 -0.15969329
40.479713 -0.14005065
45.322617 -0.10279407
49.303207 -0.09446891
54.282963 -0.08578021
59.196053 -0.061710432
64.18728 -0.056906402
69.17977 -0.05279567
74.17327 -0.049238376
79.167595 -0.04612987
83.16354 -0.043911904
87.15987 -0.04189731
91.20203 -0.051015463
96.31327 -0.06910774
100.37537 -0.07629485
106.43551 -0.08136616
110.50559 -0.08744359
116.57095 -0.09149423
120.55478 -0.08846269
124.539635 -0.08562512
129.52202 -0.08232372
133.50888 -0.07986005
139.35214 -0.062117893
143.23785 -0.046447832
147.23366 -0.045186404
151.22969 -0.043991636
155.22592 -0.04285839
161.18245 -0.035064947
165.14886 -0.028164351
169.14732 -0.027498407
174.12166 -0.020967888
180.10287 -0.0147182075
186.08452 -0.0034967829
191.08813 0.0070612202
198.1117 0.016906947
202.13017 0.021519003
206.15279 0.025951164
210.17929 0.030213585
215.20891 0.03415627
220.24168 0.03791882
225.27747 0.04151321
229.31703 0.045146324
234.4089 0.052707147
238.45732 0.056011222
242.45116 0.055087626
247.55968 0.062042236
251.55211 0.061056316
256.54297 0.059867073
261.7274 0.07016602
265.78864 0.072864056
269.8517 0.075480856
274.9136 0.077736504
278.98 0.08019671
285.30273 0.092487395
291.46533 0.09741877
295.54428 0.0994699
299.72733 0.10478439
303.91864 0.109952435
308.11783 0.11497975
312.32462 0.11987176
317.78497 0.13048722
322.87277 0.1315431
326.96973 0.13297045
332.19336 0.1369424
337.56387 0.1437244
341.81198 0.14783913
346.21838 0.15470788
351.6278 0.16094665
356.23248 0.17023088
360.86707 0.17927739
364.54813 0.1886067
368.26025 0.19774872
373.18735 0.20878015
375.98923 0.21808535
378.8232 0.22725211
381.68857 0.23628199
383.61456 0.24580933
384.60748 0.25589707
383.71002 0.2673017
380.66495 0.27767843
376.8198 0.2805883
373.54233 0.2886985
370.2899 0.2969517
366.41217 0.30877402
361.6379 0.32171956
357.8704 0.33409047
354.76184 0.3431137
351.68265 0.3522957
347.69852 0.36265668
343.38916 0.37054506
338.73334 0.37589034
334.0875 0.38138446
329.452 0.38703334
325.75134 0.3916681
321.13568 0.3976116
316.53165 0.4037282
310.6245 0.40835598
302.4911 0.41279003
298.4267 0.41509765
292.13025 0.4171157
287.66302 0.41639253
280.56055 0.41200334
276.49567 0.41448244
271.0145 0.42339832
266.46393 0.43110788
261.92975 0.4390849
257.4128 0.44734237
252.91408 0.4558942
248.88383 0.45936248
244.41173 0.45928407
239.04366 0.46105692
234.1246 0.46673295
228.32353 0.4746463
224.77315 0.48277944
220.30185 0.4831678
214.94574 0.48573533
210.94385 0.49039584
206.47334 0.49097514
201.12189 0.493927
197.1285 0.49908036
190.0318 0.50747
186.053 0.51322055
180.71658 0.5171637
175.88335 0.526277
170.5571 0.5308633
166.6054 0.5378424
163.183 0.5504
157.56265 0.5649081
153.65424 0.57334733
147.82657 0.57464594
142.54636 0.5819343
134.78862 0.57541174
128.12445 0.5812512
122.59042 0.57189614
115.38032 0.5708896
108.71302 0.5774944
103.724434 0.57431483
99.831825 0.5876725
91.790146 0.5936867
85.968025 0.59729797
80.717224 0.611649
76.29683 0.62029254
70.486 0.62689304
66.077324 0.6378928
56.505905 0.67588246
50.73448 0.6914044
45.63723 0.72750986
42.034782 0.80669516
38.743893 0.9000071
34.17394 0.97831774
29.49738 1.0340457
23.610744 1.1295495
19.331436 1.2506682
14.499758 1.4266139
9.793681 1.8731909
9.554477 2.5473588
13.981885 3.0449386
19.265676 -2.9509478
24.159985 -2.819378
30.250235 -2.746229
34.6523 -2.6729794
39.19805 -2.616471
45.225296 -2.565127
49.724247 -2.5027053
55.15893 -2.4623585
59.256897 -2.431035
63.405453 -2.4037867
69.00912 -2.3794146
75.35626 -2.3493063
78.25453 -2.3134046
79.95818 -2.261125
85.10279 -2.241831
89.48383 -2.2315404
95.47163 -2.2095094
100.105804 -2.1877513
103.95773 -2.1733356
108.66255 -2.1548388
113.10359 -2.15009
119.479126 -2.1551974
123.37464 -2.1440704
128.13135 -2.1294615
133.43468 -2.1223092
140.97314 -2.1144166
144.91881 -2.1060455
150.24193 -2.100521
154.70459 -2.0986123
161.04146 -2.1044333
166.36563 -2.099496
171.6936 -2.0948648
177.5238 -2.0954018
182.9952 -2.1033726
189.33589 -2.1081643
194.30849 -2.1108902
198.25696 -2.1048415
203.07675 -2.0965471
208.40666 -2.0928073
212.37555 -2.0874975
217.61247 -2.0738761
222.00607 -2.0630174
225.53912 -2.054636
229.97697 -2.044522
233.5436 -2.0367084
237.12405 -2.0291302
241.61813 -2.019974
246.13173 -2.011153
249.75597 -2.004326
254.30206 -1.9960666
260.5936 -1.9935586
264.6527 -1.9908035
269.12067 -1.9915284
273.0141 -2.0052538
277.42917 -2.0137808
281.86374 -2.0220401
285.9007 -2.0190866
289.51065 -2.0130982
294.0373 -2.0058198
298.579 -1.9987625
303.1352 -1.9919169
306.79007 -1.986587
310.45346 -1.9813828
314.12506 -1.9763002
318.72568 -1.9701117
323.33817 -1.9640996
327.03635 -1.9594121
331.66895 -1.9537
335.3826 -1.949244
340.0338 -1.9438109
344.91608 -1.9320717
349.2503 -1.9243327
353.0056 -1.9204097
356.42862 -1.9139297
359.53705 -1.9049481
363.31818 -1.9013373
366.15134 -1.8900416
369.335 -1.881501
373.79807 -1.8748642
374.53476 -1.8630751
375.32324 -1.851334
375.1993 -1.8403516
374.86618 -1.8267844
373.87338 -1.816434
373.8934 -1.8054063
372.98386 -1.7949755
372.11505 -1.784495
371.28732 -1.7739666
368.34702 -1.7617668
366.4465 -1.7488879
362.80133 -1.7395017
360.17618 -1.7294859
358.5767 -1.7189114
355.03662 -1.7090151
352.52383 -1.6985581
347.31238 -1.6946808
343.21982 -1.6932296
339.25012 -1.6946696
335.037 -1.690221
330.71753 -1.6826553
325.4229 -1.6752092
320.0519 -1.6644073
315.88663 -1.6592872
310.7333 -1.6542981
305.751 -1.655662
301.60043 -1.6501787
297.5345 -1.6478944
292.3299 -1.6389798
287.21002 -1.6332185
283.1564 -1.630575
279.04962 -1.6242769
273.00555 -1.621794
267.96213 -1.6190182
262.92084 -1.6161358
258.925 -1.6168361
253.9304 -1.6177423
248.89015 -1.6146716
244.85153 -1.611308
239.81645 -1.607986
235.75212 -1.6001391
231.72618 -1.596332
227.68433 -1.5879992
223.68492 -1.5883068
219.659 -1.5795219
215.65257 -1.5750468
211.65065 -1.5704024
207.66109 -1.5607636
203.66129 -1.5605665
199.6615 -1.5603616
195.67493 -1.5550381
191.67543 -1.5547092
184.69579 -1.5486859
179.69704 -1.5480707
175.72417 -1.5418642
169.72678 -1.5408415
164.76299 -1.5338659
159.7665 -1.5327104
155.76947 -1.5317327
151.7726 -1.5307034
147.7759 -1.5296185
142.82639 -1.5211817
137.83276 -1.5193826
132.8967 -1.5099343
127.90632 -1.5075566
121.9189 -1.5044464
115.932785 -1.5010151
111.022835 -1.4888895
107.03675 -1.485832
102.14953 -1.4719234
96.29063 -1.4554373
92.31836 -1.4504501
88.3486 -1.4450145
84.38169 -1.4390676
79.42773 -1.4307991
74.47991 -1.4214313
70.52696 -1.4129913
65.593796 -1.401012
61.655014 -1.3900495
56.743584 -1.3742087
50.87265 -1.3511698
45.035755 -1.3221402
39.248077 -1.2845088
35.428894 -1.2526206
31.654406 -1.2130791
27.942732 -1.1629361
22.98093 -1.1165653
19.465818 -1.0262804
14.773116 -0.90859
9.71623 -0.7539
5.3446503 -0.3139718
1.7304583 0.8943037
5.42733 1.7405005
10.752491 1.845489
16.811953 1.8059236
21.192055 1.8537476
26.556793 1.8734996
30.673954 1.8657447
36.04236 1.8785129
41.415115 1.8879695
46.790726 1.8952537
51.22337 1.907367
56.603832 1.9115456
61.98511 1.9149988
67.033424 1.9038714
71.469864 1.9120188
75.91049 1.9192133
80.012695 1.9138925
85.73812 1.9272257
90.54457 1.942862
95.37093 1.956919
99.689735 1.982759
105.39926 2.0110366
110.30095 2.0201874
116.55096 2.0324636
122.3647 2.0362124
127.74681 2.0501416
133.56737 2.0528061
139.3888 2.0552483
143.85999 2.0546017
149.68196 2.0568058
154.62207 2.0618777
160.44618 2.06367
165.39127 2.0682065
170.82271 2.0776122
175.39905 2.0892487
180.86171 2.0974994
184.61768 2.1107838
189.59163 2.113509
194.5669 2.1160946
199.54341 2.1185513
205.04561 2.125046
210.556 2.131201
216.61206 2.1409378
222.9812 2.1439362
229.06238 2.1528068
234.05313 2.1541195
238.76619 2.1611814
245.14716 2.1633823
250.70152 2.167706
256.26038 2.1718423
262.08084 2.1704943
267.6425 2.1743965
272.07162 2.1721036
276.81293 2.1778882
282.38187 2.1814413
286.32193 2.1888816
291.90134 2.1921089
295.05493 2.2011595
299.8397 2.2060385
304.63138 2.2107642
308.63086 2.2172902
313.63083 2.2172425
319.04477 2.2240884
323.86108 2.2282658
327.72528 2.2384777
331.7779 2.2442126
335.69397 2.2539978
339.77518 2.2594123
343.86612 2.264698
348.73248 2.268014
353.60254 2.2712386
356.9535 2.2780006
360.32047 2.2846365
362.95203 2.2929666
366.3539 2.2993553
369.02917 2.307443
372.46417 2.313594
375.91302 2.3196325
379.3753 2.3255613
382.8507 2.3313823
384.90036 2.340702
384.1517 2.3611088
383.7654 2.397381
384.03992 2.4120991
383.64285 2.425084
381.7876 2.4347053
379.2019 2.4427264
376.1484 2.4358847
371.8082 2.4330015
367.69067 2.437722
362.81665 2.4407754
358.07278 2.4478464
353.21042 2.4511225
349.1256 2.4563067
343.7964 2.4661374
339.11963 2.4739566
334.4642 2.481994
330.4382 2.4878507
324.83115 2.4901369
320.8214 2.4962716
316.0219 2.500674
309.02618 2.5039685
303.43213 2.5067134
297.25076 2.512276
291.8914 2.5200746
287.12726 2.5253167
282.3713 2.5307357
277.05615 2.5393083
272.3226 2.5451713
268.43005 2.5533152
263.71988 2.5596204
258.72952 2.5608087
254.87265 2.5696242
249.34702 2.5744295
244.89926 2.5725424
239.07076 2.5718443
235.16689 2.5662498
230.47981 2.5737283
226.03242 2.57167
220.5097 2.577155
213.61618 2.5844102
208.44287 2.597159
202.09576 2.601276
196.2648 2.601279
191.29208 2.6039712
186.83247 2.6022022
181.86029 2.6050594
176.38321 2.612959
172.42873 2.6062667
167.45883 2.6094904
161.98868 2.6182415
156.5318 2.6276038
151.57506 2.631864
147.1078 2.6304636
139.43613 2.6406906
132.66414 2.6556513
127.728485 2.6617935
123.72225 2.6540396
119.25144 2.6531432
114.78074 2.652177
108.493675 2.6630523
102.674515 2.6665642
97.78074 2.6522713
92.84322 2.6605418
88.3718 2.659661
84.36945 2.648189
79.42919 2.6576023
74.95804 2.6563885
67.78904 2.6673048
63.317177 2.6665533
57.499947 2.6731787
51.685806 2.6812952
45.875935 2.691468
41.431118 2.6389377
36.48738 2.658176
29.325348 2.6838496
24.428825 2.7216606
17.36129 2.7911973
11.687305 2.8855734
7.3064775 -3.1360626
3.8852682 -2.588684
3.118524 -1.3464965
6.1931477 -0.710746
10.586112 -0.6072328
14.515359 -0.5063991
18.529047 -0.4488561
22.582193 -0.4118806
27.965218 -0.40583995
33.348934 -0.40174952
38.73305 -0.39879623
44.92782 -0.4376365
50.305138 -0.431524
55.203247 -0.4505814
60.153267 -0.42934653
65.04773 -0.44568306
69.51919 -0.44683865
73.99073 -0.44785458
79.79854 -0.45460877
84.714806 -0.46569154
92.338104 -0.48489726
97.75581 -0.50202674
103.5827 -0.5041874
107.573265 -0.4943631
111.99975 -0.47317973
116.019714 -0.46514004
120.491844 -0.46508464
126.761734 -0.47559792
132.16055 -0.48864752
138.0629 -0.50702506
143.01802 -0.5117816
147.48512 -0.51032263
151.46779 -0.5031841
156.81387 -0.49898174
162.64 -0.50046694
167.10919 -0.4994818
172.05891 -0.5036525
176.52757 -0.5026393
182.35449 -0.50384706
189.15735 -0.5142337
194.49576 -0.5105421
198.96309 -0.5094884
203.5431 -0.5194559
208.6489 -0.5331215
214.64694 -0.54371226
221.51897 -0.55135226
227.02538 -0.557131
230.84978 -0.5672572
236.08089 -0.5782915
241.61966 -0.58310574
246.88991 -0.5933207
251.61897 -0.59983456
256.61432 -0.6006851
261.6098 -0.6015032
266.6055 -0.6022906
271.34842 -0.60817444
276.10043 -0.61385596
280.86105 -0.61934507
287.02594 -0.6254396
293.20102 -0.6312777
297.18335 -0.6381716
301.9792 -0.64289236
305.98453 -0.6494366
310.00262 -0.6558115
314.033 -0.662023
318.07516 -0.6680769
323.0737 -0.6676966
327.90866 -0.6716107
333.37463 -0.677752
336.67102 -0.6851448
339.9854 -0.6923937
343.31732 -0.6995024
346.66626 -0.706474
350.78854 -0.7114466
354.16565 -0.7181575
357.5584 -0.7247413
361.63492 -0.7332594
365.06238 -0.7395671
368.50403 -0.7457572
371.22977 -0.75367236
373.97845 -0.7614716
376.7495 -0.7691566
375.9928 -0.7860504
375.32156 -0.79924
375.44247 -0.8143063
375.64853 -0.8293595
373.78076 -0.8428389
371.13138 -0.85088503
367.09604 -0.85932976
362.97354 -0.8640787
360.389 -0.8725197
356.28992 -0.87751
352.19995 -0.8826164
348.89566 -0.8896515
344.8282 -0.8950108
341.55502 -0.90231675
337.68747 -0.91210115
334.45807 -0.91972876
329.04865 -0.9262904
324.25024 -0.9305932
320.26318 -0.9368792
315.70303 -0.9458877
311.74783 -0.95254064
307.80676 -0.95936424
301.41672 -0.9607082
294.45663 -0.96489656
288.32697 -0.9712503
283.03934 -0.97985405
276.6592 -0.9817912
271.94763 -0.98789304
266.4088 -0.9921635
259.4924 -0.99775773
253.1232 -1.000326
245.37509 -1.0042713
239.54617 -1.0036359
234.0267 -1.0088694
228.51395 -1.0143554
223.00842 -1.0201126
217.51064 -1.0261611
212.53564 -1.0284832
206.1903 -1.0325836
201.21869 -1.0351951
196.2485 -1.0379388
190.7763 -1.0453478
185.81204 -1.0485171
180.84975 -1.0518603
175.88959 -1.0553923
170.93175 -1.059129
164.61685 -1.0654441
158.78961 -1.0667316
153.44695 -1.0624063
145.77908 -1.0723325
139.95349 -1.0740801
135.00923 -1.0794967
127.42357 -1.0743387
119.363525 -1.0758711
114.421005 -1.0823398
107.715 -1.0807948
102.77663 -1.0882332
97.42103 -1.0826017
92.9503 -1.0814207
86.24449 -1.0794197
80.894585 -1.0720541
76.91049 -1.0585953
72.94185 -1.0436689
67.61904 -1.0320334
63.160408 -1.0267198
57.853767 -1.0115616
51.72813 -0.98279375
47.29378 -0.9710646
43.45102 -0.9380975
38.259808 -0.9029686
33.26151 -0.8993121
27.491129 -0.8715888
21.090504 -0.86416143
16.103556 -0.8445707
9.016143 -0.7341475
2.6939065 -0.014999328
5.0078607 1.4318466
5.0078607 1.4318466
