Stilus
19
345.59567 0.75711495
346.21588 0.71906066
346.90912 0.69372123
345.66776 0.6782417
344.48596 0.6651647
341.5659 0.6488152
341.89996 0.62806296
340.00446 0.6139451
341.20746 0.5973519
341.5697 0.5790902
341.3938 0.562064
340.88104 0.5454671
340.00558 0.52840495
339.25357 0.5127177
336.5121 0.50115186
335.58167 0.48660535
334.72357 0.47368264
334.82474 0.45929757
334.90643 0.44097888
334.24866 0.4278469
332.3688 0.41527033
332.09775 0.40203917
331.09988 0.38295835
331.1445 0.36259738
328.9812 0.34931085
327.87936 0.3307088
327.25525 0.31541362
325.8638 0.30205372
324.62686 0.28957462
324.27347 0.27476245
322.8257 0.25837645
320.7488 0.24435483
319.3226 0.22727148
317.97833 0.20820431
316.79248 0.18967244
315.75946 0.17179824
313.90192 0.15554297
313.20078 0.14054912
311.77246 0.12783986
310.09555 0.11308569
308.46054 0.093400285
308.10272 0.080050126
307.70218 0.06173049
304.43103 0.045216516
303.27463 0.031821173
301.39972 0.015875693
300.1284 -0.0048274617
298.43027 -0.020798592
296.88995 -0.041914146
296.61377 -0.057131484
292.22153 -0.07601123
288.37225 -0.08788837
285.4928 -0.11382003
283.18033 -0.13028541
283.1276 -0.14516099
282.90176 -0.1630179
282.64288 -0.1784932
280.59158 -0.20604089
282.25412 -0.22473902
281.5261 -0.24086879
279.77448 -0.26131085
278.30832 -0.2809121
276.88702 -0.30114686
276.2361 -0.3246639
272.46713 -0.34498706
267.63046 -0.36038715
264.00583 -0.37978944
262.67856 -0.4023893
263.10342 -0.4203452
263.37933 -0.43980125
265.10327 -0.45439607
266.00653 -0.4759387
264.45834 -0.49811876
263.40704 -0.52092886
262.18668 -0.5424236
261.75372 -0.5692783
260.75452 -0.5912133
261.39777 -0.61525786
262.04733 -0.63326687
259.60992 -0.65588677
258.0915 -0.6826769
255.27504 -0.7044549
252.89397 -0.7177178
251.66676 -0.74264497
252.19637 -0.76511717
253.38841 -0.7890324
254.20613 -0.8153771
255.19708 -0.83436227
256.62076 -0.8529857
256.26404 -0.8786732
254.83409 -0.9042734
253.6217 -0.92168784
254.60083 -0.9429203
255.80586 -0.97019726
256.65964 -1.0004833
257.61404 -1.0256847
259.0811 -1.0503218
261.24887 -1.0698591
261.89078 -1.090571
262.13736 -1.1140494
261.0393 -1.1316038
260.11887 -1.1484735
261.16278 -1.1680074
262.07294 -1.1895851
266.37387 -1.2075554
269.16483 -1.2239264
273.106 -1.2479761
274.43967 -1.2715728
278.9096 -1.293309
279.1462 -1.3139544
279.80225 -1.3338909
281.5889 -1.3535726
281.79178 -1.3718615
281.8638 -1.3868301
282.1646 -1.4036577
283.94522 -1.4260429
285.33984 -1.4417671
286.90616 -1.4625579
287.4706 -1.4777229
289.9854 -1.4983176
293.41412 -1.513626
294.45444 -1.5309026
295.29657 -1.547927
298.94513 -1.5673007
302.2588 -1.5880417
306.1213 -1.6042099
309.38177 -1.6232703
311.72986 -1.6413263
312.3065 -1.654738
312.66852 -1.6675277
313.09525 -1.6806823
312.58173 -1.6941228
311.63983 -1.7129714
311.95306 -1.7258794
314.04657 -1.7397321
316.43845 -1.7528867
317.35464 -1.7679503
318.29037 -1.782163
319.4624 -1.79863
320.86646 -1.8167925
323.01712 -1.8302464
324.40643 -1.8459191
326.007 -1.8628069
327.56497 -1.8782341
329.82812 -1.8991576
331.72037 -1.915509
333.70932 -1.9317425
335.50546 -1.9456682
337.35324 -1.9593512
338.9889 -1.9709729
341.37018 -1.9871551
343.40265 -2.0003428
346.07388 -2.016895
348.5821 -2.0317113
351.4112 -2.0476677
353.67697 -2.0599227
355.9873 -2.0719793
357.38275 -2.0890381
357.81125 -2.1077204
357.51108 -2.1278825
355.62946 -2.144522
352.7599 -2.1539729
349.8853 -2.1723833
348.4348 -2.1962833
349.66232 -2.2119045
351.05212 -2.2254696
352.3445 -2.240527
351.9372 -2.2561378
351.5699 -2.2725487
350.63995 -2.2870305
347.8358 -2.297906
345.13828 -2.3156936
343.50238 -2.3361409
345.22592 -2.3505
347.86932 -2.3631692
350.31085 -2.3739908
352.33737 -2.3931594
352.3921 -2.4088306
352.01593 -2.4238398
350.26077 -2.4383717
347.99698 -2.4505708
346.22137 -2.4659681
345.1213 -2.4864032
348.2212 -2.4991095
348.71188 -2.5214198
348.04248 -2.5410292
347.34122 -2.5632384
347.3487 -2.5848653
346.14963 -2.6029036
349.4687 -2.6193829
351.3935 -2.637352
352.27386 -2.657421
351.752 -2.679566
350.06772 -2.7023785
348.60147 -2.7132254
347.48312 -2.7274134
345.6268 -2.7472608
343.65994 -2.7691567
343.0277 -2.7886474
341.20636 -2.8053343
339.2721 -2.8220456
335.51837 -2.8395014
332.06372 -2.8612604
330.96124 -2.8730729
327.77258 -2.8980803
326.7839 -2.910573
325.88828 -2.9225626
324.84238 -2.93753
323.68097 -2.9556644
321.64948 -2.9732697
320.54092 -2.9950144
319.85513 -3.0103326
319.35437 -3.022798
318.86026 -3.036577
316.64536 -3.0502946
314.19855 -3.066309
311.7205 -3.0907223
309.47137 -3.1104054
308.36618 -3.123284
306.31375 3.1410813
303.3683 3.124655
301.3296 3.1046143
300.5619 3.087659
298.21365 3.0704339
296.50165 3.0526733
294.9907 3.0351598
294.5345 3.0138555
289.50128 2.9983754
285.29413 2.9749632
281.26105 2.9545202
279.3125 2.9312885
278.67957 2.908778
279.35196 2.8872263
276.79993 2.8660967
275.81625 2.849956
274.91644 2.8279357
273.05704 2.802615
271.48538 2.775636
270.964 2.7474418
269.94095 2.7280989
267.32745 2.708254
265.67548 2.684452
265.9762 2.66392
264.96033 2.6329885
265.20276 2.6159604
265.05786 2.5805528
263.13956 2.5569415
261.0414 2.541408
259.3491 2.5232606
257.73322 2.5049412
257.03067 2.482823
257.70895 2.460743
259.21042 2.4356155
259.49194 2.4109669
258.88013 2.387908
258.5768 2.3612876
256.5557 2.345139
255.68832 2.3261218
256.2294 2.295134
257.4479 2.2685585
259.33557 2.2469773
260.26303 2.225874
261.06787 2.1996858
261.65753 2.1746674
260.7988 2.1491785
260.8865 2.1228464
262.76196 2.0920033
266.48938 2.066865
268.94495 2.0482936
270.4981 2.0246718
271.9691 2.001757
273.29886 1.9834838
273.87546 1.9627267
274.30444 1.9458766
273.9874 1.9263623
275.1941 1.9034569
276.45383 1.8828781
278.91266 1.8646413
280.1771 1.8432921
283.13852 1.8225688
284.99884 1.8032529
286.6084 1.780476
288.36444 1.7623999
291.1824 1.7387675
292.4954 1.718189
292.89154 1.7033244
294.0645 1.6797259
293.42896 1.6577007
294.03455 1.6404853
295.69763 1.6213884
298.05344 1.5984641
300.08228 1.5773848
303.1025 1.5543319
306.21835 1.5374023
309.2884 1.5231258
312.60925 1.5045087
315.73264 1.4878653
317.24564 1.4747531
317.37103 1.456594
318.84415 1.4444567
320.523 1.4289101
321.21347 1.4145807
322.32834 1.3939674
323.31314 1.3776644
324.22855 1.3637245
325.21164 1.3497964
326.4846 1.3330644
327.9597 1.315163
326.86426 1.2952589
326.9087 1.2707777
327.23538 1.2575032
327.55627 1.2448286
328.31497 1.2199005
328.79034 1.2073247
329.5931 1.1944535
330.3242 1.1791403
330.03564 1.1597229
330.16895 1.1366715
331.2882 1.1208619
333.37314 1.1080817
335.29434 1.0967242
337.61115 1.0835195
339.5871 1.0665257
342.00037 1.0538838
344.01785 1.0436592
346.92773 1.0294231
346.57092 1.0049253
345.648 0.98265725
344.6883 0.9654425
342.76358 0.94497615
342.6613 0.9294177
343.59088 0.9067216
344.93198 0.891399
345.3467 0.8772947
346.1368 0.8623388
345.39163 0.84596884
343.9896 0.82976544
341.67584 0.8095135
342.6411 0.7915403
343.71356 0.7744313
343.71356 0.7744313
