Finger
18
312.71002 1.1338372
311.27667 1.0956172
311.37238 1.0796958
310.87756 1.0494171
309.28943 1.020304
308.77158 1.0001479
307.89044 0.9748159
305.15244 0.947827
303.2946 0.9269569
301.14987 0.90915227
297.7653 0.8875214
295.89178 0.87237066
294.03195 0.85360545
292.74756 0.8278812
291.81244 0.8013692
290.54156 0.7727973
287.91412 0.74840623
286.67844 0.7333019
284.8093 0.70994097
283.393 0.6875945
283.26233 0.663786
284.58676 0.64306265
287.02374 0.616364
289.29486 0.5923688
290.35025 0.5730495
291.52408 0.5470331
292.408 0.5253089
294.29837 0.5021552
297.95282 0.476418
302.43948 0.4588117
305.75626 0.44439185
307.44708 0.42457673
307.07034 0.39735305
306.0336 0.38050848
304.21426 0.3652663
303.50674 0.34963858
303.6188 0.33096552
306.93805 0.30335218
307.78156 0.2788701
308.7692 0.257019
311.30035 0.23668142
310.78473 0.2225354
309.701 0.2065024
309.71396 0.19035085
307.1986 0.17837834
306.0235 0.15984386
306.151 0.14292493
309.32904 0.12220971
308.88654 0.10711833
308.45547 0.09322415
308.05484 0.078088984
307.58353 0.055138726
307.33286 0.037561
307.1936 0.022464566
307.12292 0.0066698934
307.1229 -0.0066579697
305.84576 -0.026840305
306.39648 -0.04268846
305.17657 -0.06044665
306.017 -0.07664516
306.41882 -0.092155546
306.88983 -0.10749071
306.74258 -0.12480245
307.04974 -0.13825457
306.15356 -0.1580911
305.95868 -0.17801625
304.73834 -0.19879855
303.59543 -0.21306504
302.51828 -0.2273888
302.00824 -0.24174806
302.16278 -0.25835055
302.2749 -0.2723177
303.48468 -0.29767925
304.40765 -0.3180721
305.09653 -0.33496484
305.80646 -0.35119152
307.44128 -0.36542895
307.63705 -0.38273525
307.5975 -0.4055518
308.943 -0.41956386
309.80527 -0.43350053
311.55453 -0.44547617
311.99838 -0.45922995
310.7066 -0.48160014
310.02722 -0.5048187
310.4748 -0.5269297
312.5071 -0.5454152
313.49207 -0.56263185
314.43484 -0.5760979
315.38702 -0.5894048
315.62436 -0.6073672
315.50653 -0.62527853
315.97668 -0.6453913
316.38474 -0.66842693
316.533 -0.687169
317.21918 -0.7069402
316.26938 -0.72625214
315.36246 -0.7513813
313.9867 -0.77089584
314.31015 -0.7888882
313.69226 -0.8092131
314.01038 -0.8361965
314.44608 -0.85847086
314.27515 -0.8789094
314.23383 -0.89931476
312.50754 -0.9233018
311.1433 -0.93993145
310.00323 -0.9560745
308.66003 -0.9736857
306.91022 -0.99995285
305.38953 -1.0201366
304.02115 -1.040364
302.78873 -1.0607039
303.20493 -1.0839236
303.12457 -1.1061637
303.19333 -1.1282808
302.741 -1.1492172
302.5542 -1.1670927
302.70813 -1.1830058
300.25027 -1.194405
296.66776 -1.206827
294.248 -1.2190726
292.6032 -1.2347243
292.06375 -1.2507544
292.36133 -1.2699692
293.2531 -1.2895325
293.4159 -1.3065157
292.9402 -1.3262999
292.91553 -1.3411735
292.79773 -1.3585335
291.9772 -1.3719943
291.8352 -1.3928242
291.9805 -1.4102316
291.25754 -1.4263614
291.67233 -1.4411379
290.84946 -1.4650259
292.01135 -1.4860082
292.8225 -1.5067253
292.59283 -1.520422
292.3923 -1.5366316
293.25943 -1.5545931
295.59738 -1.570385
295.99484 -1.585123
296.38776 -1.6045871
297.55908 -1.618696
297.90594 -1.6387813
298.2864 -1.6554691
298.7626 -1.672533
297.8968 -1.6917875
298.04727 -1.7086601
297.94196 -1.7290225
298.98987 -1.7496557
298.9383 -1.766688
298.76587 -1.7804843
299.83838 -1.7966769
299.93848 -1.8124619
298.56934 -1.8347999
298.22482 -1.8525403
298.7709 -1.8702751
299.805 -1.894566
300.0229 -1.9118022
300.13837 -1.9276456
298.85678 -1.9490311
298.32468 -1.9732372
298.1793 -1.9890468
297.4234 -2.0077324
296.56345 -2.0247643
296.04626 -2.045094
296.09903 -2.0635388
296.69992 -2.0779076
295.7992 -2.0990055
295.1331 -2.1279793
294.99576 -2.1524148
294.59656 -2.1820037
295.98373 -2.208774
297.3908 -2.226141
298.4407 -2.2443311
299.82468 -2.2658556
301.55676 -2.281684
301.3395 -2.3015907
301.0406 -2.324434
300.896 -2.3484864
301.61234 -2.367788
300.49692 -2.387256
300.6338 -2.4113712
301.56894 -2.4317346
301.88553 -2.4627712
301.92615 -2.4839706
301.30057 -2.5032032
300.4038 -2.5256221
301.47195 -2.5482626
301.42703 -2.5679867
301.28262 -2.587346
301.61288 -2.6112063
300.85934 -2.6288686
300.8564 -2.6478467
303.4162 -2.6672437
304.8128 -2.6883903
304.63086 -2.7057693
303.97574 -2.7264225
303.21103 -2.7467875
303.05176 -2.7679944
303.22626 -2.7849433
304.10782 -2.8034887
305.2602 -2.8230126
306.2995 -2.844666
307.47122 -2.8661032
307.35565 -2.882902
308.5586 -2.9072504
309.36163 -2.9211543
312.06442 -2.9418592
314.05734 -2.9593391
313.40024 -2.976008
312.46933 -2.9949055
311.6785 -3.0132139
311.0522 -3.0298896
312.29752 -3.0456095
313.0837 -3.0626988
312.68402 -3.080982
312.37808 -3.1001503
312.20474 -3.1169407
310.36148 -3.1353571
310.12985 3.1309757
310.25104 3.1116917
308.48126 3.0928488
307.78494 3.0756545
307.40863 3.0592644
305.87222 3.042449
304.29208 3.022103
302.17377 3.0054393
300.12717 2.9834692
298.91376 2.9624898
299.8458 2.9460652
301.01212 2.927382
301.94675 2.9135902
302.08487 2.8975468
303.5858 2.8784254
304.7232 2.8649094
306.40805 2.846163
307.602 2.8336654
309.39194 2.8159664
311.10938 2.799994
309.6679 2.77772
306.5854 2.7503388
306.55942 2.7315643
307.1799 2.7110858
306.35846 2.688168
304.68152 2.6699142
302.11984 2.648766
300.50192 2.6259298
300.3074 2.6062884
298.70364 2.583026
298.8675 2.5635386
299.1784 2.5446718
298.75122 2.5233335
298.2585 2.4972496
296.73016 2.4763334
294.59692 2.4543095
294.05722 2.433385
293.55325 2.4063945
294.75986 2.3893976
295.8568 2.3707964
297.7789 2.3546555
297.69287 2.3327289
296.99866 2.3130164
297.41464 2.288011
297.17944 2.2677789
299.13705 2.2440248
301.35587 2.2182825
302.86893 2.1930962
303.4753 2.1714647
303.74347 2.1521068
302.79367 2.129694
301.7001 2.1085746
300.37344 2.092958
302.00793 2.0694275
302.40652 2.0500274
302.32455 2.029254
301.59567 2.001136
301.4043 1.9815452
302.63712 1.9590831
302.85492 1.9410745
303.7599 1.9231228
303.3089 1.8992325
302.99927 1.8844758
302.59015 1.8680042
302.40048 1.8543693
301.74863 1.8344381
301.69553 1.8207283
301.68027 1.7995647
300.96164 1.7812694
301.50632 1.7605942
301.77304 1.7428442
300.95935 1.7265172
301.25174 1.7104945
302.4342 1.6957507
302.08948 1.6792264
301.58945 1.6627474
301.09845 1.6429331
300.72543 1.6230241
300.47253 1.6031427
300.35062 1.5861142
302.8171 1.565849
303.4 1.5468532
304.52484 1.533429
304.8014 1.5141363
305.29443 1.49056
305.73523 1.4742783
304.25903 1.4576585
304.877 1.4410338
305.50192 1.4262015
305.6826 1.4057499
305.73996 1.3858688
305.67566 1.3698834
305.57297 1.3524381
305.93442 1.3359365
306.92377 1.319948
306.74673 1.2969812
307.76187 1.2741563
309.32526 1.2580448
309.52866 1.2378415
310.0553 1.2214077
310.39777 1.2011293
310.20584 1.1843163
308.92526 1.1545386
307.8633 1.1308136
307.2356 1.1053648
306.346 1.0810715
306.67706 1.0601836
307.5733 1.0355055
307.5733 1.0355055
