Mouse
27
286.82782 1.6897557
286.38065 1.6758865
286.9846 1.6616594
287.64636 1.6474949
290.3617 1.6329672
293.13718 1.6187118
295.97107 1.6047266
297.86197 1.591077
297.8077 1.5776479
298.80716 1.5642383
299.85995 1.5509205
300.96555 1.5376983
302.12338 1.524575
302.33463 1.5113584
304.59332 1.498639
304.9078 1.4855541
306.2696 1.4728187
307.68057 1.4601982
309.1401 1.4476949
309.6567 1.4348748
311.3623 1.4193989
312.97723 1.4072462
313.83014 1.391526
314.568 1.3790137
316.53787 1.3641089
317.3829 1.3517737
319.24942 1.340224
320.18723 1.3280617
321.17212 1.3159721
322.20367 1.3039582
323.28143 1.2920227
323.44702 1.2792822
324.61923 1.2674797
325.83633 1.2557638
327.09784 1.2441366
327.46002 1.231587
328.81262 1.2201148
329.2732 1.2076626
329.78464 1.195247
331.65118 1.1812212
331.35022 1.1677611
332.9394 1.1567093
333.6581 1.144528
334.42606 1.1324009
335.243 1.120331
335.2139 1.1069907
335.24442 1.0936503
335.3346 1.0803149
335.48438 1.0669888
335.6937 1.0536771
335.10016 1.0388746
335.43494 1.025573
336.6774 1.0138742
337.12332 1.0006658
337.62793 0.9874947
339.58005 0.97358286
339.96088 0.95645785
341.24887 0.94110596
342.01648 0.92820966
342.8407 0.91537327
343.55862 0.8985123
343.73886 0.8839719
343.9917 0.8694498
345.07208 0.8568539
345.46002 0.8424158
346.59692 0.8258879
347.1046 0.80748504
347.02576 0.79118735
347.73947 0.77694124
345.6664 0.76666135
344.3584 0.75426584
344.58087 0.73785645
342.73428 0.7231361
342.37283 0.70857793
342.08405 0.6939921
342.6467 0.677551
341.72534 0.66476196
343.24976 0.6466033
343.27066 0.6320371
343.36438 0.61747575
342.70764 0.60458004
343.21597 0.5859686
342.69904 0.573016
341.50723 0.5510282
340.6347 0.53544766
340.21927 0.5157799
339.53497 0.5000637
339.40155 0.48689553
339.32706 0.4737193
339.3115 0.46053955
338.021 0.4459734
336.8028 0.4312987
336.06345 0.41924194
334.05933 0.40557033
333.42487 0.3933632
332.4696 0.37831938
331.01306 0.36708954
330.53616 0.35470814
331.05225 0.34127894
329.09268 0.32409763
327.23138 0.3067157
326.04596 0.29501978
324.3522 0.27731964
323.01913 0.26243153
321.51477 0.24440783
320.34158 0.22926278
319.24243 0.21400993
319.3967 0.20110671
318.62177 0.18880534
317.89532 0.17644587
317.21762 0.1640317
316.58905 0.1515663
315.87277 0.13591798
314.24142 0.120583974
312.79123 0.10827302
311.3889 0.095849276
307.95987 0.08061962
305.66815 0.068102635
304.42355 0.05521669
302.2308 0.042366795
300.061 0.026000043
298.97272 0.009367949
297.9677 -0.007381
297.04684 -0.02423855
296.17142 -0.037822526
296.3496 -0.051310852
295.65042 -0.06837476
294.95398 -0.08213658
294.41113 -0.0993419
292.84753 -0.11361136
292.33603 -0.12759429
290.8919 -0.14210871
288.522 -0.15730596
286.21982 -0.1727513
283.987 -0.1884433
282.02988 -0.20785195
280.93167 -0.22325353
279.16812 -0.24309994
278.224 -0.2587851
277.3488 -0.27457318
275.58517 -0.29149643
273.9015 -0.30863267
273.24673 -0.3248038
271.7216 -0.34227926
270.28033 -0.35994655
269.85406 -0.3764307
268.57785 -0.39438826
268.30542 -0.41101715
267.19775 -0.42922744
266.1794 -0.44758323
264.35846 -0.46777362
263.9993 -0.48980412
261.92014 -0.5070968
261.28717 -0.5260563
258.85925 -0.5404974
258.92535 -0.56301916
259.40723 -0.58017474
259.96512 -0.5972618
259.782 -0.6164893
258.8911 -0.6380303
258.91205 -0.6573428
259.0295 -0.676645
259.24338 -0.6959225
257.48834 -0.7118435
257.13452 -0.73378533
256.21997 -0.7529368
256.81418 -0.7722908
257.5041 -0.7915484
256.15128 -0.8081458
255.66867 -0.8330963
255.24692 -0.85259956
256.33148 -0.87168187
255.32518 -0.8887148
255.18123 -0.9082954
254.33557 -0.92553335
254.37592 -0.94519055
253.94626 -0.9680706
254.19917 -0.98772514
255.9298 -1.0061167
258.08405 -1.0295793
260.0081 -1.047395
262.01346 -1.0649434
262.7462 -1.0837942
263.57178 -1.1025337
263.58908 -1.1195006
264.58972 -1.1380509
265.68073 -1.1564552
265.93866 -1.1732519
267.20007 -1.1914023
267.61353 -1.208055
269.04187 -1.2259127
270.55505 -1.2435763
272.15173 -1.261038
272.58533 -1.2807457
275.31924 -1.2988236
276.92288 -1.3191271
279.84317 -1.3365309
280.89377 -1.3520355
282.0114 -1.367421
284.17767 -1.3833395
286.41486 -1.3990133
287.73355 -1.4138992
289.11542 -1.428646
289.3192 -1.4496664
289.75232 -1.467214
289.3661 -1.4809636
289.88724 -1.5018889
291.58328 -1.5194691
291.40546 -1.533178
293.25986 -1.5504731
295.20084 -1.5675457
297.22675 -1.5843904
300.33536 -1.600902
303.47958 -1.6137792
305.67462 -1.6265721
306.92133 -1.6394032
309.21484 -1.6518657
310.75345 -1.6708508
313.3959 -1.6892637
315.01712 -1.70465
317.70108 -1.7194077
319.4664 -1.7344234
321.30295 -1.7492707
323.20953 -1.763946
324.0011 -1.7760625
325.81656 -1.7874563
326.9279 -1.8023931
328.11163 -1.8172256
329.36703 -1.831948
328.49686 -1.8452842
327.68536 -1.8586888
329.13995 -1.8732553
328.76392 -1.8895862
327.53156 -1.9069543
329.21472 -1.9212924
329.67447 -1.9337298
331.11566 -1.9450234
332.97595 -1.9590007
334.90054 -1.97282
335.0597 -1.9888893
335.30524 -2.004939
335.20312 -2.0182753
336.0566 -2.030294
336.9584 -2.04225
337.9081 -2.0541406
338.90533 -2.0659628
339.07574 -2.079146
340.17242 -2.0908487
341.82346 -2.1049967
342.16782 -2.1180344
343.41772 -2.1294966
344.71243 -2.140874
344.38174 -2.155354
345.77698 -2.1665976
346.39462 -2.179396
347.6519 -2.1944854
348.39255 -2.207158
349.1889 -2.2197752
349.25208 -2.2340918
349.2375 -2.2524261
348.57602 -2.272604
348.90308 -2.2869108
350.7135 -2.3014095
351.18387 -2.3155935
350.99976 -2.3316975
350.90677 -2.3478138
350.91876 -2.3679647
351.0309 -2.3840792
350.5596 -2.4022832
350.11667 -2.4164991
348.2315 -2.4270008
348.0352 -2.4453852
347.80762 -2.4597414
347.65182 -2.4741137
346.96115 -2.4907846
346.15692 -2.5034788
345.4087 -2.5162299
344.7169 -2.5290344
343.51843 -2.5442913
343.2363 -2.5612528
343.58813 -2.5757766
342.31024 -2.587207
341.93402 -2.6002326
340.75262 -2.6118054
339.9934 -2.6274688
339.79715 -2.6406136
339.19205 -2.6563756
338.67157 -2.6721902
337.7779 -2.6840909
336.93234 -2.696053
336.13522 -2.7080736
335.3869 -2.7201495
334.291 -2.735022
333.26947 -2.7499893
331.39334 -2.7639353
330.87314 -2.7762873
329.12012 -2.7904775
328.37805 -2.8058228
328.0299 -2.8183408
327.42896 -2.833791
326.9064 -2.8492944
325.7763 -2.8610523
325.6558 -2.8737056
324.36813 -2.888571
323.39 -2.9005463
322.233 -2.915615
321.3604 -2.927746
320.53537 -2.9399412
319.75824 -2.9521973
319.02936 -2.9645116
318.3491 -2.9768803
317.56754 -2.9924123
316.863 -3.0080175
315.2429 -3.0233152
313.69733 -3.038767
312.31607 -3.0511787
310.98337 -3.0636985
310.6977 -3.076534
309.46466 -3.0892227
307.28265 -3.1018817
306.1502 -3.1148076
304.0694 -3.1277819
303.04047 -3.140935
301.0644 3.128968
300.14178 3.1155996
299.27316 3.1021512
298.51358 3.0852816
296.77026 3.0714447
295.1702 3.0540714
293.66016 3.0365138
291.2491 3.0183597
289.78662 3.0038123
287.55182 2.9851549
284.43405 2.9655986
282.4084 2.946306
279.72806 2.9224873
277.94165 2.9025805
276.26675 2.8824244
275.66675 2.8630319
274.21512 2.8424911
273.51816 2.8263607
272.8927 2.8101523
272.33923 2.7938738
271.85825 2.7775333
269.59412 2.7583842
268.3508 2.7403786
268.10892 2.72373
266.55408 2.7004943
264.25473 2.683765
262.95105 2.6599824
260.8347 2.642685
260.1613 2.6236653
258.72372 2.6025767
256.34518 2.587871
255.94534 2.5684133
255.64268 2.5489018
254.61983 2.5270944
253.71902 2.5051217
254.5262 2.487812
254.6267 2.4681754
254.82526 2.4485617
254.36588 2.4264154
254.77277 2.4068394
255.27695 2.387333
255.87787 2.3679109
255.87413 2.3458028
256.726 2.321041
256.24155 2.3016381
257.91855 2.2855115
258.3797 2.2636707
257.40033 2.24675
257.28665 2.2273257
258.07462 2.2055862
258.1666 2.1862185
257.79523 2.1636615
257.2572 2.1464217
257.64462 2.1270587
257.26956 2.109749
258.2143 2.0851772
258.02618 2.0678666
258.803 2.0487525
258.77765 2.0314717
259.73325 2.0125408
259.86966 1.995335
261.92044 1.975127
263.14975 1.9566662
265.40134 1.9370292
267.75354 1.9177299
268.9356 1.8964512
271.19247 1.8742626
271.94162 1.8580272
274.68948 1.8399355
275.58884 1.8240132
277.29697 1.8038454
278.35318 1.7882036
279.47693 1.7726839
280.66748 1.7572922
281.92398 1.742034
282.1034 1.7239641
283.50168 1.7089431
285.95572 1.693643
286.48727 1.6793578
288.07263 1.6648014
290.71518 1.6501337
291.4234 1.6361787
291.4234 1.6361787
