Mouse
35
289.85693 2.172849
292.87943 2.1575518
294.5871 2.141553
297.42795 2.1314576
299.25674 2.1158593
301.15744 2.1004543
303.1287 2.085246
305.64932 2.0731096
308.21426 2.0611737
310.8224 2.0494363
313.47263 2.037896
315.725 2.0237064
318.4663 2.0125632
319.5057 1.9972308
321.9365 1.983607
322.19473 1.9697442
321.5882 1.9570745
321.0335 1.944359
319.59546 1.932706
318.2012 1.9209495
316.85132 1.909091
315.54636 1.8971328
314.2869 1.8850769
313.0735 1.8729259
310.9485 1.8616014
307.90283 1.851018
304.89233 1.8402243
300.95135 1.8300657
297.04227 1.8196388
293.16635 1.808935
288.35068 1.7987267
284.54263 1.7874147
279.02087 1.7807655
274.49146 1.7731135
269.78726 1.7615684
267.08865 1.7482833
263.28964 1.7316021
259.71103 1.7182481
256.18005 1.7045237
251.58797 1.6869462
247.38783 1.68079
242.99866 1.6662349
239.65964 1.6508127
234.45015 1.6397622
230.214 1.623625
226.07831 1.6113077
224.95192 1.5937198
222.89583 1.5759838
221.91104 1.5579811
221.99834 1.5399635
224.15526 1.5224013
228.31291 1.5101241
232.43344 1.5025787
237.64111 1.491418
242.7892 1.4848393
246.95164 1.478161
250.33621 1.463359
251.78911 1.4479896
253.3008 1.4327999
256.84705 1.4189808
259.45468 1.4049065
263.09662 1.3917942
267.39175 1.3870975
272.07397 1.3753283
276.58896 1.3674972
280.35434 1.3556836
284.1578 1.3441846
288.73666 1.3371727
292.59863 1.3262469
295.52713 1.3147528
300.42334 1.3052441
303.42133 1.2942529
306.45526 1.283478
309.52408 1.2729156
311.674 1.2615883
314.81265 1.251418
317.03714 1.2404293
318.35718 1.228544
320.0699 1.2138278
320.55685 1.2010458
321.096 1.1883045
322.07346 1.1727425
320.89517 1.1576275
318.88135 1.1411018
319.6643 1.1284227
318.7031 1.1130497
315.12714 1.1003443
312.95374 1.0860054
308.53867 1.0784532
304.6225 1.0678016
302.5984 1.0527426
298.76837 1.0415473
296.53223 1.021389
293.34418 1.0066735
289.93475 0.9868635
287.4653 0.9685665
285.32883 0.9548483
282.65894 0.9437847
280.62128 0.9296496
279.8641 0.9096454
277.9643 0.89512974
278.16998 0.87716347
279.22342 0.8615682
280.34424 0.84609395
283.01172 0.83551186
285.65765 0.8201817
289.09122 0.8075337
292.56995 0.79518443
295.38437 0.7855156
298.22586 0.7760302
301.8147 0.76442593
305.4008 0.75772417
309.0519 0.7466049
311.99973 0.73789775
314.97076 0.7293542
318.62537 0.7233285
321.63467 0.71509683
325.31586 0.70935553
328.36133 0.70142096
331.42706 0.6936327
334.51257 0.68598765
338.39636 0.6766281
342.3091 0.6674818
345.6388 0.65625465
349.61353 0.64752847
352.21524 0.6384133
354.8458 0.62943256
357.50458 0.6205847
361.58395 0.61254346
363.98904 0.5979015
366.19012 0.5872384
368.43234 0.5767038
369.64578 0.5617318
370.9415 0.5468612
371.4573 0.53346306
373.90332 0.52341706
376.2818 0.5075674
378.34692 0.49549884
378.65356 0.4801146
377.71426 0.46949884
375.92142 0.46000955
374.16278 0.45043015
372.43878 0.4407612
370.33325 0.42854992
366.05002 0.4159111
364.05862 0.40334755
361.2009 0.3917021
358.39288 0.3798725
355.27744 0.3652314
352.58395 0.35299844
348.05954 0.34249842
343.90152 0.33447233
339.76617 0.32625034
335.01932 0.32159454
330.92105 0.3129921
327.8021 0.30326092
324.71478 0.29334375
320.42114 0.28111282
315.21268 0.26939335
311.98352 0.25565064
307.8437 0.24240044
303.75934 0.22879148
300.92395 0.21735258
297.14984 0.20638499
294.39346 0.19447798
291.6796 0.18234763
288.02393 0.17057866
286.38428 0.1574065
283.80527 0.1445909
281.14432 0.12801626
280.66168 0.11388038
280.13757 0.09614669
281.77524 0.08133462
283.47403 0.06669689
285.23282 0.052236617
284.98254 0.031209864
285.88562 0.01711545
287.84512 0.0031017503
289.8604 -0.0107197715
292.93 -0.024264758
296.98343 -0.030670417
301.0135 -0.033583473
304.17108 -0.046395734
306.44 -0.06239257
308.78622 -0.078150295
309.12424 -0.09105094
310.6132 -0.10678937
311.06494 -0.11957552
312.6918 -0.13507065
314.24466 -0.14725544
314.8564 -0.15982248
315.5177 -0.17233881
316.2282 -0.18480085
316.00705 -0.1978251
312.4902 -0.20661634
308.45673 -0.22263442
305.2416 -0.23511389
301.1057 -0.24867178
298.25284 -0.26497218
294.24304 -0.2792626
291.54257 -0.29623392
288.6208 -0.3102216
285.12527 -0.31784412
281.64676 -0.32565534
277.5714 -0.33824536
274.48053 -0.34995502
270.72644 -0.35502076
266.97952 -0.36022884
263.59918 -0.36912796
260.24023 -0.37825754
256.52725 -0.38401604
252.82304 -0.3899435
247.28397 -0.3991671
243.4838 -0.4147171
239.82828 -0.4214375
236.60107 -0.43221024
233.83273 -0.44714284
230.22324 -0.4643675
227.11055 -0.4761926
224.5014 -0.4922782
221.9517 -0.50873774
221.33539 -0.53112495
220.83058 -0.5536258
222.11781 -0.57131225
225.13966 -0.58385605
227.36914 -0.59853476
229.64664 -0.6129254
232.78128 -0.62451
235.94633 -0.6357853
239.14058 -0.64676064
242.36287 -0.6574455
247.80212 -0.6660189
251.07257 -0.67608505
254.36781 -0.6858914
258.45544 -0.69296694
261.79144 -0.7022821
266.55994 -0.7117545
271.35153 -0.72089314
275.42044 -0.73213446
278.11017 -0.7428319
282.24463 -0.75348383
285.7194 -0.7612995
288.49338 -0.77133715
294.1218 -0.7860315
296.96545 -0.79555005
301.24945 -0.8047957
305.5585 -0.8137813
309.212 -0.8248865
312.90277 -0.83573097
315.88132 -0.8442233
319.63583 -0.8546152
320.72086 -0.8698595
322.5141 -0.882598
322.32938 -0.8980952
320.81964 -0.91417
319.19226 -0.9260086
317.82806 -0.94236463
316.54965 -0.9588573
315.09387 -0.9710717
312.85364 -0.9816263
313.16495 -0.99756944
312.17828 -1.0145012
310.9401 -1.0271242
308.88992 -1.0382069
306.87823 -1.0494363
304.4188 -1.0636793
301.14142 -1.0765809
299.26477 -1.0883479
295.19406 -1.1002096
292.06314 -1.1139163
289.41824 -1.1247956
286.80823 -1.135874
282.41205 -1.1442435
280.3803 -1.1604792
277.5004 -1.1755646
277.47336 -1.1949717
278.83752 -1.2122656
279.34216 -1.2281874
279.91733 -1.2440478
281.51486 -1.2609261
282.23447 -1.2765852
285.49915 -1.2873526
288.7962 -1.2978752
292.38574 -1.3048563
295.73453 -1.3149363
300.08267 -1.3256012
304.69818 -1.3327684
308.12735 -1.3421372
311.36676 -1.3544337
314.65228 -1.3664751
317.98248 -1.378266
321.17746 -1.3928736
324.604 -1.4041508
328.22742 -1.4121814
333.849 -1.4209358
337.6586 -1.4256328
341.3368 -1.4331257
345.03375 -1.4404584
348.8731 -1.4447907
352.7189 -1.4490285
356.4549 -1.4559609
361.0957 -1.465801
363.68533 -1.4776037
367.40414 -1.4867469
371.0794 -1.4983934
371.8096 -1.5093182
372.584 -1.520199
374.40155 -1.5311394
377.26306 -1.5420492
380.1688 -1.5527935
382.11777 -1.5633541
383.10892 -1.5738144
382.14197 -1.5842898
380.21747 -1.5948802
380.3348 -1.6053945
379.54172 -1.6186519
376.75922 -1.6296377
373.0968 -1.6436468
370.4198 -1.6550065
367.7913 -1.66653
364.2181 -1.6785122
361.69107 -1.6903993
357.23325 -1.7031869
353.82483 -1.7158855
350.47452 -1.7288293
346.19873 -1.7425126
341.80612 -1.7536603
337.4571 -1.7650967
334.1323 -1.7762178
329.87308 -1.7882131
326.4108 -1.7968396
322.97336 -1.8056505
319.32153 -1.811611
315.20804 -1.8246374
311.85233 -1.8340664
308.2569 -1.8405757
303.0275 -1.8522143
299.7556 -1.8623301
296.21933 -1.8694448
291.74496 -1.8777634
288.5531 -1.8885595
284.12695 -1.8974012
280.389 -1.9132569
277.66 -1.9282722
274.99484 -1.9435822
276.85504 -1.9604026
277.47928 -1.9751071
278.16327 -1.9897425
278.9065 -2.004303
280.6102 -2.0172393
281.46423 -2.0315924
283.26553 -2.044241
286.8816 -2.0534718
289.64032 -2.064102
295.54175 -2.072594
299.23004 -2.0810988
301.204 -2.0926871
303.72754 -2.1069582
305.45993 -2.122703
308.64807 -2.1392572
310.8197 -2.1501026
311.92792 -2.1670275
313.37048 -2.1793818
314.86044 -2.191621
317.20395 -2.2018783
318.7795 -2.2138605
319.60788 -2.227629
321.2806 -2.2393894
321.44495 -2.2549398
320.2779 -2.2700927
317.87793 -2.2806
315.5136 -2.2912662
313.18573 -2.302092
310.89508 -2.3130786
308.64252 -2.324227
307.12207 -2.3378875
304.255 -2.3470123
302.12177 -2.3586497
300.03003 -2.3704515
297.29324 -2.384857
294.56137 -2.3947306
291.85876 -2.404788
289.93448 -2.4173236
287.29974 -2.4277515
284.8164 -2.44332
282.26144 -2.454175
278.9612 -2.4629827
274.89975 -2.469743
270.06494 -2.474421
266.02557 -2.4815812
260.59854 -2.48968
255.99002 -2.5004666
252.80966 -2.5107813
248.84381 -2.519022
244.32059 -2.530874
240.65984 -2.5455124
237.05226 -2.5605996
233.5003 -2.5761492
230.00655 -2.5921755
226.57367 -2.6086917
223.20448 -2.6257112
220.7808 -2.645412
217.55638 -2.6634357
218.43503 -2.6860156
222.08105 -2.7040095
224.88402 -2.719603
228.53899 -2.7267716
232.20534 -2.7337143
235.88254 -2.7404408
239.57007 -2.7469604
242.89061 -2.757093
246.44426 -2.7759886
250.08337 -2.7943406
253.18475 -2.8071454
257.59244 -2.817184
261.0745 -2.8256981
264.27396 -2.837594
267.79984 -2.8456283
272.30148 -2.8544965
276.82385 -2.8630757
280.40237 -2.8704267
283.99564 -2.8775918
287.60312 -2.8845778
290.97833 -2.8947198
294.38275 -2.9046283
298.04233 -2.9110405
301.7139 -2.917297
304.97028 -2.929805
308.47318 -2.9388697
312.00082 -2.9477298
315.3698 -2.9595082
316.4754 -2.976191
317.66843 -2.9927533
317.95673 -3.008772
318.32645 -3.0247574
317.88498 -3.037255
317.49332 -3.0497856
317.1516 -3.062345
316.86005 -3.0749297
315.5676 -3.0905285
313.3902 -3.10295
312.2615 -3.115627
308.19858 -3.1250207
304.15826 -3.1379526
300.15756 3.1386182
298.19638 3.1251838
294.32254 3.107974
292.4864 3.0940757
288.65097 3.083036
285.9206 3.0684555
283.2522 3.053597
281.85437 3.0317664
280.33624 3.0168014
278.88156 3.0016766
278.47937 2.9869518
279.29318 2.9692624
280.00684 2.955188
280.77567 2.941188
280.62216 2.9265094
281.73166 2.9091702
284.6199 2.8971124
289.48383 2.8870502
294.82712 2.8847554
296.8324 2.8725772
299.84204 2.8614893
303.8459 2.8515673
305.9686 2.8399744
309.39188 2.826463
314.12885 2.8213298
320.1416 2.8143873
324.28033 2.80568
327.5019 2.796162
330.75256 2.78683
334.9662 2.778743
337.3378 2.7687094
340.67075 2.7599134
343.10495 2.7501795
346.4921 2.7417104
349.90363 2.7334056
353.74442 2.7226765
357.20984 2.7147243
359.79068 2.705755
364.20654 2.6992762
368.63733 2.692953
371.28687 2.684414
374.41312 2.67361
376.69498 2.6617634
379.02908 2.6500614
380.53864 2.6372368
380.37305 2.6219168
380.64966 2.610186
380.12283 2.5971148
378.28357 2.5848536
376.50177 2.5724745
374.22974 2.5622125
371.99762 2.551826
369.24216 2.5435503
366.51233 2.5351505
362.99243 2.525036
359.5104 2.5147247
356.2787 2.5081387
353.6609 2.4991646
351.07202 2.4900575
347.89987 2.4830852
345.36337 2.4737074
341.45175 2.4646385
337.43176 2.4511893
334.3575 2.4435704
331.95255 2.433518
327.4181 2.4215994
323.67584 2.4114134
321.38074 2.400793
318.44046 2.3923159
315.5235 2.383681
311.91107 2.3726616
307.6348 2.3636956
304.09067 2.356807
299.85962 2.347383
294.9367 2.3400428
291.48087 2.3277187
287.3356 2.3174586
283.22147 2.306899
279.80414 2.2987041
277.159 2.2879293
274.54663 2.2769482
271.96802 2.2657576
273.31903 2.2428002
274.62427 2.2251828
277.2081 2.2135375
279.8288 2.2021086
282.48538 2.1908934
283.47113 2.1712084
283.47113 2.1712084
