Mouse
40
255.37964 1.5820096
257.3661 1.5663806
257.41483 1.5508411
256.52634 1.5351728
252.65524 1.5227423
247.71214 1.5177404
243.71788 1.51687
239.78065 1.5118064
235.9161 1.5023438
232.15364 1.4882727
228.25354 1.4824618
223.36588 1.4760275
219.48276 1.4697672
215.60854 1.4632816
211.63208 1.4612535
207.88884 1.4495869
203.05272 1.4417207
199.22041 1.4341583
194.41042 1.4255592
189.61552 1.4165244
185.8236 1.4078991
181.0609 1.3979706
176.317 1.3875066
170.42102 1.3810896
165.71046 1.3694732
161.02359 1.3571788
156.3625 1.3441495
151.7296 1.3303219
147.12752 1.3156263
142.55927 1.2999854
138.02818 1.2833133
133.53807 1.2655147
130.04146 1.2489345
134.18292 1.2277261
138.62363 1.2238456
142.8313 1.20465
147.28285 1.2016941
151.7356 1.1989118
156.55803 1.1903433
161.39128 1.1822875
166.62276 1.1691636
171.8812 1.1568408
177.57933 1.1401222
182.42249 1.1220808
186.87492 1.1097589
191.35442 1.0980122
196.28357 1.0936846
199.91444 1.0805042
205.33336 1.0724915
209.80287 1.0732301
214.75093 1.0698444
220.09804 1.0727842
225.04639 1.0695632
230.87297 1.0685737
237.18361 1.0639393
242.13797 1.0611265
247.58592 1.0549061
253.54303 1.0455346
259.01364 1.0399171
265.00443 1.0312883
270.49463 1.0261976
275.13925 1.0194114
280.645 1.0147375
285.31018 1.00838
290.294 1.006985
296.35434 0.99993765
302.42877 0.9931731
307.4181 0.99210244
312.12204 0.98663044
317.11337 0.9856955
321.82785 0.98048216
325.72336 0.9736978
331.28192 0.9705014
335.19882 0.9640249
339.94785 0.9593909
344.4682 0.95083797
349.82266 0.94418734
354.60144 0.94001114
357.77783 0.9326309
362.37387 0.92483634
366.1979 0.9155772
369.43704 0.90864134
373.31464 0.8997251
377.22128 0.8909928
381.15613 0.8824402
383.70966 0.87438935
386.2877 0.8664454
389.54404 0.8566642
388.517 0.8440857
387.55176 0.83144253
385.28525 0.82252914
383.0497 0.813511
380.15286 0.80628276
377.27612 0.79894394
374.42004 0.7914927
371.58505 0.7839274
368.0588 0.7781497
363.848 0.7702917
360.38416 0.76033396
356.95673 0.750184
353.56677 0.73983836
350.88254 0.7314186
347.5628 0.720712
344.39343 0.7057055
341.81268 0.69679815
338.62558 0.68547416
335.4827 0.67393655
331.59726 0.66403645
326.1599 0.65763265
320.7364 0.65101194
314.52838 0.64607316
308.92734 0.6435302
305.7383 0.6350264
301.98676 0.62366116
298.85083 0.6147503
294.3478 0.6047923
290.4362 0.5973782
285.98602 0.5868561
281.5685 0.57600266
276.65128 0.56175125
272.8378 0.5532481
269.9005 0.5425853
266.1331 0.5335942
261.8886 0.5210402
257.68674 0.5080747
255.76465 0.49441043
258.82602 0.483676
262.37378 0.47658625
265.9344 0.469686
269.50732 0.46296844
273.09207 0.45642692
276.68823 0.45005515
280.29532 0.44384718
283.91293 0.43779716
287.54068 0.43189958
290.76627 0.42301756
294.41824 0.41744024
298.07916 0.41199976
303.19482 0.40105286
307.8043 0.39471132
312.04825 0.3855914
317.2476 0.37555736
322.4778 0.36584786
327.1518 0.36038032
332.7731 0.35402223
337.12695 0.34609827
340.55826 0.3393516
344.0048 0.3327398
348.09512 0.32261747
350.9617 0.31089675
354.83136 0.2985364
357.79495 0.28723416
361.07736 0.27878362
364.38507 0.2704859
368.94327 0.2642528
372.80588 0.2614504
376.41678 0.25613728
379.54645 0.2458208
380.53796 0.23434612
380.60413 0.22351347
381.48315 0.20957023
382.43604 0.19569379
382.4787 0.1823619
381.6036 0.16947621
381.93677 0.1587115
381.1785 0.14575878
380.35336 0.13015062
376.8766 0.12065978
371.3367 0.10891327
366.04837 0.1022509
360.97275 0.10090893
356.89285 0.09925027
352.71796 0.094731614
348.64185 0.09296144
344.47726 0.08825848
340.3205 0.08344054
335.09775 0.07576257
329.96466 0.07086563
325.77353 0.06254919
320.607 0.054184984
316.50958 0.04855975
311.42334 0.0429245
306.27963 0.030576782
302.2262 0.024366898
298.18472 0.017988432
293.16895 0.014884753
288.1397 0.0047323974
281.1372 -0.0022637136
277.14902 -0.009512764
273.1492 -0.009652068
268.16113 -0.01356097
263.16162 -0.013818617
259.162 -0.014031892
254.16249 -0.014307925
250.1629 -0.014536694
246.16333 -0.014772898
242.15083 -0.0108877
237.14212 -0.0069006155
232.14224 -0.0070492434
228.14235 -0.007172836
224.14246 -0.0073008398
220.1665 -0.016517403
216.20996 -0.026072122
212.24025 -0.0312735
208.31558 -0.041470204
202.36604 -0.047636744
198.42177 -0.05363078
194.48491 -0.05986772
189.55814 -0.06671195
185.56723 -0.06814889
180.65189 -0.07555635
175.83311 -0.08904521
170.94792 -0.097472884
166.07558 -0.10639572
162.2106 -0.1151445
158.48575 -0.13058068
154.65741 -0.14035939
149.85602 -0.15163486
146.06165 -0.16253966
141.12987 -0.1682729
137.36383 -0.18032727
133.61887 -0.19305928
129.8968 -0.20652322
134.44363 -0.22226293
139.7641 -0.22833474
144.59663 -0.24901965
147.83131 -0.27846873
152.80144 -0.29644316
155.28334 -0.32536072
160.04007 -0.33513346
164.21248 -0.35212922
168.65756 -0.35508013
172.7563 -0.35245767
177.2015 -0.35525805
182.35832 -0.36819392
186.8106 -0.37047556
192.00099 -0.3823528
196.8357 -0.38891137
202.60176 -0.39325517
207.06305 -0.39477426
211.52481 -0.39622924
217.29688 -0.40008506
221.63222 -0.41143575
226.90752 -0.42054304
232.20079 -0.42923582
237.03247 -0.44314954
241.90819 -0.45650485
244.58932 -0.46938223
247.77525 -0.48555446
250.63162 -0.50672853
252.5971 -0.52057457
254.61028 -0.5342042
254.96458 -0.55170166
252.6349 -0.56674296
249.8151 -0.5787169
246.47614 -0.5875933
242.3306 -0.5990317
238.21786 -0.61086655
234.37233 -0.6171607
230.31288 -0.62972486
225.90349 -0.6329975
222.09238 -0.6400217
216.89194 -0.64639306
213.10266 -0.65395284
209.32602 -0.6617858
204.77975 -0.67293817
201.03578 -0.68144995
196.67166 -0.6863635
192.95175 -0.69549215
188.48804 -0.7084168
184.05733 -0.72196615
179.66208 -0.7361811
173.89159 -0.7508269
168.16093 -0.76647455
164.59871 -0.77895397
160.35304 -0.7876027
154.7059 -0.79682475
149.0729 -0.80674464
144.18675 -0.82218695
139.2692 -0.82856804
135.10097 -0.8403816
130.95279 -0.8529455
126.066345 -0.8611919
121.95527 -0.8753895
125.679955 -0.8896723
131.45583 -0.895893
138.64113 -0.90040725
143.63939 -0.90134305
148.63776 -0.90221596
153.80862 -0.9121633
156.99103 -0.9277581
161.83269 -0.9499914
165.10274 -0.9640847
168.96532 -0.97272056
172.83994 -0.98096985
177.2774 -0.9841445
181.16743 -0.99177015
185.61057 -0.99454397
190.05504 -0.99718803
193.427 -1.0084105
197.34834 -1.0149311
200.75723 -1.0254451
204.69936 -1.0314047
209.15895 -1.0330226
213.1099 -1.0386069
216.87662 -1.0273931
223.22617 -1.0236366
227.68303 -1.025275
232.14047 -1.0268506
236.0838 -1.0319945
240.03317 -1.0369693
245.35655 -1.0403212
249.81888 -1.0415167
256.3799 -1.0519358
261.2227 -1.0581033
265.68954 -1.0589285
269.184 -1.0662069
273.171 -1.0700815
278.51804 -1.0724002
282.91986 -1.0808482
287.806 -1.0859576
291.8127 -1.0893143
296.7108 -1.094131
302.50656 -1.1002942
306.07727 -1.1062187
312.79144 -1.1133875
316.38516 -1.1189709
322.22427 -1.1243087
325.83673 -1.1296096
332.6 -1.135878
336.23184 -1.1408905
341.69504 -1.1482091
345.34705 -1.1529593
350.83936 -1.1598991
354.1159 -1.1669999
357.94818 -1.1776266
361.6462 -1.181864
365.35062 -1.1860157
369.6203 -1.193601
372.6174 -1.202545
375.6438 -1.2113457
377.07556 -1.2240746
378.568 -1.2367052
378.22333 -1.2475635
379.52252 -1.2625669
378.32822 -1.2726417
376.88977 -1.2853233
374.82068 -1.2948118
369.36676 -1.3074906
365.44205 -1.3159225
361.3014 -1.327221
357.20795 -1.33878
353.3831 -1.347844
347.42175 -1.3586975
343.66257 -1.3682386
339.93536 -1.3779896
337.22458 -1.3884952
332.75443 -1.3951823
328.1331 -1.4050553
323.54465 -1.4152094
319.1367 -1.422554
314.60776 -1.4332511
309.1239 -1.4438511
303.79337 -1.4515631
299.47537 -1.4599209
294.0834 -1.471558
288.64737 -1.4870794
283.4257 -1.496152
279.2261 -1.5057979
274.11185 -1.5118941
270.0068 -1.5184164
264.8707 -1.528739
259.70898 -1.5471659
255.65572 -1.5585277
253.63794 -1.5742009
253.68309 -1.5899692
257.75647 -1.6013086
261.78656 -1.6046606
265.85852 -1.6116698
269.94315 -1.6184671
274.1556 -1.6323459
276.42496 -1.6463444
279.7436 -1.6597935
284.0066 -1.6690631
287.4082 -1.6818898
291.7272 -1.6905899
296.06763 -1.6990356
299.57596 -1.7109978
303.12616 -1.7226814
307.8672 -1.7367698
311.6836 -1.7510016
314.3885 -1.7623787
320.2735 -1.7747325
326.20563 -1.7866386
331.20816 -1.7987983
335.0501 -1.8084041
339.6496 -1.8142166
344.7433 -1.8135362
349.10812 -1.8163431
353.72272 -1.821821
358.34763 -1.8271577
362.27716 -1.8357385
366.92783 -1.8407747
371.58752 -1.8456846
376.813 -1.8555744
379.87036 -1.8642012
382.0009 -1.8734679
381.6199 -1.887537
379.09836 -1.9008503
376.64493 -1.9143394
373.32416 -1.9289396
370.29352 -1.9377847
366.36237 -1.9477773
363.01932 -1.9543947
360.07413 -1.9637032
356.24072 -1.9742637
352.96332 -1.9813186
348.38446 -1.9870464
343.31738 -1.9967769
339.67886 -2.001643
335.56683 -2.0105736
331.9518 -2.0157037
328.32315 -2.0277567
325.1857 -2.0359437
319.83447 -2.0443585
315.39294 -2.0515888
312.32092 -2.060351
308.79648 -2.066442
305.28375 -2.0726736
301.78317 -2.07905
297.31558 -2.0797207
292.84808 -2.080412
287.50854 -2.0828235
282.1708 -2.0853264
276.83487 -2.0879257
273.36505 -2.0951598
267.17288 -2.0999234
261.84833 -2.1029687
257.55228 -2.1128194
250.53105 -2.1203945
245.75133 -2.127552
239.60513 -2.1336982
235.15544 -2.1355827
230.40396 -2.1435318
225.12033 -2.148102
221.22691 -2.1541824
215.12381 -2.161787
209.86052 -2.1671484
205.42856 -2.170029
198.78398 -2.1745903
194.3567 -2.1778045
189.11295 -2.1841993
182.48256 -2.189684
178.06555 -2.1935673
172.25504 -2.1963518
167.62965 -2.2089818
161.82756 -2.212499
156.0276 -2.2162774
150.83698 -2.2256274
145.04567 -2.2302167
140.66165 -2.2364016
136.28337 -2.2429838
132.54182 -2.2558732
127.41475 -2.268548
129.196 -2.3081605
131.9186 -2.330608
135.41675 -2.3469365
140.36339 -2.362376
145.31898 -2.3670313
150.27751 -2.3713794
154.54703 -2.3801124
159.51335 -2.383802
163.11865 -2.3962038
168.83171 -2.4032333
173.88596 -2.414081
178.30379 -2.4285414
181.9929 -2.438763
186.47072 -2.4520032
190.97968 -2.4646206
195.51764 -2.476654
199.28955 -2.4850898
202.4728 -2.4971478
206.4918 -2.5116951
210.55286 -2.525684
215.22177 -2.5353127
220.47357 -2.5407805
225.17215 -2.5496702
229.0539 -2.555791
233.78107 -2.5640512
237.68208 -2.5697145
242.12854 -2.5717096
246.35312 -2.5826602
250.27792 -2.5877478
254.54407 -2.5980794
257.4671 -2.6094384
256.32977 -2.6248653
255.25397 -2.6404262
252.88974 -2.657767
250.60298 -2.6754298
247.033 -2.6862557
242.59026 -2.695626
239.07632 -2.7071128
234.18744 -2.711543
228.89247 -2.7201416
223.21623 -2.7332509
218.75108 -2.734381
214.28621 -2.7355583
209.42984 -2.7411745
204.58037 -2.7470572
198.81316 -2.7513206
193.97667 -2.7577784
189.5191 -2.7596602
182.8341 -2.762655
178.01286 -2.7699997
173.56017 -2.7723684
168.75249 -2.7803936
163.01825 -2.7867699
158.83852 -2.803823
154.07773 -2.8135908
149.33258 -2.82398
143.65155 -2.8329496
135.77771 -2.8453572
131.08722 -2.8583384
123.96827 -2.88354
119.34992 -2.8992915
114.76357 -2.9163067
112.95512 -2.9488523
117.866425 -2.956978
121.461334 -2.9792116
125.2577 -2.992253
128.94128 -3.0122082
132.78738 -3.0235631
136.76038 -3.0270073
141.52203 -3.045087
146.49956 -3.0483756
151.39182 -3.0580268
156.2973 -3.0670729
160.21698 -3.075156
164.20837 -3.076773
168.1399 -3.084249
172.13347 -3.0855808
177.12585 -3.087161
181.12006 -3.0883627
186.06407 -3.0951593
191.01624 -3.1016037
196.01233 -3.1026237
200.00937 -3.1034029
205.0058 -3.1043339
208.96893 -3.1098292
213.96648 -3.1105711
217.93643 -3.115727
222.91174 -3.1207917
227.91069 -3.1212478
231.90988 -3.1215987
235.89156 -3.126176
240.89098 -3.126496
245.86897 -3.1349368
250.86378 3.1401436
255.87444 3.1323555
260.88522 3.1286995
264.91782 3.1213453
268.9388 3.1179287
272.9377 3.1182756
277.9611 3.1150982
281.98758 3.1119292
286.0168 3.108849
291.0481 3.1059775
295.08243 3.1030734
299.11914 3.1002479
303.20392 3.0942025
308.24664 3.0917304
312.24173 3.0923688
318.3374 3.087021
322.38696 3.0846007
327.43658 3.0824213
332.61618 3.0743067
337.7434 3.0693936
341.88153 3.064403
345.2909 3.050635
348.66156 3.0399914
350.0836 3.028914
353.53305 3.0186253
357.87946 3.0116768
361.39008 3.001777
365.77707 2.9951792
370.33322 2.9860694
374.91934 2.9771817
376.7544 2.9645236
378.46204 2.9545848
379.22607 2.9442208
380.0307 2.9338996
380.8756 2.9236228
378.83896 2.9116015
378.06897 2.8975182
374.93253 2.8871756
372.1 2.8740659
369.0565 2.863361
364.1394 2.8509133
359.93796 2.8416083
356.07425 2.8294096
351.947 2.819638
347.85416 2.8096356
343.13098 2.8048868
339.35815 2.8009925
334.0499 2.7921708
329.70505 2.7841291
324.09113 2.7776513
320.3563 2.7732067
316.62793 2.7686574
312.90628 2.7639997
308.264 2.7580197
303.63312 2.751857
298.4802 2.7411203
292.96426 2.733136
288.78738 2.7230809
285.5503 2.714188
281.00772 2.7068126
276.48093 2.6991951
271.07074 2.6897192
267.02704 2.6781735
263.455 2.6713867
264.40634 2.656186
265.02432 2.635977
264.38345 2.6172433
263.83582 2.5984254
265.07645 2.583557
267.2161 2.5708582
269.3981 2.5583634
271.62152 2.546071
275.5297 2.5381243
280.02982 2.5274758
285.14648 2.5143201
290.51907 2.5064466
293.70898 2.4975035
298.93274 2.4854705
303.5801 2.4764392
308.25146 2.467681
312.17035 2.4571643
315.4837 2.4493449
318.81592 2.4416883
321.40707 2.4321687
324.78015 2.4248297
328.17035 2.4176419
331.57715 2.4106016
335.6736 2.4015005
339.1171 2.3947792
342.57562 2.3881934
346.7743 2.383726
352.39355 2.3792722
357.30002 2.373017
361.5061 2.3649967
365.0292 2.3591
368.5647 2.3533168
372.8261 2.345763
375.6943 2.3383133
379.2728 2.3328876
383.63553 2.3220892
386.5684 2.315026
388.8487 2.306166
391.15915 2.2974098
392.94266 2.2832494
391.98657 2.268593
390.34 2.2554853
387.9786 2.2438722
384.88147 2.2337143
382.4328 2.22547
377.01462 2.2197952
372.40967 2.2123444
367.0206 2.2063215
362.23477 2.202351
356.51578 2.1898155
353.39053 2.1822388
350.28592 2.1745272
346.64227 2.1642904
342.75427 2.1578794
336.40488 2.1454947
330.95572 2.131026
327.99548 2.122315
324.2047 2.1150389
318.20142 2.1081045
312.21402 2.1009037
306.3834 2.1007075
297.81717 2.0981016
291.12286 2.0995674
286.66034 2.1005826
279.96716 2.1021662
275.50543 2.1032648
270.5368 2.1012168
264.20184 2.0977314
257.372 2.090709
250.55553 2.0833042
244.62938 2.0735092
239.20224 2.0669127
234.66919 2.0580075
229.73145 2.0546198
224.79646 2.0510833
218.06232 2.041342
211.7962 2.0352116
206.87808 2.0309064
201.06647 2.02858
194.35838 2.0283775
189.44681 2.0234988
184.97495 2.0232341
179.63829 2.0129416
172.99608 1.9991848
166.7936 1.9898227
161.92287 1.9829493
156.66907 1.9697828
150.51794 1.9581999
144.02563 1.9391706
139.2203 1.9294137
133.14935 1.9144628
129.95532 1.890666
125.88208 1.8679938
131.35423 1.8473366
135.20667 1.8392593
139.78107 1.8228726
144.1594 1.8007851
149.0321 1.7931368
153.49835 1.7732438
157.41872 1.7681347
161.1547 1.7571833
164.90912 1.7467294
170.49318 1.7290193
175.28215 1.7188908
180.08815 1.7093018
183.91826 1.7009139
189.74603 1.6915852
194.59566 1.6833876
198.46321 1.6761163
204.3313 1.6681625
208.21976 1.661515
213.11351 1.6547165
218.0167 1.6482234
222.85974 1.6375405
228.72552 1.627066
232.61734 1.6175146
237.52896 1.6081206
242.4607 1.5991079
246.41153 1.590535
251.37984 1.5821878
255.36499 1.5741779
260.37228 1.5625907
260.37228 1.5625907
