Finger
20
8.673695 1.3972037
21.020119 1.3285396
31.001562 1.300658
37.323933 1.291934
42.865303 1.2806689
50.455395 1.2633436
55.124287 1.2481599
60.57183 1.2195355
65.00977 1.2178437
69.991714 1.2017403
75.2123 1.1916257
80.012314 1.1936888
85.26577 1.1928934
89.755646 1.1905035
94.99492 1.1911384
99.179245 1.194411
104.65125 1.1908811
109.01472 1.1906615
114.66853 1.1845322
121.74717 1.1726483
127.90862 1.1590165
132.28484 1.1403879
137.76607 1.1256893
144.1635 1.1229842
149.79723 1.1123106
155.60555 1.1092514
162.57393 1.1040453
168.95438 1.0965549
174.69359 1.0812603
181.4706 1.0699061
189.76749 1.053293
196.4466 1.0477017
202.57114 1.0423491
209.092 1.0384861
215.5991 1.0340741
221.25874 1.0251843
226.19206 1.0149616
232.61024 1.0031066
238.63211 0.9929944
244.60017 0.9808846
249.16124 0.9725577
254.99939 0.96682084
260.64212 0.9573523
266.2742 0.9486416
272.73727 0.9345953
276.7319 0.9266202
280.39127 0.91586995
285.42453 0.9073249
289.8681 0.90054274
296.1162 0.89143103
301.97903 0.88062984
309.52536 0.87143284
316.3383 0.8606204
319.6622 0.85097826
325.7519 0.8426298
330.70895 0.83488667
336.95343 0.824337
343.0164 0.8129539
346.76657 0.80248696
351.0465 0.79400414
356.06067 0.77977985
359.29324 0.76705194
361.7358 0.7537642
366.36096 0.7375071
369.2659 0.72314113
371.16757 0.71232265
374.38434 0.6944584
376.6735 0.67576414
379.78403 0.66172
383.417 0.64617527
385.82593 0.63502556
389.38983 0.62107015
391.03458 0.6083646
393.22195 0.59799
395.72006 0.58530486
398.66766 0.57372004
401.06442 0.5587264
403.83472 0.5377855
404.30692 0.52205086
404.79196 0.50721234
403.8348 0.49659166
404.53888 0.4760954
406.6359 0.46306536
406.5524 0.45020613
406.52936 0.43865916
405.5411 0.4288793
403.5271 0.4149261
399.6948 0.4006633
397.01514 0.38441634
393.78983 0.37070054
391.07657 0.3597448
386.86655 0.3451958
382.6947 0.33398697
379.73978 0.32343552
375.555 0.3131602
371.0307 0.30262345
365.8973 0.2930617
358.4442 0.2818684
350.76242 0.26975635
345.62167 0.25657246
340.08585 0.2403045
334.77524 0.22511466
329.04852 0.21354477
322.17276 0.2023463
315.3003 0.1906266
308.49728 0.17840944
301.6012 0.16312556
295.6251 0.14854045
288.8529 0.13107641
280.6716 0.12059067
274.10077 0.111599766
269.59808 0.10316097
263.5726 0.094098486
258.33237 0.08436479
251.32173 0.07083908
245.8859 0.060170423
239.98332 0.052278366
234.61755 0.037469998
230.54343 0.028392658
224.48552 0.016844867
218.46582 0.0070893476
214.46555 0.007221582
208.4777 0.0026360669
203.47578 -0.0022098275
197.49515 -0.0022767466
192.75325 -0.0075166887
187.75827 -0.013038725
182.76913 -0.01339467
177.77379 -0.019392863
172.57701 -0.024370214
166.6113 -0.032691117
161.66393 -0.039876893
155.68509 -0.041409157
151.71878 -0.047522865
146.7471 -0.050749548
141.75487 -0.052538436
136.0553 -0.0603422
130.15907 -0.07261061
125.812126 -0.07512403
120.18609 -0.07864778
115.07208 -0.09086666
109.123566 -0.09583479
104.382225 -0.10020219
98.42298 -0.10629144
92.466225 -0.113167316
87.26657 -0.119941816
82.31799 -0.12719019
77.36264 -0.13538577
72.413536 -0.1447017
65.3459 -0.14500988
59.422344 -0.1595835
54.493652 -0.17415845
48.44487 -0.17518392
43.21066 -0.1554025
38.341343 -0.14251503
32.913544 -0.11246015
26.095276 -0.093950495
21.641235 -0.06699881
16.965769 -0.026506236
11.84552 0.13112248
10.627664 0.60609025
13.15174 1.0328811
17.930788 1.3034543
23.442717 1.4533377
29.116716 1.4849365
33.9311 1.5266296
38.284855 1.5546181
42.868023 1.5591466
47.515503 1.5813059
52.795517 1.6750305
57.364445 1.7074432
62.756275 1.7710667
69.6589 1.8353603
76.56184 1.8787249
82.39894 1.8850257
87.95274 1.900363
95.79981 1.9136405
101.25758 1.9180212
106.88447 1.9261575
111.08394 1.9242628
117.437775 1.9473966
123.55759 1.9625608
129.16878 1.9635578
134.70088 1.9684985
139.12016 1.965007
144.88632 1.9708567
152.0148 1.9848117
157.50583 1.9852133
163.18431 1.9882226
168.85658 1.9944327
175.09232 2.0142963
183.00087 2.040761
191.13693 2.0662029
198.40842 2.0808253
203.64996 2.0890107
209.98305 2.0902834
217.48357 2.0962968
223.68263 2.1060371
229.22517 2.1209862
235.01378 2.13069
238.23727 2.1421852
242.84103 2.1507578
248.04279 2.1659887
255.08267 2.1804593
261.40244 2.194966
269.3771 2.2104213
275.96332 2.2242308
281.6556 2.2323008
287.441 2.241889
294.30527 2.2493892
302.46008 2.261667
309.2106 2.2728667
315.39975 2.2812614
320.4677 2.2893803
325.35938 2.2965906
331.49875 2.3044062
336.90112 2.3127089
341.89554 2.3242483
346.94846 2.3354971
350.77286 2.3427188
353.04037 2.3533175
356.62488 2.3712144
359.55255 2.385722
362.37128 2.401531
365.64554 2.4133458
368.0684 2.426415
370.27295 2.4386702
372.78497 2.4573085
374.96313 2.4756272
379.01584 2.4997826
380.50812 2.5165422
382.4908 2.5330434
384.70752 2.5489442
386.35425 2.5653427
388.45538 2.5836656
390.68454 2.6051748
391.9705 2.619725
393.51813 2.638619
393.37085 2.6500022
392.94528 2.6617239
392.25696 2.673502
390.80505 2.686687
388.8084 2.703316
387.2126 2.7184317
384.6711 2.7333493
383.14493 2.7494235
380.62778 2.7657354
378.57175 2.7797477
376.39462 2.7953513
374.18057 2.8121436
372.29398 2.8273015
369.42502 2.8428178
366.94968 2.8557448
363.11835 2.8653297
359.15167 2.8775141
354.97012 2.8880668
349.39038 2.9015238
344.2845 2.9136786
340.9438 2.92645
338.42905 2.936942
336.3557 2.9482322
332.77365 2.964866
330.37936 2.9803216
327.5989 2.9952013
322.4953 3.008521
317.10767 3.018843
310.657 3.0292857
306.45447 3.0343196
300.0896 3.0454211
293.7529 3.0570161
287.20386 3.0689719
278.6093 3.0810678
273.42163 3.0873446
268.31607 3.0937893
262.28308 3.0975766
256.2386 3.1032116
249.14862 3.1101887
242.08804 3.1175537
235.13287 3.1252375
229.1326 3.1335084
222.07068 -3.14084
210.09889 -3.1251838
204.93442 -3.1165435
200.93019 -3.110972
192.9729 -3.1030068
187.07915 -3.092672
183.12227 -3.0845406
177.92082 -3.077244
171.95769 -3.0750093
164.24873 -3.0718794
159.13919 -3.0588899
153.34805 -3.0426397
146.9926 -3.0177224
140.38933 -2.9955213
133.82253 -2.9731688
130.15169 -2.9549115
122.7294 -2.9268851
114.98614 -2.9096713
110.452324 -2.8999658
106.24188 -2.890187
101.69305 -2.8786812
97.59443 -2.8673606
90.9 -2.8465803
86.659836 -2.8316777
80.41205 -2.8066938
74.431885 -2.7929142
67.96364 -2.7738924
61.35087 -2.7497096
57.55061 -2.7222617
52.726883 -2.7021368
47.55129 -2.6739995
42.31264 -2.664369
37.58085 -2.628862
32.53292 -2.575946
28.063648 -2.515838
23.523367 -2.4257143
18.623905 -2.2544363
14.518783 -1.9588059
8.721618 -1.5772662
9.660814 -0.7692591
14.271472 -0.39150742
18.707512 -0.23998398
24.870148 -0.17975648
29.6641 -0.1504632
33.752365 -0.13212398
39.399944 -0.23497637
45.425026 -0.31690988
54.130695 -0.4010588
61.463673 -0.45739737
68.64264 -0.5035389
76.36411 -0.54911435
84.47663 -0.5916757
89.80687 -0.61929405
96.19122 -0.65792835
100.2477 -0.677356
104.35803 -0.69534546
111.318886 -0.7374451
118.97577 -0.7615838
127.20378 -0.78373635
135.72478 -0.81504774
140.62404 -0.8377697
145.81711 -0.8602894
150.1906 -0.8767124
154.9721 -0.8937115
158.29727 -0.9082063
167.68153 -0.9364564
173.12209 -0.9593877
178.89606 -0.98183864
182.87521 -0.9963052
186.44342 -1.0086449
190.22084 -1.0166847
194.95242 -1.0257894
199.74144 -1.0344776
204.22482 -1.045729
209.66196 -1.055221
214.93326 -1.0690656
225.88533 -1.0918623
231.32599 -1.1027098
236.67119 -1.1140953
242.11005 -1.1251036
247.49637 -1.1354755
253.47649 -1.1507398
259.22748 -1.1635237
266.54993 -1.1766032
280.40436 -1.2074268
286.23206 -1.2225555
292.75745 -1.2342411
298.72998 -1.248287
304.75934 -1.26178
310.20892 -1.270794
314.9859 -1.278823
320.16254 -1.2869048
324.45706 -1.2972147
328.2984 -1.3036419
335.4841 -1.3156185
339.30658 -1.3194311
345.407 -1.3269448
349.29843 -1.3347603
353.50208 -1.3453376
357.6775 -1.3575201
361.8811 -1.3742458
365.84204 -1.3902569
369.60153 -1.4103496
371.77576 -1.4257888
374.20193 -1.4375513
377.4062 -1.4546405
381.7312 -1.4717546
384.18503 -1.4880868
385.95987 -1.5059649
387.5677 -1.5242316
389.33087 -1.5399777
392.9468 -1.5555881
396.14056 -1.5713613
398.19998 -1.5883107
400.34857 -1.6032736
400.63217 -1.6204975
399.8596 -1.6308736
399.4244 -1.6510471
398.38245 -1.671347
395.51306 -1.6895466
389.98947 -1.7070746
385.90216 -1.724286
382.25046 -1.7421218
378.16327 -1.7601082
371.27496 -1.7747502
367.93643 -1.7844032
361.45444 -1.8053795
356.4732 -1.8207406
349.65955 -1.8346763
342.16116 -1.8494848
338.3608 -1.8557626
331.09537 -1.8661654
325.78717 -1.8735172
320.16074 -1.8798468
314.08585 -1.8893749
308.24664 -1.8956292
296.44934 -1.9054922
290.51944 -1.9089532
284.8232 -1.915995
278.8487 -1.9198961
272.86374 -1.9239881
268.5406 -1.9259597
264.7773 -1.9312364
257.35815 -1.9421245
252.27379 -1.9425703
246.89587 -1.9423829
241.89996 -1.9460309
237.57608 -1.9486958
230.7213 -1.9592652
224.50235 -1.9706291
218.79529 -1.9781848
214.63666 -1.9812659
206.54147 -1.987849
202.45236 -1.9913285
195.94522 -1.9950639
192.19312 -2.0023985
185.67302 -2.012674
177.89989 -2.0334482
173.37172 -2.0465176
169.24623 -2.054185
165.22604 -2.0600784
159.6154 -2.0770862
153.7539 -2.098352
148.9446 -2.1094403
144.71014 -2.12702
139.36328 -2.142509
134.42693 -2.1573722
130.47113 -2.1683717
123.98406 -2.1772366
114.515396 -2.192131
109.13112 -2.2051601
103.81273 -2.2280116
97.966354 -2.2516668
93.4246 -2.263616
85.497116 -2.2799304
80.64331 -2.2993152
74.15604 -2.3232284
68.480415 -2.36167
62.19089 -2.3961742
57.852776 -2.4268532
51.110184 -2.491862
42.890675 -2.5978904
39.084118 -2.6642885
35.55024 -2.7388673
29.316566 -2.9377089
24.974857 3.1195862
19.46072 2.919099
14.673321 2.6209157
12.832926 2.2428782
13.983404 1.8234607
16.397642 1.4498374
17.76571 1.1967162
17.76571 1.1967162
