Finger
18
248.36853 1.560743
253.35866 1.5109984
258.1077 1.474512
260.95312 1.4524741
263.57285 1.433878
265.37854 1.4194511
268.1337 1.3975588
270.0061 1.3806558
271.05157 1.3651934
273.6728 1.3452016
274.2158 1.3305771
275.36484 1.3140956
277.49127 1.2994906
280.2798 1.2778658
282.787 1.2611678
284.06647 1.2473853
286.25595 1.225292
288.6441 1.2127457
290.10922 1.1994835
292.37698 1.1800475
295.02274 1.1588223
297.47375 1.140356
300.5531 1.1185575
302.7841 1.0963446
304.08978 1.0810196
306.00763 1.0693898
308.00925 1.0576591
310.93884 1.041179
312.23138 1.0279225
312.16846 1.0099355
310.0414 0.9864343
308.3628 0.9705977
306.625 0.9552947
303.92642 0.94084436
300.81516 0.928186
298.5691 0.91412264
296.09344 0.8969161
292.89194 0.88595676
289.5238 0.87641853
285.6863 0.86057866
283.2374 0.8484292
279.59375 0.8368857
274.66983 0.8205957
271.53772 0.809791
267.24655 0.7996103
263.6005 0.7914171
259.469 0.7810427
255.0746 0.769154
250.97751 0.7579468
245.67479 0.74690664
240.6633 0.73657423
237.0884 0.72615737
232.7907 0.7166732
228.43477 0.7029466
224.46703 0.68885076
219.14317 0.6735434
215.11337 0.6639962
209.38504 0.65125215
203.38016 0.63671523
195.26224 0.6232179
188.45163 0.60682005
182.55743 0.5911312
177.26363 0.5771052
172.80942 0.56105065
167.3402 0.5395703
164.22728 0.52091616
160.35536 0.49216133
155.95651 0.47108138
153.14943 0.44359064
150.1639 0.41646874
145.80992 0.39052957
144.488 0.3579314
142.86359 0.3261797
144.26128 0.2936777
146.14056 0.26043862
149.1887 0.22827877
153.18661 0.20227464
157.4539 0.18381804
162.2685 0.16495828
166.42279 0.16009201
171.55132 0.14507106
177.84335 0.1327057
182.0376 0.12008033
186.89432 0.11009148
193.60631 0.095885076
199.81767 0.075330876
204.6293 0.061321057
209.96451 0.051544033
215.18776 0.049008224
221.42921 0.04310857
228.05688 0.033086065
233.16934 0.023786047
238.97678 0.010662471
243.1973 0.003211163
248.6895 -0.0018080629
253.71928 -0.01263464
258.02417 -0.020702995
262.14975 -0.024587458
269.29596 -0.031358823
276.26056 -0.047901634
282.4146 -0.05787049
290.33133 -0.066226244
294.3924 -0.068726
302.51514 -0.073517784
307.8969 -0.080698386
312.96503 -0.0896681
317.36172 -0.0957101
322.8059 -0.109273896
326.37408 -0.12077165
329.85745 -0.1344197
331.62744 -0.14619349
334.34555 -0.15976776
336.33643 -0.17692313
337.44525 -0.19444387
338.48712 -0.20949869
342.46954 -0.22436115
344.56653 -0.23518348
347.67313 -0.24987982
351.18774 -0.2655822
353.4418 -0.27589825
356.49405 -0.28541106
358.1073 -0.3003827
359.37668 -0.3115834
360.84128 -0.32394868
362.46255 -0.33701587
364.31677 -0.35125276
366.05222 -0.3639702
366.91095 -0.37752014
368.80234 -0.39024904
370.54556 -0.40153152
367.76367 -0.41813606
365.59225 -0.43390957
362.70505 -0.4517218
361.58722 -0.47022507
360.92526 -0.49068898
357.79718 -0.50807977
353.668 -0.5218961
349.50443 -0.5353957
346.90546 -0.54657525
342.63425 -0.55417717
338.41138 -0.56191826
332.73538 -0.5726956
327.49777 -0.58304214
322.50397 -0.5932893
316.09055 -0.6070355
310.9654 -0.6224777
305.56885 -0.6424234
299.3482 -0.6590334
293.671 -0.67409545
288.3861 -0.68434393
282.0507 -0.69463605
278.01212 -0.70098615
273.57056 -0.7099429
268.39087 -0.7216795
263.41013 -0.73452353
259.61987 -0.7413283
254.72356 -0.7536784
250.96136 -0.76232195
245.26791 -0.77327937
240.30676 -0.7818452
234.26184 -0.79083157
229.01968 -0.8002064
225.4541 -0.81018573
220.84026 -0.8206646
216.55232 -0.83359265
211.97101 -0.85054225
207.91013 -0.873092
203.325 -0.89256847
200.47612 -0.9104036
197.22588 -0.93192005
194.29617 -0.9525064
192.65245 -0.97263354
190.4903 -1.0003178
189.42108 -1.02931
189.79578 -1.0653586
189.88362 -1.0895739
192.02534 -1.1176841
194.89479 -1.1427547
197.93233 -1.1677011
201.40553 -1.1910907
206.16933 -1.2260807
210.28044 -1.2444344
213.58015 -1.2668592
216.99432 -1.282665
221.42589 -1.3072698
223.5761 -1.3283478
226.64366 -1.3503659
230.50304 -1.3762406
236.17906 -1.40726
239.51521 -1.4301665
242.71187 -1.4521928
244.26952 -1.4694514
244.81158 -1.4901631
245.70047 -1.5107977
244.56885 -1.5314968
245.68423 -1.5499517
245.25836 -1.5707964
244.53542 -1.5871866
242.68611 -1.6088743
240.04532 -1.6374166
238.21196 -1.6600085
236.69646 -1.6807855
233.94725 -1.7029295
232.90825 -1.7214518
228.77126 -1.7396783
225.40733 -1.7596949
223.48221 -1.7869964
219.81268 -1.8105206
216.93019 -1.8328038
212.7716 -1.8624282
209.91827 -1.886443
207.41104 -1.910829
203.75328 -1.9328347
199.59749 -1.9582034
196.22662 -1.9860353
193.35126 -2.0153499
191.9887 -2.047836
191.66841 -2.0856683
193.42056 -2.1065419
195.57253 -2.124797
197.31755 -2.1551208
200.49619 -2.1809244
204.58197 -2.2089338
207.74606 -2.2291944
212.24205 -2.2561142
216.47064 -2.2671115
220.65446 -2.2809122
225.40228 -2.2933981
230.16763 -2.308568
233.1165 -2.3223796
236.62292 -2.3441682
241.04042 -2.3524692
244.91145 -2.3611665
248.55508 -2.369985
254.68683 -2.3796766
258.31522 -2.3903508
264.1223 -2.4055998
269.2768 -2.4178636
274.5536 -2.434723
279.3181 -2.449203
283.95212 -2.4626632
287.85687 -2.4735608
293.80154 -2.485141
298.7594 -2.4978645
303.92923 -2.5136595
308.66248 -2.5256991
313.57767 -2.5367494
317.7698 -2.5496345
320.83926 -2.5597856
323.62628 -2.5741591
327.53082 -2.5839882
331.51553 -2.5976999
336.02606 -2.6100585
339.46338 -2.6219962
341.96423 -2.6328924
346.35022 -2.6472676
350.301 -2.662635
353.78827 -2.6870582
356.72638 -2.7089202
358.18045 -2.7253046
358.25787 -2.7406185
358.6475 -2.7599065
359.25864 -2.778511
359.27878 -2.7963371
357.62152 -2.8094616
356.33667 -2.8200796
354.8833 -2.8326113
353.08145 -2.849021
351.6779 -2.8625765
349.10712 -2.878326
346.84668 -2.8944705
343.03165 -2.915642
336.6463 -2.9325676
331.5493 -2.947692
328.8311 -2.9584765
324.43872 -2.9778657
319.7581 -2.99519
313.99686 -3.0117345
307.56396 -3.0286412
301.22888 -3.0370781
296.07217 -3.042037
290.73978 -3.0532084
285.31436 -3.0717564
280.72552 -3.0920496
275.5611 -3.106465
270.4489 -3.120615
264.67087 -3.1380062
260.65778 3.1336393
255.84967 3.1238217
251.35979 3.1195283
245.77606 3.1118577
239.58514 3.1059263
232.63402 3.1005616
228.56985 3.095456
223.02042 3.089821
216.1717 3.0753698
211.0369 3.0678997
205.38394 3.0609875
197.56328 3.0488002
190.9368 3.0298479
186.7468 3.0206404
182.17256 3.0065253
175.81639 2.9800143
170.7004 2.9558437
164.84769 2.9337053
159.2043 2.9051955
153.8821 2.8717759
149.43797 2.8600636
146.33826 2.833317
140.9781 2.7996547
137.7811 2.774024
134.29436 2.7256818
133.70332 2.6739955
134.76466 2.6276271
135.29012 2.5848181
141.43008 2.5721595
148.34268 2.5619364
154.98753 2.5437
161.69228 2.5269542
170.46124 2.5149462
176.21582 2.5086818
181.77654 2.4961216
189.39037 2.4942167
197.46469 2.4821756
206.3354 2.4663818
210.99904 2.4597619
219.35161 2.4436173
224.43777 2.432154
229.03915 2.4206183
234.46194 2.4024825
241.19574 2.382879
247.64813 2.3628752
252.13988 2.3505375
256.86786 2.3378851
263.3572 2.3195589
269.26556 2.2993562
276.05237 2.2776272
279.20792 2.2633574
283.37927 2.2421706
288.29453 2.224326
294.09097 2.2050953
299.40762 2.1839118
303.1329 2.1712928
305.82556 2.1505644
308.65335 2.1225579
312.82727 2.094923
316.18488 2.0815287
320.41345 2.0599563
322.54617 2.0424802
322.01456 2.0200617
319.2735 1.9999352
316.03067 1.9769301
314.581 1.9513526
312.28436 1.93029
309.31717 1.903831
307.6563 1.8878553
306.13553 1.8723489
304.68152 1.8566068
303.3136 1.8408357
301.3657 1.8263378
299.35733 1.8134716
295.37854 1.7855785
293.3976 1.7697717
290.4533 1.7541285
287.63742 1.7384348
284.8712 1.7223223
282.1525 1.7057539
277.22382 1.679179
273.45724 1.6613338
268.32837 1.6444144
265.0619 1.6301823
261.5663 1.6118584
259.55762 1.5962951
260.34674 1.5698245
261.42645 1.5459613
261.42645 1.5459613
