Mouse
18
374.00262 2.578739
372.7949 2.5639384
370.55615 2.553522
367.7955 2.5452266
363.7453 2.5275936
360.83908 2.5150795
358.19897 2.5062704
354.98743 2.4995835
353.00406 2.4882605
348.8758 2.4755304
344.8054 2.4624977
340.0259 2.4472785
336.84665 2.435499
333.05795 2.4257576
330.0502 2.4178042
323.3614 2.3993719
320.42493 2.3909338
317.5117 2.3823404
314.62234 2.3735883
311.75754 2.364675
308.91794 2.3555968
304.69016 2.3463054
301.90335 2.3368444
295.63162 2.3244708
290.08292 2.3141065
286.64874 2.3061936
283.9807 2.295748
280.69016 2.282414
278.09442 2.2715209
275.5323 2.260424
273.94205 2.2416966
274.8397 2.2161343
276.4979 2.1936984
278.5567 2.1665506
280.7724 2.15266
283.88483 2.1370938
288.96613 2.1259537
293.22705 2.116966
297.51102 2.1082366
301.31357 2.0968902
303.79135 2.0845847
306.3144 2.0724802
308.88156 2.0605752
311.4918 2.0488682
311.45938 2.0345104
312.86325 2.014497
313.4801 1.995982
313.68387 1.9817353
314.65668 1.9562601
314.67606 1.939146
315.7267 1.9209495
314.377 1.9089977
313.0726 1.8969445
311.81403 1.8847923
308.6928 1.8744689
305.60516 1.8639357
303.51263 1.8522707
299.26816 1.8390049
295.33127 1.8286368
289.73615 1.8230252
283.6693 1.8103553
279.82388 1.7990123
276.01544 1.787355
271.2665 1.7761219
265.5718 1.7652148
261.0766 1.7569003
255.44049 1.745133
250.00464 1.7367841
246.4091 1.7227851
241.7371 1.7048442
237.26318 1.6903893
233.8353 1.6749355
229.46883 1.6594096
226.15718 1.6429654
222.90851 1.6260372
221.72417 1.6082724
221.61035 1.5902344
221.5687 1.5721837
221.59926 1.5541321
221.73894 1.5315844
221.99118 1.5090764
222.27376 1.4911138
222.72752 1.4687343
224.16339 1.4514366
227.64705 1.4355592
232.17508 1.4208103
236.75166 1.4066287
240.75314 1.3840766
245.25044 1.3750844
249.36862 1.3742702
253.48697 1.3734823
258.2126 1.3613284
263.7339 1.3541441
269.49176 1.3436364
273.5729 1.3282983
276.49582 1.3159914
280.68896 1.3014468
283.7007 1.2897314
287.0406 1.274928
289.18503 1.262705
292.32138 1.2517402
295.49216 1.2410095
298.69623 1.2305077
304.1544 1.2194004
308.35992 1.21057
311.6563 1.2008208
316.28152 1.1895113
320.56506 1.1814117
324.86905 1.1735263
327.35547 1.1634405
323.98776 1.148824
320.75833 1.1408722
317.1267 1.135615
312.55927 1.1217195
308.96075 1.1160989
304.48102 1.1015427
300.95312 1.088102
297.4809 1.0743449
295.91867 1.0560201
294.1073 1.0328506
293.62262 1.0159159
293.7648 0.99606764
294.2941 0.98096454
294.63965 0.9611973
294.6736 0.93200207
293.724 0.90818423
291.67834 0.8895289
289.85944 0.8754779
285.93015 0.8593487
282.8246 0.8451271
280.51663 0.8329971
283.22275 0.8225464
286.64795 0.8097625
289.42114 0.7997544
292.22275 0.78993726
297.19156 0.773206
300.0673 0.7638955
302.96848 0.75476253
305.8945 0.7458036
309.58582 0.73484415
313.31342 0.7241443
316.3208 0.71576667
319.34995 0.7075474
323.93317 0.6955081
327.78748 0.68573374
330.893 0.6780787
334.01752 0.6705665
337.33588 0.6590329
339.9013 0.64950055
343.2997 0.63837206
348.59073 0.62008816
352.0984 0.60952455
355.90915 0.5952656
360.08002 0.5774656
363.74084 0.567658
366.90744 0.55573475
371.83795 0.54123336
375.1175 0.52979636
377.577 0.5198717
381.72836 0.5016669
383.81985 0.48980194
384.159 0.47464234
382.79477 0.46183014
377.89417 0.45352235
373.02032 0.44499686
366.4255 0.43245247
361.6211 0.42337543
356.84726 0.41405472
351.98016 0.41082388
348.5609 0.40259442
343.47742 0.38994443
340.11972 0.38130194
336.06522 0.36694464
334.65097 0.35578737
331.33356 0.33703393
329.08508 0.32656753
327.2097 0.30919892
325.72302 0.2945759
323.0701 0.2777019
321.7353 0.26275602
319.75095 0.25148773
316.59946 0.23776327
312.53378 0.22447552
309.71286 0.21332155
305.7519 0.1994159
298.71906 0.18370646
293.26224 0.17676333
288.6393 0.16555777
284.0538 0.15398894
279.65088 0.14558202
277.9776 0.12830624
275.5072 0.11483537
274.97916 0.09677095
274.62155 0.08227309
275.25385 0.06386988
275.97897 0.045557205
278.79538 0.027150419
280.70438 0.009150257
282.7031 -0.0086010685
286.78894 -0.025915751
291.91653 -0.039170243
295.09637 -0.05231701
300.38828 -0.068069585
305.5172 -0.07348758
309.65793 -0.0789805
313.89355 -0.08750277
319.1468 -0.09549782
323.42514 -0.10355207
324.85635 -0.11548134
325.47037 -0.13074198
325.0262 -0.14334509
322.65823 -0.15694362
320.35077 -0.1707406
317.30807 -0.18841188
315.14233 -0.20266342
312.06506 -0.21779947
307.1851 -0.22131659
301.55966 -0.22891946
295.95233 -0.2368109
291.33438 -0.244174
283.8283 -0.25440705
278.28412 -0.26331118
271.79996 -0.27356702
268.22668 -0.28118557
264.38608 -0.2853839
260.83774 -0.29338
256.65173 -0.30647394
253.14906 -0.31500736
249.03865 -0.32886392
245.25641 -0.33413136
241.8161 -0.34346294
238.05353 -0.34912136
236.08316 -0.3748213
235.1923 -0.39927685
234.03357 -0.4200088
233.88116 -0.43911317
233.8142 -0.45823547
231.13905 -0.47365162
229.46715 -0.49711764
226.55869 -0.51928306
224.1094 -0.535889
224.4765 -0.55576086
226.61235 -0.5707562
229.90941 -0.5927186
233.81308 -0.60212994
241.09985 -0.616661
247.26099 -0.6238026
253.21992 -0.6361147
258.01346 -0.6416781
261.03687 -0.65702313
264.12036 -0.67201334
265.85452 -0.6861299
268.40656 -0.6976605
270.8893 -0.71417785
272.77844 -0.72766
275.3925 -0.74363345
277.38797 -0.7566878
280.82535 -0.77466863
284.34518 -0.7872356
287.1927 -0.7970662
291.51468 -0.8114497
294.4287 -0.8208028
298.84686 -0.8344885
301.82263 -0.8433887
306.33002 -0.85641295
310.1248 -0.86697584
314.08627 -0.8817659
317.18393 -0.8897839
321.084 -0.89958805
324.22586 -0.90726095
327.9973 -0.9123702
326.56094 -0.9282286
322.6435 -0.94993764
318.05618 -0.97039783
311.73218 -1.0007006
307.238 -1.0170224
301.76724 -1.0397648
298.3895 -1.0525612
295.06918 -1.065603
293.15417 -1.0775435
291.70828 -1.0942647
290.78976 -1.1080657
289.02637 -1.1204501
286.04883 -1.1424835
281.66867 -1.1509781
277.30945 -1.1597406
271.27325 -1.1741246
264.7433 -1.1842479
269.38095 -1.1912453
272.73645 -1.2000849
277.4027 -1.2066147
282.43222 -1.209612
286.8813 -1.2080175
289.92984 -1.219363
293.01495 -1.230471
295.81345 -1.2445449
300.26932 -1.2635689
303.49316 -1.2738363
306.4669 -1.2870163
310.19122 -1.3039098
313.75568 -1.3234856
317.21292 -1.3456852
320.4651 -1.3575969
323.3674 -1.3753272
326.54822 -1.3897231
330.61725 -1.4073234
332.9558 -1.4206436
335.2175 -1.4367309
337.68414 -1.4496578
342.1947 -1.4630275
345.76935 -1.4757735
349.399 -1.4882566
354.8801 -1.5093099
358.6518 -1.5211272
363.4013 -1.5383015
367.25537 -1.5549849
370.21387 -1.5659165
374.2455 -1.5846738
376.37595 -1.6005408
377.51532 -1.611053
378.8028 -1.626774
379.04764 -1.6373104
379.49365 -1.6530867
377.94647 -1.6667067
377.46396 -1.6801462
374.94308 -1.6916242
371.4811 -1.7036115
366.0946 -1.7166122
362.7466 -1.7291247
357.31607 -1.7400633
352.91333 -1.7508295
347.76263 -1.7652355
342.47995 -1.7772154
339.2005 -1.7882891
334.98962 -1.8002547
331.5617 -1.8088727
326.21988 -1.8191683
323.10355 -1.831212
318.38174 -1.8482051
315.09686 -1.8577864
310.82544 -1.8786803
307.31888 -1.8960154
301.68713 -1.9128526
298.26303 -1.9205097
292.98416 -1.9307331
289.03183 -1.9433026
285.12643 -1.9562186
283.36606 -1.9778779
282.64996 -1.9983257
283.4275 -2.012632
286.0445 -2.0315943
287.8756 -2.0518088
293.12732 -2.085083
297.14426 -2.1085255
302.38812 -2.1369324
304.81384 -2.155306
307.9087 -2.1760595
309.38632 -2.188531
312.30887 -2.2015822
314.89633 -2.2232816
317.7902 -2.240195
319.51016 -2.2519548
319.73743 -2.2675822
317.687 -2.293796
315.2978 -2.309045
310.11407 -2.3287926
305.7846 -2.3422823
298.68726 -2.3608913
293.05765 -2.3706334
284.66797 -2.3859668
280.47354 -2.391457
274.19833 -2.400007
270.02646 -2.4059274
264.4523 -2.412332
258.8895 -2.419012
252.79056 -2.4345515
248.16359 -2.4503164
245.63283 -2.462863
241.29971 -2.485445
238.88046 -2.498713
236.38257 -2.5274909
234.92644 -2.54386
233.28242 -2.5699482
232.84283 -2.589044
231.47797 -2.6156454
230.75902 -2.6387377
231.48381 -2.6697814
231.95651 -2.694863
232.98564 -2.7159111
236.8775 -2.7417529
241.66183 -2.7590418
245.943 -2.7704031
253.06447 -2.7855527
256.47565 -2.7946436
262.12607 -2.8024268
265.90152 -2.8074317
270.62994 -2.8134913
274.4196 -2.8181884
279.1649 -2.8238804
282.96747 -2.8282964
289.33524 -2.839041
292.86346 -2.84637
296.40704 -2.8535242
300.11066 -2.8710375
303.1892 -2.884099
305.1068 -2.8992813
309.57712 -2.922749
312.85342 -2.9348855
314.81158 -2.9523866
315.87973 -2.9691246
317.0358 -2.9857452
319.13217 -3.0057788
319.36847 -3.024818
319.92175 -3.0376003
320.35104 -3.0565538
319.96515 -3.0721247
318.71405 -3.0844274
315.51355 -3.0965414
312.30136 -3.1153026
308.22217 -3.127935
302.19873 3.1356676
298.24963 3.1221764
294.39124 3.1049306
289.6242 3.087045
283.03348 3.0645273
278.48508 3.0452428
276.91058 3.0301692
275.65955 3.0077295
275.23285 2.992841
276.357 2.9677885
277.26538 2.950026
278.89917 2.9218628
281.7443 2.9095538
286.09 2.8915539
290.9697 2.8816357
294.91327 2.8711426
301.0875 2.8595762
308.5474 2.84631
316.05902 2.8336718
321.40588 2.8226185
326.17084 2.808035
329.38504 2.7985482
334.2606 2.7846625
337.90506 2.7728658
343.26965 2.7569935
345.7134 2.7473536
348.58292 2.7352116
350.99792 2.7195091
352.65546 2.7091618
354.35037 2.6989124
356.98166 2.6899874
358.74533 2.679955
361.8902 2.6688154
366.95657 2.648219
370.81232 2.6292167
372.78964 2.6198647
376.84048 2.6014588
380.4876 2.5856798
382.54688 2.5673766
379.4606 2.555794
375.3044 2.5484283
375.3044 2.5484283
