Mouse
53
11.454 1.9572151
14.280991 2.1924279
20.518024 2.2770984
25.420063 2.3202271
33.18244 2.3499565
38.839203 2.3508651
46.62579 2.3365884
50.912735 2.3104472
55.986317 2.2766335
59.08759 2.2327068
62.87966 2.20615
66.96974 2.1618273
71.176125 2.1226737
75.47937 2.0879364
78.98108 2.062895
83.4515 2.0613706
91.04167 2.0542119
98.69177 2.070812
105.0033 2.0814128
113.19367 2.1017544
120.393745 2.1051693
125.36519 2.109513
129.3172 2.1002815
134.6451 2.094345
139.10945 2.0924206
143.57433 2.0906155
150.27242 2.0881095
154.7383 2.086559
160.94882 2.078983
165.81088 2.0695786
169.80505 2.0634818
174.27536 2.0627367
181.39653 2.0542276
187.64136 2.0488017
196.56682 2.0367737
202.38445 2.0278678
210.92432 2.0132906
215.87448 2.007559
221.74025 2.0001993
225.7947 1.9968508
230.357 1.9878802
234.93709 1.9792588
239.92532 1.9748063
243.99728 1.9721302
248.99278 1.9679828
258.4536 1.9652164
263.83826 1.9649324
274.07074 1.9691669
278.92392 1.9735173
283.38788 1.9744781
287.45993 1.9722114
291.14615 1.9668434
296.1466 1.9634454
301.15036 1.9601604
305.78198 1.9539533
310.42505 1.9479316
315.07907 1.9420878
320.1024 1.9393317
326.42017 1.9384254
333.31558 1.9336773
337.41043 1.9322399
343.37842 1.9287848
347.12766 1.9247472
350.88245 1.920796
353.96906 1.9116133
357.707 1.8990364
361.1909 1.88409
364.09454 1.8728653
363.88257 1.8615526
364.67853 1.8494719
367.45715 1.8360114
369.08435 1.8208069
366.1725 1.811574
361.8123 1.808842
357.4549 1.8060433
352.64514 1.7976565
346.88464 1.7896627
344.08136 1.7795768
338.9621 1.7647054
334.2812 1.7552694
328.30322 1.7400967
323.70294 1.7299982
319.8361 1.712962
316.31937 1.7017877
311.8502 1.6907461
307.31335 1.67615
301.9402 1.6647168
296.69156 1.6562303
290.46802 1.6477023
286.4038 1.6452941
281.2735 1.6395264
276.2174 1.6371577
271.16293 1.6347008
266.9418 1.6207032
261.8128 1.6102115
257.74365 1.6030693
253.66516 1.5917574
249.6202 1.5800774
251.65302 1.5521852
254.7935 1.5327827
259.02594 1.5140793
264.49973 1.4887258
267.84366 1.4747597
272.23254 1.4615426
276.54755 1.4523362
281.01404 1.4398837
285.11072 1.4382378
290.19922 1.4370993
295.42413 1.4326458
299.52405 1.4311781
303.9122 1.4232345
309.46274 1.4128246
314.05975 1.4022502
317.8868 1.3883269
322.56216 1.3783821
328.04962 1.3723205
332.36752 1.3687942
337.8733 1.3630646
341.7883 1.3654783
345.70523 1.3678373
349.62405 1.3701434
354.14822 1.3640934
357.9205 1.3548758
360.97278 1.3425326
363.84238 1.3330678
368.92813 1.3224493
372.12128 1.3107458
374.13358 1.3011011
375.21912 1.2908258
376.3441 1.2806109
373.39133 1.2698469
370.4825 1.2589127
367.93735 1.2452294
363.2433 1.2321208
358.869 1.2248635
355.10855 1.2210441
351.0083 1.2198156
344.34348 1.2220058
340.24283 1.2207501
333.57874 1.2230297
329.137 1.2246007
323.75504 1.2251713
319.65308 1.2238753
314.61188 1.2214609
309.91858 1.2159389
306.17096 1.2113994
298.69534 1.2019795
292.7409 1.1977767
284.37872 1.186243
278.44492 1.1814884
271.5947 1.1751124
266.59747 1.1713446
259.7659 1.164411
255.69724 1.1618196
249.79872 1.1559409
245.332 1.15683
238.63231 1.1582259
234.16612 1.159201
227.46727 1.1607354
223.00168 1.1618094
216.3038 1.1635039
211.83891 1.1646929
205.937 1.1576445
201.87325 1.1542258
195.98756 1.1465044
192.34929 1.1379434
186.9196 1.1244785
181.52582 1.1102107
174.39574 1.0898201
169.09926 1.0734037
164.72238 1.0589203
159.16751 1.031898
155.74794 1.0187176
152.35664 1.004948
148.44968 0.99618804
142.62227 0.99479055
138.17924 0.99116176
132.35297 0.98943454
125.69366 0.98316664
120.42868 0.9739707
114.607475 0.9711025
110.17833 0.96559733
105.75281 0.95963126
100.75555 0.96123564
94.36694 0.96565527
86.59084 0.9737259
81.040924 0.9867945
74.6664 0.99456537
69.67852 0.9993889
65.23409 0.9920156
59.407856 0.9882513
54.417995 0.9938486
47.758823 0.97796786
39.99699 0.9978348
35.011196 1.0079005
30.564281 0.9934019
26.125977 0.9739719
22.300776 0.91021115
17.19003 0.8235042
12.227914 0.78112745
8.118697 0.6037769
8.118697 0.6037769
3.7428856 0.77144545
4.28896 2.14142
9.859965 2.4069386
14.846186 2.4376
23.429417 2.4683158
29.057644 2.4465325
36.867893 2.4466007
41.00468 2.4028971
44.495987 2.3515427
48.832577 2.2939947
53.167313 2.2724054
58.80623 2.280456
63.796143 2.2752748
69.55532 2.2615826
75.32554 2.2499862
80.95274 2.257394
86.46485 2.2801256
91.27308 2.3074245
98.28251 2.325305
103.90512 2.3405912
109.54952 2.354305
115.20637 2.3543978
120.156975 2.3603568
125.1115 2.3658438
130.06952 2.3709128
135.7531 2.380716
140.71991 2.384877
145.689 2.3887541
152.80693 2.396498
157.78197 2.3997118
164.84662 2.3978457
169.82227 2.4007924
176.15115 2.3951714
183.21706 2.3936675
191.01671 2.3958411
195.31604 2.4022152
200.29366 2.404605
204.60332 2.4105053
208.2577 2.419755
215.50722 2.430769
219.84616 2.4357462
229.94809 2.4445865
235.07176 2.4517167
241.61372 2.4579444
247.38637 2.4613087
253.0127 2.458963
258.64035 2.4567192
263.63617 2.4575036
269.26462 2.4553788
277.70947 2.4523532
283.3407 2.4504364
289.6128 2.4459379
295.24734 2.4442208
300.2402 2.4451175
307.4099 2.4476569
312.40366 2.448464
318.168 2.4512515
321.2622 2.4591804
325.7818 2.4664776
329.6998 2.475956
333.46768 2.481005
338.0371 2.4877448
341.8243 2.4925404
345.0194 2.499548
349.03662 2.5081265
353.89032 2.5181627
357.14548 2.5247014
360.41562 2.531122
364.26938 2.5351672
368.12897 2.539128
371.9942 2.5430064
375.3055 2.549012
373.92108 2.5593793
371.7366 2.568367
369.04877 2.57975
366.9334 2.5889754
364.84964 2.5983071
362.79797 2.6077452
357.68195 2.6155112
353.9523 2.6224468
345.77322 2.6289039
338.095 2.633086
332.26706 2.633646
324.59592 2.6381145
320.44992 2.6487703
317.6911 2.6583738
314.96213 2.6681445
310.92245 2.6795242
306.02414 2.6897793
299.35184 2.6975136
291.85922 2.7118118
286.56308 2.718685
283.11176 2.7286696
278.37793 2.740797
274.0666 2.7499647
268.8514 2.7580378
264.58514 2.7678144
259.41068 2.776539
255.19427 2.786984
249.46602 2.7913022
245.02312 2.7933667
243.68721 2.8087966
244.95561 2.8320916
246.35556 2.8551342
250.60884 2.8684273
254.90492 2.8812747
258.52048 2.888995
262.151 2.896502
267.74005 2.905563
271.63074 2.9090066
275.29907 2.9158902
279.9563 2.9233687
283.6509 2.9298635
288.33624 2.9368985
294.01593 2.944377
298.72952 2.9509392
306.40524 2.9590914
310.16202 2.9646027
317.05505 2.96849
322.79947 2.974743
328.3974 2.983783
332.1945 2.9886482
335.85306 2.9963484
340.25366 3.0101078
345.5941 3.0267277
351.12704 3.0400033
354.81836 3.0495582
359.37885 3.0646915
363.15152 3.0737743
367.9518 3.08283
371.73404 3.094204
373.5647 3.1051533
373.41595 3.1185348
368.32596 3.134508
365.31937 -3.1377861
359.3927 -3.1210272
354.46902 -3.1122754
346.61557 -3.1000633
341.8118 -3.0877635
334.00238 -3.0775056
330.07703 -3.0737062
323.09348 -3.0722365
319.1032 -3.0713677
315.1132 -3.070477
310.12604 -3.0693314
303.1447 -3.0676644
292.1759 -3.0648837
284.2001 -3.0627265
280.2127 -3.0616019
271.24243 -3.0589504
262.2742 -3.0561178
258.28903 -3.0547957
252.31216 -3.0527341
247.33228 -3.0509403
242.35324 -3.0490725
236.47636 -3.0425177
230.71808 -3.0313191
223.99768 -3.0190053
220.15497 -3.0122755
212.36035 -3.0027475
202.73466 -2.9861038
197.83098 -2.9769592
188.9769 -2.9579985
182.06407 -2.9509435
173.23552 -2.9410985
167.35999 -2.9339585
161.49359 -2.9262996
157.37234 -2.927077
149.56541 -2.9156907
145.6698 -2.9095402
137.65697 -2.9032447
130.86531 -2.8906155
126.74228 -2.8904202
120.939735 -2.8780897
117.08244 -2.869191
112.96094 -2.86819
107.877335 -2.864601
104.03556 -2.8540866
98.00108 -2.846511
89.42839 -2.817239
82.48467 -2.8016837
78.72483 -2.7847428
72.762726 -2.7688146
65.518684 -2.758332
57.762028 -2.7225895
52.799603 -2.7013612
44.738693 -2.665593
38.991867 -2.6178591
33.36437 -2.5538325
29.513683 -2.5068605
24.246086 -2.39309
20.080301 -2.259729
14.71606 -2.1266594
9.74508 -2.0817366
5.1411138 -2.3926275
1.683523 2.042713
6.5037475 1.5347047
6.5037475 1.5347047
20.730392 -2.296974
25.649067 -2.3359256
29.97547 -2.4332867
33.714275 -2.487971
41.411343 -2.5671806
50.448196 -2.6330554
56.034336 -2.645879
68.67168 -2.708399
80.903595 -2.747355
86.395966 -2.760017
93.87615 -2.7683568
98.33085 -2.7642503
105.01568 -2.7587442
109.47382 -2.755447
114.706856 -2.7362754
120.48723 -2.7297568
124.953575 -2.7279034
130.73984 -2.7222664
136.52992 -2.7171073
140.99872 -2.7158654
147.29059 -2.7203221
155.41573 -2.7296278
159.88205 -2.7281828
164.75423 -2.7212613
169.22227 -2.7201169
175.42848 -2.710971
179.84012 -2.6977227
185.17995 -2.6874912
189.64423 -2.6754756
193.24706 -2.6616356
197.76689 -2.6506991
202.30933 -2.6402526
206.87286 -2.6302657
211.34003 -2.6312742
217.65932 -2.6264591
223.98337 -2.6219156
229.44649 -2.6154413
236.64423 -2.6135576
241.61162 -2.6111734
248.46046 -2.603995
253.94832 -2.5985315
262.71835 -2.587522
269.60593 -2.5815089
275.968 -2.5788543
283.40823 -2.5703602
290.61835 -2.5699441
296.1489 -2.5658922
303.90527 -2.5628402
308.60938 -2.5573068
313.32263 -2.5519397
318.87332 -2.5484893
324.4277 -2.545157
331.63858 -2.5453403
338.02237 -2.5438552
342.7571 -2.5391343
347.49927 -2.534542
352.00668 -2.5261166
357.58334 -2.5234413
365.14072 -2.5179858
370.50305 -2.511759
374.481 -2.5062728
384.28293 -2.4894097
391.3996 -2.4741914
394.7616 -2.46762
400.6375 -2.4494634
403.62 -2.432948
401.81427 -2.4191809
395.33313 -2.4148388
390.27185 -2.410156
385.2914 -2.4090164
378.76315 -2.4005818
371.582 -2.393822
365.87793 -2.390541
357.3095 -2.3834453
350.89554 -2.377896
344.49274 -2.3721406
340.93008 -2.3660846
331.7345 -2.3471746
324.76514 -2.3295596
320.43304 -2.3199847
311.6269 -2.2994773
302.2474 -2.275045
297.23206 -2.2607048
287.96786 -2.233227
281.102 -2.2197812
275.90543 -2.2068365
272.73755 -2.197216
266.80768 -2.1855893
260.09232 -2.1756148
254.23335 -2.1629105
243.97536 -2.1517155
238.43912 -2.146898
233.99577 -2.1490426
229.30367 -2.141585
229.30367 -2.141585
247.9279 -2.1980355
244.78496 -2.1872025
242.49449 -2.1737428
240.2488 -2.1600287
242.49396 -2.1440043
246.40053 -2.1386101
250.31406 -2.1333842
255.61206 -2.1295693
262.82016 -2.1303713
266.74396 -2.1255884
271.19785 -2.1240873
275.12936 -2.1195397
279.06644 -2.1151204
282.49594 -2.107788
286.8036 -2.0988698
291.63107 -2.0931928
295.5987 -2.0893726
301.31284 -2.0823855
306.1663 -2.0772383
311.02762 -2.072252
315.89642 -2.0674193
320.30127 -2.0599816
324.30356 -2.0569077
327.84552 -2.0512075
331.3979 -2.0456293
335.85254 -2.038823
338.98196 -2.0308666
342.13248 -2.0230565
346.20654 -2.0141473
348.561 -2.0014493
351.7878 -1.9941194
354.6301 -1.9843439
357.89993 -1.977294
361.18723 -1.9703721
364.10992 -1.961038
363.536 -1.9498156
362.07504 -1.9395521
361.58914 -1.9282362
361.14966 -1.9168916
359.81244 -1.9064337
355.67328 -1.898593
352.50595 -1.8896765
348.7626 -1.8751373
345.67084 -1.865831
336.97015 -1.8519952
332.29944 -1.8466622
325.17993 -1.8368931
319.83057 -1.834971
312.03558 -1.8284541
306.6917 -1.8263025
300.1315 -1.8216839
295.7617 -1.818491
291.6386 -1.8185294
286.54617 -1.8194247
282.17862 -1.8160431
276.3699 -1.8063953
270.588 -1.7963343
266.02618 -1.7887052
259.11194 -1.7748705
253.81212 -1.7711464
244.01689 -1.7584057
238.5536 -1.7499597
228.83066 -1.7354677
221.28734 -1.7228214
209.68262 -1.7071948
201.48694 -1.7027596
197.52242 -1.7054243
190.45155 -1.7051544
183.2497 -1.6994556
175.31883 -1.7053103
171.3558 -1.7084409
166.40451 -1.7125636
162.44562 -1.7160428
156.3641 -1.7152686
151.41791 -1.7200227
146.18134 -1.7115782
142.08124 -1.70856
137.98251 -1.7053624
130.78163 -1.6973888
126.56978 -1.6857034
120.49508 -1.6831682
116.40945 -1.6784852
110.23743 -1.6662972
106.16208 -1.6605134
101.01479 -1.6452281
96.02936 -1.6491001
91.965935 -1.641662
86.910065 -1.6342583
82.9185 -1.6373177
77.93027 -1.6415825
73.94083 -1.6454086
68.95575 -1.6508138
63.8946 -1.6414679
57.841812 -1.6315472
53.849735 -1.636057
49.798492 -1.6212566
44.738037 -1.582236
40.762283 -1.5342785
36.81928 -1.5031655
31.926239 -1.4613191
27.29261 -1.3683277
22.045818 -1.2242343
18.764692 -1.101397
15.881099 -0.93047434
19.237728 -1.0550215
22.405235 -1.1822431
26.151012 -1.2402236
33.817707 -1.3170838
38.9097 -1.3244603
48.12639 -1.3297597
54.193607 -1.3382695
58.09327 -1.3541368
64.38635 -1.3438327
70.24545 -1.3630539
79.07374 -1.3865311
83.99409 -1.3974384
89.91011 -1.4089495
93.86005 -1.4158169
99.792435 -1.4250978
103.75168 -1.4306952
110.68741 -1.4395266
114.53212 -1.4527544
122.48007 -1.4604467
127.3489 -1.4725754
135.31262 -1.4783732
141.2881 -1.4822925
150.25497 -1.4875869
156.31812 -1.484402
165.37099 -1.4830735
170.44028 -1.4797989
178.59341 -1.4727172
182.5746 -1.4748626
189.73859 -1.467904
193.82101 -1.4648916
200.9971 -1.4586782
205.20152 -1.4511738
209.41705 -1.4439712
214.63412 -1.4376743
222.12384 -1.424008
228.35449 -1.419187
232.61472 -1.4132847
240.99232 -1.4061973
246.42561 -1.3975124
254.02516 -1.3867527
259.4977 -1.3789133
267.34665 -1.3655472
271.88242 -1.357743
278.38605 -1.3517674
282.94983 -1.3444898
290.67816 -1.3364831
296.00693 -1.3338329
304.48938 -1.3304234
311.03464 -1.3256478
320.7408 -1.3203597
326.33258 -1.3152506
330.70953 -1.3124567
336.31396 -1.3076307
341.92596 -1.3029629
347.40338 -1.2893543
351.98633 -1.2753457
356.03326 -1.2670509
360.7228 -1.2536662
365.15237 -1.2432178
369.6208 -1.2330211
371.9058 -1.2237643
371.412 -1.211805
370.40433 -1.1963205
368.18118 -1.1822348
364.72037 -1.1694283
360.40543 -1.1552615
356.65903 -1.1444716
353.43988 -1.1372155
348.43207 -1.1273764
344.82318 -1.1223996
339.4263 -1.1147362
335.83972 -1.1094906
329.57785 -1.1068213
325.1057 -1.1068168
319.2921 -1.1082113
313.92538 -1.106805
309.45325 -1.1068
304.9811 -1.1067948
296.93732 -1.1007608
291.60065 -1.0914414
286.29025 -1.0817754
282.76532 -1.0751301
279.2532 -1.0683174
274.0101 -1.0577716
268.79865 -1.0468156
264.9912 -1.0341073
262.08096 -1.0230243
259.20364 -1.011694
253.00345 -0.99156976
249.392 -0.9772394
245.0133 -0.96015847
241.74706 -0.9506709
237.69579 -0.9384462
235.08165 -0.9249577
234.36171 -0.9010528
240.60585 -0.89508134
246.38477 -0.89827347
252.16609 -0.90131927
257.7858 -0.8987812
262.7838 -0.89932364
268.4048 -0.8969278
273.24796 -0.89233994
279.36304 -0.8823582
282.68726 -0.87367845
286.57623 -0.8576256
291.2838 -0.8442928
293.9561 -0.834121
298.75156 -0.82149345
302.1794 -0.8093784
304.95294 -0.7998836
308.45773 -0.7882565
311.291 -0.77914435
316.30984 -0.7635935
319.21124 -0.754928
322.1362 -0.74641925
325.75772 -0.7403351
330.06204 -0.73663384
335.71228 -0.7374552
342.17538 -0.73215413
345.8242 -0.72657275
352.9676 -0.7237508
358.7024 -0.7207873
363.68765 -0.71972585
372.34717 -0.71364146
377.33505 -0.7127128
383.8398 -0.70840484
388.18018 -0.70561314
391.2336 -0.6989828
393.03018 -0.68853873
390.80667 -0.6734313
388.32455 -0.6653793
385.86798 -0.65722424
381.84586 -0.6521308
372.8339 -0.6469749
365.03275 -0.64595336
360.03275 -0.64598745
347.67923 -0.64975315
335.0492 -0.66149145
329.10788 -0.66670585
318.62878 -0.67507887
310.66684 -0.6791092
302.71027 -0.68335146
296.60834 -0.67405087
292.11035 -0.66013914
288.0841 -0.6534286
281.08746 -0.63232964
275.13846 -0.6211829
264.48004 -0.6036384
253.99724 -0.59321254
248.69777 -0.5921401
237.14491 -0.5859321
226.38495 -0.58319247
220.29442 -0.5843756
208.53027 -0.58003515
198.7318 -0.5810693
193.6684 -0.5794348
184.21959 -0.5804959
176.17319 -0.58330166
165.35666 -0.58299416
159.53119 -0.58454984
151.48709 -0.5880282
146.49504 -0.5861358
139.28395 -0.5860392
133.74384 -0.5776627
123.76724 -0.572347
115.17552 -0.5687706
110.729065 -0.5730085
102.131676 -0.56903
93.54167 -0.56432176
88.55821 -0.55985594
79.97326 -0.55336356
72.24931 -0.53813106
65.91161 -0.5249007
60.256306 -0.56044614
55.806778 -0.5681912
49.140186 -0.58243704
39.2532 -0.65881675
31.876049 -0.76303387
27.621468 -0.8642381
20.854984 -1.140728
18.006596 -1.4812863
16.52828 -1.8396521
12.406739 -1.8475864
11.950069 -1.5197604
12.289479 -1.0967872
14.534734 -0.7525485
23.783821 -0.4309128
30.285389 -0.3342172
39.166912 -0.28293714
45.93018 -0.24037623
56.120514 -0.23256825
62.190807 -0.22597902
72.17172 -0.20843619
81.18867 -0.19754757
85.307365 -0.19983916
93.16168 -0.1827917
98.447624 -0.19353673
105.905975 -0.2086231
111.9833 -0.20626236
122.18098 -0.2055223
128.06056 -0.19596049
133.95082 -0.18723889
140.8345 -0.17798656
145.7582 -0.17191316
152.49957 -0.15759964
158.28001 -0.14541021
168.18073 -0.13679448
173.13536 -0.13285626
179.08426 -0.12841815
184.04419 -0.124938935
192.9773 -0.11912719
199.92943 -0.11496612
204.01842 -0.11758621
209.97816 -0.114233986
215.94016 -0.11106683
222.01427 -0.11254785
225.98941 -0.11055996
231.95372 -0.1077059
235.93092 -0.10588337
240.9035 -0.10368984
248.86192 -0.100362554
258.81354 -0.09649126
266.77744 -0.09360221
275.56567 -0.083323404
281.4656 -0.078008726
285.4536 -0.07691671
291.36267 -0.07191231
296.34995 -0.07070006
302.26767 -0.06599776
307.19373 -0.06167613
315.1204 -0.056943968
320.11243 -0.056055013
326.0497 -0.05196181
330.04437 -0.05133234
337.9398 -0.04420721
343.89206 -0.040531106
349.84882 -0.03698014
353.81097 -0.033737715
357.7476 -0.027773175
362.67593 -0.019121567
366.61472 -0.0052767065
368.63205 0.011028811
370.69736 0.021759331
373.83798 0.034956723
373.99918 0.045645606
371.2078 0.056779012
367.39862 0.06554933
360.6267 0.0751219
356.79547 0.08155298
349.00494 0.09514818
343.29172 0.10876923
335.68674 0.12024062
332.09348 0.13065398
327.27048 0.13567397
322.456 0.140844
317.6504 0.14617062
313.84265 0.15117933
309.88885 0.1531233
303.29108 0.16316095
298.35858 0.16588315
290.01157 0.18121047
284.48657 0.19192675
276.05786 0.20525779
271.16473 0.20901603
267.4654 0.21577667
262.80347 0.22356714
257.41708 0.23631132
253.04346 0.24862179
249.67569 0.26032835
244.84755 0.26558468
241.53111 0.277922
238.25247 0.29060087
235.31412 0.30768663
236.87633 0.32780474
240.07826 0.340897
245.892 0.35845602
253.63994 0.37230942
258.83093 0.38108316
265.89233 0.38665497
271.65598 0.38994247
276.11615 0.39113516
282.26917 0.39748275
284.75873 0.40907547
288.1991 0.4190494
292.26077 0.41660607
297.13474 0.42039144
301.51578 0.42844206
307.7296 0.43351534
312.62152 0.43684918
319.70773 0.44723728
326.38678 0.45442468
331.7417 0.45996597
334.4282 0.46935633
337.1437 0.4785962
339.9486 0.4942635
345.94272 0.50796294
348.77502 0.5165891
351.77722 0.53142023
354.67853 0.539714
356.7506 0.5493327
358.8553 0.55883944
360.99203 0.5682345
357.31595 0.5882137
352.6458 0.60394686
348.8796 0.6184325
341.97192 0.6401529
337.60208 0.6572899
335.06207 0.66694665
330.36865 0.6781814
327.89767 0.68820983
322.5216 0.7019956
316.6575 0.7094086
310.0584 0.71922046
303.49048 0.72945803
299.17773 0.7333848
289.71207 0.74407303
279.81912 0.75603515
274.4429 0.76376987
263.84048 0.78002644
255.25394 0.7910593
251.02348 0.79678875
242.58861 0.80884606
234.8736 0.8186519
223.56645 0.82033443
215.08656 0.82171243
210.11505 0.81920457
202.31792 0.817011
195.20932 0.8109149
181.76099 0.80891174
173.94588 0.7977709
160.523 0.80321115
152.03914 0.80420524
143.55544 0.8053168
137.89977 0.80613387
129.41641 0.8074933
121.65894 0.8147167
110.40534 0.8305251
103.41978 0.84727085
93.64854 0.8688812
87.37443 0.8830198
77.69614 0.9135583
72.0893 0.9235877
63.695637 0.94193923
58.69622 0.94318664
51.724926 0.9646694
43.950756 0.9803961
37.893433 1.0312663
30.201214 1.071254
20.791136 1.0980387
15.436843 1.0658967
9.911294 0.8599197
6.497237 0.5708346
6.497237 0.5708346
