Stilus
9
284.19617 2.5332386
290.9231 2.519607
303.12933 2.4982228
310.54083 2.4850402
317.2581 2.4729767
323.44595 2.463957
328.73486 2.4536436
332.37662 2.4461133
336.59778 2.4403684
343.1856 2.4267654
347.71722 2.4161966
351.81046 2.407397
355.37015 2.4005191
359.34567 2.391685
364.3089 2.3780406
369.7469 2.369661
374.83618 2.360422
379.76138 2.3511212
384.77594 2.3383014
387.71756 2.3221574
387.82556 2.3042755
384.89456 2.2870164
381.56537 2.2728884
375.84534 2.2621648
369.90662 2.2510917
365.81372 2.2459996
357.75082 2.2355902
349.66772 2.2246172
340.06177 2.216693
330.43237 2.2121272
321.68884 2.201526
315.56674 2.1962383
308.93796 2.1886818
302.03845 2.183718
295.7286 2.178146
288.33838 2.1716378
280.81882 2.1640668
274.20245 2.1541474
268.40173 2.141635
261.19696 2.132199
253.76425 2.1226683
246.36073 2.1125681
237.88509 2.1014426
230.12578 2.0894034
222.86601 2.0772362
216.82315 2.0650146
210.98688 2.053215
204.21242 2.0428364
197.06909 2.0348577
189.67764 2.0288093
183.35085 2.022125
177.0091 2.0139112
167.98007 1.9867297
157.72488 1.9603351
148.36794 1.9481937
141.35437 1.9224901
137.26236 1.8872159
137.4621 1.8487016
143.93927 1.8071884
150.45555 1.7882469
154.83441 1.7820026
159.97202 1.7751219
165.8503 1.7677829
171.74678 1.7609357
176.92871 1.7553017
186.21721 1.7460008
192.14104 1.7368628
198.78572 1.7259104
205.51976 1.7159178
210.58968 1.7075969
214.6629 1.7003127
218.29974 1.6854956
225.7513 1.659436
230.49661 1.6445247
234.41551 1.6220236
238.035 1.5955629
240.36417 1.5667585
239.47302 1.5404832
235.85225 1.5229983
229.2724 1.5075896
224.59471 1.5018146
218.6767 1.4953651
212.04413 1.4845788
206.1078 1.4724665
200.18472 1.4644245
193.52814 1.459611
185.53398 1.4547992
177.88895 1.4398199
171.93106 1.4233904
166.19214 1.4122523
160.98798 1.3953412
155.20282 1.375006
149.82076 1.3488046
145.22943 1.3257691
141.10803 1.29812
135.6649 1.2481544
134.39473 1.2039385
141.74669 1.1784594
148.50786 1.1699011
154.72763 1.158667
160.17996 1.1464275
167.05313 1.1388679
174.88773 1.134286
182.95316 1.1306553
190.26012 1.1256111
196.95018 1.1249973
203.80019 1.1233991
210.47682 1.1198014
218.30222 1.1118991
226.7888 1.1058203
234.90059 1.1031263
241.13014 1.0976954
247.23047 1.0874879
258.0464 1.0744631
264.331 1.0701891
271.70615 1.0649623
278.6695 1.0584285
285.0849 1.0470244
291.46527 1.0362397
297.4557 1.0242167
302.288 1.0107645
307.15347 0.9977897
311.31213 0.98325866
316.32056 0.9709938
321.38748 0.95908445
326.00137 0.94953966
330.58612 0.9407107
335.77316 0.9321965
341.5744 0.9216048
348.17795 0.91087514
353.53763 0.90078086
358.30453 0.8928935
363.0418 0.8855826
367.7387 0.8785314
372.49576 0.87160915
376.4834 0.86317044
379.85406 0.8507283
382.42252 0.83918184
383.2205 0.82617176
382.3859 0.79887503
380.4094 0.78563786
377.07285 0.77206385
373.1413 0.7572932
367.67224 0.741424
363.00314 0.7272677
357.7054 0.71046764
352.62054 0.6935393
346.13373 0.67882127
340.06607 0.665957
334.0122 0.6573728
327.9668 0.65229976
321.81787 0.6475565
314.96262 0.63995844
307.402 0.6340384
301.28784 0.62441295
295.81024 0.61597717
289.82617 0.6093581
282.3754 0.59760183
278.10352 0.5876016
274.51392 0.5744358
271.61603 0.5594166
269.01495 0.5437784
267.49188 0.52864176
266.15277 0.50463015
269.30765 0.47299555
273.09137 0.46186158
277.14264 0.45057407
281.51852 0.4421448
286.53424 0.4300342
290.88287 0.41942376
295.75836 0.4084013
299.93372 0.39876726
305.72925 0.38461828
310.56418 0.3714054
316.39142 0.35748053
322.95435 0.34334457
328.21637 0.3311355
333.24094 0.31965122
339.03333 0.30781496
343.67838 0.29743713
347.86804 0.28777933
354.1846 0.26784232
360.65286 0.2485732
367.6334 0.23467098
369.86414 0.21876718
368.768 0.20496866
367.0488 0.19192638
364.8871 0.17908907
362.3119 0.16640086
356.3584 0.14642884
349.46155 0.12912843
340.7134 0.11184596
334.5492 0.10183917
329.30255 0.09435186
323.01785 0.08384742
316.01788 0.0761124
308.7639 0.06492875
301.7521 0.05672688
294.60565 0.052765638
287.5337 0.05058481
280.48444 0.04829035
273.47275 0.04952949
265.41788 0.04442608
257.47757 0.038149476
250.28128 0.027153209
242.21243 0.019769918
233.27136 0.012043458
224.28252 0.0069054845
216.6169 0.0025370186
207.52502 -0.0021667092
198.52518 -0.007298144
189.28812 -0.012933339
181.31549 -0.019014008
173.40723 -0.029901637
165.42497 -0.03743491
157.51773 -0.05203857
149.66313 -0.068148375
143.60944 -0.084940925
137.82178 -0.10310667
133.08368 -0.121906824
129.13722 -0.1412525
125.484276 -0.16153009
119.29448 -0.18064746
123.06442 -0.22039914
125.946526 -0.24801084
132.67622 -0.29770958
138.3855 -0.31522667
145.28714 -0.32850257
152.02567 -0.33612826
158.72626 -0.3414998
165.02461 -0.3407517
171.35333 -0.34005502
177.99574 -0.34470344
184.93129 -0.35283118
192.78798 -0.35964352
199.8168 -0.36781955
205.5951 -0.3820674
211.82643 -0.39548033
217.41351 -0.40602577
226.40569 -0.42182177
231.6483 -0.43605876
236.5946 -0.45317835
240.30154 -0.47011942
243.49284 -0.48659262
245.87317 -0.5045876
247.25046 -0.5217864
243.87218 -0.54343575
237.12633 -0.5669452
232.7195 -0.5790482
226.94612 -0.58650243
220.87772 -0.593955
214.36252 -0.59901243
207.73936 -0.6033587
200.26228 -0.61084324
192.27293 -0.61466676
184.81964 -0.6232337
178.22252 -0.6291982
171.63666 -0.63561964
165.47032 -0.64614403
158.88347 -0.6616884
153.38734 -0.6815317
146.74147 -0.70093244
141.43993 -0.7141127
136.31601 -0.73467207
132.50394 -0.7506147
129.5958 -0.77175564
126.63884 -0.8146719
131.82805 -0.85616523
136.39694 -0.88487417
141.70988 -0.90626794
147.55096 -0.9221929
153.54678 -0.9354076
160.13934 -0.95025295
168.301 -0.9647228
176.524 -0.976515
183.56136 -0.98091125
191.48062 -0.98503536
199.58301 -0.99395454
208.08202 -1.0018294
215.21504 -1.0120827
222.25221 -1.0211864
229.43198 -1.0263507
237.44156 -1.0356494
245.02061 -1.0479665
251.54807 -1.0583086
257.87192 -1.0643506
264.27817 -1.0734318
270.54968 -1.0849205
277.18503 -1.0934685
284.04013 -1.1019738
290.57343 -1.1094947
296.2136 -1.1189374
302.38733 -1.128823
309.45685 -1.1396058
315.19543 -1.1479659
321.5892 -1.1568943
326.703 -1.1670865
330.91562 -1.1757904
334.8778 -1.1863265
339.11118 -1.1944952
343.08224 -1.2053554
347.27783 -1.2160802
351.03668 -1.2282803
353.84183 -1.2401798
356.63138 -1.263424
356.3997 -1.2749733
356.0099 -1.28853
354.90857 -1.302195
352.90646 -1.3152976
350.68723 -1.328446
346.64032 -1.3432881
342.62637 -1.3554949
337.45682 -1.3703755
331.83954 -1.3822799
325.86493 -1.397432
320.84103 -1.4104637
314.28082 -1.4263352
308.682 -1.4399289
301.35004 -1.4535397
294.6422 -1.4654361
288.38733 -1.4790677
281.86075 -1.492711
276.7209 -1.5019705
271.46616 -1.5154297
266.27396 -1.5266811
261.315 -1.5478016
259.24744 -1.5707496
261.06866 -1.594701
266.30246 -1.6195271
273.4091 -1.6411656
278.39264 -1.6533133
283.70712 -1.6658641
290.11105 -1.6776782
296.50223 -1.6888921
302.82544 -1.6963987
308.2743 -1.7071832
313.78482 -1.717633
320.341 -1.72727
327.01282 -1.7386963
333.64743 -1.7482662
339.4634 -1.7601388
344.53293 -1.7712154
349.34048 -1.7809609
353.33322 -1.7930017
357.3711 -1.8047633
360.7712 -1.8167952
363.43124 -1.831231
365.03064 -1.8471956
366.693 -1.8627512
367.54846 -1.8771231
368.11606 -1.8929615
367.23956 -1.9088684
364.74704 -1.9258416
360.1976 -1.9454824
355.91605 -1.9622644
351.29907 -1.9800092
345.15613 -1.9973737
337.30276 -2.0153456
329.45325 -2.030063
320.17752 -2.0454016
309.77008 -2.0590868
298.32285 -2.070205
285.98846 -2.0846777
273.67404 -2.097573
263.29788 -2.1073353
254.09088 -2.1152375
244.20126 -2.125414
234.20107 -2.1369164
224.60551 -2.1444194
214.88492 -2.1515193
205.10226 -2.1593673
194.65092 -2.1707258
184.15736 -2.183462
174.16138 -2.2010622
165.07712 -2.220833
157.22495 -2.2490253
151.6796 -2.2765193
147.50188 -2.30091
143.28625 -2.3275666
140.21095 -2.3585336
138.72617 -2.397956
141.1001 -2.4714065
143.84058 -2.4950242
147.32642 -2.508936
152.35255 -2.5167563
158.93794 -2.523452
164.98497 -2.5346203
171.53923 -2.5400553
179.15968 -2.5373657
186.44383 -2.5274832
194.18097 -2.5168989
202.45807 -2.5102654
209.90807 -2.5106566
216.68973 -2.514841
222.71242 -2.523339
228.33887 -2.5340471
232.99515 -2.5426924
238.52257 -2.5533981
242.71075 -2.5648632
244.97491 -2.582812
245.92763 -2.607624
246.26825 -2.631865
245.16646 -2.6571546
243.4433 -2.6732473
234.25168 -2.6997929
228.2226 -2.715749
222.05182 -2.7331576
215.38257 -2.7499642
206.88982 -2.764379
198.7904 -2.771399
190.85165 -2.7776592
182.99251 -2.794719
174.40904 -2.8134227
165.69543 -2.8394816
157.15392 -2.8645513
150.72891 -2.8869362
144.73093 -2.9099016
141.59578 -2.9355164
138.79617 -2.9668097
138.67163 -3.0022907
139.8573 -3.0342305
147.83675 -3.0758758
153.69096 -3.0913785
160.28311 -3.1058652
168.25664 -3.11353
176.96072 -3.1164627
185.24294 -3.1175866
194.98286 -3.1187859
204.91124 -3.1198912
214.88287 -3.1208982
223.91347 -3.1250024
233.84206 -3.1311235
243.848 -3.138644
253.85051 3.1365428
263.10858 3.1291385
272.81247 3.1222873
282.13077 3.115833
291.66425 3.1065726
300.3244 3.0974052
309.44373 3.0867283
317.76584 3.0731802
325.34897 3.0594745
331.80035 3.0450861
337.6461 3.029699
342.34256 3.0135555
346.27362 2.9946115
349.5783 2.9758773
352.75754 2.957284
354.17722 2.9408677
354.44794 2.9237044
354.82922 2.9064977
353.639 2.888147
349.94016 2.8676732
345.68106 2.848383
339.9363 2.828096
332.3307 2.8100157
324.52225 2.7951846
317.1704 2.7767377
310.5159 2.7584326
304.09064 2.7367334
297.34464 2.7118714
290.91843 2.686447
285.59183 2.6615977
281.95352 2.6388059
278.44482 2.6152613
276.21176 2.593852
276.75473 2.574927
279.77576 2.5563083
284.63205 2.5352929
290.94034 2.5206485
311.19366 2.4993436
311.19366 2.4993436
