Mouse
22
4.2599325 0.87434095
7.7646694 1.2111452
13.546391 1.3676691
17.283422 1.5283871
22.506298 1.7164812
28.493591 1.8651736
34.17846 1.9067389
38.28635 1.8969562
43.348103 1.881851
49.094524 1.8444374
52.956734 1.8240238
57.810852 1.8023541
61.71092 1.7874781
65.62302 1.7743732
70.52701 1.7600397
77.41324 1.7430286
82.51074 1.7445835
88.95977 1.766138
94.68716 1.7973343
99.27943 1.817732
102.2527 1.8508892
106.65283 1.8585429
111.656204 1.88273
117.99347 1.9100587
124.20685 1.9524994
129.30258 1.9869269
132.77939 2.0083942
137.65408 2.0320613
140.36496 2.0544112
147.13148 2.068696
152.56458 2.07921
157.52048 2.083485
161.98738 2.0821316
168.30843 2.0883205
176.50537 2.1010451
182.49922 2.1135957
187.14355 2.1236174
194.03108 2.1320171
200.3943 2.1356366
205.0771 2.1442814
211.99522 2.151297
217.82162 2.1502244
222.81158 2.1516614
228.90788 2.1603327
234.45917 2.1650283
241.40515 2.1705937
246.96706 2.1748207
251.96324 2.1756039
254.25896 2.1885455
257.4049 2.1989632
261.97717 2.2099195
265.7842 2.2227745
270.87177 2.2410774
274.78122 2.2530763
278.86185 2.259687
282.8306 2.2710865
286.18317 2.2795224
290.31024 2.2854989
296.6106 2.2893925
302.8294 2.2977848
307.58804 2.3101993
311.7108 2.3198895
316.55072 2.331619
319.3219 2.3406916
322.83148 2.3474317
328.47897 2.3518877
332.7186 2.356193
339.08917 2.3624492
343.36084 2.3706093
346.93277 2.3765762
351.24286 2.384381
354.84253 2.3900762
359.24982 2.4014792
362.95746 2.4107695
365.94568 2.4180655
368.9531 2.425243
372.7386 2.4340513
377.3185 2.444387
380.53043 2.4548385
383.63205 2.4614494
387.86237 2.4768093
391.99347 2.4882598
393.97455 2.4984622
395.99625 2.5085616
398.28894 2.5220613
399.83197 2.5339794
401.97403 2.5527143
402.5737 2.5685618
403.8039 2.5822566
401.17316 2.592821
399.1012 2.6013718
396.41208 2.6178138
395.2973 2.6278415
394.22244 2.6379251
393.1879 2.6480627
392.61703 2.6616917
392.5698 2.6730824
391.67645 2.6833475
389.4904 2.6948605
386.87347 2.7030685
383.867 2.7137556
382.2247 2.7232776
379.43506 2.7401361
377.13095 2.7547812
375.6403 2.7646432
373.82877 2.7770796
372.07562 2.789635
370.71567 2.7997637
367.80072 2.814222
364.01248 2.8280635
358.68268 2.8378844
356.2612 2.8504376
353.2122 2.8596604
348.53995 2.8647351
343.87692 2.8699474
338.25888 2.874525
332.3902 2.8821628
327.0451 2.8841517
321.4502 2.8892164
317.32312 2.902114
313.02734 2.918462
310.2111 2.9296103
306.25583 2.9435105
302.5457 2.954522
298.8731 2.9658055
294.58774 2.9701154
288.99503 2.9808013
283.28918 2.9953983
277.91452 3.003457
273.55023 3.0123062
266.1106 3.023821
260.5945 3.0406213
255.42271 3.0464385
250.2599 3.0524957
245.19138 3.0547435
240.12413 3.0570862
232.90825 3.0673842
227.77951 3.0745132
220.66647 3.08143
216.56058 3.089538
210.42973 3.102292
206.3345 3.116059
200.28009 3.1302688
196.27135 3.1351328
191.26743 3.140192
187.26868 -3.1376832
183.2687 -3.1375978
179.2756 -3.1319308
175.2758 -3.1317103
171.276 -3.1314795
165.28983 -3.1250627
159.37036 -3.1056175
154.46089 -3.091513
149.72758 -3.063156
145.01749 -3.0398285
140.26877 -3.0220218
136.42453 -3.0112464
129.62785 -2.996578
123.84924 -2.9815872
115.14898 -2.9605594
109.44655 -2.9417005
102.595345 -2.928152
98.68975 -2.9195666
93.81895 -2.9078305
88.96247 -2.8948114
85.08927 -2.8833275
80.26526 -2.8674169
71.642876 -2.8333972
66.28694 -2.791553
58.836067 -2.744907
55.16833 -2.7168899
50.65444 -2.6762059
46.240673 -2.6276615
42.27999 -2.6017456
38.35356 -2.570499
31.692207 -2.5477977
27.853075 -2.4971814
24.107916 -2.4306207
20.508278 -2.3401654
16.566618 -2.1644492
12.860265 -1.9927844
10.735443 -1.5956924
11.729337 -1.1554602
14.488139 -0.73654157
17.126122 -0.53503513
21.578499 -0.4166152
25.91322 -0.30300015
29.75495 -0.26287708
33.633602 -0.23196736
38.516834 -0.20211978
42.443005 -0.18319951
47.368095 -0.16396844
51.478756 -0.17044978
56.576096 -0.17287803
60.520382 -0.1615085
64.471535 -0.1515314
70.40861 -0.13866737
74.37226 -0.13123317
79.33197 -0.12298565
84.29643 -0.11570913
88.386734 -0.121722616
92.35841 -0.11646385
96.33244 -0.11163884
101.30285 -0.1061401
105.28119 -0.10211502
109.261116 -0.09838312
113.34163 -0.103696845
117.32087 -0.10016768
122.29683 -0.09607924
126.27896 -0.09304052
130.17593 -0.08253685
134.08644 -0.07264479
138.07619 -0.07054216
146.93637 -0.05264653
152.88109 -0.044049233
159.8356 -0.03587027
163.80115 -0.028893417
167.75504 -0.016287066
171.733 0.0015598831
176.74733 0.012831568
181.7829 0.023480073
185.83852 0.033733975
190.8712 0.038086627
194.90823 0.042432096
198.90471 0.041579038
202.9013 0.040759586
206.94043 0.044800255
212.93457 0.043538313
216.97588 0.047340374
222.0189 0.05077372
226.0659 0.054293517
231.17352 0.061758623
235.2288 0.06495218
239.35648 0.07220568
243.66273 0.08739531
249.12152 0.105638415
253.42851 0.11574601
259.871 0.12836918
265.50507 0.14463615
270.8946 0.15293473
276.30203 0.16090901
281.72638 0.1685767
286.18216 0.17656596
291.82306 0.18705045
297.4948 0.19713624
302.2171 0.20752326
308.1642 0.2200576
311.98193 0.23047084
316.07245 0.24370392
321.43875 0.25881627
326.87604 0.2734291
330.8587 0.28262135
335.5413 0.28788298
342.4367 0.29410857
347.73328 0.3045356
352.11575 0.3155276
355.27255 0.32448393
359.72998 0.3349993
362.9473 0.34359598
366.19095 0.35204098
370.17017 0.36539304
372.54874 0.3744621
375.71033 0.38835213
378.1651 0.39714065
380.52603 0.41168162
382.55423 0.42365995
384.63675 0.43551025
385.87128 0.44835204
387.169 0.46110985
388.98663 0.476068
389.06787 0.48756185
389.20047 0.4990494
388.51224 0.5117853
388.7531 0.52327603
389.04523 0.534751
389.57925 0.55192745
390.2279 0.5690518
390.1579 0.58753204
389.91016 0.6003358
388.909 0.6146334
387.55725 0.63621086
386.5695 0.6543005
386.33258 0.6745017
385.74753 0.68907684
384.59836 0.7017106
380.79333 0.7101868
377.01624 0.7188334
374.0152 0.72587603
368.9525 0.7308174
363.8991 0.7358961
358.85538 0.7411177
353.8217 0.74648803
347.34055 0.75594664
343.74997 0.7618122
338.73547 0.7719023
335.8807 0.78020895
332.34088 0.78653663
328.13055 0.79948145
323.94104 0.80839646
320.50815 0.8196785
316.3789 0.82907295
309.61896 0.84832424
302.8648 0.8637737
295.69052 0.8872917
291.15384 0.9011016
285.88232 0.9132138
282.65756 0.922252
278.65457 0.92935693
273.8611 0.93450516
269.07513 0.9398367
264.29712 0.9453611
260.34213 0.95331967
255.58473 0.9592842
248.87872 0.9697966
244.14781 0.97636104
237.76587 0.97852135
230.83025 0.98440063
225.83858 0.98566425
220.84729 0.98698497
213.38007 0.9975305
207.85342 1.0032607
202.33398 1.0093037
193.54732 1.0234119
187.54225 1.0350769
180.6989 1.0447462
174.74445 1.0579973
167.46686 1.0745695
162.93765 1.087392
156.20073 1.1008565
150.39348 1.1184555
145.05928 1.1312053
137.516 1.1455402
133.04727 1.1468304
126.45778 1.1666045
122.15196 1.1870548
116.96622 1.2059631
109.60636 1.2290492
104.842804 1.243223
99.79984 1.268279
95.38833 1.2758007
91.270615 1.2735422
85.905266 1.2787551
79.87512 1.2691175
75.464966 1.2786741
68.18562 1.2771984
63.416092 1.254379
56.80537 1.2160256
53.07266 1.1898415
47.148987 1.1622121
43.507286 1.1256758
39.934208 1.0825348
34.585125 1.0657881
30.618986 1.0311594
26.700443 0.9862985
20.876736 0.9739909
16.454905 0.9379001
9.907198 0.8235988
5.7513776 0.60430634
2.8286817 -1.3087512
6.8503447 -1.7568531
11.218423 -1.8663152
16.59045 -1.893872
21.96891 -1.9079425
27.981295 -1.870728
33.351807 -1.8837243
39.054672 -1.9174035
45.163326 -1.9631109
50.021862 -1.987958
54.489563 -1.9917718
61.19233 -1.9964484
65.62035 -2.0330966
71.481186 -2.0707533
75.19725 -2.1046925
80.68842 -2.1221402
86.74186 -2.1470878
91.731186 -2.1507485
96.72161 -2.1540315
103.385 -2.1462903
110.59558 -2.147106
115.04047 -2.1427355
121.41156 -2.1481476
125.31623 -2.137412
129.23448 -2.1273263
134.53973 -2.120317
142.59848 -2.1186
150.14053 -2.1113753
154.59982 -2.109152
160.78233 -2.1006982
164.74329 -2.0936632
168.22072 -2.081789
172.20221 -2.0754945
176.67067 -2.0744557
180.65967 -2.0686176
185.12926 -2.0677922
190.89046 -2.0574105
194.43513 -2.04779
199.7844 -2.0340014
203.37076 -2.025213
209.20798 -2.0169191
213.24956 -2.0130563
220.50642 -1.9975284
224.15384 -1.9901425
230.56494 -1.9777806
235.16486 -1.9693642
242.55768 -1.9565636
247.19739 -1.9489528
254.64929 -1.9373536
260.61194 -1.9326844
270.6775 -1.9265149
277.93634 -1.924489
289.29626 -1.9210472
295.881 -1.9129292
304.37436 -1.9030087
308.15842 -1.8987753
311.63107 -1.8916026
315.11942 -1.8845885
318.02438 -1.8717332
321.9398 -1.8582294
326.18472 -1.8480037
329.4985 -1.8388432
334.7731 -1.8283354
339.36087 -1.8217331
344.9334 -1.8146055
348.57907 -1.8090514
354.4124 -1.8050559
359.27774 -1.8018254
362.9474 -1.7966199
367.38544 -1.7882668
371.8485 -1.7801137
375.356 -1.7726873
378.69165 -1.762808
381.8836 -1.7505269
384.14624 -1.7388855
385.4726 -1.7277867
389.1242 -1.7029307
390.36566 -1.6870189
392.6016 -1.6684222
393.1422 -1.6555164
393.6776 -1.6401147
393.3076 -1.6248955
394.02808 -1.6095525
394.89294 -1.5993326
394.79907 -1.5892048
395.73868 -1.5765254
397.76035 -1.5588975
397.82803 -1.5488434
400.04166 -1.5314583
400.21893 -1.5214714
400.4361 -1.5114942
400.69305 -1.5015289
401.07013 -1.4890919
399.42484 -1.478702
398.81772 -1.468484
395.62228 -1.4498492
392.1594 -1.4384929
389.73767 -1.4273037
386.5332 -1.4130207
382.42377 -1.3980538
378.21616 -1.3853626
374.66324 -1.3781475
370.55374 -1.3649688
365.31726 -1.3535731
362.07767 -1.3431011
356.93536 -1.3311185
353.78296 -1.3201969
348.0388 -1.3040745
344.72028 -1.2954193
340.07816 -1.2793026
336.8356 -1.2702025
333.92776 -1.2580744
329.49786 -1.2409204
326.71146 -1.228267
323.63165 -1.2182946
320.00708 -1.2041014
314.59286 -1.1872208
310.34308 -1.1782031
305.72946 -1.1719462
301.00604 -1.1580817
296.43265 -1.1513162
289.2268 -1.1477743
284.75842 -1.1484122
278.05603 -1.1494074
273.9979 -1.1467665
267.70715 -1.1443543
263.6528 -1.1415322
257.36566 -1.1388952
252.89583 -1.1394565
247.03247 -1.132979
243.41566 -1.1260121
238.91183 -1.1170073
235.3232 -1.1095558
229.9657 -1.0979435
226.41193 -1.0898975
221.10988 -1.0773448
217.5953 -1.0686373
211.48633 -1.0527054
208.0207 -1.0431827
205.08833 -1.0291498
201.67142 -1.0189241
198.27634 -1.008347
192.98253 -1.0032979
187.6939 -0.9979641
183.24904 -0.99530476
177.13412 -0.9863417
172.69542 -0.98322093
166.31754 -0.9865725
162.43521 -0.9781255
158.0013 -0.9744837
150.5316 -0.9648581
145.8663 -0.9509703
134.83325 -0.93807226
128.22566 -0.9292689
117.85294 -0.9056825
111.28851 -0.8936203
102.56488 -0.8751395
97.459236 -0.85801166
90.231125 -0.8324304
85.93524 -0.8183125
81.6583 -0.80271244
75.28542 -0.77599996
71.07114 -0.75553983
65.47815 -0.7313697
60.697075 -0.69205743
55.230576 -0.6570098
48.226204 -0.6382357
42.42695 -0.651658
38.042805 -0.6736314
31.512989 -0.71801776
27.20804 -0.7593905
20.239202 -0.89038205
14.896455 -1.0249957
10.108582 -1.2970467
5.247262 -2.0175889
5.3178573 -3.0034711
5.3178573 -3.0034711
