Mouse
14
271.38065 2.825446
269.81448 2.8078978
266.80383 2.784051
263.94833 2.7596738
260.85895 2.7382991
257.8916 2.7164226
255.0505 2.6940477
250.99567 2.672926
248.88402 2.6459248
246.95685 2.6184819
245.55087 2.5962305
245.11147 2.5759284
243.94093 2.5532947
244.5372 2.5351474
243.5939 2.5122938
244.78949 2.4852617
247.0906 2.4667597
247.93935 2.4434521
250.42723 2.4255898
251.58113 2.4083757
253.54132 2.3940132
256.9374 2.374241
259.01923 2.3604453
261.14954 2.346872
262.6373 2.3307683
262.1033 2.31182
261.7572 2.2874093
261.4395 2.2683344
258.88834 2.2564924
257.1565 2.2419903
255.47949 2.227295
253.85835 2.2124085
252.2942 2.1973343
251.60767 2.1797945
250.16936 2.1643925
249.08612 2.1432602
248.6402 2.1253793
249.85098 2.0944214
250.49811 2.074603
253.06238 2.0600505
255.22339 2.0423086
258.39728 2.014519
260.75958 1.997542
262.79858 1.9773849
264.01685 1.9589747
266.83203 1.9345355
270.13815 1.9141107
272.289 1.8918726
273.9144 1.8745586
273.42007 1.8560138
275.91522 1.8345437
276.354 1.8116945
277.37625 1.7959692
278.26025 1.7768481
278.45117 1.7620515
278.703 1.7472783
280.9896 1.7313889
282.3565 1.7162715
284.77884 1.7008462
288.1487 1.6818392
289.62885 1.6639159
290.2812 1.649875
291.92523 1.6322588
294.6157 1.6113048
295.43356 1.5908737
296.3755 1.5739381
297.38986 1.5604769
298.45773 1.5471095
298.618 1.5303696
299.80496 1.5171729
300.04593 1.5038605
300.68698 1.4773111
302.18884 1.4611456
303.3057 1.4316466
304.03952 1.4153596
304.8536 1.3991553
305.56223 1.3862567
306.7199 1.3670257
308.21268 1.3447822
309.13364 1.3321716
310.1035 1.3196379
312.3485 1.3049275
313.69937 1.289548
316.373 1.2722046
319.452 1.2521813
321.67355 1.2413458
322.9898 1.2296273
324.3501 1.2180054
326.47174 1.2007581
329.06802 1.1809244
330.35947 1.1562222
330.1703 1.1426932
330.90143 1.1236869
330.8577 1.1101716
332.7197 1.085959
333.32358 1.0698901
334.88287 1.0553592
334.788 1.0379469
336.17007 1.0195501
337.4361 1.0078994
338.1667 0.9881588
339.55487 0.97670156
339.91757 0.9595714
340.60388 0.94658375
341.3474 0.9336505
341.35226 0.9190026
341.26538 0.9002436
341.29865 0.8814816
341.34564 0.8585991
340.9786 0.84205276
341.3841 0.82332265
341.21643 0.8067553
339.73807 0.7943588
339.73447 0.7777079
340.5155 0.7631877
340.74588 0.7424396
339.62396 0.72561914
338.49332 0.71285766
336.90152 0.6935601
335.91058 0.6805966
334.9764 0.6675586
332.88583 0.6496832
330.90295 0.6315877
329.6063 0.61576116
328.1348 0.6040495
325.32095 0.5913995
323.94424 0.5794275
321.54395 0.56210953
319.7607 0.54721147
318.5578 0.53485477
316.03848 0.521243
314.45303 0.50586975
314.29605 0.4916529
317.82785 0.48571151
318.6518 0.4702147
317.75638 0.45756644
316.48303 0.4419965
316.19778 0.42499688
314.56964 0.41341203
312.5945 0.39876384
311.6147 0.38273057
311.64923 0.3654502
310.76605 0.33910435
311.0355 0.32180467
311.09943 0.3014736
311.85275 0.28732073
312.66824 0.2732389
313.54538 0.25923312
315.45386 0.2445383
316.45602 0.23074381
318.49463 0.21636288
318.63928 0.20342809
318.83716 0.19050719
318.91302 0.17451814
319.2298 0.16163404
318.61053 0.14924285
318.04037 0.13680531
317.5196 0.12432505
316.0547 0.112158746
312.45267 0.09415015
309.03156 0.07895428
305.62167 0.060156435
304.40842 0.047237102
301.24753 0.034443684
299.13675 0.02130967
296.0691 0.0012632982
294.0912 -0.012329741
293.2269 -0.03283364
292.3865 -0.0466195
291.72977 -0.06732536
292.10873 -0.08440433
291.47794 -0.098368324
292.01138 -0.115408994
291.63806 -0.13283521
292.19476 -0.14640453
292.80502 -0.15991977
293.46854 -0.17337634
293.39038 -0.19075184
292.42245 -0.20883797
291.32736 -0.22369374
289.32547 -0.23947538
285.46198 -0.25724337
282.38403 -0.2711219
278.6863 -0.28975663
276.994 -0.3066907
274.11652 -0.3215303
274.18808 -0.34459883
271.24652 -0.36817792
268.459 -0.39226028
266.3432 -0.41188022
263.42365 -0.4333953
260.1905 -0.45193052
257.9405 -0.46916646
254.885 -0.48853543
254.16129 -0.5079735
253.17714 -0.53291625
253.41641 -0.56473285
253.9067 -0.58225715
257.09476 -0.6211708
262.00275 -0.66629493
265.43207 -0.68939495
273.87875 -0.73249006
280.1194 -0.7630515
282.89868 -0.7732706
282.17487 -0.79078126
279.37616 -0.8009598
277.3331 -0.813826
275.33658 -0.82688093
272.64377 -0.8376765
270.0765 -0.85391206
268.22733 -0.86760414
263.7548 -0.88784957
260.62827 -0.9027318
257.7516 -0.92341053
255.35909 -0.93590564
251.8469 -0.9550884
250.38261 -0.97043747
249.26358 -0.9915233
249.95525 -1.0170265
258.19366 -1.0796127
266.36118 -1.1369338
292.40057 -1.2600943
319.5815 -1.3470993
331.0295 -1.3697127
342.68552 -1.3838353
337.40247 -1.3869052
333.1065 -1.3906122
326.49933 -1.399372
319.9182 -1.4084927
315.65042 -1.4126978
307.07047 -1.4215236
300.5194 -1.4317774
294.16934 -1.4390509
293.55438 -1.4559367
295.1127 -1.4701787
299.4774 -1.4951142
301.08047 -1.515489
302.77374 -1.5389405
302.67273 -1.5521498
303.62033 -1.5719706
303.66736 -1.5884367
303.83243 -1.6081827
305.05893 -1.6244397
306.29733 -1.6373054
307.66678 -1.6533055
308.02225 -1.6662477
309.5327 -1.6820203
311.37875 -1.7040074
312.92465 -1.7162527
314.67545 -1.7315142
316.67517 -1.7497126
319.56564 -1.7639958
321.74948 -1.7817011
322.61057 -1.7938255
323.9905 -1.8118868
326.69876 -1.8319641
328.98767 -1.8458625
330.95752 -1.8662195
332.14413 -1.877741
333.68893 -1.8920252
334.35703 -1.9071592
334.75848 -1.9194248
336.14594 -1.9306087
337.1903 -1.9549057
338.56366 -1.972444
340.54944 -1.9859582
343.0134 -2.001965
344.70428 -2.0125072
346.4331 -2.0229454
347.30466 -2.0345635
347.33395 -2.0474396
347.01114 -2.0642095
343.79547 -2.0892265
340.79895 -2.1146994
339.4905 -2.1308792
338.27164 -2.14718
337.14328 -2.1635945
336.10635 -2.1801145
333.99393 -2.1918795
334.51428 -2.2092547
335.92838 -2.2247558
337.42255 -2.240123
338.36423 -2.2530618
339.3622 -2.2659264
339.5531 -2.2847812
339.12192 -2.3055806
338.20093 -2.3200922
337.3515 -2.3346798
335.17276 -2.34509
333.7435 -2.3619921
330.99652 -2.3791327
329.7615 -2.3963819
328.89664 -2.4266338
329.3431 -2.4437683
332.06995 -2.4623017
333.33255 -2.4768434
332.65976 -2.4942372
332.08804 -2.5116963
329.40665 -2.5282042
328.20566 -2.54417
325.97238 -2.5543156
322.68646 -2.5697947
318.9528 -2.5882516
315.18 -2.6142159
314.056 -2.6268246
311.62473 -2.6407907
309.67444 -2.659338
308.73126 -2.6723192
308.30054 -2.6897187
307.9634 -2.7071614
308.6347 -2.7259493
310.7238 -2.742925
310.67267 -2.760257
311.29602 -2.781735
310.85037 -2.7949119
309.80997 -2.8142242
309.19046 -2.8305774
307.69714 -2.846048
306.556 -2.858531
306.4267 -2.871977
304.1532 -2.9005022
302.34293 -2.9262
301.5133 -2.93916
299.02283 -2.9646978
295.74194 -2.9901392
294.17447 -3.0030684
291.18942 -3.0293334
288.5869 -3.0492184
286.1006 -3.069457
282.68484 -3.0933926
281.48856 -3.1109645
278.36124 -3.1357725
277.3911 3.1258025
274.6826 3.092863
273.04517 3.0705562
271.06436 3.0292804
269.95697 3.0026803
270.6946 2.9843862
270.285 2.9503336
271.39966 2.9129164
271.61713 2.8934078
273.0608 2.859583
274.44208 2.8305664
274.74503 2.8155913
277.0662 2.791655
279.18015 2.7714648
280.65186 2.758177
280.65186 2.758177
