Finger
10
286.98184 2.323833
287.71234 2.278064
288.23877 2.2574983
288.7786 2.2207074
288.33765 2.20126
287.25113 2.1827211
287.31772 2.1646104
286.29575 2.1336236
287.96985 2.1047096
292.43716 2.0760558
296.6965 2.052895
299.34445 2.0258462
301.18082 1.998084
301.31467 1.972462
302.47394 1.9513866
301.51874 1.9294852
299.1323 1.907563
296.57605 1.89283
294.07535 1.8777366
289.11365 1.854315
283.35583 1.8344936
277.77 1.8140947
269.75296 1.7976558
261.2889 1.7748629
257.53085 1.7619425
249.43985 1.7398688
242.48409 1.7185398
237.47112 1.6962055
232.76242 1.6696981
230.39938 1.6532221
226.93251 1.6235771
225.44087 1.5951649
228.12369 1.5707794
230.45464 1.5436984
233.52213 1.5109967
238.06235 1.4815282
243.74782 1.4640594
248.04007 1.4456954
253.14934 1.4353044
260.7813 1.419958
267.8156 1.3983927
274.42624 1.3730617
280.7516 1.3521762
285.82645 1.3372419
288.9762 1.3255738
294.0871 1.3089199
298.7765 1.2897844
302.49573 1.2717056
305.7376 1.2519025
308.94125 1.2314434
310.38657 1.2184899
311.83694 1.2060488
312.11673 1.1862631
312.8656 1.1639346
312.30704 1.1386485
311.85123 1.1193421
309.2948 1.0946568
304.71252 1.0672123
299.72992 1.0426692
295.27536 1.0220401
291.47696 0.9978256
288.4185 0.97013205
285.587 0.94187504
283.54935 0.9145766
283.17633 0.88782805
285.15573 0.8614944
287.03836 0.8486046
289.70334 0.8382235
294.4046 0.8156774
299.94363 0.79625607
304.87225 0.7798714
311.15182 0.7601035
314.7812 0.7491991
318.44986 0.7385366
321.60184 0.72964954
327.55927 0.71350074
330.61295 0.70553285
337.246 0.6918359
341.23618 0.6830748
344.35413 0.6757284
347.01797 0.6667752
352.38388 0.6540149
357.35107 0.6399123
363.9633 0.6239002
367.4629 0.61371124
370.3341 0.6050642
373.076 0.5967142
376.50955 0.5853943
378.51816 0.573905
380.96475 0.554671
381.74725 0.5327342
379.4905 0.5119284
377.8723 0.4932423
374.8395 0.47650495
371.24637 0.45739967
367.77368 0.4378257
363.16452 0.42180336
357.70154 0.40802154
352.8907 0.39775357
347.26315 0.3867125
339.09143 0.37426063
330.6236 0.35836938
321.0749 0.34296954
313.7521 0.32436958
310.37384 0.31196284
306.95615 0.2984189
303.8308 0.287023
298.75372 0.2641308
294.09387 0.24382302
291.26465 0.2215615
288.8304 0.19872381
287.5279 0.1748063
286.5466 0.15421326
286.67615 0.13298778
287.9334 0.11159638
289.29053 0.08922224
290.81097 0.068077765
293.2178 0.04791532
297.7236 0.025342083
299.8939 0.010140276
303.87863 -0.009662621
307.97263 -0.026603157
311.94485 -0.046302672
313.74365 -0.06363498
315.25867 -0.08548843
316.84778 -0.10489821
317.50006 -0.122876786
316.56244 -0.14234966
315.11383 -0.15705498
312.10004 -0.17441164
308.3632 -0.19300126
304.1779 -0.21151061
299.25046 -0.22973137
294.12094 -0.24434203
288.34036 -0.26006904
281.23553 -0.27508005
274.12296 -0.29001015
266.98447 -0.30487645
259.45764 -0.31501198
252.9006 -0.32764253
246.87497 -0.34024063
241.33827 -0.35278237
236.34235 -0.36847857
231.2252 -0.382872
226.45331 -0.4009392
221.3716 -0.4242799
217.19658 -0.45842662
215.63174 -0.49719945
216.09239 -0.529271
219.89597 -0.5603494
223.82526 -0.5877344
229.26779 -0.60736203
235.98767 -0.6330313
239.75888 -0.64728826
243.13126 -0.65873843
250.87573 -0.6804183
255.59166 -0.69070774
263.67157 -0.7097474
267.65814 -0.7214043
271.74182 -0.732807
275.87708 -0.74389446
284.2083 -0.7600396
288.17517 -0.769521
291.7962 -0.78097856
294.8711 -0.7914439
297.75046 -0.8009536
302.84576 -0.82164997
304.61398 -0.8347861
307.6538 -0.85560423
309.22876 -0.8821876
308.71274 -0.90167886
308.72113 -0.9220976
307.90247 -0.94334537
306.6813 -0.9644268
304.06732 -0.9902587
301.98724 -1.0132296
299.56763 -1.0393399
296.47662 -1.0642555
294.54755 -1.0761882
291.72342 -1.1019735
288.21155 -1.1266345
286.4682 -1.1544495
285.55902 -1.1796623
285.19232 -1.2017856
286.15863 -1.2226379
288.9072 -1.2480625
292.42667 -1.2664317
295.08817 -1.283427
299.74384 -1.3018045
305.25214 -1.3203579
310.59442 -1.3347248
315.50262 -1.3481731
320.2252 -1.3610241
324.85748 -1.3758932
330.02765 -1.395136
334.13113 -1.4124936
338.47083 -1.4264879
342.7284 -1.4429461
347.09366 -1.4590578
351.4571 -1.4776106
355.92212 -1.4956484
359.4682 -1.5159158
361.4284 -1.5328234
363.02255 -1.5467231
366.93726 -1.5606024
368.16928 -1.5769296
368.27206 -1.5952069
367.46893 -1.6115888
365.71005 -1.6254169
363.04382 -1.6403067
357.02625 -1.6583459
352.2894 -1.6737546
346.97385 -1.6920041
340.07816 -1.7122519
332.2088 -1.7315999
328.38907 -1.7395946
324.78394 -1.7477509
321.20282 -1.756085
314.5037 -1.7786213
307.80853 -1.8007789
301.50388 -1.8261343
295.8738 -1.8582802
293.0118 -1.8870975
290.8113 -1.9177196
289.90466 -1.9483469
290.485 -1.9800353
290.3814 -1.9961617
292.64066 -2.0228589
293.51865 -2.0366175
297.1869 -2.0606008
301.03308 -2.084052
305.6847 -2.1056354
309.5284 -2.1247165
312.6924 -2.1408658
314.53168 -2.160056
315.2589 -2.1747367
314.05893 -2.1968699
311.6194 -2.2225327
309.82397 -2.2516103
305.6602 -2.2797947
303.03906 -2.2959301
300.09137 -2.3137536
297.6327 -2.3305442
294.89142 -2.3488882
292.6029 -2.3663194
289.3407 -2.3828828
285.92847 -2.3968747
282.80267 -2.4142404
279.35245 -2.4282255
273.41324 -2.447971
266.2225 -2.4644475
261.71518 -2.473779
257.55045 -2.4818764
252.93326 -2.4926279
248.8969 -2.5006456
245.1006 -2.5130079
241.79979 -2.5248585
236.4255 -2.5500672
233.5478 -2.582627
232.37494 -2.615898
233.29886 -2.6439672
236.64163 -2.669548
241.56381 -2.693696
244.995 -2.7093897
249.33035 -2.7217011
253.13805 -2.7371082
257.0719 -2.747774
260.95697 -2.755069
264.98615 -2.7653077
268.65543 -2.7736683
275.45206 -2.7909474
279.1819 -2.8033245
282.89517 -2.8117032
286.07443 -2.8229392
291.2392 -2.8467798
296.05328 -2.8752742
297.94763 -2.8909743
304.03983 -2.9195719
306.39423 -2.934748
309.1236 -2.9522243
310.44907 -2.969439
311.60623 -2.9863453
311.97626 -3.0060205
312.3407 -3.0220706
311.75433 -3.038913
311.3025 -3.0541227
309.89075 -3.0707576
308.53867 -3.0891726
306.56284 -3.1058912
304.42648 -3.1244059
301.3772 -3.138427
299.45074 3.128405
296.5247 3.1111436
294.716 3.0949206
291.94092 3.079754
290.312 3.0622451
288.76468 3.0444682
287.39206 3.0239236
287.06863 3.0053432
287.64255 2.985485
288.499 2.9676352
289.56226 2.947852
291.53204 2.9318595
293.42703 2.9183004
296.26663 2.9031298
300.1365 2.8891134
303.60205 2.8750196
308.4595 2.8634431
313.48083 2.8538842
318.4667 2.845393
327.7924 2.8284926
331.25134 2.816019
334.68097 2.804516
338.24353 2.7925262
342.77524 2.781864
347.19598 2.770469
351.44128 2.7575247
355.56183 2.74403
359.7332 2.730885
364.03345 2.717841
367.66226 2.7044148
370.81885 2.6927075
373.00037 2.6807146
375.13763 2.6693702
376.43576 2.6586902
377.9059 2.6455011
378.56592 2.6313334
378.8023 2.619502
378.57623 2.5946572
375.6356 2.5733805
372.74963 2.562053
369.70145 2.5501654
366.6889 2.5380187
363.76852 2.5258117
360.8576 2.5166233
357.5789 2.5056324
353.593 2.493745
348.8217 2.483352
343.2986 2.4708505
338.6859 2.459997
333.38593 2.4509254
328.2912 2.4409854
321.79376 2.4279146
316.4087 2.41733
310.55212 2.4048476
305.46048 2.3940902
300.40012 2.3829608
294.68256 2.3691254
289.56992 2.3530998
284.61145 2.3354113
280.51324 2.320058
277.50397 2.3043911
274.89783 2.2832508
274.89783 2.2832508
