Mouse
11
139.38838 2.7238524
141.96239 2.7009547
143.714 2.6757774
148.26299 2.645675
151.94708 2.6287837
155.67247 2.6126964
158.58157 2.5941
163.2358 2.582744
167.06863 2.568791
171.76651 2.5586865
175.65233 2.5459418
178.74545 2.5305557
183.50407 2.5220814
186.65996 2.5077446
191.45169 2.5001903
196.06593 2.4858596
200.7186 2.4721906
204.63199 2.4560614
208.59662 2.440541
213.2673 2.4220657
218.08037 2.4108653
222.9196 2.40015
228.5149 2.3928795
236.26398 2.3886812
241.1897 2.3850844
245.36661 2.3730621
251.00334 2.3670485
254.5248 2.3585637
258.0763 2.3448312
260.95166 2.334116
264.54105 2.326394
267.46655 2.3161387
269.7498 2.3033571
272.82895 2.2883751
274.5586 2.2733066
277.7573 2.258927
279.7681 2.2392924
282.49084 2.2227654
285.28925 2.2065582
287.34778 2.1926916
290.28198 2.1770563
292.72977 2.158901
296.35687 2.146733
299.49338 2.1320395
299.94562 2.1154256
299.1129 2.0976627
297.9923 2.084372
295.56793 2.0696373
293.20877 2.0546622
291.36945 2.0425096
288.69244 2.023995
286.96362 2.0114627
284.45615 1.9923836
283.36615 1.9748386
281.06146 1.9552087
279.586 1.9419456
278.16025 1.928544
275.84378 1.9162303
274.51517 1.9025195
273.23865 1.8886778
272.01498 1.8747091
269.31995 1.8545614
268.22754 1.8402447
263.29694 1.8139871
259.96588 1.7934374
257.72723 1.7715867
255.26614 1.7416532
253.47522 1.7228843
251.77481 1.7038552
251.16039 1.6841222
250.73955 1.6682711
250.30241 1.6483887
250.02417 1.6324378
249.63142 1.5964453
248.54964 1.5724142
248.63687 1.5442569
248.77516 1.5281831
249.17152 1.5001118
249.48593 1.4841182
249.96841 1.4641894
250.42563 1.4483067
251.52844 1.4167342
253.15892 1.4017266
254.23732 1.378461
255.03215 1.3630652
255.88704 1.3477688
256.80142 1.3325778
258.28305 1.3100016
260.5786 1.292451
262.66348 1.2788541
265.40417 1.2582867
267.6084 1.245212
270.52826 1.2253793
274.13266 1.210687
277.4305 1.1997339
280.2084 1.1843979
283.58377 1.1739902
287.7866 1.1574465
291.99792 1.1337298
295.94925 1.1212834
299.4983 1.1046902
301.31714 1.092831
304.06067 1.0826626
305.957 1.0711155
309.86972 1.0484527
311.5351 1.0329413
312.42426 1.0159167
310.10144 1.0036389
307.2795 0.99390036
302.26828 0.98307353
298.9477 0.97565454
296.21194 0.9652882
292.93195 0.95751595
288.85745 0.9475532
284.81247 0.9373064
280.79825 0.92676556
276.8161 0.91592014
274.27167 0.90414554
271.766 0.89215213
269.04785 0.8694713
265.90308 0.85446477
262.74753 0.8337279
260.48044 0.8205637
257.56876 0.8099751
253.25693 0.79363877
249.717 0.7795973
246.9214 0.768076
244.15935 0.75629246
237.87099 0.74659956
234.43126 0.73697245
228.19035 0.7263369
224.79825 0.7159882
219.37471 0.7013372
216.04323 0.6901787
210.7076 0.6742629
208.23375 0.6592567
202.41101 0.6379713
197.84673 0.6236901
193.89828 0.61296856
189.97304 0.60180265
184.13196 0.58416486
180.27144 0.5717739
173.1598 0.55027705
169.37984 0.53632176
164.26945 0.51948863
157.85144 0.4990712
155.08864 0.4795102
150.61044 0.45028734
148.91309 0.42610118
146.91704 0.39510646
145.06593 0.3632895
142.72853 0.31743026
140.43733 0.2632848
139.21979 0.22860102
137.80225 0.17910492
136.99988 0.14318463
142.56172 0.11634759
146.53542 0.11317878
155.3779 0.100241974
161.34889 0.09652056
168.31767 0.09251268
173.2969 0.08984729
179.18954 0.0812846
184.17348 0.07908029
190.15532 0.076587655
195.14105 0.074627206
199.05956 0.06811931
204.92361 0.056389008
211.77054 0.040381633
217.69644 0.030089168
223.64417 0.020343164
232.59834 -0.0019376058
237.61053 -0.01031405
246.74266 -0.034255676
251.85834 -0.045480456
258.06085 -0.059908077
262.32 -0.0742168
267.62732 -0.08773693
270.99182 -0.10147113
277.5018 -0.11720681
280.97232 -0.1300972
288.59024 -0.14413013
295.1188 -0.1546235
299.5423 -0.16246279
303.98367 -0.17007346
309.42648 -0.17689402
319.18338 -0.18735284
325.83557 -0.19598445
333.694 -0.20659663
338.23096 -0.21285182
344.95065 -0.22051166
348.9972 -0.2326116
351.39813 -0.24857105
353.37015 -0.2588467
354.4151 -0.26975712
355.7802 -0.28330293
356.919 -0.29406342
358.09885 -0.30475423
357.7316 -0.31976527
355.88834 -0.33930418
355.7072 -0.35443124
352.6156 -0.37895685
349.111 -0.3922393
348.82043 -0.40502772
347.6733 -0.41900247
347.5024 -0.43185937
346.48657 -0.44596845
348.2306 -0.4563318
347.78943 -0.4730391
345.68195 -0.49250594
343.60577 -0.505704
341.59018 -0.51906013
338.0828 -0.5421745
335.07077 -0.56164134
329.96646 -0.5931772
325.0846 -0.61458707
321.37616 -0.63043755
314.9493 -0.6454119
311.76318 -0.65312976
304.3866 -0.65927714
296.2363 -0.66781455
290.29462 -0.6752046
286.5524 -0.6812058
279.10016 -0.6936898
272.34433 -0.7096488
269.3226 -0.7193261
263.35733 -0.7393421
257.50247 -0.7602771
254.6188 -0.77110326
248.9441 -0.7935014
244.08565 -0.8139452
241.35661 -0.8259941
237.33066 -0.84458244
234.15074 -0.8665795
231.58107 -0.8797436
226.56615 -0.9069558
221.13449 -0.9390173
218.79597 -0.9537709
213.43431 -0.98163414
208.24683 -1.0109093
201.52287 -1.0366426
197.66231 -1.0601953
192.53241 -1.0984495
190.74576 -1.1171247
187.37764 -1.1555098
185.79988 -1.1752098
185.22612 -1.1972194
187.90352 -1.2198546
192.8905 -1.2402862
196.05092 -1.2565575
201.17401 -1.2752321
206.78854 -1.3036007
210.86116 -1.3235852
221.12257 -1.3716246
237.03152 -1.4351045
245.93233 -1.4626082
264.27365 -1.5174804
282.65717 -1.5636344
290.3166 -1.5770178
303.23495 -1.5996956
311.828 -1.6188473
315.167 -1.6374067
312.63425 -1.6571959
310.22586 -1.6773003
307.2133 -1.7045808
304.95404 -1.7221433
302.79025 -1.7399623
299.37445 -1.75209
296.0037 -1.7644957
291.7008 -1.7778877
283.55038 -1.7947689
278.16382 -1.8065704
269.42102 -1.8143737
263.60208 -1.8198633
256.82388 -1.826582
251.0237 -1.8326293
244.269 -1.8400474
239.45284 -1.8456019
233.68364 -1.8525693
229.84407 -1.8574084
224.09526 -1.8649777
219.9157 -1.8802744
216.73735 -1.8946851
213.93971 -1.9139303
211.0102 -1.9442213
210.51183 -1.9759631
209.32085 -2.0098455
209.81908 -2.0674608
210.8196 -2.1140509
211.2293 -2.1354854
212.9373 -2.1823514
214.6528 -2.2173424
216.45834 -2.2579854
216.73428 -2.2810352
218.61519 -2.2978911
221.29419 -2.3113961
223.941 -2.3371997
228.14323 -2.356147
230.98885 -2.3683927
239.21907 -2.401441
253.71692 -2.452466
262.83633 -2.4743006
282.9283 -2.5110643
302.39883 -2.5359397
310.53558 -2.5490022
325.4717 -2.5664418
336.90256 -2.5732064
341.35052 -2.5745761
346.6437 -2.5774567
351.09357 -2.5787346
356.07758 -2.5776036
361.16257 -2.5864842
363.52783 -2.596959
368.37567 -2.6174996
371.23828 -2.6312366
373.63202 -2.653095
374.87048 -2.6698813
375.3758 -2.697295
373.7455 -2.7129407
372.10074 -2.7227182
368.53186 -2.74503
363.77966 -2.7696419
359.87888 -2.7812924
352.07523 -2.80586
344.50137 -2.8314977
335.19516 -2.8604565
328.4927 -2.876707
320.19052 -2.889069
315.81906 -2.8920367
309.51132 -2.8935106
303.20425 -2.8950458
293.50504 -2.9007785
287.93896 -2.9067552
283.5852 -2.9103322
275.1127 -2.9142816
265.64325 -2.9176462
260.11935 -2.9209993
248.85068 -2.9283073
236.22237 -2.9356024
230.47144 -2.9400036
222.0135 -2.9416575
214.7565 -2.9443114
208.29234 -2.9527888
201.66771 -2.9666877
181.62302 -2.9918613
176.23444 -2.9990518
166.22316 -3.0161343
158.34929 -3.0491989
147.7804 -3.1036239
141.68071 3.1317794
138.77861 3.1027417
134.1583 3.0565882
130.97145 3.0007124
127.6472 2.9253325
127.13692 2.8758428
127.58665 2.8359606
129.86461 2.7845335
130.39015 2.7531054
132.77905 2.7112727
134.49684 2.6842403
138.13193 2.6484568
143.17255 2.6276128
147.76517 2.6140215
147.76517 2.6140215
