Stilus
9
272.93732 2.834578
270.57684 2.8066685
268.55365 2.783382
266.37967 2.7515135
265.56644 2.7297804
265.36606 2.7128913
262.08755 2.6860511
261.9548 2.6687171
261.67117 2.6382189
261.71188 2.6163254
262.36194 2.5956147
263.0635 2.5712907
261.38644 2.5479348
261.00626 2.528293
259.30417 2.5048153
257.7315 2.480565
258.2093 2.4522502
259.15927 2.431063
258.92816 2.4087493
257.32977 2.3711894
256.46875 2.3459337
254.62807 2.3213525
255.57887 2.2915914
256.79947 2.2659166
258.15182 2.2416978
259.4661 2.2230346
259.2145 2.1959093
260.43518 2.1690824
260.3639 2.1408188
259.8917 2.1184907
260.15387 2.0875084
260.35822 2.065143
261.1344 2.0376477
262.10355 2.0103693
264.18 1.9818144
265.54553 1.9550998
266.58182 1.9340278
267.95087 1.9043684
268.06107 1.8799767
267.8065 1.8539417
269.31314 1.8321751
271.754 1.8077077
273.47327 1.7869766
277.99088 1.7586079
280.8437 1.7341431
283.0208 1.7087753
285.9607 1.6854075
288.6343 1.6699538
290.29318 1.6525344
291.81454 1.6288815
293.59134 1.6137259
295.8901 1.5927383
299.0862 1.5773858
302.1197 1.5541742
305.2685 1.5347443
306.74124 1.5178066
309.24152 1.493124
310.95868 1.4677244
313.62732 1.4429895
316.2344 1.423404
317.58182 1.4065017
319.6451 1.3877398
322.66898 1.3681403
325.3537 1.3478612
326.78827 1.3292595
328.04904 1.3141228
327.8379 1.2962786
328.38925 1.276855
328.7359 1.2556614
329.8039 1.2342925
330.38736 1.2116554
331.4646 1.1967531
331.54242 1.17814
330.43695 1.1570106
329.9442 1.1381841
330.96786 1.1245233
332.03488 1.1094214
333.95026 1.0980154
336.61032 1.0827909
337.85355 1.0697117
339.00674 1.0529755
340.80463 1.0322242
341.08365 1.0182271
341.5209 0.9956264
342.55084 0.97136337
340.7344 0.94709843
339.93024 0.9206047
339.81714 0.8971267
341.7602 0.87623936
342.68454 0.8516373
342.04874 0.8264854
340.54343 0.79808956
339.32135 0.76852167
340.123 0.7421655
341.45016 0.71113634
341.10843 0.6814601
340.07825 0.65392464
339.3101 0.6262906
338.5427 0.6026506
337.9629 0.57885706
337.57547 0.5621134
336.86264 0.5460222
336.65485 0.5291332
336.12424 0.51279765
335.3888 0.49024278
335.26852 0.46360487
334.97424 0.4483471
334.6508 0.43228126
334.4174 0.416299
334.267 0.40020373
333.55713 0.38722557
332.2997 0.37576964
331.52692 0.36138994
330.4946 0.34645644
329.06952 0.33189416
327.47348 0.3174495
325.95447 0.30294526
325.6689 0.2895742
324.54498 0.2777147
322.1944 0.25085524
320.99976 0.23589462
319.8633 0.22062847
318.809 0.20536296
317.82422 0.18991433
316.5372 0.16744855
315.33734 0.1431957
313.30316 0.11836095
311.78925 0.10375994
311.37753 0.09017571
308.76562 0.06493532
305.47623 0.04839486
303.4686 0.026454054
302.3702 -0.0031614695
302.18088 -0.019676961
301.32123 -0.036220912
300.4975 -0.049804363
299.2617 -0.07666657
298.59686 -0.09029271
296.4419 -0.118119515
294.64563 -0.14862904
293.33066 -0.1640449
291.4582 -0.18694422
286.93457 -0.2139136
284.8571 -0.244352
284.01108 -0.27420574
281.51596 -0.3063035
277.46146 -0.3308811
273.65616 -0.354023
272.26538 -0.3716756
269.75058 -0.40741953
269.18097 -0.4409397
266.89462 -0.4742271
264.45728 -0.49707273
261.8991 -0.5321138
258.76123 -0.57104295
257.2198 -0.6124118
255.70721 -0.65543437
253.4926 -0.6886241
251.41214 -0.72159034
250.08783 -0.76301926
249.3715 -0.8054656
249.76758 -0.84502965
250.7454 -0.88494027
250.92789 -0.92107946
252.46017 -0.95994806
253.60168 -0.9974769
255.78622 -1.0340092
258.86865 -1.0675775
259.78363 -1.1042128
259.91348 -1.1386904
262.049 -1.1674372
264.30597 -1.1965314
268.16867 -1.2299559
271.94116 -1.2610517
275.63486 -1.2890209
278.84866 -1.3146144
281.11923 -1.3450748
283.36508 -1.3757905
285.8586 -1.405821
288.7541 -1.4320033
290.85376 -1.4572891
293.04474 -1.4855474
294.70895 -1.5131927
297.14227 -1.5372243
300.03592 -1.5508947
303.21323 -1.5716205
305.2755 -1.5912671
307.52866 -1.6163265
309.8699 -1.6361479
312.3948 -1.6580329
313.0573 -1.6795783
313.89172 -1.7016838
314.54214 -1.7165525
315.17468 -1.7296411
315.84787 -1.7424355
316.55588 -1.754891
318.11462 -1.7795726
319.8664 -1.8040149
322.05756 -1.8311143
324.2123 -1.8549975
326.54208 -1.8784804
328.33328 -1.9023664
329.51163 -1.9236684
331.42053 -1.9472773
334.44827 -1.9695508
335.81244 -1.9938232
336.29672 -2.0093637
337.11243 -2.0214224
338.00034 -2.046479
338.4332 -2.061668
337.8323 -2.0769536
338.54666 -2.0926697
338.3649 -2.1093626
338.8545 -2.1230848
339.27966 -2.1362383
340.3032 -2.1623888
341.5569 -2.188343
342.23782 -2.2158084
342.93555 -2.2316809
343.2153 -2.246689
343.41113 -2.2612588
343.6799 -2.2758045
343.76608 -2.3026931
343.37656 -2.3315024
345.90567 -2.3564584
347.37405 -2.371839
348.37183 -2.3864727
349.32593 -2.4045815
348.607 -2.4208164
347.88507 -2.4353642
347.40225 -2.4641376
348.2563 -2.4887843
348.432 -2.5133307
346.70874 -2.5441346
345.7968 -2.559719
344.22037 -2.5775118
343.6752 -2.5909855
343.01132 -2.6170201
342.4027 -2.6318657
341.632 -2.6480684
340.07208 -2.664659
339.2454 -2.6808593
338.18277 -2.6957088
337.64258 -2.7112627
336.85153 -2.7255378
336.35522 -2.7419503
335.32 -2.7592778
334.76602 -2.7777119
333.61804 -2.7956698
333.14322 -2.8086395
332.26215 -2.8260374
330.99445 -2.8405087
330.22028 -2.858797
329.57556 -2.8738456
328.2906 -2.8918085
327.0382 -2.9072897
325.9132 -2.9222193
324.9333 -2.9361825
323.89917 -2.9521167
322.8658 -2.9696035
321.16296 -2.9877558
320.02777 -3.0063074
319.4024 -3.021545
317.8458 -3.0368805
316.5494 -3.055441
315.06796 -3.0743234
313.7324 -3.0931106
312.50024 -3.1121233
311.3845 -3.1312559
309.3717 3.1358104
307.4663 3.1188145
305.64777 3.099867
302.91525 3.08206
301.31366 3.0625737
298.7975 3.0443413
296.68768 3.0270407
294.12317 3.012042
291.6875 2.9970663
289.24472 2.978384
287.1006 2.9603019
284.2376 2.9433153
282.32797 2.9238222
279.5087 2.9041836
277.3942 2.8865578
275.81638 2.8663723
273.85458 2.8424342
272.83154 2.818104
271.739 2.7936614
271.05017 2.7689524
269.857 2.7501585
267.71033 2.7285187
267.71033 2.7285187
