Finger
7
335.21176 1.0413921
335.9014 1.0275311
337.34683 1.0092356
338.3459 0.9937108
339.56247 0.9776064
341.36984 0.963501
342.22568 0.95088834
342.95175 0.9379634
343.8323 0.9165671
344.2148 0.9005031
344.3639 0.88142204
343.0879 0.8623913
343.77448 0.84236515
344.93927 0.8179999
345.49802 0.80004686
345.46048 0.7830657
345.43262 0.7622177
344.48697 0.7415932
342.8389 0.7191265
341.38214 0.69968134
341.5361 0.67953354
343.34482 0.65668553
342.33093 0.6333937
341.0625 0.6080808
339.88885 0.58204097
339.4769 0.5583817
337.8861 0.5336012
337.8638 0.50973934
337.32498 0.49464515
336.4253 0.48180014
335.82632 0.46690813
335.73413 0.4528402
334.70035 0.43788812
333.5078 0.42294937
333.1164 0.40714794
332.09232 0.39214778
332.07376 0.37589955
332.14133 0.35969564
331.35602 0.34451357
329.93948 0.33025116
328.32907 0.31563076
326.812 0.30109113
324.4652 0.28789803
323.0303 0.2724964
321.71918 0.25751024
320.48788 0.24249324
319.32864 0.2273536
317.47607 0.21246937
314.67865 0.18834572
313.00732 0.17316349
309.6108 0.1456761
305.4494 0.11792423
301.6184 0.092716
297.99057 0.066914625
294.6174 0.043941528
291.3826 0.017007269
289.35626 -0.010519486
288.42273 -0.024447797
285.73233 -0.052709702
283.2912 -0.08133788
282.15244 -0.11299787
281.66214 -0.12825745
280.36935 -0.14683303
278.89386 -0.18010807
277.66327 -0.19574876
276.51373 -0.21134916
276.6319 -0.2297716
275.8769 -0.2490416
275.99207 -0.26762366
275.63766 -0.28676876
275.94702 -0.30548483
274.87228 -0.33725724
274.34424 -0.35346442
273.88657 -0.36980358
273.19852 -0.40221378
272.9595 -0.41871142
271.09164 -0.45425275
270.01788 -0.47282973
267.79144 -0.51109475
266.68228 -0.54787594
266.23398 -0.5668728
264.67297 -0.606617
263.89502 -0.6275122
262.36917 -0.6697073
261.26282 -0.68908596
259.75674 -0.7294187
259.25253 -0.7669541
259.26144 -0.80517054
258.23706 -0.84356475
257.87134 -0.8630103
258.20477 -0.9039899
258.1082 -0.9377255
258.70905 -0.9678016
258.99768 -1.0011289
259.06833 -1.0374231
259.47382 -1.0658408
261.05746 -1.0951648
262.94608 -1.1234227
265.7014 -1.1457548
267.3613 -1.1689938
268.86124 -1.1947652
270.10864 -1.2236342
270.97086 -1.2482092
272.22293 -1.2700485
273.69955 -1.2935042
273.59286 -1.3086172
275.50864 -1.3366625
279.0623 -1.3616599
280.82437 -1.3847388
282.99698 -1.4074925
284.86838 -1.4272965
286.37466 -1.4482768
287.77054 -1.4671545
289.20096 -1.4886109
290.7652 -1.5097327
292.4605 -1.5303793
294.29935 -1.5475979
297.9112 -1.567054
299.99768 -1.5905948
302.13428 -1.6110545
304.56512 -1.6332061
307.1487 -1.6587147
308.5316 -1.6713918
309.43097 -1.6906825
310.3408 -1.7129611
313.41647 -1.7348479
316.41882 -1.7525499
318.68304 -1.7727532
321.85666 -1.7892903
324.21527 -1.8071207
325.9248 -1.8279973
327.5129 -1.8458292
329.18414 -1.8632818
331.3237 -1.884015
333.24298 -1.9013351
333.82507 -1.9223
334.2866 -1.934578
334.6992 -1.9539199
336.3641 -1.973828
339.39978 -1.9957814
340.24533 -2.0203688
340.93198 -2.0326521
341.7111 -2.055119
342.786 -2.0792477
343.0171 -2.092402
343.64392 -2.1181917
343.52972 -2.1397867
343.64896 -2.166672
343.07346 -2.1898603
343.6633 -2.2168007
343.18964 -2.2473698
343.68835 -2.2633934
343.5682 -2.2799346
343.40314 -2.314517
343.90457 -2.3297157
344.51968 -2.3441658
344.68506 -2.3601348
344.03268 -2.3745363
343.0083 -2.4073625
342.59512 -2.422078
341.77838 -2.4380069
342.12454 -2.4555771
342.63266 -2.4865077
341.22543 -2.5126495
340.2583 -2.5420682
339.55496 -2.5556374
338.4976 -2.5711935
338.04718 -2.5844204
338.74414 -2.6037624
338.501 -2.6238246
336.48245 -2.6468167
335.23077 -2.6717026
334.3905 -2.69709
335.49506 -2.7183456
336.0389 -2.7385566
336.13364 -2.7612276
334.91388 -2.7853606
332.41574 -2.8081565
331.12775 -2.8195748
329.7281 -2.840402
328.8964 -2.861782
326.78162 -2.8852649
325.78558 -2.897202
324.612 -2.9121482
322.13055 -2.9357362
320.36804 -2.9601
319.03726 -2.9844472
318.42468 -2.9970937
317.7575 -3.01232
316.39615 -3.027269
314.9729 -3.0400999
312.0266 -3.0649707
310.6859 -3.0808196
308.6503 -3.0959527
307.50317 -3.109398
304.3489 -3.135365
303.34335 3.1346102
299.47968 3.11116
297.62546 3.0974808
294.0368 3.073169
290.64078 3.0484006
287.3903 3.0227053
284.3554 2.9966702
279.61838 2.9725795
274.7713 2.9437244
272.85785 2.927158
271.5727 2.910983
269.91602 2.8752267
269.06885 2.8587806
268.56857 2.8273594
268.67508 2.8116415
268.31686 2.795302
268.35205 2.763687
268.00433 2.746919
267.5402 2.7137487
265.59067 2.6853476
263.44397 2.6514606
262.7299 2.6325407
261.40036 2.6033666
260.30124 2.5737088
260.81097 2.5564756
261.21823 2.520752
259.36844 2.486988
258.0579 2.467957
256.3271 2.4321172
254.7479 2.3995028
253.78748 2.3631918
254.2805 2.3271904
253.50307 2.288749
253.18726 2.2688236
252.96703 2.2490451
253.29247 2.212043
254.19727 2.1765773
256.67624 2.142104
257.95862 2.12035
259.95093 2.0802102
261.66644 2.0420122
262.5702 2.0231726
263.23 1.992805
264.13437 1.9624512
265.2419 1.9442998
266.32733 1.9236673
267.7526 1.9048601
270.95615 1.869794
271.92606 1.8533065
273.92578 1.8247532
276.12268 1.7969772
277.0651 1.7782818
278.0476 1.7590868
278.27457 1.7436208
281.08328 1.7159392
284.11835 1.6895875
287.28363 1.661044
288.8442 1.6434181
290.54178 1.6256034
295.0165 1.597574
299.12082 1.5704327
300.14447 1.5539169
302.31573 1.5347273
303.64478 1.5118446
305.06216 1.4923543
305.7728 1.4730172
307.40518 1.454017
308.9225 1.4351646
310.02725 1.4158001
311.85645 1.3998312
313.67734 1.3821254
314.8481 1.3666351
315.8793 1.3514261
317.02524 1.3357635
317.4475 1.3200077
318.52652 1.3046283
319.9291 1.2889956
321.36758 1.273926
322.84436 1.2593212
324.11307 1.2473838
324.7827 1.2319084
325.4841 1.2168803
326.85147 1.1987468
328.15244 1.1806477
329.95453 1.1600269
330.42352 1.134792
330.47073 1.1090348
331.92636 1.0805342
333.4141 1.0522711
334.2524 1.0257565
335.00943 0.9956266
334.2562 0.9496532
333.08044 0.86428815
333.08044 0.86428815
