Stilus
10
7.946582 1.8904155
17.634697 1.873599
22.907267 1.8469357
28.009317 1.8327463
31.946444 1.8074745
38.469162 1.793308
45.725113 1.8420887
51.843212 1.8338962
56.87491 1.8101413
63.382317 1.8299611
69.75044 1.8388966
75.38001 1.8596622
81.9591 1.8835323
90.529366 1.8978949
95.244545 1.9046848
103.180305 1.9190589
107.62439 1.9238364
114.64297 1.938453
120.387505 1.9467628
128.583 1.9549775
136.33734 1.9635911
146.22516 1.9706674
151.28085 1.9779036
158.5581 1.999683
165.7048 2.0212886
174.0881 2.0411942
181.15567 2.0476959
188.30408 2.0519304
196.04935 2.0587006
204.1589 2.070826
210.55931 2.086679
216.15126 2.1039422
221.81827 2.1203692
228.4916 2.1345012
236.61801 2.1501825
241.53569 2.157747
246.03029 2.1651657
254.95145 2.1796625
263.6432 2.19368
271.58344 2.2089918
277.411 2.2294662
283.91998 2.24738
290.18347 2.2576945
296.60135 2.2693954
301.4189 2.28188
306.78577 2.2970643
314.66476 2.3120203
317.7401 2.321343
321.87265 2.3305132
327.47043 2.3407521
333.58176 2.354126
337.73697 2.3635633
341.32797 2.3725955
345.01083 2.3828747
348.65106 2.392727
351.7815 2.4009666
355.82477 2.4177911
361.31085 2.4383957
364.33423 2.4490902
366.98996 2.458643
370.2465 2.4692051
373.25317 2.47642
378.49332 2.493102
381.94916 2.5039601
384.7919 2.515845
388.45648 2.528232
391.4051 2.5373383
393.03003 2.5517483
394.36548 2.5661573
394.96317 2.5874164
394.76337 2.607743
394.232 2.625252
392.88797 2.6430655
390.8392 2.6582513
388.1946 2.6771069
386.4138 2.6863906
384.67026 2.69574
382.93216 2.711547
380.4709 2.725875
377.25577 2.738815
372.72165 2.7539637
368.46948 2.7697453
362.55743 2.7893004
359.99136 2.7990413
356.98868 2.807953
350.65555 2.8257515
346.38193 2.8360054
343.1891 2.8461342
338.92017 2.8571627
335.84952 2.8674862
329.19632 2.883823
320.9206 2.8994856
311.27545 2.9183166
300.78494 2.9376402
295.09714 2.9474816
286.1001 2.9633682
277.52783 2.9724503
269.986 2.9826748
261.34872 2.9966927
251.73311 3.0112102
246.44687 3.0205743
242.12201 3.0300643
233.54886 3.0526626
228.4715 3.0673168
223.33672 3.075511
218.2076 3.083163
213.96008 3.0876267
204.85817 3.0949945
199.13947 3.0936553
193.9427 3.0923698
188.08284 3.095065
181.99898 3.104523
176.75371 3.1147065
170.90082 3.1255279
165.90205 3.1310518
160.98639 3.1367602
154.94296 -3.1335995
148.96037 -3.1251576
142.9853 -3.11189
137.85104 -3.0962055
133.17276 -3.085665
128.25911 -3.0694284
122.398636 -3.0578787
116.62348 -3.0454261
110.67462 -3.0308714
103.81729 -3.0137105
98.87518 -3.0052466
94.07985 -2.9875107
89.14426 -2.9789057
84.24153 -2.9693456
78.319824 -2.9561763
72.27059 -2.9519017
67.16633 -2.9401398
62.063774 -2.9397817
55.986557 -2.9357896
48.091095 -2.937091
43.927616 -2.924943
38.953644 -2.9231029
34.738052 -2.919347
30.575338 -2.922792
26.615444 -2.8970108
21.183987 -2.9206975
16.739971 -3.0440698
11.904482 2.9414465
8.560773 2.4632542
5.4931364 -3.1405482
8.304975 -2.6376593
12.286423 -2.4279096
16.520056 -2.3235419
20.845446 -2.2623038
28.05682 -2.2816203
35.69189 -2.3173583
44.037685 -2.2964156
52.752556 -2.2523322
61.476814 -2.2209888
68.406136 -2.2034824
76.66376 -2.2013855
83.61458 -2.1886885
90.17557 -2.1611624
98.489006 -2.141272
107.35945 -2.1324003
112.663086 -2.1237845
117.9538 -2.1159585
127.49751 -2.1072252
132.17464 -2.103763
137.46744 -2.0978267
141.96887 -2.0958085
147.638 -2.0911853
155.3297 -2.0905082
164.91505 -2.085216
170.21913 -2.081025
174.5541 -2.0754294
179.79678 -2.0704134
187.9007 -2.0605464
195.42015 -2.0458832
199.92738 -2.0383456
204.56355 -2.0284595
209.78014 -2.025367
214.07187 -2.0207973
221.34175 -2.0163093
226.30598 -2.0107322
233.97292 -2.0000525
242.34824 -1.9887953
246.85672 -1.9806975
251.10258 -1.9764978
255.13448 -1.9708887
262.27075 -1.9594094
266.6245 -1.9527327
271.52417 -1.9454952
276.50467 -1.9345534
281.4433 -1.9278815
288.69962 -1.9158658
296.25232 -1.8996012
300.6745 -1.8910782
305.3667 -1.8825755
309.84668 -1.8744948
314.3158 -1.8667371
321.11496 -1.8505957
325.13733 -1.8406196
329.4144 -1.8307767
333.6643 -1.8187546
338.94537 -1.8079975
343.1898 -1.7938086
347.43115 -1.7821801
349.55957 -1.7691792
353.4592 -1.7554733
357.66986 -1.7419273
362.08875 -1.7314595
366.50153 -1.7205713
370.96512 -1.708462
375.3758 -1.6961367
379.8119 -1.6708469
382.32663 -1.6571033
388.48026 -1.6350313
393.23627 -1.6120088
395.07056 -1.601152
396.22092 -1.5909442
396.90805 -1.5789373
397.14368 -1.5663661
397.18518 -1.5556735
397.3857 -1.5356122
394.06042 -1.5124563
391.39377 -1.4992768
387.07623 -1.4777975
382.19873 -1.455593
375.1342 -1.434595
367.48706 -1.4124556
363.09302 -1.4022601
359.4752 -1.3913677
353.71384 -1.371123
348.71915 -1.3594604
343.27698 -1.3500825
338.1578 -1.3376417
332.77097 -1.327579
327.4718 -1.3172909
322.196 -1.3066397
316.9272 -1.2955692
310.78275 -1.2833123
304.64493 -1.2704642
298.29514 -1.2603793
291.7255 -1.252173
284.69388 -1.2413704
278.11447 -1.2294126
271.8696 -1.2173136
264.7178 -1.2062364
257.29355 -1.1952013
249.8883 -1.1834887
242.4723 -1.1709806
235.13292 -1.157753
227.59085 -1.1466346
219.2585 -1.1308345
210.97919 -1.117552
203.26161 -1.1029533
195.35286 -1.0839981
187.30705 -1.0715878
178.93755 -1.0523852
171.01883 -1.0393695
163.16821 -1.0251617
154.95341 -1.0133631
146.58385 -1.0018532
138.25655 -0.98896927
130.52313 -0.977491
122.72113 -0.9739005
113.853905 -0.9634384
106.2541 -0.95119464
98.66478 -0.93327945
92.21945 -0.91807395
86.17406 -0.90848947
79.86618 -0.8940903
73.327576 -0.8747429
66.08087 -0.84167176
58.22075 -0.8127859
50.99031 -0.78835845
44.647007 -0.7729739
38.099716 -0.7476151
32.1742 -0.68048495
26.55493 -0.5969777
21.145548 -0.45278358
15.536922 -0.25926983
11.775203 0.09066716
7.532928 0.93149877
11.446181 0.50578946
17.890793 0.27080697
24.988806 0.062018182
29.697598 -0.0065500396
34.01079 -0.04261268
39.086178 -0.081945196
43.172134 -0.09759989
51.344673 -0.12126014
60.322933 -0.12372041
65.449844 -0.12563492
70.535995 -0.13084634
75.60426 -0.135268
79.62912 -0.13150959
87.68428 -0.13085304
92.36744 -0.12418337
96.493675 -0.11092262
101.41621 -0.10314299
110.33063 -0.08568965
118.17726 -0.071508005
122.11188 -0.060999565
129.86668 -0.049647797
134.96043 -0.040361594
139.94861 -0.03340165
144.93248 -0.030684847
149.88705 -0.023001524
157.88495 -0.0155059565
162.63335 -0.008908823
167.62329 -0.004010803
173.6008 -0.0025901177
178.8455 0.0030728276
183.81717 0.007181482
188.58583 0.008212624
192.84425 0.012102296
200.85982 0.021552391
205.91818 0.030764863
210.79973 0.039587114
215.02774 0.043446925
223.05807 0.047277715
228.08905 0.05062008
232.18665 0.057468697
240.06403 0.06751502
245.55107 0.078811966
250.77415 0.08915338
255.90073 0.10224097
260.50067 0.11582535
264.8582 0.1254162
273.62012 0.14423169
279.11578 0.1557848
283.67978 0.16682078
292.9875 0.1892659
297.84088 0.20312934
302.80222 0.21665654
307.5924 0.22658448
316.4528 0.2460956
326.21643 0.26691273
331.66473 0.28063688
336.99854 0.29223782
341.74286 0.30575672
345.8546 0.31465322
350.3116 0.32568485
354.6952 0.3357807
359.25223 0.34666523
362.38998 0.3606533
365.09976 0.37239772
369.02234 0.3858727
371.47433 0.40053922
373.8556 0.41532433
376.30954 0.42987272
378.85397 0.44429547
381.02853 0.45613718
383.7193 0.47022727
386.4779 0.48408276
389.3007 0.49769682
392.18658 0.5110761
393.589 0.5265791
394.92145 0.5422216
395.51508 0.5592186
394.54947 0.5732558
391.4965 0.60298246
389.86383 0.61829764
388.80588 0.6329621
386.78354 0.6484214
384.485 0.66378456
381.68457 0.6794369
378.46362 0.6941285
375.951 0.70663536
373.3637 0.7161706
370.21188 0.7280967
365.53018 0.7395739
359.6049 0.75090367
353.83066 0.7623326
348.90063 0.7719095
343.85852 0.7790761
337.8837 0.7852037
330.9474 0.79325217
324.44537 0.8004609
318.7017 0.8090275
313.15744 0.8184293
307.58737 0.8282672
301.78354 0.83535576
294.0601 0.84464025
286.48007 0.85356927
278.73386 0.8637307
271.1477 0.8692257
264.04224 0.8762113
256.67975 0.8864287
249.96863 0.90050673
242.49829 0.9128871
235.55858 0.92342013
227.39249 0.9291779
218.95125 0.93475264
210.12033 0.9436572
201.83319 0.9563825
193.89949 0.97181237
186.28519 0.98430943
178.01173 0.9936755
168.49431 1.0066295
158.87654 1.0202662
149.89215 1.038319
140.66748 1.0566248
131.9177 1.0651653
122.824905 1.0776105
113.59861 1.1003937
104.46287 1.1237174
94.91166 1.1453102
85.178116 1.1706727
75.85822 1.190345
67.22882 1.222661
59.56748 1.2468953
51.67688 1.277142
43.62639 1.3168561
35.39926 1.3436079
27.069187 1.357701
21.564598 1.3969212
17.08175 1.4695433
17.08175 1.4695433
