Stilus
15
32.887146 2.0267863
37.859436 2.036808
45.13463 2.0486073
53.977535 2.0526538
62.08448 2.0575614
68.824356 2.0581453
75.40268 2.0533063
80.54133 2.061874
86.18804 2.0665205
92.037476 2.069365
97.421074 2.0649295
102.81521 2.058909
107.92394 2.0443976
113.97555 2.0368717
118.61553 2.0359511
127.19222 2.0304692
137.62978 2.0234764
143.88705 2.017746
150.6121 2.0184608
155.60114 2.0227392
160.5205 2.0286841
172.35774 2.040002
177.78531 2.0385156
183.99869 2.0335479
189.66664 2.030606
195.00284 2.0284152
204.17293 2.0226417
208.77277 2.0132525
214.94629 2.0086796
220.83754 2.001247
227.12265 1.9982235
231.74495 1.9984931
236.9575 1.9978364
241.49759 1.9932177
247.76302 1.9906601
253.10365 1.9860734
259.45593 1.9837736
265.4531 1.9789741
270.01303 1.9787245
278.54907 1.9772156
283.70563 1.9770622
288.77872 1.9741921
295.01788 1.9716606
300.97305 1.9677325
305.30496 1.9653331
314.64697 1.9624302
319.48434 1.9604039
323.83047 1.9582283
331.25244 1.9491024
335.5292 1.9408467
339.8306 1.9327967
344.13107 1.9226524
350.9996 1.9117014
357.9541 1.8989167
363.61008 1.882668
368.36404 1.8693914
369.64236 1.8525963
368.92654 1.833474
364.91385 1.8217003
357.25867 1.8025163
352.4291 1.7935157
347.63834 1.7848047
339.9461 1.7657433
330.9583 1.7489189
324.78625 1.743649
318.42664 1.7376953
312.70874 1.7302587
307.23148 1.7207947
302.6754 1.7096541
292.91992 1.6867139
287.58115 1.6750422
281.25912 1.6658208
275.97925 1.6567025
270.5643 1.6473428
263.22522 1.630426
255.79741 1.6126752
249.76431 1.5941563
250.14516 1.5704722
253.18985 1.549099
257.10446 1.5317116
261.2695 1.5199597
270.45584 1.5069307
276.33322 1.5010715
281.76498 1.4924833
286.9636 1.4835196
293.74472 1.4649911
298.33142 1.4570913
303.9422 1.4479874
309.5566 1.4380507
315.65695 1.4333868
320.23172 1.4259272
324.4945 1.4215974
331.3818 1.4094993
339.79453 1.3968592
349.12695 1.3806893
356.81183 1.3619665
362.65823 1.3428115
367.00885 1.3259408
367.93576 1.3076748
367.34955 1.2952944
363.11273 1.2689472
357.85394 1.2490901
351.7896 1.2313235
347.04263 1.2203937
341.76862 1.2116296
336.22375 1.2047304
331.20456 1.2021492
326.23343 1.1988689
320.6011 1.1926949
314.40305 1.190937
306.7473 1.1845344
300.30048 1.1829287
294.7213 1.1825076
288.60968 1.1813375
281.2316 1.1813416
274.03442 1.1791477
266.5229 1.1757052
259.50015 1.1727514
252.2284 1.1692712
245.03404 1.1656334
236.94032 1.1601081
229.5059 1.1555362
222.3703 1.1510946
215.28807 1.1466836
208.13968 1.1416411
199.65984 1.137656
191.2025 1.134323
184.3086 1.1348093
177.58688 1.1358649
169.25313 1.1325432
161.62279 1.1309689
153.8156 1.1286966
146.41745 1.1273203
139.9025 1.1225336
132.81789 1.1133386
124.6109 1.1057227
117.61877 1.1048517
110.936485 1.1046796
104.29862 1.1044332
97.503235 1.1043499
90.80588 1.1041232
84.096176 1.1038777
77.41874 1.1035391
71.04582 1.0931772
66.38362 1.0908487
56.274982 1.0973444
50.941544 1.0875883
45.62859 1.0756079
40.28176 1.0602727
34.93363 1.040168
30.283478 1.0268593
25.797626 1.0128267
19.74846 1.040559
15.607887 1.1984954
16.358185 1.5902052
24.530954 1.7471704
29.64791 1.7851351
34.172523 1.8161939
40.270004 1.8292258
45.48867 1.8642815
45.48867 1.8642815
12.058736 1.8649021
22.771772 1.9800096
28.715477 2.003055
34.97095 2.0470724
45.164165 2.130453
51.11253 2.1746135
58.35689 2.2095768
64.26673 2.2231221
71.23528 2.2185113
77.67339 2.2206845
84.493515 2.2298038
90.399124 2.238085
95.31005 2.2648206
101.350914 2.2897284
108.24786 2.298265
115.40232 2.300536
122.84839 2.2981396
130.19435 2.3002849
138.50414 2.3046815
145.57396 2.3157823
152.62167 2.3269506
159.6571 2.3370905
167.8662 2.346479
176.42784 2.3540378
186.18703 2.3625567
195.52158 2.3722854
204.08737 2.3854935
212.60176 2.3975222
221.83165 2.4061341
230.56421 2.4158638
239.7919 2.4177148
248.34389 2.4212856
256.8561 2.4234827
265.46912 2.4266965
273.3169 2.4323688
280.61548 2.4405158
287.3323 2.4464633
293.82806 2.4516797
300.9741 2.4541023
308.13162 2.4564157
314.7272 2.4611065
322.02997 2.4675238
328.56528 2.471774
334.38443 2.4740286
340.44104 2.4798682
345.58856 2.4841614
351.56006 2.4900787
356.8883 2.4979827
361.24338 2.5062451
365.4458 2.5174043
368.28415 2.5262897
371.3596 2.5484776
371.2502 2.5734394
370.08936 2.593693
366.6424 2.6103165
363.5684 2.620455
359.34042 2.6298048
355.21237 2.6392
350.29578 2.6479893
345.68 2.6545353
334.6488 2.6606832
327.94977 2.6671352
320.9971 2.6759715
314.04004 2.6837575
307.75317 2.6946764
302.00995 2.703866
296.63898 2.7109196
290.9154 2.7208202
284.89877 2.7337518
278.92422 2.7477016
272.9677 2.7623568
267.38138 2.7742982
263.1073 2.7850125
259.6789 2.796534
254.81569 2.8153563
252.7911 2.8375752
255.7909 2.861653
259.79797 2.8780577
264.18042 2.886419
268.18683 2.8910248
276.76624 2.8989508
281.7526 2.903329
287.59888 2.905335
293.38235 2.9094474
299.53583 2.9108758
305.39243 2.9153783
311.0301 2.9222445
315.40524 2.9282346
320.5047 2.935128
325.2204 2.9413476
329.52426 2.9501574
333.28238 2.958464
336.8733 2.9664922
342.2986 2.981155
349.40848 2.9960105
355.90103 3.0076926
361.4388 3.0175767
364.79678 3.0372744
367.2685 3.0598602
367.8927 3.0735424
367.58728 3.0870774
364.54996 3.1037729
358.64572 3.117092
351.56244 3.1308184
343.78717 -3.1380708
337.91718 -3.1292357
331.84274 -3.1228716
324.20828 -3.1163251
317.2153 -3.109416
308.6161 -3.0988214
299.73468 -3.0908813
290.8157 -3.0858865
282.75586 -3.0772529
274.13898 -3.0706391
264.99152 -3.064404
256.024 -3.058723
247.20633 -3.0517557
237.56969 -3.0438418
228.37355 -3.0388093
219.45808 -3.034618
211.52051 -3.0305874
203.60672 -3.026254
194.66422 -3.0209303
185.7143 -3.0150847
178.41931 -3.0155299
171.43079 -3.014739
163.69508 -3.0102818
155.64038 -3.0099225
147.61285 -3.0095487
140.45384 -3.015318
134.1637 -3.0187685
127.19717 -3.0258482
120.33217 -3.0213122
112.185844 -3.0215073
104.846825 -3.0226603
98.43579 -3.025101
91.03115 -3.0238326
83.87053 -3.0167694
76.78257 -3.0183017
69.69244 -3.0166013
64.47205 -3.010253
59.418842 -3.0159798
53.606884 -3.021075
47.446423 -3.0422957
41.296124 -3.076142
36.003986 -3.1013403
30.973997 -3.1270752
25.99053 3.1304705
22.01536 3.071185
14.696619 2.8270798
9.224472 2.3928275
12.5309105 2.9142795
19.973314 -3.082443
26.00783 -2.980146
32.39188 -2.926842
38.234776 -2.8792713
43.93232 -2.8370938
49.591278 -2.793998
55.578625 -2.7755075
61.7408 -2.7743948
68.06931 -2.7786095
74.397514 -2.7821074
80.668274 -2.7850304
86.04276 -2.7835228
91.688324 -2.783216
98.01198 -2.7776027
104.6354 -2.7713194
111.43948 -2.7633905
118.12712 -2.7585444
123.8751 -2.751162
129.25116 -2.737026
134.79489 -2.7303648
139.86443 -2.7229853
145.36694 -2.7226498
151.37643 -2.7259493
156.7214 -2.7271314
162.39417 -2.7289574
171.22627 -2.713255
177.0659 -2.705206
183.54335 -2.6975896
190.42711 -2.69154
196.91765 -2.68489
203.15909 -2.6780856
212.99951 -2.6696708
223.76852 -2.6540964
230.39265 -2.6461616
237.78592 -2.6391232
244.5761 -2.631054
250.43623 -2.6244555
256.31122 -2.6229913
260.84702 -2.6239445
270.36163 -2.6204393
275.94894 -2.6149597
282.49216 -2.6088278
288.7136 -2.6014683
295.18723 -2.5977306
300.09216 -2.5919707
304.76 -2.5858831
312.72168 -2.5752828
319.51297 -2.5593262
326.5726 -2.5437112
334.42178 -2.5306468
340.902 -2.5226038
347.8449 -2.5119846
354.20248 -2.4970763
359.8474 -2.4809954
361.8935 -2.4571314
363.33987 -2.4426813
360.61218 -2.4280586
356.08582 -2.4085698
353.07788 -2.397031
350.12256 -2.3853085
345.9772 -2.3739438
341.84024 -2.3653183
337.62292 -2.3571172
333.19238 -2.349115
326.6705 -2.3398044
320.17828 -2.33232
313.92368 -2.3251224
307.41333 -2.3216007
295.5661 -2.318389
289.84027 -2.3133976
284.24713 -2.3075612
280.00385 -2.2973902
275.2121 -2.287354
270.53613 -2.2743957
265.95474 -2.2642658
262.32608 -2.254947
258.41858 -2.2424283
256.11475 -2.2246423
253.90797 -2.2066174
249.25604 -2.180879
248.45396 -2.1492107
252.94856 -2.1213603
257.5214 -2.1059806
262.3578 -2.099489
266.52118 -2.0947104
275.4995 -2.087449
281.27435 -2.080864
287.4407 -2.0758946
294.31805 -2.0707285
299.45294 -2.0660713
304.597 -2.063347
309.53336 -2.058525
314.97284 -2.0503325
320.96075 -2.0406551
326.88995 -2.0289457
332.11758 -2.0178037
335.77573 -2.006027
339.1856 -1.9924277
342.86093 -1.9804797
346.27643 -1.9668112
349.05487 -1.9542192
353.67813 -1.9391148
354.5385 -1.9215715
351.15216 -1.9009227
343.40363 -1.8841501
334.64435 -1.8707484
329.93112 -1.8656299
324.27856 -1.8612583
317.4268 -1.8603613
309.96738 -1.8583276
303.30676 -1.8570453
295.74844 -1.8540038
287.56448 -1.8523642
278.27505 -1.8507283
269.51938 -1.8476219
260.7557 -1.8421537
251.54443 -1.8400156
241.14534 -1.8390732
231.8179 -1.8400269
222.17596 -1.8380725
212.01462 -1.8376957
201.57204 -1.8364236
191.91605 -1.8340311
181.89932 -1.8360484
171.57104 -1.8358631
161.1909 -1.8341981
150.79752 -1.8305558
140.28474 -1.8282472
129.66881 -1.8200293
119.2148 -1.816311
108.02427 -1.811256
97.330826 -1.8088837
86.18748 -1.8136842
75.977646 -1.8198149
67.048225 -1.8345231
57.82061 -1.8462665
48.429104 -1.8584445
40.43072 -1.884711
32.29027 -1.9099538
24.120506 -1.9420385
16.84516 -1.9825308
10.362864 -2.0469372
4.8010426 -2.1789687
3.1483107 1.809117
3.496042 -0.874585
9.144014 -1.2129077
16.235474 -1.306608
23.86795 -1.3813633
32.699196 -1.4329135
40.621708 -1.4599293
48.710323 -1.4577845
57.44873 -1.4575514
66.79397 -1.4584146
74.75393 -1.470424
82.73498 -1.4680058
91.596695 -1.467024
100.62207 -1.466386
108.95717 -1.4651856
117.0841 -1.4575818
126.277916 -1.4498795
136.13733 -1.4439787
145.58073 -1.4383982
154.92078 -1.4268754
164.96024 -1.4188796
174.52763 -1.4099846
183.9371 -1.4003391
193.45728 -1.389174
203.79724 -1.3784918
213.65259 -1.3683959
223.21783 -1.3590308
232.64813 -1.3500975
242.28365 -1.3421482
252.969 -1.3356941
262.62146 -1.3288938
271.58676 -1.3218936
281.25443 -1.3160324
290.08398 -1.3095905
298.74225 -1.3036511
306.655 -1.2970384
313.71332 -1.2901955
320.32614 -1.286371
326.484 -1.279149
332.42792 -1.2719578
338.39078 -1.2650158
348.47995 -1.2500236
356.277 -1.2313446
359.56332 -1.2221509
362.8276 -1.213663
367.7916 -1.1954234
366.5065 -1.1786271
362.6772 -1.1682873
357.79752 -1.15943
352.44867 -1.1520196
345.9715 -1.1460302
339.18243 -1.140209
330.6082 -1.1316017
322.8493 -1.1245852
313.99576 -1.117237
305.5771 -1.1083508
297.4494 -1.1012665
288.86044 -1.0910163
280.32758 -1.0821726
272.46295 -1.0720029
264.12692 -1.0590708
256.7021 -1.0472491
249.25421 -1.0345796
243.1154 -1.0195051
237.96375 -1.0061383
232.96861 -0.9924968
228.9758 -0.97711116
225.12651 -0.95335543
227.3498 -0.9304374
234.37505 -0.9101214
245.08028 -0.89885455
250.50359 -0.89075315
256.36795 -0.8827743
262.91348 -0.8749552
269.0495 -0.8650236
276.00488 -0.8578715
282.94217 -0.8511012
290.5113 -0.8421249
298.6958 -0.83169246
306.3346 -0.8189866
313.3257 -0.8055623
320.50128 -0.79157215
326.9751 -0.7802026
333.94937 -0.7680919
339.93887 -0.75222576
344.5013 -0.7399036
348.2541 -0.7262656
351.72586 -0.7147562
354.87228 -0.7033605
356.1728 -0.6757364
353.79596 -0.6488822
347.97583 -0.63012433
342.62897 -0.6172492
335.83035 -0.60260963
328.87482 -0.5877607
320.8245 -0.57819366
311.7231 -0.5668376
299.9909 -0.553288
288.88107 -0.543516
278.41003 -0.5368357
267.4651 -0.5264253
256.5651 -0.5151424
245.72168 -0.502885
235.8366 -0.49068546
227.31798 -0.48484886
218.40541 -0.47654825
208.45702 -0.46484402
199.75803 -0.44759807
181.70956 -0.41443202
172.71817 -0.41051733
163.17018 -0.39794055
154.81068 -0.38570625
146.10347 -0.3656809
136.78854 -0.35229367
127.58774 -0.33530533
118.33072 -0.3175586
101.173584 -0.3081263
92.70351 -0.30605173
84.217186 -0.30076173
75.69977 -0.29420927
68.48176 -0.26948306
59.132805 -0.23826204
49.71927 -0.20152193
41.13504 -0.16429016
33.42055 -0.11091789
26.263397 -0.027098399
20.384363 0.112478144
15.596847 0.27862164
11.462337 0.50500906
8.703815 0.80532545
7.5615563 1.302613
11.401973 0.9481243
16.49324 0.61697793
22.525715 0.43744758
29.76518 0.30015638
38.02254 0.17996491
47.363506 0.10174585
57.224606 0.04899098
67.84674 0.011962311
78.13357 -0.015275482
89.83954 -0.035405118
101.20749 -0.05126467
112.30746 -0.064044915
124.17367 -0.07408341
135.17969 -0.08274126
146.35846 -0.09018001
157.44829 -0.0965201
168.54066 -0.09616425
178.78998 -0.09620352
188.97215 -0.10167829
199.02504 -0.102851845
208.32904 -0.10306397
217.33559 -0.10221178
226.27432 -0.099301614
235.97905 -0.09520514
244.96204 -0.09170388
253.13673 -0.0887345
261.11298 -0.08601711
268.33737 -0.083695784
276.02966 -0.08135814
282.87585 -0.07321112
289.70142 -0.06457918
295.762 -0.053106982
302.35486 -0.04201158
308.46753 -0.029054735
314.38028 -0.015767312
319.59552 -0.0053299814
327.608 0.013099325
334.01498 0.033060923
339.3554 0.056092914
340.4041 0.07946133
339.8234 0.09354986
337.5317 0.10684663
332.2135 0.1244577
327.86008 0.13454925
324.0623 0.1454619
318.70883 0.1551629
313.11404 0.16442095
306.70474 0.17205122
300.104 0.18177141
294.34485 0.19226904
288.9775 0.20033225
282.46808 0.20862834
275.85437 0.22016864
268.33154 0.23125713
261.7176 0.24405275
256.39026 0.2573088
253.07855 0.273028
249.1234 0.2899866
246.16824 0.30636194
242.4306 0.32534483
247.95999 0.3497389
256.50604 0.37501404
263.6729 0.38467562
271.4118 0.39599127
278.55203 0.40176582
287.2556 0.41062158
295.16486 0.42114806
303.8425 0.43633
312.24472 0.44913608
320.42636 0.4637374
328.99973 0.48147136
337.0925 0.50150293
344.98843 0.51883674
351.1136 0.5360945
356.97443 0.5525236
362.5258 0.56668526
367.14487 0.58125985
369.52112 0.59320354
371.10504 0.6042967
368.0594 0.6242326
363.59537 0.633993
357.75446 0.6400123
351.45367 0.6439495
342.74673 0.64817065
332.55475 0.6562682
322.19186 0.6653758
311.34335 0.6808391
298.30234 0.69137484
284.14297 0.697315
270.00308 0.6978891
256.7484 0.7092383
245.60869 0.71752375
229.92873 0.73104125
214.01994 0.7411366
200.92744 0.7521936
188.92035 0.7679261
174.26173 0.787746
158.3205 0.80246913
143.72725 0.814097
131.18764 0.8383337
118.8282 0.8661283
103.75313 0.89327556
88.710014 0.91967964
77.39432 0.9579004
65.99418 1.0019262
54.525867 1.0618362
44.003014 1.1177663
34.15628 1.1799823
26.860199 1.2609334
19.197035 1.4174205
19.197035 1.4174205
