Stilus
6
287.01538 -2.9224281
282.42502 -2.9524212
280.44962 -2.9663596
278.44205 -2.9878097
276.00372 -3.0038912
273.00214 -3.0253906
270.6301 -3.0465748
265.42538 -3.0673158
260.2206 -3.088615
255.5367 -3.1143267
253.42703 -3.1340103
250.69958 3.131429
245.55463 3.1118958
240.75883 3.0916357
237.08347 3.0686054
233.61621 3.0430436
229.24355 3.0180607
225.0709 2.9900057
221.81238 2.968242
217.44658 2.950718
213.15105 2.932488
207.27269 2.9117262
204.064 2.8877995
199.14761 2.8516803
194.09636 2.8153365
190.22018 2.7748902
186.81026 2.7446415
183.44511 2.7132206
179.72241 2.6788719
178.46704 2.632936
178.48222 2.6070187
177.95218 2.5590076
178.54706 2.5338187
179.254 2.5088272
178.62624 2.4765527
177.91832 2.4371471
179.41246 2.3941014
182.10925 2.3471339
183.62311 2.3239243
185.50917 2.2783911
186.99438 2.2440903
190.72646 2.202356
192.817 2.1817248
194.99007 2.1615252
200.10251 2.1211867
202.81935 2.1011963
206.27597 2.0691822
209.71648 2.0389667
214.60017 2.0106885
220.10567 1.9802816
224.71924 1.9487381
227.77498 1.9187142
229.5811 1.8883656
229.95192 1.8603729
231.94249 1.8309512
233.47197 1.7998822
235.63164 1.7671733
236.1229 1.7493608
237.02538 1.7272183
239.75473 1.6876558
240.55713 1.670477
243.00789 1.6437978
245.60342 1.6154766
247.2171 1.5989832
249.14496 1.5826455
250.40526 1.55064
250.69324 1.5187975
249.63206 1.4849592
249.05164 1.4634582
247.63882 1.4422343
246.34729 1.4209749
245.0458 1.402763
242.58745 1.3674568
238.70717 1.3297048
237.6488 1.2938759
235.20694 1.255531
228.9539 1.2176754
225.27533 1.1985329
222.37027 1.1825652
216.58658 1.1515079
211.93805 1.1209346
208.60684 1.1026527
205.02847 1.0826557
200.72499 1.0598708
197.18689 1.0380319
194.36377 1.012846
192.00056 0.9725004
188.85794 0.91662097
186.31429 0.89100015
184.3938 0.8613297
181.96756 0.83511984
179.66154 0.8080954
177.53377 0.76461285
176.33444 0.71710944
175.55852 0.6865064
174.98793 0.652068
175.05153 0.6162084
175.95757 0.5835739
176.3375 0.5550163
179.73232 0.49842972
183.58743 0.44553757
186.35306 0.41381493
189.12656 0.37990183
192.26404 0.3501174
194.9359 0.32332703
197.53456 0.29756048
203.75883 0.26174742
206.88515 0.24272919
210.66963 0.21985045
213.96469 0.19729687
218.11584 0.17495267
222.28773 0.14974257
225.68175 0.12853186
232.75502 0.090053156
239.2866 0.06588821
245.9354 0.036455885
251.99017 -2.393059E-4
254.9771 -0.019382933
258.167 -0.038864974
260.38562 -0.057619993
263.6551 -0.07223174
266.0095 -0.089449726
269.4953 -0.1070376
271.05792 -0.12491101
272.93552 -0.14267406
276.2294 -0.15917458
279.10626 -0.17282474
281.00812 -0.18612295
284.5126 -0.21184321
286.79742 -0.23143274
289.2004 -0.25083756
291.7072 -0.26987588
295.0985 -0.28792688
297.44025 -0.30012155
301.50107 -0.3205601
303.9786 -0.33439323
305.65308 -0.349819
307.76367 -0.36815694
309.66974 -0.3837971
311.5796 -0.39870164
312.7211 -0.41526833
313.6924 -0.4299395
314.56143 -0.44338477
316.01932 -0.45877638
317.1619 -0.47432697
319.01675 -0.4921962
320.15054 -0.5052436
322.10703 -0.5161181
323.63855 -0.53546566
325.15085 -0.56086165
327.11 -0.58254284
328.43213 -0.6092114
327.16324 -0.6351932
324.1326 -0.65759784
321.13086 -0.6807397
318.9479 -0.70672536
316.98557 -0.7330326
314.52997 -0.76176345
313.03836 -0.79327184
310.39188 -0.82072026
307.24472 -0.84633833
303.7705 -0.87463814
302.0663 -0.8875829
299.70685 -0.90267617
297.5399 -0.91746455
294.52405 -0.9309611
290.9761 -0.9475285
288.09412 -0.9615824
285.16046 -0.9764864
282.62772 -0.99518156
280.79205 -1.0119712
279.0359 -1.0289869
277.3574 -1.0462859
275.7554 -1.0639356
273.9206 -1.0774897
272.4796 -1.095368
271.19672 -1.112906
268.95764 -1.130099
266.85477 -1.1471153
265.59924 -1.1654845
263.9141 -1.1824204
262.36398 -1.1971251
261.51074 -1.2163879
260.83014 -1.2349454
260.42618 -1.2514204
258.89987 -1.2697569
257.52026 -1.2875214
256.16202 -1.3063453
254.8638 -1.3258601
253.51677 -1.3481095
252.4608 -1.3674043
251.31364 -1.3908738
249.48114 -1.4098692
247.79065 -1.4330814
246.96596 -1.4531333
246.33922 -1.4770851
244.92549 -1.4970152
245.41324 -1.5184216
246.21292 -1.538233
246.27606 -1.5585591
246.26538 -1.578731
246.38318 -1.6027222
246.59702 -1.6232668
246.98651 -1.6476408
247.51764 -1.6717408
248.19211 -1.6957318
249.83832 -1.7192518
250.95383 -1.7426572
252.04117 -1.7659514
253.06432 -1.7854446
254.39206 -1.8081999
256.84723 -1.8301675
259.2338 -1.8516952
260.89633 -1.8706474
262.67163 -1.8917869
264.6224 -1.9132667
266.7042 -1.9345282
268.88202 -1.9552432
271.19336 -1.9757891
273.264 -1.9931154
275.6902 -2.012292
277.439 -2.0335803
279.41803 -2.0539868
282.1104 -2.0731452
284.18005 -2.093335
286.49905 -2.112865
288.78662 -2.1323802
290.7204 -2.1488485
293.73602 -2.1657786
295.72876 -2.1815796
297.5442 -2.1946852
299.68585 -2.210148
300.49933 -2.2248065
303.09448 -2.251799
305.48676 -2.26644
306.28775 -2.2846582
306.83826 -2.3015163
308.5054 -2.3218338
309.7832 -2.3402822
310.61624 -2.356805
312.0786 -2.3748767
313.63553 -2.3917859
315.24338 -2.4061093
317.64026 -2.4213085
320.44257 -2.4340098
322.5297 -2.4467282
325.2591 -2.4607444
327.12057 -2.4770212
328.0151 -2.5059178
327.64536 -2.5230303
327.67618 -2.5388534
327.91495 -2.5541158
329.56805 -2.5799165
329.4339 -2.6037652
327.9754 -2.6186635
325.9921 -2.6356018
323.81973 -2.652826
321.59756 -2.6675997
318.02444 -2.6899917
315.98776 -2.7034678
313.88937 -2.717962
310.55865 -2.734216
308.2385 -2.752028
306.0034 -2.7702234
304.51474 -2.782986
302.77966 -2.798601
300.64368 -2.819085
298.52924 -2.841
296.44577 -2.864571
294.86206 -2.884135
293.81592 -2.8980246
291.9531 -2.9132462
288.8805 -2.9292226
285.77338 -2.9473615
281.5207 -2.9699018
281.5207 -2.9699018
