Stilus
15
11.862921 2.6551569
16.4065 2.328682
21.727198 2.1714907
26.08018 2.0699608
30.266665 2.032504
35.123684 1.9890928
41.618145 1.9723655
47.09366 1.9739745
52.39795 1.9681642
61.147255 1.979073
67.18276 1.9721786
72.62865 1.9705468
77.27997 1.9732372
85.10276 2.0082648
95.005646 2.0316706
100.7645 2.0362513
105.903984 2.0328915
110.64802 2.0320363
116.018326 2.0282888
123.17847 2.0358884
131.35686 2.0459893
136.51225 2.052091
142.39864 2.0544913
148.19806 2.0567143
154.0369 2.0587635
158.51814 2.0580704
167.0195 2.0648847
175.97804 2.063325
184.897 2.0619226
190.61191 2.0625215
195.56528 2.0663993
205.2273 2.0797148
211.76678 2.0960279
218.55663 2.1142802
226.47025 2.1196775
235.32689 2.1256475
244.93658 2.134837
255.31459 2.14626
262.04642 2.1577466
268.47488 2.173267
275.97855 2.180888
284.5085 2.1878731
290.17194 2.1920013
301.94403 2.2008166
310.37634 2.209667
317.6901 2.2193995
324.26886 2.234907
331.4612 2.2487102
336.09888 2.2564707
341.3425 2.262192
346.32605 2.2659917
352.11847 2.2684827
356.88208 2.2778153
363.36594 2.2943091
366.17905 2.3029642
368.13748 2.3128884
370.13965 2.3227296
372.9235 2.3415887
374.2987 2.3605175
373.28375 2.3831136
369.1817 2.3957143
364.5767 2.4094884
358.77164 2.4276776
354.6605 2.433254
347.61316 2.4392717
341.12936 2.4486067
332.25513 2.4616
326.77826 2.467746
321.3911 2.4739437
316.43692 2.478501
309.28873 2.4817932
299.7486 2.4901795
291.2682 2.5059347
285.96115 2.5136209
279.88623 2.520182
274.23813 2.5240505
262.94333 2.5263402
257.43497 2.529563
251.15445 2.5368085
244.56952 2.5470843
237.9567 2.5584857
231.03827 2.5646417
223.44312 2.5692282
215.17355 2.5775585
207.56966 2.588682
200.72148 2.5967557
193.53331 2.6103604
186.6874 2.619908
180.27481 2.626218
173.07281 2.629255
165.52116 2.6368234
158.57375 2.6486304
151.82205 2.6620612
146.02005 2.679702
139.2413 2.6971123
131.85376 2.7123928
125.81945 2.7182536
119.27913 2.721133
113.06859 2.733126
107.24734 2.740469
101.42745 2.7500687
94.93938 2.7631538
88.467926 2.7851868
81.49494 2.8054338
75.66659 2.8200846
70.01753 2.8379893
64.600266 2.8473372
58.97459 2.8686163
50.192772 2.9058454
46.05302 2.9067898
38.054016 2.8881242
34.194748 2.8587728
27.509546 2.787349
21.836597 2.6893346
17.762272 2.5744355
20.428432 2.2916384
26.754883 2.0989623
32.62945 1.9634166
39.214832 1.8947937
47.151028 1.8608004
55.700886 1.8152878
60.31636 1.7962413
65.459435 1.7782581
70.321 1.7637278
74.25723 1.7533823
83.12376 1.7337216
87.80109 1.7249708
92.994606 1.7162974
97.803795 1.6987927
102.63783 1.6829356
110.49189 1.6658503
119.41911 1.6587254
124.190994 1.6553385
129.39003 1.6519339
135.07672 1.6428727
139.24329 1.6334971
147.22153 1.6284924
154.13116 1.6194146
159.05069 1.6116241
163.77953 1.6043425
168.9991 1.5973936
173.95676 1.5865252
179.17514 1.5735834
186.54706 1.5734732
191.23344 1.5681849
195.8237 1.5631458
200.8813 1.5583663
205.93819 1.5501707
210.96216 1.5447549
218.52548 1.534225
223.87247 1.5250334
228.19955 1.5171579
237.37498 1.5065453
242.39359 1.503813
248.18152 1.5013529
252.59702 1.4945883
258.8239 1.4838637
267.8678 1.4727777
274.00012 1.4676914
280.20203 1.4627792
285.6392 1.4578104
289.85526 1.4524982
298.1332 1.439753
303.3501 1.4345908
309.57675 1.4308197
314.8961 1.4236428
319.45404 1.4193751
324.62006 1.4156896
331.49625 1.4066283
338.59778 1.3984339
347.60468 1.3861175
352.33618 1.3769493
357.06302 1.3680867
364.68954 1.3520764
370.1078 1.336645
374.696 1.3203496
377.69547 1.3033246
377.1109 1.291845
374.57187 1.2704071
368.79037 1.2484295
364.793 1.2382474
358.59735 1.2204366
354.5037 1.2132077
349.26907 1.2045645
344.02777 1.195577
338.52985 1.1883317
333.0106 1.1816554
327.4665 1.1747032
321.92792 1.1674975
316.42896 1.1600707
310.047 1.1510888
303.9207 1.1420758
297.54242 1.1322556
291.00262 1.1216892
283.74792 1.1121992
276.2062 1.102673
269.36032 1.0951408
263.72012 1.0868495
256.0514 1.0770572
247.59543 1.066529
239.52844 1.0622393
232.87135 1.0609726
226.24191 1.059655
217.95554 1.0542463
208.708 1.0455072
201.41585 1.0359538
194.39899 1.0264661
187.0673 1.0215368
180.08452 1.0107471
172.8508 0.99813795
165.95883 0.985502
159.84604 0.9751634
154.03319 0.97149867
147.86432 0.9653966
140.30606 0.9556871
132.10414 0.94961655
125.30968 0.94010544
118.726776 0.9412495
106.41227 0.9409663
99.98758 0.93128866
92.94512 0.9251517
85.4045 0.9271263
78.5521 0.93046945
71.548134 0.9447631
66.39972 0.9761704
60.801365 0.996905
55.270954 1.0184168
50.62946 1.054654
39.86011 1.1299973
29.765373 1.2283105
24.312162 1.2465034
19.215637 1.2664456
14.4960165 1.3976866
19.927853 1.0480956
29.700836 0.84733266
35.952366 0.77831495
42.3991 0.72913826
49.69229 0.6801766
56.598373 0.6649127
64.21539 0.6378459
71.40843 0.61561865
79.05923 0.5935916
86.99864 0.583919
94.977295 0.5784447
103.05492 0.5738333
111.87121 0.5662624
120.77845 0.5586851
128.4431 0.5511586
135.69885 0.5507397
143.02861 0.543895
149.54648 0.5351025
156.57755 0.52333087
163.60457 0.5126001
170.71944 0.50267833
177.83136 0.49356988
184.73468 0.4857644
191.81194 0.4780169
200.16069 0.47187132
207.1291 0.47109583
213.80562 0.4708552
219.56552 0.47267738
227.15881 0.47041637
233.93242 0.47026506
241.15582 0.46539307
247.4121 0.4617402
253.67851 0.4582638
259.86978 0.45499513
265.5196 0.45306474
271.10477 0.44709864
275.9486 0.439683
281.62167 0.43413547
286.13058 0.42684168
291.5871 0.41834715
295.47546 0.41250402
300.05475 0.40583512
304.60107 0.39943054
309.26477 0.39307344
313.8706 0.38699633
319.18585 0.38021892
324.0775 0.37419355
328.74213 0.36862752
333.4038 0.36323205
338.0564 0.35800603
345.28946 0.34784678
352.1454 0.33479
358.34528 0.3207008
360.36783 0.30436245
362.17795 0.28248802
362.15524 0.26176727
360.46124 0.24078374
357.30838 0.22501735
352.95593 0.20833841
349.42126 0.18711641
343.2508 0.16974467
335.6483 0.15560159
326.26556 0.15002294
321.1846 0.14927672
315.46796 0.1511861
309.59283 0.15407783
303.5193 0.1547082
297.29355 0.15117306
291.82492 0.14713497
285.8725 0.14315839
279.75745 0.1392079
272.79095 0.13533242
265.52335 0.13139711
258.34564 0.12727974
251.82623 0.12251852
244.78545 0.11373329
237.64728 0.10873469
229.37756 0.099516466
222.22914 0.09369589
214.85303 0.08761737
206.95714 0.081241325
198.89703 0.07819971
191.59184 0.07595639
183.75546 0.07374861
175.81952 0.077083856
167.82245 0.08076488
160.89691 0.08424934
153.88712 0.08809677
146.96947 0.0922549
139.99593 0.09686443
133.14194 0.10186778
126.076164 0.10759837
118.85172 0.114166506
111.16313 0.12210101
103.25352 0.13150674
95.331604 0.14250642
88.28365 0.15397044
80.512924 0.16896752
72.63434 0.18750209
64.81422 0.21044588
57.035606 0.23967357
50.045376 0.27395707
42.64431 0.32308847
35.17122 0.3951619
28.62285 0.49272516
22.29699 0.61146206
17.000868 0.7666597
12.78343 0.9695683
9.807586 1.3377857
9.747486 1.7762201
11.839828 2.2042809
15.619577 2.4843519
11.046971 2.2574615
8.114447 1.9479525
6.128757 1.2372657
8.314723 0.5785314
12.140952 0.24077031
17.783056 0.08720277
24.729103 -0.008204225
32.489307 -0.036974087
38.827118 -0.08239223
45.877865 -0.1127225
54.02614 -0.14762127
62.269775 -0.16444176
70.62521 -0.18775454
78.064285 -0.20569682
86.35033 -0.21224707
94.56374 -0.21510036
103.20943 -0.23409916
111.3107 -0.260116
119.4746 -0.28588286
126.95454 -0.31777903
135.21378 -0.33684492
142.92885 -0.3491652
150.19473 -0.35996523
157.24734 -0.370372
163.5653 -0.3815038
174.42091 -0.4123276
180.11763 -0.42887428
187.07806 -0.4457325
192.53397 -0.45668462
202.01387 -0.46250775
211.38847 -0.46679416
220.25797 -0.48595333
228.95583 -0.51051736
234.01176 -0.52286786
238.83061 -0.530588
247.30063 -0.53508306
258.2169 -0.5529411
263.91553 -0.56627005
269.7117 -0.57911694
274.29965 -0.5897903
278.9539 -0.59700024
283.63602 -0.6070979
288.59613 -0.61954206
293.7181 -0.63218945
299.4691 -0.6428932
304.93506 -0.6543024
309.69476 -0.65973514
314.51764 -0.6678889
320.24774 -0.6766699
325.78693 -0.68672603
331.01935 -0.69665956
335.76443 -0.70864457
340.15967 -0.71801007
346.9506 -0.7315605
351.79013 -0.74989456
353.19702 -0.77056164
350.52097 -0.7941267
345.3229 -0.8074984
341.12585 -0.8150429
335.76086 -0.8244549
330.25818 -0.833636
323.59094 -0.84390634
317.87637 -0.8533435
311.02643 -0.86396724
303.17673 -0.87534094
294.89426 -0.883882
286.10406 -0.89376
276.46753 -0.9026717
268.79868 -0.9133445
260.0091 -0.92587554
250.6082 -0.9375969
241.33737 -0.94124305
231.54994 -0.9424903
222.49776 -0.95052445
213.9939 -0.95796996
205.04652 -0.96907294
195.36945 -0.97827065
186.22852 -0.9839834
177.5015 -0.98675567
169.36813 -0.9954977
160.43259 -1.0039924
151.33221 -1.0125754
142.19458 -1.0222887
133.16211 -1.0332637
125.09084 -1.043731
116.36997 -1.0572443
107.71839 -1.067723
98.622955 -1.0833148
89.35122 -1.094587
81.50936 -1.1139016
74.72122 -1.1399674
67.7281 -1.1614847
61.058666 -1.1673609
54.354427 -1.174811
47.308212 -1.20382
40.306072 -1.2429978
34.62613 -1.3196443
27.172068 -1.4327998
19.938316 -1.5832603
14.892444 -1.7392513
20.911203 -1.5594231
26.02948 -1.4843091
31.888863 -1.437999
39.147327 -1.4108502
45.422077 -1.3883592
50.5183 -1.3868551
55.80164 -1.3680465
61.106678 -1.3524872
67.1719 -1.3573096
73.08312 -1.3713194
78.06739 -1.3972142
82.86498 -1.4164771
86.78493 -1.426441
90.614296 -1.4437011
95.222404 -1.4577632
101.169624 -1.4669532
107.05544 -1.4820514
113.90116 -1.4938576
118.842384 -1.5055695
123.09598 -1.5099068
127.97454 -1.5258886
133.68533 -1.5353159
140.38574 -1.5441062
147.60939 -1.5471125
154.61313 -1.5481855
160.43959 -1.5552329
166.57858 -1.5618026
173.2996 -1.5679147
180.31783 -1.5735656
187.29317 -1.5787952
192.80115 -1.5837471
197.77452 -1.5920938
203.6072 -1.5977787
209.66608 -1.6053462
215.68129 -1.6101673
222.73056 -1.6134083
227.74777 -1.6157544
233.77048 -1.6199481
239.82236 -1.6228766
245.87921 -1.6246628
251.92502 -1.6283131
257.27097 -1.6339396
263.08533 -1.6372806
267.42648 -1.642738
275.64688 -1.6524111
280.50952 -1.657223
285.69736 -1.6627074
290.86328 -1.6679723
296.0115 -1.6730341
301.43213 -1.6778413
306.67514 -1.6849246
315.29385 -1.6986661
320.62268 -1.7059293
329.1903 -1.7169069
337.89432 -1.7288411
345.35696 -1.7481602
351.74298 -1.7679744
354.50726 -1.777937
359.6909 -1.7919711
364.2625 -1.8067044
366.15295 -1.8273016
365.61432 -1.850354
365.99167 -1.8728317
362.43616 -1.8939995
358.96408 -1.906001
355.14218 -1.9179901
350.29843 -1.92985
346.09995 -1.9405973
342.13544 -1.9490252
337.91632 -1.9571801
332.61768 -1.9661026
326.26508 -1.9750795
320.2568 -1.9865266
314.8043 -1.9941859
307.33847 -2.001581
299.32434 -2.0074663
291.75613 -2.015894
283.59018 -2.0217414
275.12128 -2.0326865
266.20126 -2.0410144
257.23483 -2.0499806
248.23067 -2.0563903
238.36871 -2.0676017
228.15424 -2.0769472
217.73778 -2.0840771
208.1764 -2.091799
197.69434 -2.1004932
186.69612 -2.1164098
176.74844 -2.1242237
167.57965 -2.1371965
158.18277 -2.1504428
148.20624 -2.1650174
138.38393 -2.1687834
127.53962 -2.1794007
117.30495 -2.1883159
107.47725 -2.207817
98.72958 -2.223373
89.93901 -2.2421153
80.615814 -2.2708395
71.02958 -2.3116827
62.48697 -2.3508418
54.032116 -2.3761132
45.66665 -2.4186487
37.890797 -2.4830327
30.650684 -2.5834143
24.223808 -2.7072136
18.6762 -2.8721738
15.015938 -3.0780432
11.401155 2.87099
16.16181 2.9832745
24.97071 -3.1041915
30.942373 -3.0141273
37.54867 -2.9285069
45.226433 -2.857696
53.146748 -2.8177767
61.026615 -2.792227
69.931274 -2.7775989
78.24817 -2.7526495
86.633095 -2.729891
96.199005 -2.7064579
105.828186 -2.6929576
115.19404 -2.683964
124.14797 -2.683516
131.92659 -2.6874635
140.3388 -2.690773
149.17014 -2.691537
157.41264 -2.6887136
164.87979 -2.6787887
173.18254 -2.6702828
181.3485 -2.6669164
189.59108 -2.665636
196.75067 -2.6615348
203.07492 -2.665287
209.34244 -2.6699457
215.13878 -2.6784613
220.97787 -2.6865466
226.77843 -2.694186
233.98515 -2.6994314
240.14781 -2.7025325
245.84447 -2.7042964
251.90639 -2.706763
258.16473 -2.709512
265.11572 -2.7133026
272.3087 -2.7172902
278.4253 -2.7232616
283.7382 -2.7267456
289.01462 -2.7310042
295.25882 -2.7365131
302.42276 -2.7466488
308.87613 -2.7553425
315.3349 -2.7662067
320.80325 -2.7737567
326.76718 -2.7840471
332.37167 -2.79273
337.91522 -2.7994852
343.23953 -2.8080864
347.8788 -2.8157365
354.81705 -2.8282628
361.345 -2.8449671
368.07053 -2.85975
372.11124 -2.8677223
376.19925 -2.8810258
379.067 -2.893955
380.14252 -2.9075592
380.9627 -2.921496
380.87878 -2.9348269
378.58304 -2.945089
372.68674 -2.9563003
363.00076 -2.9681318
353.8641 -2.985761
348.5061 -2.9977174
341.93967 -3.0088162
333.68307 -3.0185459
326.24622 -3.028099
317.27786 -3.0343418
308.02017 -3.0409
297.69482 -3.050887
288.5864 -3.0639687
275.5157 -3.0790622
263.0666 -3.0922885
251.74113 -3.1029878
238.93614 -3.1164854
225.82181 -3.1251657
214.87613 -3.1335804
202.04352 3.1401415
189.18997 3.1348565
176.22438 3.123013
163.47562 3.1156337
150.32442 3.1065173
136.33511 3.095519
124.093704 3.088827
112.14796 3.0742724
100.332306 3.0663302
88.373726 3.0477881
76.55508 3.0200944
65.64033 2.9802954
55.031445 2.9303086
44.51995 2.8623571
35.810703 2.7838285
28.411604 2.6844602
22.211626 2.5416694
17.606932 2.2881894
14.631133 1.9595431
13.553644 1.5249915
13.553644 1.5249915
11.991817 -2.850005
13.339917 -2.2141447
16.617048 -1.8607635
4.2271304 -1.7704161
1.6272796 1.8826963
1.6272796 1.8826963
