Stilus
8
349.26056 2.4734359
344.81192 2.4697526
338.12234 2.4617167
333.4737 2.4542732
328.0841 2.4454596
323.61227 2.4379117
319.78644 2.4318416
314.46323 2.4214416
310.77298 2.4023073
306.8413 2.3824356
302.61295 2.3589776
297.70285 2.3424392
293.4702 2.3233957
291.51727 2.3008854
288.66287 2.2783072
284.9347 2.2573538
282.50537 2.2363732
282.68884 2.2092774
284.31186 2.1918886
288.44406 2.164956
292.9353 2.1383734
294.8845 2.1221578
299.20288 2.101622
304.1561 2.0770378
309.3127 2.0531406
313.02515 2.0427942
315.9589 2.0315554
317.58963 2.0125422
317.40323 1.9884841
315.36133 1.9637727
313.04434 1.936695
311.29083 1.9216992
309.65128 1.9069363
307.6923 1.8882117
305.88574 1.8697124
304.1641 1.8507597
301.80682 1.8323891
299.3531 1.8139671
295.43512 1.7990882
291.42883 1.7847542
286.68295 1.7740784
281.03995 1.7601186
275.20316 1.7456844
270.21277 1.7302036
266.26318 1.713529
261.8763 1.6968063
257.31122 1.6794711
248.6528 1.6549127
243.5516 1.647703
239.3409 1.637391
230.99608 1.6127973
227.4272 1.5927558
226.37315 1.5704427
226.45999 1.543099
229.43341 1.5216498
238.25932 1.5025002
243.41919 1.4925826
248.77617 1.4780569
253.36736 1.463894
259.5014 1.4354533
266.413 1.4086132
273.2033 1.3933448
282.09976 1.3782403
290.73264 1.353252
295.55084 1.3422606
298.65778 1.3308702
301.57144 1.3195617
304.02563 1.3046432
306.31955 1.2899705
308.412 1.2757438
309.90182 1.2628059
312.39053 1.2486295
315.01575 1.2245306
316.8877 1.1997175
317.72665 1.176289
316.94873 1.1526136
313.7421 1.1229525
308.3594 1.0926856
304.54895 1.0676239
300.06082 1.0401175
296.94766 1.0253657
294.2382 1.0076396
288.88303 0.97932637
285.66522 0.95134217
286.5805 0.92340803
287.74582 0.8914187
289.19363 0.8730715
291.39023 0.84328806
293.84653 0.82886016
297.19153 0.8118058
300.63367 0.79504895
304.69968 0.78043175
308.43686 0.76850504
312.04227 0.7573942
315.51584 0.74703556
319.2106 0.736369
322.92685 0.7259862
327.44058 0.71381456
332.59137 0.70441306
336.44174 0.6947266
339.71106 0.6867335
343.39734 0.6779639
348.7638 0.659215
351.3386 0.64639
354.14072 0.6334338
356.99362 0.6207131
359.94208 0.60805166
361.86932 0.59504646
365.67065 0.57094
369.7755 0.5479627
372.77182 0.52569646
373.3862 0.50032467
373.00372 0.4859443
371.46463 0.47203884
369.4364 0.45968428
367.33652 0.44799876
365.2358 0.43587774
361.8234 0.42195827
357.79272 0.40863383
353.62 0.3953561
349.77524 0.3837034
345.42667 0.37333718
341.1499 0.3655811
336.5825 0.3548976
332.7572 0.34315476
328.039 0.32975915
323.33054 0.3153549
318.93314 0.30328003
314.80457 0.29317582
306.87515 0.27462363
302.67694 0.26149067
298.51648 0.2479071
294.65436 0.23373932
291.2658 0.21790661
286.71408 0.1929976
283.0764 0.16672644
279.74222 0.13614677
279.02393 0.11585075
279.38885 0.09411777
279.69955 0.07521889
283.25626 0.049490876
288.7039 0.018258674
291.63278 0.001042253
294.92813 -0.016015038
297.70343 -0.029852064
300.16922 -0.04321418
303.13602 -0.056028605
307.8231 -0.07796333
311.75513 -0.10270335
314.75342 -0.1296965
315.3295 -0.1430227
316.43896 -0.16560186
313.93283 -0.18882884
308.2874 -0.20891713
300.6125 -0.23134543
292.90375 -0.25243002
287.91492 -0.2713123
281.5895 -0.29231653
276.6887 -0.30520228
272.53796 -0.31772813
267.87177 -0.32744727
263.5873 -0.33790317
259.71127 -0.35032234
256.42596 -0.3633557
252.11685 -0.37414873
248.11154 -0.38475415
244.2456 -0.39229286
239.95738 -0.40308687
235.95566 -0.4150461
232.92406 -0.4301995
230.14647 -0.44536698
227.00308 -0.47659716
225.24898 -0.5199529
225.92578 -0.5423071
226.45992 -0.5631147
230.08568 -0.58942664
236.50052 -0.6160257
240.81755 -0.6339466
244.60199 -0.6479748
248.57123 -0.6623055
255.29448 -0.68160456
262.59894 -0.7035219
267.09457 -0.71746826
271.29706 -0.729538
276.46494 -0.74083066
280.07306 -0.7495866
283.54156 -0.7575118
291.2186 -0.7789755
295.46967 -0.7934435
299.21152 -0.8056763
302.83005 -0.81708795
305.76627 -0.82606304
308.05023 -0.83724964
310.22385 -0.8596713
311.12408 -0.8861695
310.95795 -0.9022479
307.8658 -0.931232
305.88104 -0.9454501
304.22003 -0.95887375
299.88837 -0.98119086
297.1523 -0.9950994
294.5864 -1.0086617
291.95276 -1.0231493
290.43115 -1.036957
288.12665 -1.0522839
286.37128 -1.0776752
284.3587 -1.1046122
282.6671 -1.133087
282.51187 -1.1511267
282.64163 -1.1675026
282.5761 -1.186757
282.97195 -1.2026685
283.1694 -1.2208886
283.6341 -1.2372508
284.251 -1.2528807
287.65656 -1.2821851
290.66644 -1.2960026
294.43787 -1.3100774
298.5533 -1.3242055
302.69702 -1.3378412
306.31332 -1.3481121
313.28592 -1.3662041
321.08142 -1.3838896
324.7056 -1.3953767
331.7913 -1.4144601
337.84253 -1.4352113
342.14304 -1.4574804
345.33823 -1.4811354
347.86975 -1.5077537
350.22934 -1.5310078
353.2117 -1.5561959
353.1754 -1.5680364
353.1969 -1.5821629
352.5172 -1.5957338
351.6734 -1.6100521
350.6808 -1.6244372
350.0007 -1.6394066
347.9204 -1.65645
345.3963 -1.6716211
341.89218 -1.6850348
337.77005 -1.7013552
333.23938 -1.7176007
328.95395 -1.7325224
325.86023 -1.7496264
322.08496 -1.7667229
317.8282 -1.7829398
313.1091 -1.7992227
308.16577 -1.8164428
304.08807 -1.8299525
300.79636 -1.8431474
298.05145 -1.8597305
293.1588 -1.8861095
291.58035 -1.902365
288.66766 -1.9353144
287.70615 -1.9665103
287.43594 -1.982059
288.68353 -2.0103161
289.73636 -2.023936
291.7455 -2.0397687
293.47702 -2.0585978
295.90015 -2.0738146
298.32465 -2.0883923
300.42496 -2.1005418
303.4587 -2.1284363
305.2239 -2.145144
306.93082 -2.1640782
308.09866 -2.1810112
308.92078 -2.1959112
309.67358 -2.2102244
310.28946 -2.238071
307.99832 -2.2648475
305.661 -2.2797902
303.2098 -2.2955024
299.44046 -2.3111544
297.13593 -2.3240511
291.37277 -2.3427634
286.5572 -2.354324
282.39362 -2.364068
277.4253 -2.3772173
273.333 -2.392962
268.7283 -2.4073975
259.93286 -2.4337275
255.92622 -2.4508033
251.50204 -2.4723659
247.84355 -2.491254
244.86984 -2.512643
242.02231 -2.530721
238.77048 -2.55045
236.53159 -2.570534
234.54317 -2.5940108
233.52815 -2.6421359
238.20708 -2.6822755
241.14755 -2.6975095
244.4066 -2.7173104
248.16641 -2.7329392
252.36314 -2.7518306
256.85107 -2.7716844
262.30725 -2.7918055
266.97964 -2.8101747
271.01288 -2.8270528
274.82074 -2.8399794
278.9923 -2.8558862
283.70486 -2.8717465
288.79242 -2.8865447
293.3199 -2.8984385
297.69006 -2.908959
301.88638 -2.919055
305.36908 -2.9316819
308.79858 -2.962913
309.7965 -2.982291
310.88733 -3.0024757
311.2204 -3.0187428
310.965 -3.0324175
309.7626 -3.0471025
308.29163 -3.0639138
306.89075 -3.0824296
303.81656 -3.1016839
301.41135 -3.1212776
299.36063 -3.1352258
297.38504 3.1312835
295.4901 3.11159
293.7403 3.0910394
293.17667 3.066984
293.4581 3.046591
294.08725 3.0262995
294.83755 3.006087
297.72617 2.9810913
300.1027 2.955227
303.2294 2.9365351
307.64545 2.916728
312.1712 2.8971179
317.8135 2.875638
323.88138 2.8549173
328.818 2.8365228
333.75113 2.8199065
338.87518 2.8030548
344.38193 2.784149
349.36703 2.7648442
353.92532 2.7479649
358.47968 2.7321396
363.17807 2.7165468
367.22214 2.700571
370.25238 2.6835392
372.71375 2.6658328
374.62167 2.6503048
375.73752 2.6337683
376.08386 2.6160989
375.39755 2.5994596
374.2014 2.584251
372.87637 2.5661929
370.8988 2.549743
368.22034 2.5316863
363.9824 2.515943
359.07178 2.5017786
353.52786 2.4900558
347.78058 2.4773915
341.69586 2.4633734
336.22153 2.447542
330.77844 2.4285254
330.77844 2.4285254
