Finger
8
299.2033 1.4318208
296.75522 1.3878361
295.16162 1.3472502
295.1119 1.3156517
294.13586 1.2893063
293.9482 1.2677792
294.60098 1.249902
294.73273 1.2356306
294.58206 1.2094424
294.26233 1.1842556
294.2211 1.1584913
293.47043 1.1312704
292.93842 1.1037567
293.22897 1.0853214
292.808 1.067949
292.46017 1.0477047
292.34583 1.0164688
293.2877 0.98614067
293.92468 0.9587615
294.56857 0.94278276
295.82382 0.9206216
294.89972 0.8880858
294.72086 0.86012214
295.05484 0.8407178
296.477 0.821119
296.7682 0.8034056
297.45303 0.7715017
298.14703 0.75172704
298.09976 0.7255658
298.69595 0.6928885
299.62878 0.6638111
300.30447 0.63378215
300.30444 0.60505
300.1585 0.5804883
299.02805 0.55609494
298.14847 0.5304381
297.50323 0.5076797
297.79282 0.4812029
298.934 0.4529706
300.07318 0.42172056
299.82773 0.39310795
300.17554 0.37823325
299.65695 0.3645609
300.33008 0.34177333
301.13583 0.31688643
301.40573 0.29987997
301.1519 0.28568998
301.18903 0.26147264
301.401 0.23729956
301.16718 0.21656494
301.88776 0.19562235
302.7478 0.17493209
302.63 0.15231946
302.00513 0.13819018
301.26886 0.11933924
299.70334 0.10259603
299.1497 0.0826961
298.83926 0.06903816
298.45065 0.046548624
297.20874 0.023222899
296.12985 -4.1572275E-4
295.19632 -0.021022549
295.37512 -0.040651552
294.6823 -0.06110687
294.2154 -0.08578017
293.03186 -0.1066573
293.47156 -0.12624271
293.18774 -0.14437726
293.0911 -0.16441388
293.98877 -0.18189721
293.37866 -0.20657599
293.46725 -0.22389458
293.14337 -0.245215
293.6334 -0.2650718
294.08298 -0.28587955
294.38257 -0.30098516
296.17792 -0.3199357
297.50595 -0.34326375
298.20395 -0.3666593
297.72348 -0.38974875
296.7867 -0.41672263
296.45337 -0.4324402
296.26602 -0.45466888
296.38892 -0.47714713
296.5467 -0.4988324
296.58405 -0.51987636
295.95383 -0.542872
296.7957 -0.5617458
296.05612 -0.58748865
294.37592 -0.61503386
292.58847 -0.6457477
293.38882 -0.67285067
293.32785 -0.6995084
294.2167 -0.7238263
294.03363 -0.74727577
294.40875 -0.7695225
293.28867 -0.79348654
292.75543 -0.8199904
292.42105 -0.84666723
291.5287 -0.87120336
290.815 -0.8958402
291.35733 -0.9157151
290.50934 -0.94255453
290.18274 -0.9680009
290.1654 -0.992796
289.673 -1.0162185
289.65173 -1.0363176
289.74435 -1.0564309
289.61523 -1.078699
289.27713 -1.1016027
288.41794 -1.1233138
288.92215 -1.1440768
289.33963 -1.1665457
289.8167 -1.1896629
291.6502 -1.2113066
292.1748 -1.2366865
292.1613 -1.2582045
292.50235 -1.2801096
292.76843 -1.3016657
293.16876 -1.3231944
293.26804 -1.3477869
292.58078 -1.3751235
292.5076 -1.3994626
292.5019 -1.4209486
292.56128 -1.4442883
292.75745 -1.4683493
292.1846 -1.4896219
291.7596 -1.5101079
292.45648 -1.5307212
293.32242 -1.5444913
295.22433 -1.5649912
296.2615 -1.5878237
296.46313 -1.6114193
296.89505 -1.6383159
297.44913 -1.6617901
298.27856 -1.6883913
298.77448 -1.7016919
299.00027 -1.7252543
299.80167 -1.7458596
301.05594 -1.7680271
301.57816 -1.7886809
302.13867 -1.8112967
302.6978 -1.834655
302.39606 -1.8554978
303.18524 -1.8754476
301.77005 -1.8919967
300.9558 -1.9135844
301.5272 -1.930503
300.82224 -1.9500077
301.38403 -1.9720105
301.54214 -1.9977607
301.34506 -2.0273848
300.4561 -2.043782
299.64822 -2.0602539
298.77652 -2.0962555
297.76215 -2.129538
296.64944 -2.160905
295.7532 -2.190752
295.0805 -2.2217872
294.20874 -2.2509696
293.4313 -2.279751
292.908 -2.3085744
292.62268 -2.3375356
291.87387 -2.3640988
292.05933 -2.393156
291.767 -2.429091
292.024 -2.4654377
293.72974 -2.496826
295.041 -2.525314
295.59735 -2.5584753
296.69858 -2.5967555
297.02502 -2.6162162
298.22885 -2.6346724
300.63712 -2.6691914
302.07986 -2.7048066
302.81506 -2.723082
303.49988 -2.742966
303.36887 -2.763332
303.69687 -2.7785084
305.05777 -2.8047688
305.2801 -2.8359997
305.57318 -2.8527637
305.3533 -2.8668003
304.25998 -2.8828552
303.9897 -2.8995852
303.90375 -2.9265544
303.35718 -2.955638
303.59262 -2.9698462
303.7598 -2.9867346
304.0483 -3.0027788
304.48703 -3.0168836
305.65472 -3.0337176
306.26453 -3.0472136
308.53415 -3.077119
309.24823 -3.0925863
309.30533 -3.1063817
309.1699 -3.1225119
309.89127 -3.137981
310.89883 3.131648
311.98898 3.1156545
312.37173 3.1006436
313.57452 3.0870726
313.81824 3.0743296
313.4647 3.0485854
312.9463 3.0332425
312.43823 3.0194983
311.96146 3.0063686
311.30112 2.9774346
311.0248 2.9637158
310.96472 2.9473803
310.19284 2.9310014
309.15546 2.9163334
308.13016 2.902219
307.22958 2.8745942
307.31946 2.8475838
307.08835 2.8200812
306.54993 2.7953486
305.8406 2.7736528
304.97427 2.7540784
305.1726 2.733815
305.07004 2.712194
304.95047 2.697528
304.10208 2.6734452
303.01093 2.6463947
302.34897 2.621689
301.9451 2.5978708
301.7145 2.5740278
301.6582 2.5502045
302.8493 2.5256305
303.91464 2.4996371
302.50748 2.4786525
300.98734 2.4490342
300.25357 2.4251728
300.37756 2.399733
300.15686 2.3761961
300.08798 2.3527822
300.92755 2.3269238
299.45905 2.3007786
298.64127 2.2721624
298.89163 2.2521899
298.5755 2.2292833
298.7532 2.2079477
298.4904 2.1839037
298.67358 2.155028
299.43344 2.1217153
298.78952 2.0919523
298.41122 2.0620816
297.85626 2.0292296
297.48517 2.0114293
297.6251 1.9961842
298.1053 1.9660808
298.8472 1.9363526
298.97437 1.9184349
299.20557 1.9003351
298.5578 1.8807824
298.76608 1.8631033
299.28998 1.8451096
299.90808 1.8273054
300.80588 1.812027
301.64606 1.7952474
301.55374 1.7783054
302.5324 1.7606533
302.44214 1.7406065
302.62006 1.7238965
302.12726 1.7073159
302.47937 1.6904858
302.69427 1.6738585
302.3717 1.6544398
301.92453 1.6343703
301.64667 1.6177226
302.2528 1.6036775
303.09076 1.587366
303.3131 1.5713893
303.36865 1.5516489
303.5825 1.5286605
303.95743 1.5056709
303.49612 1.482499
302.43604 1.4589074
301.41788 1.4324787
299.8961 1.4049269
298.37946 1.376891
297.04013 1.3457899
295.52432 1.313179
292.00714 1.2673352
287.34232 1.2250563
287.34232 1.2250563
