Mouse
9
172.15683 2.5395105
172.02234 2.5104654
169.22723 2.4834867
167.19458 2.4509945
165.34267 2.4177387
162.20143 2.357859
160.14827 2.3269687
161.07509 2.296376
163.0587 2.2535937
166.96756 2.2346978
170.1358 2.22021
174.14424 2.2028468
177.38725 2.189524
181.23196 2.1812174
188.12923 2.1685998
194.77922 2.1639934
199.4937 2.1541388
203.68546 2.1406171
207.59709 2.1342783
210.98952 2.1241517
214.4029 2.1143467
217.3289 2.1008894
218.34383 2.0718658
218.63821 2.0349884
219.58508 2.0125816
219.57393 1.9677244
221.41565 1.9399107
223.42574 1.9125766
226.24428 1.8801776
228.89172 1.8582094
230.68239 1.8378928
233.7821 1.8209987
234.77013 1.8023809
236.40308 1.7747619
238.04001 1.7434068
239.0616 1.7172416
239.50235 1.700109
240.01314 1.6830443
241.58899 1.6656634
243.23686 1.6485127
244.84193 1.6234442
246.5333 1.5865533
246.51176 1.5622144
246.57854 1.5459921
246.71014 1.5297831
245.96758 1.5093042
243.33554 1.488036
240.9223 1.4621848
239.66422 1.4363898
236.11012 1.3957669
233.10968 1.3716551
228.74796 1.3184386
225.79684 1.2828827
222.56172 1.226532
221.30142 1.1906488
219.32478 1.1423737
217.85202 1.1138648
216.55861 1.0849918
214.46982 1.0639123
211.26334 1.0335674
207.18741 1.0104519
204.89769 0.99180716
200.20862 0.96431094
197.29147 0.9415344
193.18393 0.8931718
189.83798 0.8651453
185.84431 0.82492983
182.8785 0.79462826
179.39612 0.75933003
178.14435 0.7353131
175.69815 0.70234513
173.91678 0.6810729
172.59406 0.6431119
172.34732 0.6013227
171.24846 0.57063496
171.17155 0.53657895
170.9039 0.510478
173.39981 0.46336347
175.3557 0.4199973
177.07771 0.38499716
180.22171 0.3364771
182.4466 0.30336398
188.92802 0.24869537
193.61601 0.21603209
199.9424 0.16835585
205.96007 0.13393413
209.55301 0.11719644
215.9978 0.09041426
222.5885 0.06520088
231.207 0.02812866
235.12035 0.0063911774
243.17767 -0.022608088
248.38177 -0.046305425
257.93127 -0.07955201
262.35745 -0.09733904
271.3176 -0.12749246
276.10168 -0.14720646
284.1139 -0.1679657
286.7772 -0.18055193
290.8553 -0.19899428
293.62775 -0.21100195
297.86392 -0.22859012
298.79575 -0.24162932
302.22067 -0.25932303
304.50372 -0.2743526
308.67935 -0.2975469
311.13364 -0.31196925
316.84348 -0.3360995
319.46674 -0.34984297
322.50613 -0.3662583
324.33035 -0.38065267
326.9956 -0.40052873
328.57587 -0.4117392
330.60867 -0.42559934
332.2801 -0.4365637
332.62527 -0.45272887
333.5001 -0.46482643
334.04282 -0.48758626
335.53738 -0.502148
337.22818 -0.523199
337.52383 -0.5364257
339.45523 -0.5571632
339.902 -0.57026315
340.68115 -0.5898432
341.27286 -0.60284364
342.26807 -0.62225455
343.80835 -0.63340384
345.005 -0.6525693
345.87277 -0.66526955
347.42407 -0.68014616
348.04495 -0.7048205
349.04666 -0.7213014
350.1426 -0.7376835
349.91843 -0.753832
349.78558 -0.769997
346.91757 -0.7820998
344.80264 -0.7923334
342.72427 -0.80269223
340.68314 -0.81317633
338.00125 -0.8259564
335.37546 -0.8389388
332.05502 -0.850141
328.1267 -0.86388075
323.62405 -0.8803283
320.46274 -0.89235723
314.89252 -0.91461104
311.26822 -0.9298845
305.97195 -0.95346385
301.71417 -0.96776164
295.02945 -0.9890434
291.46906 -1.0014911
286.38153 -1.0231392
282.44113 -1.0394329
277.98907 -1.0673479
274.68036 -1.089672
271.53308 -1.1207635
270.72363 -1.1356751
269.5684 -1.1540595
270.51154 -1.1837115
271.10715 -1.2083852
271.59555 -1.2247678
272.4642 -1.2492207
272.83435 -1.2689255
273.18762 -1.303652
273.12735 -1.3187449
273.12933 -1.3338408
273.1935 -1.3489332
272.34128 -1.3632611
272.52676 -1.3783803
271.61496 -1.3964499
270.94974 -1.4109895
270.05994 -1.4329255
268.97083 -1.466075
268.4942 -1.4845964
267.98233 -1.5106235
267.72815 -1.5292664
266.52908 -1.5553545
266.49734 -1.5703628
265.52573 -1.5854262
265.64594 -1.6042473
264.9158 -1.6270115
265.17062 -1.6420729
264.86526 -1.6724738
264.67526 -1.6991714
265.32144 -1.7407839
265.6141 -1.7673981
265.44666 -1.7829133
265.79245 -1.821287
266.25098 -1.8561467
266.45132 -1.8717476
267.66232 -1.8978349
267.42862 -1.9179443
267.88055 -1.9332563
268.39505 -1.948513
270.13464 -1.9739674
270.81476 -1.9890027
273.69217 -2.0205414
275.4619 -2.0417368
277.9066 -2.0738673
280.84848 -2.0925853
285.64062 -2.127723
287.1802 -2.1491413
289.38614 -2.160716
291.94553 -2.1797009
295.19656 -2.2010913
297.78497 -2.224042
300.06464 -2.2393003
303.18906 -2.2522423
304.95496 -2.2644954
306.65692 -2.2812028
310.44534 -2.3049421
313.71832 -2.32578
317.8176 -2.3528755
320.0078 -2.3772058
321.03906 -2.4057903
320.61685 -2.4213197
320.00525 -2.452482
319.19354 -2.4705493
318.47882 -2.5044022
317.38928 -2.5252218
315.59827 -2.5558228
315.92618 -2.5716236
314.76437 -2.5954921
313.92163 -2.612413
311.8077 -2.6306436
311.62827 -2.6449788
311.5129 -2.6593277
311.46176 -2.6736841
312.37402 -2.6894453
315.25168 -2.714883
316.36487 -2.7303183
317.55286 -2.7456415
317.8867 -2.7596781
316.05728 -2.7743587
313.0136 -2.791103
310.71973 -2.802089
305.9283 -2.8173168
302.7745 -2.827735
298.107 -2.8437724
295.03906 -2.8547442
290.5055 -2.871633
285.5972 -2.8813963
277.8099 -2.903669
274.94473 -2.9160936
270.72864 -2.9352186
267.97433 -2.9482996
265.08972 -2.9653614
262.28394 -2.9827936
257.304 -3.0072005
250.60692 -3.02772
246.10606 -3.0460591
236.49075 -3.0761073
229.0917 -3.1048594
224.7886 -3.1227956
218.40349 3.1268892
212.50784 3.0876756
210.76624 3.068212
205.54137 3.0272436
200.67078 2.9841359
199.36835 2.9627461
195.63347 2.9280121
192.86942 2.8982766
187.95348 2.8531423
184.68701 2.8194802
181.05421 2.777542
178.81514 2.7486699
178.4666 2.711167
177.47656 2.6836278
175.33029 2.6454313
173.80142 2.6142304
170.75247 2.5762947
170.43478 2.5470433
168.43224 2.5024836
168.17888 2.4560988
167.62135 2.4141119
167.62135 2.4141119
