Finger
12
364.37057 2.4393222
357.9609 2.4203606
355.335 2.41095
352.513 2.4028623
349.5539 2.395125
345.76596 2.384943
338.90744 2.372989
335.22482 2.3632302
331.10645 2.3542035
324.09393 2.3411021
316.372 2.3295436
311.51474 2.3223479
306.6694 2.314919
301.36658 2.3054564
295.7814 2.2984922
290.76654 2.2907546
281.7533 2.281123
276.4215 2.275217
271.03397 2.2631357
264.92728 2.252976
260.26337 2.2429795
255.23457 2.237188
245.80066 2.2261298
235.40671 2.2173338
225.82759 2.199512
220.7278 2.188606
216.016 2.175819
211.24915 2.1682444
202.68329 2.1495838
193.34218 2.132006
182.99776 2.1111104
177.09871 2.0987628
171.49323 2.0889745
166.00246 2.0799165
157.16605 2.0604591
149.13213 2.0441701
139.39868 2.0292895
127.91276 2.006206
117.6137 1.9789674
112.44006 1.9623357
103.05688 1.9450649
98.59802 1.9410198
92.19671 1.9333559
86.755806 1.9322821
82.39059 1.9364969
78.01416 1.9335984
69.48918 1.9341291
61.54898 1.9138526
51.989246 1.8981782
47.33052 1.8869666
42.667862 1.8542348
33.85634 1.8005822
25.255854 1.7186378
21.04754 1.6525899
16.019197 1.6019739
9.013722 1.5153646
5.215394 0.6101862
7.71556 -0.29399207
13.788451 -0.6164928
21.419632 -0.71012
26.331778 -0.7512441
34.24672 -0.7846011
41.93508 -0.83169806
49.79608 -0.8668568
57.149395 -0.8840558
65.698326 -0.911978
74.46741 -0.9352286
83.56732 -0.92940456
92.73732 -0.92278874
101.329216 -0.92516065
111.05461 -0.943499
119.8792 -0.9556565
128.71138 -0.96613705
137.59125 -0.9753051
147.26768 -0.987082
156.11307 -0.9939258
160.56581 -0.9970839
165.02332 -1.0000737
169.47644 -1.0029025
179.00552 -1.0103977
184.2928 -1.0156144
188.44757 -1.0229679
193.33421 -1.0309428
201.63182 -1.0396036
209.53506 -1.0507051
216.24937 -1.0618544
220.40169 -1.072336
224.58066 -1.0773939
228.12714 -1.0857354
234.82362 -1.0959307
241.01898 -1.1091014
247.33653 -1.1217706
254.57066 -1.135419
261.84024 -1.1482949
268.038 -1.1627294
275.1633 -1.1738979
282.2584 -1.1872923
285.89432 -1.1933403
293.00262 -1.206591
300.12634 -1.2191708
306.4461 -1.2293807
312.61206 -1.2405477
316.1738 -1.2469438
319.90002 -1.251637
326.00897 -1.2635009
332.3105 -1.2733977
337.70364 -1.2844603
342.66986 -1.2974457
346.03568 -1.3058394
351.99536 -1.3169696
357.0623 -1.3321804
362.02786 -1.3461633
365.88852 -1.3619028
369.5959 -1.3805512
373.39532 -1.3994884
375.37973 -1.416571
378.50156 -1.4332566
381.78113 -1.4482236
384.52698 -1.4595845
387.655 -1.4760145
389.14282 -1.4912245
390.64252 -1.5094618
392.26578 -1.528176
393.2892 -1.5435108
394.93298 -1.558817
396.14566 -1.5758923
396.26724 -1.5960906
396.50504 -1.6136812
396.00244 -1.6269758
393.4661 -1.645148
389.77988 -1.6590102
386.46255 -1.6744049
383.06476 -1.6890901
380.68033 -1.7024597
378.29587 -1.714555
374.10913 -1.729681
369.83923 -1.7424812
363.89432 -1.7564805
358.78995 -1.770477
351.56317 -1.783375
344.4277 -1.7967395
337.32593 -1.8107433
330.32236 -1.8252693
323.3609 -1.8405063
315.54767 -1.8572179
311.09927 -1.8622347
307.0032 -1.8662395
302.7913 -1.8764699
298.53354 -1.8845665
294.58035 -1.889793
290.1552 -1.8984675
285.72586 -1.9064376
280.3352 -1.9141805
275.7594 -1.9239771
270.64307 -1.9339244
266.06644 -1.9414648
262.14383 -1.9472867
257.47357 -1.9544681
253.45169 -1.9651465
249.83852 -1.9744554
245.34483 -1.9833766
240.98677 -1.991306
237.46686 -2.0013926
230.3202 -2.0169156
226.71059 -2.0245445
218.66014 -2.0425801
214.91493 -2.05674
210.64992 -2.0715714
206.42297 -2.0841427
202.92526 -2.0938869
195.52293 -2.109897
191.2785 -2.1232245
187.25783 -2.1365154
183.12843 -2.1443925
178.39246 -2.1549144
171.19928 -2.1758432
163.09119 -2.1897697
154.249 -2.1987636
144.85823 -2.2032752
135.47487 -2.208407
128.28459 -2.2111976
120.88677 -2.2155502
113.68779 -2.2301977
106.31137 -2.2364063
98.56236 -2.2468245
90.72785 -2.2453141
82.14281 -2.2357078
72.33482 -2.2366445
62.981186 -2.2526662
57.984577 -2.256011
47.90969 -2.2940373
38.09916 -2.3197978
27.318443 -2.376947
16.963997 -2.4414263
7.5907154 -2.7424002
5.0735626 2.7792892
6.6527324 1.9948772
10.905513 1.7086037
15.807879 1.6181468
19.997484 1.5592636
24.064222 1.5188807
28.122066 1.490734
32.200462 1.4696501
40.65525 1.39189
49.318546 1.3408692
57.082165 1.3006542
65.86621 1.2746102
72.81306 1.2461219
81.67797 1.2309769
90.536736 1.2188255
94.988304 1.2135805
102.947365 1.2009801
110.92033 1.1901892
120.12612 1.1781541
129.50804 1.164451
139.65228 1.141088
147.41296 1.1279519
155.89163 1.1182084
165.01598 1.1115316
173.73573 1.1042734
182.82234 1.087921
192.11444 1.0661702
200.76857 1.0501251
208.97787 1.0394715
217.82663 1.0314807
226.78554 1.0191804
236.1178 1.0036392
244.23415 0.98964757
251.90497 0.97763485
259.37296 0.96442705
266.6746 0.95140386
271.9949 0.94291025
280.78662 0.9302736
288.77197 0.9163987
295.44513 0.9037732
302.59506 0.889851
306.7152 0.87983626
310.77597 0.87282795
314.32352 0.86565185
321.06296 0.850723
324.4631 0.8434766
330.92303 0.82955563
334.67865 0.818513
338.82767 0.80978507
342.83008 0.8006957
345.8157 0.7929058
350.9372 0.77820045
355.76367 0.76491445
360.8481 0.75147617
366.166 0.7379909
369.91376 0.7197988
372.4818 0.7093768
375.67572 0.6977209
380.47574 0.67792296
383.16916 0.66898495
385.70825 0.6604683
388.26898 0.65209526
392.85715 0.6337366
394.7789 0.61769533
395.60446 0.59857154
396.4266 0.57894915
398.10913 0.55757374
399.38565 0.5387965
399.30795 0.5186739
397.87802 0.5005615
396.33603 0.4826533
394.91754 0.4645883
393.0497 0.44919822
389.75803 0.43134752
386.8831 0.4149076
383.4669 0.3990494
379.61554 0.3833635
373.84045 0.3715181
368.39148 0.35774124
362.4938 0.34326226
356.08798 0.3258783
350.33234 0.31259495
344.50183 0.29758963
339.843 0.28255296
334.16074 0.26652494
328.51627 0.24919537
321.0397 0.23272859
312.3286 0.22199914
305.13263 0.21053667
298.25623 0.19836691
291.54904 0.1829752
285.46423 0.16823381
277.03714 0.15508994
270.09256 0.14037731
263.49945 0.12480632
257.32962 0.11213073
250.95457 0.0989832
242.63963 0.08586119
234.34444 0.07176625
226.12923 0.056697197
217.94739 0.040450983
209.87845 0.026426246
201.79536 0.009010425
193.8063 -0.0060709165
185.85257 -0.017050039
178.8907 -0.028939756
170.98125 -0.041959845
163.13562 -0.056128018
159.15732 -0.059363753
155.20769 -0.06549355
151.2233 -0.06910409
143.35286 -0.07989531
135.37234 -0.08461628
127.49486 -0.09773047
119.54226 -0.104254946
111.60728 -0.111697145
103.791245 -0.12985061
95.88256 -0.14062949
91.9195 -0.14673561
85.002396 -0.15877372
79.092 -0.17075107
72.22441 -0.1871709
66.33621 -0.20400916
59.24365 -0.22884375
52.473198 -0.2393583
45.712303 -0.27561992
38.090935 -0.33269873
31.621296 -0.4043437
27.949617 -0.46128324
21.083303 -0.6311269
17.001747 -0.8844269
15.300115 -1.2336429
15.468159 -1.6333276
16.92601 -1.9932564
20.98139 -2.314758
26.004633 -2.5059924
31.02605 -2.6207867
37.51206 -2.7174432
44.632984 -2.7884097
52.212746 -2.841432
58.941395 -2.8765817
65.70703 -2.9044247
73.494705 -2.9299614
81.3255 -2.950605
88.992874 -2.9786265
96.90282 -2.9920337
104.68514 -3.012857
112.537224 -3.0283952
120.448456 -3.0381248
128.28734 -3.0522912
136.17525 -3.064838
144.03896 -3.0810456
152.6413 -3.0928044
156.97562 -3.0941525
164.93843 -3.1025078
172.85976 -3.1144557
180.82008 -3.1225266
188.79173 -3.1286254
197.7562 -3.1380613
205.74393 3.1352863
213.78572 3.1249993
221.8447 3.1087024
226.90068 3.1006396
231.73935 3.092845
236.0249 3.0894978
244.23543 3.0748634
251.50537 3.0608552
259.98776 3.0403779
265.09198 3.0281625
270.57846 3.0154781
275.28986 3.0030637
280.81345 2.9914043
286.25906 2.9766648
291.9811 2.9634807
297.67465 2.9523714
304.56052 2.9399092
310.25555 2.9305274
316.34464 2.919489
321.23108 2.9092073
326.2856 2.8971405
331.15167 2.888332
339.25568 2.870146
347.9655 2.8531547
358.2065 2.8354802
362.47192 2.8255918
366.6799 2.8170373
370.11627 2.808736
373.3289 2.800351
379.84073 2.783985
386.08963 2.7651234
391.64365 2.7487047
394.3303 2.7387607
396.29703 2.7290297
398.83307 2.720824
402.1711 2.7026446
405.94302 2.6832528
406.95184 2.6727924
407.89035 2.6629257
409.88098 2.643354
411.64816 2.6255972
411.4288 2.6083817
410.57822 2.5929708
407.90976 2.5723379
404.9988 2.5551777
401.66934 2.5376375
398.2591 2.5194454
395.38934 2.507966
391.57043 2.4967377
387.02975 2.482213
383.122 2.470092
380.32446 2.4584174
375.86844 2.4477646
370.59424 2.4323196
365.32007 2.4198618
359.35803 2.405164
351.55225 2.3887486
341.5248 2.3694923
337.69492 2.362131
337.69492 2.362131
