Finger
17
5.6480527 -1.3023345
0.8761885 1.8743834
6.196399 1.7754593
11.158397 1.7054613
19.214252 1.701113
25.421015 1.6691751
33.1295 1.6462344
37.79363 1.6369101
42.104557 1.6301324
47.09925 1.6238339
51.09876 1.6196791
58.069027 1.6138077
65.09704 1.6091616
73.05088 1.5913055
78.02671 1.5899974
82.04713 1.5890565
89.24054 1.5875844
96.013214 1.5864002
102.97812 1.5853447
106.99224 1.5847988
112.01356 1.584171
120.00264 1.5832806
127.97294 1.5825031
134.00313 1.5819762
142.01987 1.5813451
146.97382 1.5809895
151.6263 1.5806768
155.9715 1.5804015
159.99663 1.5739174
166.98555 1.5631372
174.9621 1.5622336
183.97736 1.5626532
188.72635 1.5628581
192.97308 1.5630327
200.18542 1.5583231
206.19652 1.5586867
212.9588 1.5507867
221.02989 1.5424079
229.02406 1.5424467
237.02979 1.5401303
242.04063 1.5366672
246.11505 1.5291013
250.20786 1.5217736
255.23018 1.5188551
259.3353 1.5119569
267.58722 1.498787
275.76672 1.4900649
279.85992 1.4868319
284.03375 1.481752
292.25894 1.4739892
300.41064 1.4699432
307.807 1.4651461
314.07288 1.458358
319.25446 1.4539223
325.68805 1.4438933
332.15793 1.4342431
338.84082 1.4258592
343.94318 1.4161243
348.77512 1.4060497
352.75613 1.3943427
357.20828 1.3849994
362.29996 1.3702406
366.49225 1.3558053
369.23093 1.3379807
372.06332 1.3183289
372.3292 1.3073943
372.47217 1.2937621
369.6562 1.2738551
364.70578 1.2553627
358.74625 1.2434275
351.51093 1.2334199
343.97955 1.225729
336.83408 1.2149316
329.33832 1.2064586
324.7043 1.2010102
320.0174 1.1953269
315.39075 1.189538
307.96466 1.1798527
300.61423 1.1697537
296.61615 1.1603622
292.0315 1.1535205
287.78836 1.1507788
283.80157 1.1475619
280.05756 1.1423407
273.70367 1.1317114
267.38998 1.1205922
260.6838 1.1123979
255.86548 1.1065505
252.20023 1.1001779
244.25256 1.0918816
237.49925 1.0827637
231.57797 1.0740525
223.86621 1.064522
216.3214 1.0514354
209.26157 1.0431232
201.81119 1.037667
193.78067 1.0370858
185.36597 1.0290575
176.76768 1.0328461
167.86684 1.0288883
158.97154 1.0244893
149.19708 1.0160418
143.91661 1.0095639
138.61923 1.0025752
129.75465 0.99538904
121.24796 0.9972346
113.11361 0.9947464
103.67255 0.9931218
93.66628 1.000066
85.50588 0.99408406
77.63794 0.98940176
70.8038 0.9768518
63.973812 0.94536674
57.83448 0.91087526
52.163387 0.89486206
46.933533 0.86446875
40.658512 0.8560536
35.55302 0.84976494
27.960426 0.8374471
21.002317 0.79494244
14.343766 0.7508451
9.7260065 0.60673493
9.7260065 0.60673493
0.67196804 -2.4085312
5.819623 1.4848794
11.08279 1.5257212
15.825508 1.5392351
20.046442 1.595709
28.244654 1.686468
36.629494 1.7489685
45.06043 1.7829487
52.717964 1.8247057
60.84485 1.8753779
68.722046 1.9002799
77.606995 1.9156957
86.47153 1.9278985
95.37159 1.9378562
105.276596 1.9703907
115.1111 1.9933051
120.333954 2.008227
130.18423 2.0255067
137.81696 2.0389564
146.07336 2.0410445
155.69478 2.0527632
166.41817 2.0717912
177.25674 2.0896049
182.75621 2.097806
193.18817 2.108268
203.09854 2.1134295
208.56743 2.1139364
214.39232 2.1196687
220.25168 2.1194768
231.25407 2.130927
242.26556 2.1413195
252.23637 2.1442034
258.01758 2.1434197
263.58807 2.147978
273.8594 2.1585176
284.0456 2.1726801
293.53296 2.1835608
301.8592 2.188328
310.8058 2.1955025
319.7838 2.2023017
326.69244 2.210469
333.4887 2.217733
339.6904 2.2260437
345.73276 2.2345092
350.8212 2.2448874
356.6697 2.2596734
362.0709 2.2733347
366.1372 2.2863529
368.36154 2.297365
371.23953 2.3130126
373.45508 2.3341117
373.20297 2.3524365
372.33722 2.3700838
372.45786 2.385313
372.056 2.406155
370.8811 2.4177802
367.87747 2.4322886
364.16708 2.4442427
359.01096 2.453892
354.92227 2.4590375
347.88623 2.465727
339.9529 2.4724827
331.6724 2.4796965
322.44034 2.4915442
318.0886 2.4978943
307.91898 2.5055175
301.68195 2.5068352
295.92303 2.5049915
290.17453 2.5073466
284.56284 2.5103557
278.54623 2.515625
273.17264 2.5240588
267.66812 2.5321875
262.98102 2.5395086
254.13882 2.5537717
244.25085 2.5574617
233.29381 2.5662808
227.28175 2.575114
221.2133 2.5845058
210.25374 2.596648
203.27979 2.5988495
196.04355 2.6005292
190.24663 2.600509
183.7162 2.604396
177.82489 2.6158807
171.30423 2.6270978
164.82346 2.6347475
158.86368 2.6374042
151.81287 2.6399064
145.13568 2.6381485
139.19876 2.6413655
133.00615 2.6479933
127.846 2.652869
122.0574 2.6552753
116.11385 2.6600554
110.0014 2.6689641
103.07873 2.6782951
97.08556 2.685375
91.28695 2.6907594
86.181076 2.700572
76.865845 2.7149696
71.74939 2.7131495
66.452675 2.7094054
60.892735 2.7045126
55.349213 2.697134
49.956093 2.69028
40.147556 2.6822085
30.767185 2.7126186
24.995283 2.7385755
15.737719 2.8316798
8.053029 3.040786
8.053029 3.040786
10.129536 2.7838209
16.084324 2.9192243
22.230755 2.981343
27.022867 2.9725442
31.385298 2.972432
36.35566 2.9884558
45.53219 2.9806955
50.336937 2.976325
54.704517 2.9710906
58.82288 2.9658186
66.91757 2.9682608
74.927155 2.9734359
81.990654 2.975699
89.871735 2.990364
96.08729 3.0002146
103.76589 3.010739
111.54683 3.0289333
119.47752 3.0364401
127.35238 3.0508459
135.23425 3.0635617
143.10855 3.0748627
151.11845 3.0784044
159.05177 3.0815601
167.04356 3.0844355
174.976 3.0927474
181.94392 3.0946195
189.86227 3.1057382
197.79002 3.1172874
205.74951 3.1279635
212.71577 3.1377883
220.69641 -3.14075
225.41736 -3.136353
229.7104 -3.1320508
234.7016 -3.131162
239.44414 -3.128277
243.68127 -3.1274452
247.699 -3.1236403
251.71812 -3.1199567
258.73398 -3.1166806
262.77582 -3.11326
269.81006 -3.1065881
275.87613 -3.100109
281.96182 -3.0939102
288.0831 -3.0853944
296.21906 -3.0768356
304.46475 -3.0654418
312.7817 -3.0546074
319.4672 -3.0407355
324.62375 -3.034329
329.65952 -3.0286448
334.21936 -3.0212188
339.84772 -3.0109086
345.0987 -3.0018344
350.51315 -2.9902422
357.40454 -2.9761295
364.48523 -2.9599667
369.8683 -2.9453564
377.24353 -2.9384344
383.0747 -2.9328408
387.55093 -2.9163089
390.70016 -2.9043198
393.3933 -2.8901587
389.42633 -2.8744948
385.0859 -2.8543637
380.49368 -2.8425949
375.39218 -2.8328526
368.16168 -2.8228843
361.7715 -2.8149714
355.24042 -2.807883
348.98788 -2.7986264
345.22272 -2.7947292
337.43307 -2.7832117
331.85562 -2.776909
327.12424 -2.7713816
322.245 -2.7654984
317.62988 -2.7597542
312.9666 -2.7537637
307.76132 -2.7468445
302.17612 -2.7391315
296.66388 -2.7312083
291.28268 -2.7231562
285.73257 -2.7145016
279.97028 -2.7079096
273.84683 -2.6987002
267.06473 -2.690781
260.5562 -2.6829352
247.48842 -2.6690385
240.3619 -2.6632066
233.7885 -2.6533172
227.28198 -2.6480749
220.55212 -2.6404722
213.62207 -2.6386333
206.90234 -2.6373765
199.5937 -2.634314
192.55753 -2.6320975
185.23079 -2.6285279
178.40678 -2.6258922
164.8708 -2.6217463
158.28242 -2.619333
151.50327 -2.6167898
144.36563 -2.6061106
137.62555 -2.602534
131.00725 -2.5987952
123.646385 -2.59133
109.26952 -2.5747986
102.6059 -2.568084
95.91347 -2.5603437
89.297104 -2.5516565
82.20836 -2.5488234
74.99857 -2.548386
67.7759 -2.5478542
60.203136 -2.5573742
52.846985 -2.5620258
41.20981 -2.55102
34.566895 -2.526517
27.959017 -2.4903996
22.637121 -2.4355552
18.113937 -2.3668985
10.394158 -2.1541076
16.836226 -2.1369078
28.013391 -2.179799
38.000008 -2.1888096
47.965206 -2.1939912
57.43327 -2.1869023
61.914536 -2.1757765
66.3566 -2.1662457
71.35682 -2.169573
82.344345 -2.192674
87.3666 -2.1939497
96.31699 -2.1811059
101.56843 -2.1690228
110.411934 -2.1581707
119.30125 -2.148895
123.75959 -2.144748
133.47244 -2.1333146
137.93953 -2.1300967
146.80273 -2.124294
151.29156 -2.121616
160.64227 -2.1221004
166.00383 -2.1165562
171.15312 -2.112018
176.47931 -2.107118
181.11508 -2.10473
189.99098 -2.1014323
195.32166 -2.0973046
199.41545 -2.092474
208.71307 -2.0834503
213.94637 -2.0792658
219.25504 -2.0761364
224.57831 -2.0731523
229.0836 -2.072387
234.04994 -2.0666687
239.93358 -2.0617797
244.96783 -2.0564933
250.42375 -2.0530765
255.39731 -2.0482206
265.67688 -2.040915
271.66586 -2.0371358
277.5351 -2.0313377
283.291 -2.0252025
288.17953 -2.019944
292.99188 -2.012859
297.95074 -2.0086944
306.39044 -1.9986026
311.82275 -1.9914702
315.95892 -1.9821699
320.19254 -1.9730166
324.37988 -1.9641955
327.9107 -1.9564413
334.56143 -1.941969
338.69495 -1.9340668
342.12424 -1.9271424
345.58044 -1.9203444
352.30984 -1.9073775
355.6432 -1.8989323
359.6778 -1.8863555
363.7699 -1.8739796
367.36093 -1.8546637
368.80795 -1.8358855
368.3256 -1.8175311
366.6893 -1.7991416
365.51764 -1.7849125
362.19165 -1.7679899
357.37894 -1.7528819
351.2752 -1.7366182
342.38748 -1.7172744
333.6568 -1.7022624
329.2607 -1.6947798
324.92914 -1.6871457
319.68198 -1.6805416
314.79758 -1.6750314
309.49933 -1.667933
304.37238 -1.6621343
298.17337 -1.6572578
292.0405 -1.6522232
285.8394 -1.6444423
279.7055 -1.6379095
273.58917 -1.6295563
261.37817 -1.6196246
255.36084 -1.6130263
248.54672 -1.6061009
242.17888 -1.5987381
235.26534 -1.59546
228.11955 -1.5916644
221.1223 -1.5833346
214.09843 -1.5790508
206.3396 -1.5732164
198.39572 -1.5682791
190.37094 -1.5629267
182.40198 -1.5625829
173.41133 -1.5663397
164.41849 -1.567759
155.45363 -1.5675838
146.69055 -1.567392
137.78778 -1.5671719
129.48198 -1.5669395
120.475586 -1.5666511
111.71974 -1.5663263
103.46275 -1.5659696
95.47567 -1.5655657
87.527 -1.5650908
79.49022 -1.5645139
71.62686 -1.5638242
63.49098 -1.5629307
55.520924 -1.5618016
47.497925 -1.5602822
40.52548 -1.5584731
33.25729 -1.5557798
26.556454 -1.5519904
21.01204 -1.5470272
15.333269 -1.5382216
10.015388 -1.5209134
4.4704247 -1.2959812
1.4981521 -0.004277744
5.578679 1.1067426
3.4978943 0.03593546
10.183171 -1.0010333
14.9884405 -1.1228383
20.26811 -1.1547657
26.519814 -1.1770687
32.483295 -1.1631336
38.950226 -1.1502267
45.75377 -1.1381615
52.901215 -1.1217105
58.714844 -1.1126586
64.3821 -1.1173966
70.204384 -1.1101989
76.00558 -1.1041033
82.164955 -1.0908201
87.9829 -1.0868263
94.06221 -1.0726675
100.70993 -1.0550654
107.168564 -1.0435385
113.49087 -1.0352733
120.07839 -1.0289234
127.05951 -1.0253228
133.33984 -1.0191703
140.20428 -1.0218433
147.27306 -1.0213946
153.62953 -1.016197
161.21107 -1.0107808
168.96072 -1.0045693
176.30527 -1.0024961
183.4978 -1.0017323
191.93825 -1.0005561
199.28052 -0.99885887
207.87466 -0.99687064
215.99379 -0.98964673
223.9096 -0.98474175
231.69627 -0.98109674
239.43515 -0.9776872
245.83426 -0.9755719
252.4017 -0.9741174
259.19235 -0.9698222
266.13815 -0.9649636
272.87976 -0.95520765
279.9771 -0.95024514
286.93304 -0.9462194
293.11316 -0.9403656
299.25848 -0.93477595
305.9005 -0.92744374
311.85275 -0.91789794
318.16403 -0.909048
324.01804 -0.8996838
329.5333 -0.88966835
335.56342 -0.88157725
341.00208 -0.87161624
346.33743 -0.8622039
351.06482 -0.85101503
355.80753 -0.84016895
360.02515 -0.8282276
363.43668 -0.8180564
366.8689 -0.80812156
369.62247 -0.79648274
372.41196 -0.78505385
374.2024 -0.77371186
377.18124 -0.75502175
377.73245 -0.74014664
376.0425 -0.71919805
371.77698 -0.7008591
368.1169 -0.6889916
363.582 -0.6813895
359.08862 -0.67023814
353.77908 -0.6603961
347.75507 -0.65566146
340.9428 -0.6488688
335.53192 -0.6423892
329.40433 -0.6338015
322.87094 -0.6257092
316.05392 -0.61764455
309.34326 -0.60933274
302.6026 -0.60478425
295.14438 -0.597726
288.14648 -0.5931061
281.3043 -0.5838725
274.40845 -0.5787464
267.79794 -0.5681614
261.77695 -0.56033117
254.50414 -0.5501775
246.79921 -0.5456289
237.76369 -0.5393829
229.04338 -0.52661246
219.47984 -0.51504844
209.34343 -0.5042087
197.96736 -0.49128988
186.27728 -0.47620228
175.30109 -0.45719144
163.35301 -0.44371215
152.05795 -0.42826855
141.29079 -0.408971
130.27007 -0.38712078
119.27683 -0.36117718
107.58488 -0.33329582
96.87922 -0.30589834
86.922035 -0.28261408
77.242485 -0.26088077
67.5886 -0.23812604
58.847343 -0.21749447
51.137478 -0.19083522
43.700405 -0.15371768
36.67811 -0.10121709
29.524887 -0.05767294
23.218203 0.012978568
17.352455 0.13341922
12.955065 0.33845842
9.41272 0.6300263
16.1684 0.55671144
20.865196 0.46089777
26.491093 0.36850047
32.439816 0.33097285
38.900074 0.27442715
45.65804 0.23298697
53.303963 0.18494593
61.90805 0.15475756
70.66671 0.121192634
79.75246 0.09473596
88.59626 0.07394023
97.61218 0.06709997
107.31761 0.06102376
116.16486 0.050058074
125.47167 0.04421286
134.47725 0.041250303
144.14511 0.038482215
153.19629 0.036207575
162.13759 0.034210056
170.33322 0.032563433
179.3235 0.03093035
188.35855 0.03341185
197.37962 0.036953334
205.40976 0.045202438
213.5235 0.05289473
222.64256 0.059751663
231.69656 0.06601034
239.81563 0.07213558
248.0304 0.08188085
256.1963 0.08997991
264.39328 0.095772445
272.52444 0.100259475
279.6581 0.10485408
287.9307 0.112306066
296.35516 0.12189158
304.76746 0.13169928
312.55118 0.14438757
319.85648 0.15379855
326.6843 0.16299768
333.08133 0.17167789
339.83575 0.18045454
346.44168 0.18867704
351.542 0.19967234
356.51996 0.21187721
361.67575 0.22509463
364.8494 0.2351153
367.96884 0.24701275
370.37244 0.2586501
371.4744 0.2696344
371.8441 0.28059086
369.09677 0.3003791
361.95605 0.31814235
358.2716 0.32443723
352.9277 0.33028996
347.3461 0.33580455
340.8892 0.34242323
333.37076 0.35047415
324.5904 0.35709336
317.10956 0.3659094
308.3805 0.37329593
300.16858 0.381478
292.2669 0.39128175
283.5798 0.40012446
274.9438 0.4094818
265.28253 0.41810578
257.4137 0.42751455
248.75179 0.43784338
240.0633 0.44678134
232.08238 0.4572966
223.30453 0.46799406
215.26065 0.4764726
206.42516 0.48777837
197.71776 0.49964237
189.06859 0.50658894
179.37709 0.5126773
170.91878 0.5203325
161.75566 0.52974945
153.16635 0.539995
144.76178 0.55064976
136.27289 0.57177377
127.15619 0.59006876
118.41186 0.6194998
109.70845 0.6429943
101.39425 0.6706623
91.88087 0.69743544
82.66806 0.7282065
73.92318 0.76199156
65.39912 0.8023075
57.06242 0.85423523
48.859184 0.9243983
41.05319 1.0212113
34.57204 1.1142862
28.58185 1.2409712
23.256142 1.4309539
19.152443 1.6745248
16.589022 2.005135
16.11702 2.3211334
17.378613 2.6114914
20.249817 2.8641865
20.249817 2.8641865
