Mouse
20
127.63278 1.8856081
132.69954 1.9049377
137.81223 1.9228394
142.77118 1.9550474
150.50757 1.9918798
155.32512 2.0133653
161.55188 2.0363252
166.04317 2.0497417
171.51598 2.072729
176.95416 2.08167
182.29497 2.0778298
189.39265 2.0691137
194.74152 2.0658636
203.2096 2.0601506
209.4482 2.0551133
218.35776 2.0440283
223.26834 2.0378082
228.18718 2.031856
233.11378 2.0261555
238.02739 2.0300841
243.84445 2.0411923
247.45448 2.0519383
250.2111 2.0642605
253.88028 2.074405
257.57483 2.0842593
263.16193 2.0985198
266.91534 2.1076941
273.43906 2.1190677
280.31717 2.1249933
284.979 2.1313887
289.65213 2.1375778
294.336 2.1435702
301.25153 2.1485236
305.95392 2.1541207
313.9979 2.1639566
320.6802 2.1724985
326.24353 2.1756656
331.81003 2.1787267
337.3795 2.1816869
342.71313 2.1886165
349.23593 2.1999793
353.80698 2.2080786
360.6002 2.2148514
366.008 2.220854
370.63663 2.2283273
375.90314 2.2377093
379.17154 2.244367
381.67944 2.2525582
384.84985 2.2626462
387.2956 2.2742352
389.13794 2.2837367
389.51675 2.2965426
390.63327 2.3112144
389.05212 2.3219452
386.13815 2.329015
382.5233 2.3380034
378.2271 2.3490148
374.6823 2.3546085
369.74377 2.3641496
365.53497 2.3719795
360.62604 2.3780777
357.87186 2.3861525
355.14136 2.3943517
351.69653 2.4007626
349.00943 2.4092197
345.68622 2.4199753
342.4038 2.4309382
339.808 2.4398603
335.966 2.4535
332.18796 2.4674528
327.25385 2.486552
324.23215 2.4987817
320.67142 2.5137587
318.3383 2.5239277
313.82574 2.5332258
309.90582 2.5401287
305.4767 2.5381176
299.91495 2.5415301
292.9679 2.5459778
288.52295 2.5564346
284.11057 2.5672174
280.04724 2.583265
276.9154 2.6016428
274.37845 2.617274
271.9098 2.633193
269.98526 2.646135
270.31012 2.6676865
273.4348 2.6857948
277.5015 2.6969619
283.9119 2.7154424
287.5589 2.7211924
294.88037 2.732265
298.1625 2.7406812
301.84937 2.7458527
305.7152 2.7581942
309.06024 2.7660365
312.0656 2.7767003
315.45425 2.7841866
322.2829 2.7986848
327.2844 2.810604
334.54398 2.8212025
338.03268 2.827737
343.4423 2.8359
347.25894 2.8393667
352.7 2.847137
357.20273 2.8538785
361.72122 2.860452
366.255 2.8668628
370.53946 2.8757186
373.88528 2.883691
377.00824 2.8940916
377.02036 2.9050276
376.103 2.9153671
375.22604 2.925756
373.00702 2.9408946
372.0425 2.9540646
371.3176 2.9646482
370.63443 2.9752724
368.85123 2.9881923
364.30234 2.9973657
358.9301 3.003635
354.69598 3.0076692
346.37228 3.013169
341.15994 3.017106
332.8553 3.023065
328.7655 3.0246468
323.56934 3.0289824
319.48276 3.030686
313.19617 3.0380855
305.932 3.045475
300.6776 3.0538106
294.37036 3.0655599
285.049 3.0806522
275.84363 3.0931396
270.7192 3.0996742
259.86484 3.114422
251.2998 3.1261318
247.24393 3.1340346
241.2369 -3.1410482
235.24652 -3.1325324
226.27458 -3.1233335
221.29637 -3.118403
216.32376 -3.1132455
211.35721 -3.1078455
207.39632 -3.1023757
203.39946 -3.1016047
195.45029 -3.094856
190.50645 -3.0883865
183.57465 -3.0809188
179.64694 -3.0740123
174.73099 -3.06637
168.91595 -3.0518932
164.032 -3.0430908
160.2658 -3.0282168
155.41884 -3.0181842
148.74551 -2.9990466
143.94835 -2.9872353
140.15881 -2.9757974
136.38864 -2.9637256
131.65771 -2.9495301
126.18811 -2.9248934
118.62087 -2.902158
114.7389 -2.8938904
118.94432 -2.8593137
126.79558 -2.8443925
131.5097 -2.8314874
139.10866 -2.8035715
143.29233 -2.7841778
150.68459 -2.7670226
155.13951 -2.7644582
160.89569 -2.7585669
166.11554 -2.745231
170.19261 -2.7488844
174.6538 -2.7470694
181.21156 -2.732202
187.3981 -2.723241
192.68886 -2.7127059
202.89807 -2.6977265
208.23682 -2.688628
215.828 -2.6799636
220.30705 -2.6697726
224.80807 -2.6599889
229.2795 -2.660339
234.63799 -2.6626475
240.922 -2.657477
243.68819 -2.6448584
245.6196 -2.6305406
243.79895 -2.602618
240.48685 -2.5698287
236.57472 -2.548994
233.26747 -2.5394166
228.34813 -2.5245326
225.0977 -2.5142498
221.27768 -2.5072975
217.46875 -2.5001013
211.2891 -2.484068
205.167 -2.467073
199.87845 -2.4522328
193.01846 -2.4225712
187.87236 -2.4055407
179.88892 -2.3723333
175.62798 -2.348567
170.05765 -2.323363
165.87099 -2.314002
160.36775 -2.2948914
156.98616 -2.2800238
152.23259 -2.2636545
148.14973 -2.2515028
143.47282 -2.233192
138.6534 -2.2237506
133.84723 -2.2136302
141.25984 -2.2009223
147.87947 -2.1934052
151.7197 -2.183385
156.14372 -2.1791346
160.00433 -2.169976
164.43657 -2.1663013
170.25897 -2.1644156
174.69435 -2.1610978
181.35081 -2.1564252
185.24211 -2.1489887
189.98534 -2.1390138
194.21829 -2.1251595
198.48691 -2.1118987
202.78897 -2.0991983
206.25328 -2.0894208
211.97044 -2.0794873
216.35106 -2.0682313
223.878 -2.0551052
227.88568 -2.0508163
234.13332 -2.0465589
238.14897 -2.0425985
243.06114 -2.0369139
248.427 -2.0350604
254.246 -2.0280104
258.71805 -2.0281215
263.1901 -2.028229
269.4579 -2.025054
273.49237 -2.0219219
278.86438 -2.0205593
282.90256 -2.0175955
288.7085 -2.0194836
292.74753 -2.0166345
297.69263 -2.0124226
303.06793 -2.0113373
306.69077 -2.0057755
311.64883 -2.0019248
315.70166 -1.9995077
319.75626 -1.9971517
325.63647 -1.9923278
329.69626 -1.9901314
335.18533 -1.982843
340.16907 -1.9796501
346.9947 -1.9742744
350.677 -1.969796
357.52017 -1.9647667
362.52234 -1.9620197
369.93048 -1.9537733
373.6437 -1.9497728
377.36276 -1.9458512
379.30243 -1.9297216
379.7286 -1.9096856
379.67288 -1.8930293
380.0809 -1.870563
379.87744 -1.8597254
378.75714 -1.8496021
377.4117 -1.8368652
375.1599 -1.824707
374.17517 -1.8143594
371.13144 -1.7914728
369.29852 -1.7814968
368.28525 -1.7682202
365.37122 -1.7558746
360.7176 -1.7470155
354.94153 -1.7356161
349.21313 -1.7238412
339.29654 -1.7074944
332.82227 -1.6980447
326.26328 -1.685177
321.9569 -1.6773378
317.77075 -1.6724181
312.502 -1.6644907
307.3406 -1.6595339
302.27216 -1.6577046
295.0478 -1.6496342
288.84113 -1.6409161
279.66306 -1.6324699
274.55447 -1.6263216
266.32816 -1.6092429
262.2607 -1.6022087
257.18466 -1.59116
252.15211 -1.5836337
252.13751 -1.5638036
251.19746 -1.5478517
251.36188 -1.527964
252.56319 -1.5123098
255.89566 -1.4934882
261.30734 -1.4758877
266.68698 -1.4627327
271.87738 -1.4574027
278.06824 -1.452698
283.2725 -1.4477664
288.4834 -1.4430131
294.9616 -1.4321545
301.6232 -1.4184853
308.3387 -1.4054091
311.97543 -1.3943455
318.78342 -1.382208
325.43903 -1.3735911
331.345 -1.3617498
335.8871 -1.355484
340.44202 -1.3493857
345.98358 -1.3441
351.53455 -1.3389812
355.88852 -1.336094
360.482 -1.3305804
364.84433 -1.3278644
368.73196 -1.319292
373.61267 -1.3115867
376.58606 -1.302681
380.8247 -1.2921075
381.94446 -1.2820386
383.1027 -1.2720296
384.29907 -1.262082
386.1644 -1.2472786
387.45456 -1.2374902
388.78162 -1.2277677
390.14517 -1.2181122
387.23325 -1.201534
383.3097 -1.1919599
378.87772 -1.178746
374.64987 -1.17118
370.8413 -1.1609659
366.2608 -1.1555264
360.37045 -1.1513485
354.9894 -1.1507578
349.60852 -1.1501491
343.31546 -1.1483302
332.9674 -1.1442341
324.8602 -1.13965
320.80923 -1.1372712
313.61868 -1.1336824
306.43234 -1.1299251
297.88068 -1.1200681
293.84573 -1.1172014
288.91602 -1.1127291
285.3339 -1.1065298
280.41858 -1.1017345
274.6206 -1.095106
269.7214 -1.0899125
263.9461 -1.0827565
259.94608 -1.0789391
251.95795 -1.0709409
243.987 -1.0624194
239.51941 -1.0615846
230.5848 -1.0598178
221.65094 -1.0579085
217.18433 -1.056895
209.12218 -1.0570972
202.91737 -1.0511512
195.85599 -1.0422668
191.04117 -1.0335892
186.76299 -1.0198885
182.30827 -1.0177507
177.53725 -1.0077499
173.62573 -1.0003234
169.43901 -0.9843869
165.55966 -0.97604805
161.69238 -0.9673097
157.26514 -0.96334606
151.79005 -0.9461929
146.96477 -0.92231655
141.44896 -0.8924226
137.71793 -0.8798494
134.0099 -0.86657816
130.98703 -0.8468058
132.87201 -0.7980015
136.40968 -0.7717554
139.30437 -0.751729
143.66489 -0.7330455
149.48338 -0.71612954
155.34145 -0.7004852
160.6032 -0.6811631
164.34949 -0.6705639
168.90425 -0.6568061
174.09137 -0.6483676
180.093 -0.6371
186.70413 -0.6308991
191.11531 -0.62700355
198.55109 -0.6185538
202.97084 -0.6151543
208.78598 -0.6130691
212.63808 -0.60609174
219.28041 -0.6017488
223.71082 -0.5989969
229.80037 -0.5914638
235.62392 -0.59020114
240.06094 -0.58784986
245.07634 -0.5742723
248.75648 -0.5599779
250.08168 -0.53792834
248.92232 -0.5220695
247.82613 -0.5060664
245.91206 -0.49183872
243.16078 -0.47928038
235.97661 -0.46648955
230.6118 -0.45879865
226.13972 -0.45870274
221.22676 -0.4545498
213.6207 -0.45631942
209.14868 -0.45616272
202.44069 -0.4559147
197.5306 -0.4511942
189.96017 -0.44127938
185.06477 -0.43585297
177.11646 -0.4194452
172.7646 -0.40537065
164.91475 -0.3862834
158.42326 -0.3689376
150.10641 -0.35468602
143.43983 -0.34960032
138.05736 -0.34839496
132.67508 -0.3470918
127.57555 -0.32827199
120.976494 -0.29464287
117.68579 -0.2589153
114.77736 -0.22968404
113.74326 -0.18686673
117.33333 -0.16378252
122.11665 -0.14902665
127.91549 -0.1343307
131.88054 -0.13026862
139.69762 -0.11573149
145.65913 -0.11097489
153.61247 -0.10520724
158.5857 -0.1018963
165.55092 -0.09759525
171.52336 -0.094186716
179.48949 -0.08999493
186.29985 -0.07592563
190.28856 -0.07433116
199.13298 -0.06095858
211.83206 -0.047189277
217.35306 -0.0408545
228.30098 -0.029224448
237.64603 -0.019305993
245.60687 -0.006464471
250.60208 0.0016452085
256.62442 0.013297226
260.65793 0.020765457
267.73395 0.031425517
272.7642 0.03451392
278.79623 0.037356008
287.86948 0.043131154
293.86398 0.04225079
302.94476 0.04759196
308.9381 0.046668004
314.9317 0.04577922
318.9743 0.04833711
323.01895 0.050830957
328.06415 0.053100828
333.22754 0.061294697
338.48325 0.07218528
343.77786 0.082741626
349.2039 0.09582793
355.5754 0.1054113
359.76706 0.109769784
365.3115 0.12187526
370.6467 0.1282692
374.15088 0.13784672
376.6996 0.14763515
377.30875 0.15812142
377.95923 0.16857274
378.65088 0.178987
376.62848 0.19346921
376.4387 0.20440783
375.31717 0.21592554
371.78342 0.2345717
368.85416 0.24764
363.35257 0.26570413
360.03046 0.27398175
353.29663 0.27934262
349.7335 0.28524467
345.22504 0.29209983
341.32797 0.30473536
336.8673 0.31202057
332.42502 0.31950092
325.1624 0.33014852
320.43652 0.33520702
316.6619 0.3393624
311.9515 0.34469798
304.43408 0.35357785
299.1667 0.36365828
295.4317 0.36847425
288.35413 0.38170287
282.79477 0.38960624
277.1157 0.40587774
271.10422 0.4194616
264.66113 0.43867517
261.4776 0.4486352
256.97656 0.4657757
253.02017 0.48702112
248.79929 0.5143996
246.32889 0.52945817
244.95796 0.55180097
247.61569 0.56899744
252.85027 0.579264
258.38995 0.58374494
264.49066 0.5911835
273.3849 0.60021085
278.94696 0.6039449
283.6923 0.60954505
289.02432 0.6177869
291.94894 0.6317481
294.92932 0.6454297
296.38492 0.6629662
294.49084 0.67667896
297.01205 0.68717915
301.10107 0.6932351
305.96695 0.6970252
312.8922 0.70352197
317.00983 0.7090627
323.20395 0.7171087
328.75604 0.72257453
332.90573 0.7276144
338.40448 0.7369241
341.84073 0.7436236
346.65866 0.7544101
350.10193 0.7648169
353.58237 0.77501994
356.39273 0.7830382
359.22568 0.7909305
362.79773 0.8006218
365.6795 0.80823797
368.58215 0.81573457
372.18585 0.82114345
371.76147 0.8383198
368.5284 0.85223997
366.0164 0.86432195
363.69 0.8804414
361.15594 0.888981
356.9563 0.90814877
352.69302 0.92379636
346.17358 0.949153
341.0737 0.9600388
333.77475 0.9811479
329.0932 0.9971376
326.09464 1.0057763
320.69397 1.0208728
313.99924 1.0376018
311.11877 1.0470403
304.18112 1.0603915
295.5432 1.0711403
284.7061 1.0823416
277.9522 1.0897852
267.1999 1.0941082
260.03467 1.0971887
248.84167 1.1057268
241.68661 1.1093855
232.75829 1.1190784
227.85196 1.1232611
220.28741 1.1319368
214.56056 1.1451108
206.63994 1.1595658
201.38509 1.1698327
193.17241 1.1910743
187.27803 1.212915
178.6177 1.2483501
172.02307 1.2722232
164.04074 1.3080825
159.89644 1.3334099
153.69621 1.3637075
149.97414 1.3856978
145.18239 1.4144822
140.78358 1.4311093
136.30812 1.4560856
132.22104 1.4601363
128.13626 1.4644454
130.76527 1.4973029
135.57312 1.522082
141.45815 1.545332
145.42111 1.5597816
153.4998 1.5866431
161.76697 1.6110507
165.81104 1.6161121
173.90111 1.6255174
180.94637 1.6289197
190.93037 1.6258771
196.92154 1.6241997
202.91324 1.6226214
206.85959 1.616792
212.77342 1.6061054
218.76979 1.6051373
226.76524 1.6039261
231.76256 1.6032114
238.79254 1.6064469
242.86838 1.6140896
243.07436 1.6305308
240.43379 1.6520361
235.02946 1.6795557
230.32536 1.7001141
220.20415 1.7490892
208.56702 1.8019401
203.2235 1.8205038
192.22923 1.8535433
178.79227 1.8754493
172.3412 1.8872416
158.24895 1.9165461
144.96162 1.9413075
139.55283 1.9480891
128.88098 1.9552823
121.644325 1.9616255
114.02936 1.9606863
109.56988 1.9576786
104.28784 1.9063488
102.08468 1.8725702
99.78048 1.7863413
98.33122 1.7031243
98.33122 1.7031243
