Stilus
9
294.5859 1.6948625
294.33908 1.6540006
294.66425 1.6191336
295.23575 1.5981407
295.3333 1.5805426
296.32068 1.5669835
296.36783 1.5525552
296.49808 1.5359942
296.697 1.5202813
297.09555 1.4984561
297.49817 1.4817135
298.16367 1.4594882
296.992 1.4425389
296.34305 1.4278574
294.58682 1.4107678
295.0202 1.3921154
295.90396 1.3762729
295.33493 1.3524806
294.5668 1.3337041
294.09744 1.3123227
293.96698 1.2884778
293.72174 1.270365
292.07904 1.2434585
292.27686 1.2211843
292.78934 1.1972604
293.051 1.1745014
294.3968 1.155226
293.57263 1.1305712
294.7242 1.1068665
295.89423 1.0899798
297.56824 1.0738481
298.35635 1.0488049
298.44415 1.0234944
298.1878 1.0041317
297.0905 0.97462857
297.622 0.94717264
297.77588 0.91826195
298.27866 0.8984804
298.53546 0.8773856
298.75226 0.84963477
298.40656 0.8280956
298.1616 0.7993416
298.1822 0.7667445
299.02206 0.75007415
298.7102 0.72291404
300.61115 0.7008942
301.45718 0.67686045
301.7122 0.64702356
301.7395 0.6303681
300.82916 0.59595203
301.47235 0.5689719
303.4317 0.5432993
304.39963 0.5147245
305.08005 0.49846646
304.00772 0.47073147
304.25574 0.45210367
304.55374 0.43691546
303.79453 0.42358205
303.74564 0.3985693
302.80396 0.37150458
302.68878 0.35386658
302.94904 0.33685777
302.47983 0.31982625
302.23373 0.29544666
303.20218 0.27346236
303.04288 0.24310035
303.06622 0.22933754
302.9466 0.21253902
302.3462 0.18604794
301.3064 0.16671976
302.20874 0.14295271
302.63913 0.12899041
302.83102 0.112246975
302.51025 0.095784135
301.84988 0.069383614
301.44608 0.046260063
302.16672 0.017130539
302.1224 5.3555844E-4
302.1616 -0.016109806
301.49387 -0.032542497
300.65387 -0.046702534
299.93692 -0.07354609
298.53674 -0.089984134
298.14267 -0.11030963
297.6763 -0.13086206
297.55298 -0.15177664
297.36884 -0.1689747
296.88022 -0.19298947
297.45697 -0.20652059
297.5519 -0.22370885
297.9197 -0.24063338
298.9444 -0.25683585
299.30035 -0.27394438
300.67615 -0.30118826
298.53076 -0.33097115
297.76904 -0.36309692
297.42606 -0.37881655
297.83688 -0.39278093
297.71936 -0.407577
297.83826 -0.43312752
298.0837 -0.45187682
298.19144 -0.48052558
297.9012 -0.5001
296.85648 -0.532957
296.98624 -0.5484414
296.09042 -0.5751436
295.11203 -0.60060817
294.04962 -0.625098
292.81955 -0.6536452
292.30008 -0.68441707
292.23157 -0.7160269
292.05728 -0.73593646
291.7628 -0.7649988
292.41025 -0.7868542
292.58246 -0.81951255
293.5923 -0.8421185
293.3182 -0.8638818
291.3474 -0.88389426
290.4023 -0.904398
288.86264 -0.9225786
286.9694 -0.9431031
285.12125 -0.9642819
283.4179 -0.9856461
281.0066 -1.0053291
279.5384 -1.0273311
279.40472 -1.0528717
281.29944 -1.0720146
284.83847 -1.0915745
287.8263 -1.1115521
289.96313 -1.1381382
290.24475 -1.1560323
289.37494 -1.1747936
289.7212 -1.1902514
288.4861 -1.2034531
287.5261 -1.219774
285.66934 -1.2406192
284.73984 -1.2616125
283.25635 -1.278453
282.38672 -1.2987572
282.7684 -1.3210131
283.2894 -1.3431944
283.95618 -1.3653759
283.7829 -1.3868409
283.77396 -1.4126137
284.62805 -1.4344212
285.84967 -1.4560933
286.4742 -1.4774557
287.91904 -1.5013778
288.56485 -1.5222433
289.26987 -1.5375974
290.99832 -1.5570545
291.22952 -1.5777588
291.36255 -1.6018059
291.71777 -1.6290768
291.1512 -1.6506565
291.76984 -1.6738048
292.4746 -1.6949532
293.3825 -1.7176819
294.00262 -1.7313111
296.18536 -1.754116
297.7331 -1.7803073
298.30377 -1.8040832
298.28616 -1.8179225
297.17987 -1.8431445
296.2706 -1.868612
295.14612 -1.8981296
295.5079 -1.9121567
295.72632 -1.926315
295.81836 -1.9551497
294.64755 -1.9787761
293.86264 -2.00588
292.8503 -2.030283
292.7957 -2.0541937
293.38177 -2.0793808
293.87668 -2.1028574
294.40268 -2.1255286
294.45047 -2.149545
295.29248 -2.1721113
294.4964 -2.2021174
293.925 -2.2334032
294.05823 -2.250496
292.77682 -2.277204
292.0446 -2.297425
291.2057 -2.3185756
292.9844 -2.3459315
292.4403 -2.370853
292.853 -2.400268
293.95325 -2.4319103
293.94058 -2.4585268
294.92505 -2.4871216
296.5177 -2.508042
299.0557 -2.5306401
299.48065 -2.562958
299.85297 -2.5797038
300.15427 -2.6114938
299.69138 -2.6412961
300.40747 -2.6649816
300.39444 -2.6874325
299.37878 -2.7181754
299.19867 -2.7360132
299.02817 -2.7548769
300.38498 -2.779639
302.18872 -2.8119261
302.51157 -2.8297448
302.70178 -2.8498962
303.1566 -2.8681288
303.58624 -2.8880997
303.52338 -2.9025161
304.8815 -2.9272783
305.81848 -2.9446516
306.70663 -2.964398
307.07605 -2.9809246
308.02847 -2.9986541
308.57346 -3.015338
308.84573 -3.03571
308.20264 -3.0575984
307.6378 -3.0833454
307.42914 -3.0964594
306.17413 -3.1223338
305.12433 -3.135461
304.15073 3.1273382
304.3566 3.102145
305.54315 3.0888686
305.8222 3.0737457
306.14893 3.0595274
305.57208 3.0440593
305.02637 3.0297642
306.0291 3.0036254
306.70056 2.9886632
307.55655 2.9715555
307.607 2.9524722
307.81406 2.9327168
306.9813 2.9179947
306.15164 2.888152
305.53793 2.8719966
305.26047 2.8498046
304.8325 2.8324285
304.8201 2.811404
304.67325 2.7931666
303.7788 2.7639995
303.0007 2.7457845
303.0237 2.7271595
302.88254 2.7061741
303.4618 2.6850355
303.32748 2.6655672
302.6896 2.6344345
302.54233 2.601246
302.09448 2.5796452
302.49255 2.5580506
302.18674 2.5369656
301.97888 2.5196114
301.29083 2.50137
301.884 2.465195
301.6845 2.4258823
301.86252 2.4053528
301.796 2.386055
301.6814 2.367304
301.10864 2.3502572
299.93942 2.33197
299.24753 2.314854
298.4192 2.2974477
297.21945 2.2731733
296.4685 2.2484047
296.70956 2.2222726
296.3395 2.1978462
296.1479 2.1736631
296.13028 2.149241
295.43613 2.1270127
294.89636 2.1042073
294.02066 2.078497
293.99075 2.0554683
294.62866 2.0315063
295.60245 2.0079694
296.48907 1.9811206
296.75885 1.9551616
297.00565 1.9293166
297.7152 1.9063429
298.64642 1.884081
299.50137 1.8594862
298.95578 1.8382785
298.97452 1.8149213
297.7398 1.7944652
297.2557 1.7709312
296.57642 1.7446353
295.66492 1.7213223
294.96332 1.6763763
294.96332 1.6763763
