Mouse
23
301.67264 2.288779
304.69653 2.2801425
303.77057 2.2612195
302.79645 2.2468276
300.6609 2.2270973
299.03622 2.214459
296.65298 2.2036731
294.53827 2.1879764
292.49716 2.1720564
290.53122 2.155917
287.26096 2.1385038
285.98004 2.1248302
283.8959 2.112848
283.5807 2.0971255
282.46368 2.0831022
281.40265 2.0689702
281.70914 2.0482886
281.23874 2.0292294
283.58884 2.005614
285.98685 1.9902077
289.37122 1.9737018
291.90674 1.9588741
292.27838 1.9436163
292.3694 1.9251968
293.83392 1.9088857
295.37585 1.8927408
296.04056 1.8777852
297.16104 1.8554854
296.75998 1.8383677
296.69547 1.8244741
296.68823 1.810577
296.7383 1.7966821
297.61523 1.7788026
297.41672 1.758368
298.49606 1.7406608
298.83377 1.7269019
298.23804 1.7136525
298.31506 1.689947
298.8605 1.6762595
299.28494 1.65597
298.97122 1.6426389
298.65396 1.6259395
298.46024 1.6125574
298.29333 1.5958092
298.2201 1.5824001
298.20398 1.5656333
297.27194 1.5487958
296.5093 1.525117
295.7206 1.51145
295.22168 1.4875777
293.7916 1.4666584
293.73926 1.4392135
293.30133 1.4252458
293.9081 1.4117795
293.93378 1.3910841
293.69366 1.3770747
293.7192 1.3597138
294.58322 1.3464363
293.56042 1.31759
293.88895 1.300266
293.6331 1.2787536
294.46472 1.2582613
294.8037 1.2335784
296.8429 1.214503
297.32913 1.2007213
296.94467 1.185726
296.0985 1.1662694
296.19366 1.1405544
296.07803 1.1254576
296.02994 1.1103526
296.04938 1.0952461
297.084 1.0742071
297.7558 1.056242
298.0168 1.0412545
299.71823 1.0251709
300.6503 1.0075018
301.1281 0.99272376
302.5013 0.97984254
303.9243 0.9670798
304.93317 0.9452946
306.68973 0.9210619
308.3367 0.90876997
309.24915 0.89459187
310.0923 0.87595993
308.97873 0.8602122
306.61758 0.8492306
304.29398 0.8380799
301.3324 0.8292007
297.62207 0.8131051
295.4049 0.7965539
296.09824 0.77981097
296.8742 0.7631509
297.0539 0.74411124
298.09024 0.72287667
297.0876 0.70357424
296.19635 0.6841483
294.631 0.6667059
293.76178 0.65179443
292.58133 0.62926954
292.12167 0.60938627
292.33493 0.5922917
294.85574 0.5743826
296.621 0.5585643
298.97748 0.54580075
300.87482 0.5303766
302.8428 0.5151494
302.64554 0.50039166
302.51428 0.48561785
302.44907 0.47083446
302.04288 0.44567242
302.1563 0.4308735
302.45047 0.4087041
301.80582 0.39522493
300.8452 0.37860578
300.90363 0.3607082
300.45544 0.34707674
300.36185 0.3260255
300.05618 0.31232905
299.22464 0.29221904
299.7475 0.2743224
300.62122 0.25971138
300.34677 0.24276641
301.35815 0.2282865
301.35815 0.2282865
302.9995 0.22623287
300.93936 0.21078634
298.16718 0.19907114
293.28616 0.18505633
290.43588 0.1694012
287.6582 0.15343975
283.96466 0.13765283
282.4511 0.124110445
281.9839 0.110033885
281.57272 0.0959134
282.2145 0.081465095
286.9739 0.06962776
290.7173 0.054944262
291.5242 0.041055154
293.33923 0.020336937
293.2804 -0.0035283375
293.3629 -0.023982119
293.71658 -0.054619882
294.03192 -0.071600296
294.61545 -0.09530142
295.1332 -0.11216685
295.8649 -0.1323203
296.56598 -0.14903335
297.3495 -0.16566296
298.03525 -0.17890082
296.81 -0.19336195
296.62585 -0.2072439
296.49893 -0.22114041
297.63562 -0.23753113
298.60214 -0.25055113
299.61896 -0.26348493
300.68555 -0.2763291
300.84302 -0.29002798
301.0569 -0.30370992
298.47827 -0.32050654
295.3758 -0.34190673
294.63638 -0.36450788
294.59943 -0.38278618
294.9283 -0.41175163
295.14566 -0.42998952
297.23203 -0.4528008
299.0036 -0.46483073
301.2781 -0.47966635
302.33725 -0.5003264
302.6575 -0.5224776
302.0946 -0.5389084
301.61362 -0.5553961
302.30203 -0.577495
302.84265 -0.5921671
302.6273 -0.608668
303.30588 -0.6232584
303.8439 -0.6423844
304.49268 -0.6614358
304.62338 -0.6778476
302.01947 -0.6933884
300.6988 -0.71893275
299.03458 -0.7327755
298.79044 -0.751683
298.6357 -0.7753496
297.209 -0.78957653
295.84305 -0.8039377
295.26953 -0.8207435
294.0374 -0.8353339
292.8684 -0.8500439
293.93454 -0.8666937
295.22302 -0.88798606
295.06885 -0.90491897
294.9993 -0.92186475
295.822 -0.94081056
298.14313 -0.9588223
300.00073 -0.97931194
299.46344 -0.9941245
297.93146 -1.0146681
298.40933 -1.0313605
299.3403 -1.0525573
299.52637 -1.072021
298.51782 -1.0853909
297.55283 -1.1063637
296.24817 -1.1229664
295.02585 -1.1397113
294.29083 -1.15348
293.61188 -1.1673152
292.98938 -1.1812118
292.99 -1.1995921
292.4995 -1.2135766
291.73148 -1.2308332
291.36935 -1.2449206
290.76 -1.2623137
291.19708 -1.28076
290.76968 -1.2982221
290.68515 -1.3124012
289.68884 -1.3257512
289.49078 -1.3433458
289.5924 -1.3575817
289.36392 -1.3785801
289.43524 -1.3961979
289.7544 -1.4103929
290.13177 -1.4245536
290.5672 -1.4386749
291.06036 -1.452751
291.611 -1.4667768
293.21475 -1.4810537
293.80634 -1.4983091
294.54202 -1.5121001
294.33447 -1.5256672
294.18115 -1.5392507
294.08215 -1.5528461
294.03494 -1.5698489
294.05835 -1.5834521
294.13617 -1.5970505
294.26834 -1.6106393
294.4548 -1.6242135
293.7665 -1.641392
294.1615 -1.658348
293.54333 -1.6722207
293.97525 -1.6857578
293.46918 -1.6996891
293.02023 -1.713666
293.6165 -1.7271508
294.4365 -1.743926
294.74203 -1.7679074
295.55142 -1.7811797
295.43756 -1.7951277
295.85965 -1.8156528
296.85468 -1.8287258
297.20676 -1.8458518
296.40088 -1.860673
296.61453 -1.8745599
295.9427 -1.9001652
294.43613 -1.9163165
293.00717 -1.9326296
293.51645 -1.9465816
293.15787 -1.9617783
292.7473 -1.9846345
293.46838 -1.9984847
294.24545 -2.0122643
294.18024 -2.0274632
295.52863 -2.0441413
296.48926 -2.057687
297.5039 -2.071143
298.19565 -2.0890734
298.98282 -2.1069155
299.33987 -2.1218166
299.7632 -2.1366792
298.03195 -2.1523728
295.25446 -2.1626453
293.07645 -2.1759236
291.53192 -2.1921926
290.46124 -2.2162125
290.51382 -2.2334242
291.28217 -2.2532945
292.28568 -2.2682307
293.35397 -2.2830613
294.4863 -2.2977812
296.42014 -2.3101063
298.35376 -2.3270073
296.84604 -2.341155
295.39835 -2.3554444
296.14313 -2.372161
296.40005 -2.400789
297.3677 -2.4173124
298.52887 -2.4384472
296.72824 -2.4509099
296.5345 -2.4677532
295.63373 -2.4825482
294.79807 -2.49743
294.8372 -2.5143895
294.1421 -2.529391
293.78146 -2.5491893
294.9187 -2.5680153
295.31015 -2.584906
294.7626 -2.6075675
294.26895 -2.637892
293.24118 -2.6514847
291.37967 -2.6635969
289.56143 -2.6758628
286.88867 -2.6867554
283.8227 -2.7010338
283.96112 -2.7167792
284.1699 -2.7325056
285.54138 -2.7573593
287.44098 -2.7787037
290.69482 -2.808547
292.26108 -2.824838
295.52225 -2.8461869
297.26495 -2.8619988
297.15082 -2.8758664
296.12552 -2.8889005
294.91522 -2.9053168
293.56866 -2.9251885
293.31995 -2.9459004
294.53555 -2.9605427
295.6497 -2.9783971
298.41907 -3.0070307
301.53647 -3.0318174
304.11063 -3.0459726
306.58798 -3.066389
308.3096 -3.0798142
308.0885 -3.092773
307.91922 -3.1057484
306.8021 -3.1186612
302.74832 -3.1282651
298.7232 -3.1381285
295.74802 3.1281848
294.92535 3.1044044
294.10245 3.0906863
294.33307 3.0771134
294.61786 3.0635643
295.14618 3.0432959
295.56552 3.0298274
296.29474 3.0097024
296.84726 2.996344
298.11026 2.9697878
298.8201 2.9565985
299.98172 2.9369373
300.82013 2.9239175
301.70926 2.910972
300.70804 2.8965015
299.77017 2.8819373
298.2071 2.8631485
295.79443 2.8431778
295.40164 2.8250082
293.83417 2.8088923
293.28375 2.7937737
291.86597 2.7773852
291.45596 2.7621164
290.96878 2.7391412
291.54678 2.7175171
291.40414 2.7021816
291.31876 2.6791594
292.23605 2.6653824
293.20844 2.651694
293.84512 2.6334763
293.7146 2.6136327
293.69983 2.5937796
294.10956 2.578627
295.13065 2.5484657
295.4952 2.528759
296.35815 2.5016706
297.17502 2.4868546
297.11594 2.4653063
295.91367 2.4489381
294.68695 2.427656
293.00256 2.413557
293.467 2.3965795
293.98602 2.3748512
294.64328 2.3532095
296.10046 2.338895
297.61777 2.3247235
298.52087 2.3082247
300.16586 2.294332
299.04788 2.279879
298.76187 2.2631786
298.76187 2.2631786
