Finger
6
250.35489 1.572791
250.44678 1.5436345
250.69421 1.5187235
250.00674 1.4985846
248.72432 1.4658834
246.92458 1.4324929
245.5272 1.4151872
242.97475 1.3802692
238.97911 1.3428531
234.1703 1.3029424
229.65195 1.2738708
224.70143 1.2436296
218.88664 1.2104189
213.98248 1.1675159
209.24606 1.1252187
204.81358 1.0820274
201.80202 1.0455619
197.73087 1.0039678
193.94945 0.96675456
189.9666 0.9261741
186.90771 0.88641685
184.6315 0.8349243
183.87973 0.80728847
182.51263 0.75321805
181.28397 0.72954327
179.93245 0.6782544
179.69362 0.6231031
179.90204 0.56315
180.55948 0.5287251
181.09471 0.50050765
184.13289 0.44868273
186.88713 0.4006341
188.94603 0.35611588
191.93227 0.32173225
195.27797 0.29463807
200.14253 0.25096795
204.20232 0.2206619
208.11874 0.20168194
211.52486 0.17873108
215.68301 0.15606363
219.64302 0.12732649
224.91254 0.0975719
231.43198 0.06858857
237.2415 0.041649412
243.03322 0.015385141
248.05388 -0.012641712
252.15117 -0.039587274
256.51013 -0.066215485
260.2824 -0.09223626
264.6755 -0.11435804
269.55667 -0.14090979
275.40155 -0.16399065
280.93076 -0.18945645
282.87 -0.20603955
284.91833 -0.22253077
287.43106 -0.24060868
290.40506 -0.25646684
292.63852 -0.2719329
294.98892 -0.28739455
297.1587 -0.30010384
299.5448 -0.31421912
302.0661 -0.3289038
304.4918 -0.34267342
306.3698 -0.35617653
309.99924 -0.38642073
312.42908 -0.41077426
314.21683 -0.42593572
316.31262 -0.44031188
318.5764 -0.46732366
319.63602 -0.48053545
320.62442 -0.49317837
323.3573 -0.51667356
325.40613 -0.5379764
326.1129 -0.55943567
326.40546 -0.583505
326.58954 -0.60617214
326.58124 -0.6325336
324.61243 -0.66012794
323.18008 -0.6793303
320.52615 -0.7022659
319.28592 -0.7170849
316.16498 -0.7436599
314.53705 -0.76592225
313.06787 -0.78839284
311.6915 -0.80206585
308.5833 -0.8278856
307.18793 -0.84143203
304.20676 -0.86752814
302.0567 -0.89164114
300.14523 -0.9116241
298.0902 -0.93593353
296.74237 -0.9493438
293.79575 -0.9755137
291.64618 -0.9990271
290.13553 -1.0201977
287.896 -1.039817
284.9092 -1.0579499
282.95544 -1.0703489
280.794 -1.0982366
277.4648 -1.1242234
275.74396 -1.1374394
272.4987 -1.1639405
269.4347 -1.1911974
267.70303 -1.2077558
265.2209 -1.23325
262.98898 -1.2583288
260.65942 -1.2872968
259.3498 -1.3051784
257.312 -1.319894
256.11194 -1.33888
255.81279 -1.3575206
255.17624 -1.3740737
254.24474 -1.393395
252.81673 -1.4283056
252.15387 -1.4479795
251.61115 -1.4669061
251.21251 -1.4834359
251.58029 -1.5032823
252.36505 -1.5195702
253.20673 -1.5356699
255.05025 -1.5672553
255.28287 -1.5866915
255.40207 -1.6052372
255.58496 -1.621952
255.88986 -1.6414953
256.27512 -1.6602432
256.68155 -1.676437
257.25507 -1.695711
257.89838 -1.7142144
258.69138 -1.7340767
258.78345 -1.7533315
259.4676 -1.7716516
260.35242 -1.7877108
260.5021 -1.8072739
261.66534 -1.8250654
261.79028 -1.8415532
262.34494 -1.8599638
263.36502 -1.875242
264.82974 -1.8923779
266.20764 -1.9075689
267.5636 -1.9217567
268.5006 -1.9393923
269.85837 -1.9543114
271.69714 -1.9707503
272.61694 -1.9859293
274.45544 -2.0026748
275.6368 -2.0202985
276.76193 -2.0351274
278.85004 -2.0514305
280.22403 -2.0682752
281.55554 -2.0827167
283.85858 -2.0983999
285.4431 -2.1146533
286.55243 -2.1329877
288.2279 -2.1497214
289.05682 -2.1653159
291.9784 -2.191805
294.9502 -2.2182086
296.4485 -2.2348208
298.25845 -2.2478065
299.2399 -2.2624633
301.05157 -2.27494
302.63214 -2.3010674
305.10648 -2.3293226
306.99557 -2.3451247
308.51593 -2.359272
309.99915 -2.376699
311.52316 -2.390965
313.85104 -2.4064877
317.32007 -2.4371908
319.22433 -2.454425
319.95938 -2.4715936
320.80807 -2.50507
321.5395 -2.5221653
322.92487 -2.555073
322.79495 -2.5843415
322.43924 -2.6162946
321.70602 -2.6328475
320.6856 -2.6515558
320.50613 -2.6660798
319.62326 -2.6926758
318.5559 -2.708457
317.49182 -2.723443
316.72296 -2.7368753
315.4066 -2.7550466
315.25095 -2.7717562
313.93976 -2.7844708
311.92032 -2.812001
310.33572 -2.8272693
308.81824 -2.8427534
307.1167 -2.861297
305.7709 -2.8770158
303.48953 -2.8926275
299.0826 -2.9131036
296.1519 -2.9270046
293.34018 -2.93954
290.42725 -2.95496
287.60028 -2.9700096
284.9495 -2.983367
282.24744 -2.998988
279.6966 -3.0129368
272.04608 -3.038929
265.15424 -3.066444
258.90866 -3.095618
253.67175 -3.1261954
248.72826 3.1253471
242.89519 3.1001983
236.2117 3.0734694
229.52353 3.045442
224.00941 3.0239604
218.93573 2.998153
213.9994 2.9665163
208.25949 2.9322352
201.82986 2.8949416
196.68343 2.8568094
192.52031 2.8177605
188.19394 2.7761445
183.46217 2.7248914
179.15692 2.672626
176.32275 2.6190937
174.44786 2.5709605
174.67317 2.5181372
176.12694 2.4672208
177.45877 2.4145677
178.44864 2.383656
178.75363 2.3519392
180.28099 2.3204896
181.61226 2.289764
183.84969 2.2596946
186.34386 2.23323
188.4484 2.2065067
190.59201 2.1835973
193.17307 2.1570866
195.30264 2.1361203
199.18918 2.0902283
202.89987 2.0408432
207.3856 1.9965941
209.54953 1.9724746
214.06664 1.9370816
217.99966 1.9057544
222.11234 1.8756814
226.23439 1.8434768
230.24544 1.8074403
232.84291 1.77274
235.51767 1.7414311
237.8064 1.7141782
240.08978 1.6907772
241.19447 1.6538938
242.38968 1.6204234
242.43472 1.5955168
245.09036 1.5750372
246.4483 1.5436562
247.58803 1.5275702
247.58803 1.5275702
