Finger
12
372.3943 2.3786302
369.9589 2.3508441
366.80627 2.3081949
364.30762 2.2865217
361.42285 2.2677586
358.45032 2.252519
355.35675 2.2417192
351.60822 2.231831
347.18723 2.2200167
342.42853 2.2113774
337.2343 2.2044616
331.0346 2.199442
324.98425 2.1947477
318.79694 2.189324
312.70135 2.1837869
306.53998 2.1779325
299.95914 2.1692708
293.70895 2.1626961
288.12198 2.1584194
282.52917 2.1544557
277.79547 2.1483755
266.7476 2.1396444
256.5588 2.128083
246.47195 2.115632
237.05344 2.1003332
226.2778 2.0872302
216.27599 2.0806415
206.01009 2.070768
197.2589 2.0547202
188.03935 2.038678
179.9605 2.0238996
172.23987 2.0136216
165.02464 2.0062194
156.83307 1.9871011
150.52733 1.970856
145.156 1.9558103
139.96945 1.9317932
137.55354 1.8936187
140.5229 1.8509142
146.45653 1.8166777
153.78798 1.791341
159.42061 1.7705845
167.02205 1.7602907
173.11435 1.7535453
178.83688 1.7419645
186.38791 1.7295367
193.20677 1.714388
200.80348 1.702986
208.45012 1.6884549
216.12276 1.6711203
221.98235 1.6549425
228.56715 1.6393245
234.4784 1.620563
239.31914 1.6088179
238.50551 1.5859327
233.89171 1.5580082
227.00558 1.5344534
220.26468 1.5106535
212.65013 1.4849347
205.07515 1.4621617
197.53497 1.4415065
190.00316 1.42173
181.70352 1.4023545
177.00499 1.392108
172.25124 1.3812205
168.0767 1.3764524
160.23967 1.3668166
155.37993 1.3603425
150.76088 1.353793
146.59413 1.347522
138.95532 1.3294072
131.27605 1.3130841
125.77439 1.2932899
124.38641 1.2483989
130.26607 1.2166729
136.45442 1.1804931
144.17947 1.1555316
152.89441 1.139725
161.71365 1.1288999
171.12593 1.1180294
181.40121 1.1149554
186.97986 1.1116779
192.54083 1.1029607
202.8955 1.0898918
213.14558 1.0782858
218.14307 1.0747669
228.03816 1.0683287
237.91316 1.0624608
242.8684 1.0596883
253.8766 1.0475191
263.45828 1.0377831
272.6483 1.0311605
282.97586 1.0251893
292.8913 1.010631
298.06726 1.0018594
302.8908 0.9953925
307.59457 0.9897801
316.4723 0.98167795
325.34354 0.9740632
333.99048 0.962676
338.49066 0.9539503
343.01364 0.94545776
350.9713 0.93364334
358.1688 0.92068446
363.4046 0.90739053
369.17184 0.89194983
372.86526 0.8722428
375.12338 0.86017746
375.77313 0.8437659
374.79623 0.82987636
371.15277 0.80978525
366.25613 0.7923386
362.75732 0.7827813
359.21887 0.77282923
355.1868 0.76111776
351.61887 0.75040495
347.4954 0.74185294
342.8208 0.73464316
338.58536 0.7261013
333.9545 0.7184667
329.74112 0.7094221
325.1532 0.7013767
320.41376 0.6934878
315.7148 0.68938607
306.63873 0.6842129
298.33572 0.6723318
293.80435 0.66381294
289.7119 0.6567421
285.04074 0.6470501
280.43097 0.6370973
273.90082 0.62310004
269.1322 0.5993559
265.5467 0.57238925
264.40863 0.5529619
264.04532 0.53603244
265.3278 0.5156315
269.2621 0.47378513
271.93533 0.4523857
275.08002 0.43395767
278.40027 0.4166186
282.73145 0.3982907
287.51938 0.38377193
292.33774 0.36981136
297.55347 0.3594743
301.95508 0.35038155
308.2327 0.34233263
314.87274 0.3348276
320.39505 0.32554352
326.08383 0.31966048
330.9704 0.3147772
335.73697 0.31015798
343.052 0.30028042
347.57843 0.29385397
352.0631 0.287066
355.63348 0.28115004
359.21533 0.27535328
366.3867 0.26416796
373.5958 0.25342825
376.72763 0.24083818
378.97452 0.21992828
377.75403 0.20247175
375.57108 0.18678218
370.51346 0.16811225
364.55014 0.1486434
357.62134 0.13113002
349.05038 0.119914204
340.53708 0.10814799
332.10623 0.09581833
327.22287 0.09114668
322.80493 0.086173564
316.90393 0.08143735
311.7697 0.07635281
306.4706 0.07441342
301.58542 0.06896356
296.55045 0.06677573
291.50644 0.06362821
287.2615 0.064569764
282.51593 0.06565593
277.4943 0.06416282
272.4256 0.06165659
266.49207 0.06209469
260.47726 0.06353045
254.50586 0.06502313
248.4723 0.063621365
242.41595 0.061065055
236.3497 0.05836458
229.32541 0.055808064
223.28741 0.051709585
216.27672 0.048761267
210.2395 0.04540451
204.22794 0.046741974
198.25688 0.04815081
192.2305 0.045791775
186.208 0.041916583
180.16574 0.037745483
175.18968 0.037367407
169.16014 0.03278933
164.1953 0.029376285
158.86462 0.02395845
153.8485 0.01656273
148.82726 0.0054081124
143.11082 -0.008297434
138.85294 -0.017631503
130.9494 -0.041598592
124.873604 -0.065574184
119.22088 -0.10248437
115.394394 -0.13418636
116.43208 -0.18907677
120.19919 -0.2279655
127.92377 -0.25412545
136.88669 -0.272974
146.9023 -0.28920346
152.29993 -0.29403096
158.59671 -0.3000725
165.47641 -0.31237298
172.48112 -0.32385027
179.04903 -0.3289668
185.35994 -0.34022793
192.07599 -0.3498829
198.17159 -0.36022142
204.2675 -0.36992016
210.36278 -0.3790371
215.82104 -0.38892707
221.05414 -0.3988239
230.67625 -0.41903937
238.77525 -0.44064617
243.42615 -0.4682061
245.7256 -0.48638466
245.34373 -0.50678813
240.99458 -0.5312122
235.18372 -0.5557861
229.06487 -0.58427644
224.71548 -0.59713084
219.4239 -0.6080621
214.70573 -0.6192936
210.06616 -0.6292222
204.898 -0.6416629
198.86725 -0.6517217
192.89868 -0.6623334
186.95728 -0.6736137
181.04868 -0.685617
175.7565 -0.69573027
170.05853 -0.70832974
165.58038 -0.7158374
160.45322 -0.72695637
155.63469 -0.73744947
151.13385 -0.74668175
144.97334 -0.77433026
138.84326 -0.8080089
135.79382 -0.8397676
137.06699 -0.90475106
143.49545 -0.9506264
147.34389 -0.96091217
152.64473 -0.9655853
157.94995 -0.97157943
165.07622 -0.9736114
171.65312 -0.9788134
178.34148 -0.98363113
184.01756 -0.98920774
189.87358 -0.99049884
195.76442 -0.9980079
201.85338 -1.0057406
208.0122 -1.0130877
214.13054 -1.0199564
219.92284 -1.0292683
225.96036 -1.0364472
231.61304 -1.045895
237.93025 -1.0563889
244.40063 -1.0619327
251.38103 -1.068153
257.8447 -1.0730473
263.68878 -1.0797393
270.13153 -1.0882814
276.8034 -1.0968146
283.7112 -1.10533
289.47665 -1.1114632
295.65997 -1.1151972
301.5461 -1.1201568
308.09875 -1.1268351
315.1094 -1.1338953
321.8477 -1.1402384
327.6758 -1.1450481
333.60767 -1.1498193
339.08752 -1.1570435
344.6057 -1.164064
349.8074 -1.172804
354.30698 -1.1788808
357.58084 -1.1879393
362.9989 -1.2028227
365.55725 -1.2172024
368.5733 -1.234622
369.47586 -1.254744
367.7931 -1.2783282
366.61182 -1.2892264
364.73978 -1.3075523
360.04852 -1.3271364
355.06555 -1.3496538
352.1116 -1.3615184
348.53354 -1.3718338
343.6897 -1.3837072
339.02628 -1.3931091
334.3914 -1.4027772
328.98236 -1.4091933
323.54617 -1.4159164
313.87958 -1.427957
308.90485 -1.4321549
303.5897 -1.439632
298.2519 -1.4466071
292.99405 -1.4521081
288.57672 -1.4572206
284.26834 -1.4661111
275.5942 -1.4910461
269.94583 -1.5116779
265.67075 -1.5332613
265.2597 -1.559502
267.01025 -1.58295
269.2038 -1.6089019
273.46896 -1.6301795
278.5917 -1.6497178
286.2296 -1.6722652
295.95883 -1.6934587
301.2169 -1.701212
306.42035 -1.7089856
311.77045 -1.7162853
317.1565 -1.7233495
323.53827 -1.7296839
329.79333 -1.7327969
336.19427 -1.7387137
341.62744 -1.7449169
350.14038 -1.7631047
357.88535 -1.7817856
365.8187 -1.7945263
372.6967 -1.8117086
375.86578 -1.8314853
376.79843 -1.848026
373.92987 -1.866931
370.0417 -1.8786398
362.647 -1.8938286
356.59372 -1.9024558
350.32196 -1.9116497
344.4737 -1.9238054
337.32043 -1.9348134
329.65494 -1.9502141
321.36584 -1.9672699
313.6708 -1.9844995
305.15518 -2.000409
296.66022 -2.0181873
288.12326 -2.0363295
280.12048 -2.050734
270.5191 -2.0619779
261.6193 -2.0715048
253.54329 -2.0800898
245.05276 -2.0853784
236.55537 -2.0910637
227.3683 -2.1002183
219.00525 -2.1068304
211.46413 -2.1115417
204.33618 -2.1197252
195.97957 -2.127934
188.16438 -2.141372
180.9514 -2.1537914
174.06403 -2.1662757
166.53374 -2.1824656
158.94676 -2.20087
152.45192 -2.2238135
147.6079 -2.247053
143.55115 -2.2699435
141.00174 -2.2923088
138.59319 -2.3199244
141.59767 -2.3537254
148.54594 -2.3835635
157.86028 -2.4043345
162.89345 -2.4158304
168.513 -2.429528
173.83621 -2.4406095
179.50304 -2.4526956
185.46472 -2.4582057
190.59131 -2.4666026
195.72757 -2.4745555
200.13281 -2.4790888
205.29492 -2.486366
210.31062 -2.492617
214.89857 -2.5029476
218.89062 -2.5108213
225.55634 -2.5308619
232.14923 -2.5506065
235.98003 -2.566514
236.96466 -2.6015868
234.33586 -2.637994
232.32993 -2.6538942
226.68488 -2.6853383
221.82294 -2.6995838
215.99399 -2.7162633
211.53864 -2.7286801
206.5915 -2.7445002
201.56123 -2.7557065
191.57112 -2.7738063
180.9573 -2.7881086
175.02766 -2.7982435
169.20811 -2.8111088
164.24622 -2.8199255
154.19345 -2.852826
147.20935 -2.889849
143.63882 -2.9263592
143.6796 -2.9557605
146.6873 -2.9932892
150.85292 -3.010731
155.56732 -3.027662
160.38254 -3.037276
166.35559 -3.042624
172.16602 -3.051803
178.06567 -3.0588756
184.08264 -3.063076
190.03375 -3.0655396
196.03569 -3.0678723
202.01596 -3.0700586
209.00482 -3.0724545
214.94836 -3.074369
220.90762 -3.079598
226.12073 -3.0821226
231.80853 -3.0868218
238.52934 -3.0894148
244.6952 -3.0948193
251.64267 -3.100086
257.57056 -3.1078296
263.52985 -3.113341
270.25458 -3.1205463
276.40573 -3.128188
283.38214 -3.1355765
290.37433 3.1371372
297.41995 3.1271338
303.4292 3.1175828
309.57892 3.10588
315.67853 3.097084
321.8429 3.085546
328.06967 3.0744061
334.30573 3.0637326
339.9243 3.0530934
346.08658 3.0402405
351.49692 3.0303342
356.15955 3.0205333
361.62045 3.0112174
366.27792 2.9973505
371.07236 2.9852862
375.8352 2.9732141
379.556 2.9623685
382.63284 2.9522393
384.56464 2.94003
381.72272 2.9217806
377.67 2.898327
372.46713 2.8775125
368.46475 2.8661504
363.504 2.8565629
358.31308 2.8464684
352.4688 2.8354862
346.84558 2.8273506
340.11566 2.8146963
332.89572 2.804161
325.7957 2.7924151
319.6729 2.7820952
314.00452 2.7727468
308.20065 2.7610943
303.09677 2.7481577
297.29443 2.736398
292.03473 2.7239268
288.21994 2.7114315
284.1005 2.7008607
281.15073 2.688073
278.44177 2.6752589
274.89804 2.645164
274.21017 2.627123
275.83057 2.5937545
278.76645 2.575007
284.44672 2.5552912
290.56042 2.5362573
296.8455 2.5178132
303.59186 2.498405
311.43604 2.4810503
318.14557 2.4643528
324.7283 2.4490721
332.0875 2.432
339.45505 2.4126105
346.3875 2.3947082
353.81027 2.3763826
360.75555 2.3604653
367.94925 2.3409376
375.35068 2.3219848
375.35068 2.3219848
