Finger
9
301.1839 2.1359525
304.70493 2.114905
307.55173 2.0971894
309.99606 2.0788696
309.57822 2.0611522
308.69666 2.0471125
306.53378 2.0258887
303.1194 2.0022993
299.85602 1.9780207
296.5373 1.9602138
294.99985 1.9473108
290.92575 1.9282074
286.84015 1.9010642
284.5128 1.8853635
282.30722 1.8723656
280.16592 1.8597233
277.29193 1.8395056
273.8216 1.8203
273.8216 1.8203
282.21213 1.8856353
278.62485 1.8660566
275.22784 1.8500189
272.96924 1.8371402
268.2676 1.8110963
263.55328 1.7843758
259.02005 1.7566317
255.86072 1.7312918
253.76285 1.7087021
253.01219 1.6853598
251.66795 1.6622885
250.86028 1.6343138
249.77104 1.6097013
249.39763 1.5892429
252.37125 1.5587223
253.47334 1.5398618
254.43704 1.5205561
255.74933 1.501098
257.062 1.4850743
258.4397 1.469937
259.95877 1.4513494
264.02176 1.422509
268.48904 1.3948406
271.108 1.3786674
273.12784 1.3645828
275.71655 1.3515205
278.75464 1.324447
282.80103 1.2951275
284.39224 1.2785927
287.06546 1.2602758
289.37753 1.2445962
290.96317 1.2310929
294.66815 1.2065421
297.5957 1.1815565
299.80737 1.1556063
301.50052 1.1291174
302.33176 1.115713
302.44025 1.0927902
299.98557 1.0658937
296.5663 1.040113
292.62646 1.0161692
290.0922 0.9904028
286.35196 0.9563109
284.07382 0.9376823
281.25433 0.9213915
278.5333 0.9048968
275.88675 0.88806546
272.053 0.87070245
268.1431 0.8534213
264.34784 0.8357444
260.57022 0.8173164
256.94653 0.8040027
253.23288 0.7897755
249.13763 0.77334654
244.80685 0.76098603
240.83922 0.7482883
236.68277 0.7356193
228.59514 0.71586853
223.31886 0.7073498
218.22337 0.70153296
208.48785 0.69079125
199.45613 0.6829232
195.22005 0.67414933
187.78606 0.6584036
180.81946 0.6447242
172.75462 0.6306489
165.22212 0.61924326
158.39296 0.60197556
152.10486 0.5762777
145.82086 0.5471611
141.67587 0.5143355
139.70758 0.47337484
139.80331 0.41157928
141.17352 0.35988235
145.0016 0.31345403
149.49623 0.26888153
155.31729 0.23867838
159.75218 0.22551225
164.436 0.21270032
168.31609 0.20169319
175.79887 0.18136589
183.33084 0.16277438
187.67482 0.14838952
192.55019 0.13922167
197.56693 0.13052517
202.39214 0.1224277
207.22218 0.11473205
211.96666 0.10267821
219.56134 0.080826744
224.20747 0.070198365
229.0724 0.059945747
233.09953 0.050401233
237.01419 0.04109478
244.87016 0.023447588
252.8322 0.0068325615
259.00327 -0.00874641
267.90845 -0.027126778
274.2594 -0.047507938
277.27896 -0.061484426
284.06772 -0.08832804
290.44257 -0.10149194
296.72964 -0.1150388
305.28033 -0.12887098
313.06403 -0.14174578
320.19373 -0.1633274
322.94986 -0.17688985
326.6621 -0.18792309
331.99686 -0.20694542
337.35086 -0.2242564
341.88278 -0.24225481
345.5435 -0.26047325
348.1559 -0.28530097
351.26328 -0.30651024
353.93774 -0.32789135
355.83228 -0.3498528
357.7172 -0.3718936
359.2929 -0.3916683
360.2865 -0.41107076
360.03073 -0.42705277
360.34686 -0.43898016
358.26636 -0.45715287
354.7142 -0.4746985
351.72815 -0.49517307
346.67468 -0.51626915
343.3393 -0.5352622
339.50223 -0.5495094
336.14883 -0.56264377
330.56223 -0.57988256
326.90112 -0.59159315
321.9386 -0.60575664
318.22098 -0.61771786
314.1517 -0.63088435
308.78775 -0.6507597
303.24646 -0.66996235
297.0206 -0.686679
291.5287 -0.70672023
286.16168 -0.7275117
283.34744 -0.74116087
280.7267 -0.7533454
275.82388 -0.77652663
270.1819 -0.797254
266.90222 -0.80991936
263.9841 -0.8216013
257.32416 -0.83970165
254.46964 -0.8507296
247.91713 -0.8703666
242.97601 -0.8866919
237.86996 -0.9015594
232.14864 -0.9189967
227.40758 -0.9374838
222.47926 -0.9545549
218.04172 -0.9736578
213.88734 -0.9942278
209.83934 -1.0155082
206.7391 -1.040172
204.64777 -1.0678953
203.60713 -1.0984019
204.33113 -1.13288
205.53198 -1.1675246
208.61212 -1.2048005
211.49652 -1.2401174
215.11108 -1.2751341
220.1753 -1.3103591
224.8126 -1.3433512
231.11345 -1.3761297
236.08675 -1.4017316
239.39474 -1.4294971
242.57494 -1.4561731
246.1314 -1.4741706
248.61772 -1.4993373
250.26105 -1.523807
252.32498 -1.5468963
253.25938 -1.5783575
252.64656 -1.6022794
250.82062 -1.6195201
247.19884 -1.6445173
240.04218 -1.6717476
236.3511 -1.6849418
230.07088 -1.711179
223.83543 -1.7421775
219.40767 -1.7815665
214.9803 -1.8159026
212.40141 -1.8432217
208.28731 -1.8773745
205.19728 -1.9234275
202.55714 -1.9706389
201.71342 -2.0213816
200.91306 -2.0678704
202.88393 -2.1079276
206.2481 -2.1437178
208.16772 -2.1664681
210.43239 -2.188346
213.01263 -2.2071743
216.5607 -2.2235003
220.46626 -2.2389052
223.95685 -2.2566562
227.63013 -2.276143
230.91127 -2.2926717
234.3996 -2.309417
237.62335 -2.3241968
240.54044 -2.3370385
244.0245 -2.3517616
247.57117 -2.3604436
251.12448 -2.3688352
256.85742 -2.3850372
261.42343 -2.401398
267.18893 -2.4209354
273.24933 -2.440251
279.3972 -2.4586928
287.04672 -2.475766
290.7609 -2.4857607
294.13705 -2.4945629
298.14737 -2.5046868
301.97595 -2.5140336
305.41196 -2.5221703
309.9387 -2.5295913
313.96783 -2.5376081
317.47647 -2.545214
324.11642 -2.559056
327.5076 -2.5694954
330.70627 -2.578338
333.58023 -2.5873451
338.85165 -2.6072228
342.15598 -2.6196735
345.27255 -2.6314826
347.56903 -2.6450305
349.3441 -2.6599033
352.88028 -2.6904216
355.16632 -2.7183938
356.55936 -2.744605
356.88425 -2.7571075
357.69894 -2.7819805
357.79248 -2.8058462
356.74146 -2.81669
354.0498 -2.8400738
352.81885 -2.8515022
348.93546 -2.8721023
343.98212 -2.8922055
337.24155 -2.9114914
328.91998 -2.930503
323.5153 -2.9394584
317.83337 -2.9486246
311.97794 -2.9613008
306.29422 -2.9734406
300.6377 -2.984752
294.93643 -2.998867
289.35187 -3.0125792
283.9595 -3.0250623
278.56216 -3.0347695
272.3042 -3.045865
266.87463 -3.059187
261.35202 -3.0726895
256.15536 -3.083098
250.26414 -3.097633
244.14488 -3.1088612
238.10399 -3.1205416
233.02953 -3.1330528
227.7696 3.1403954
222.80782 3.1314456
217.8406 3.117392
212.91667 3.1074646
208.00262 3.0970364
203.1208 3.0861282
198.24957 3.0746405
190.52246 3.0561721
182.86604 3.034563
175.28687 3.01269
166.67078 2.9938748
159.08101 2.9740438
152.54576 2.9534743
146.95761 2.9273145
142.77954 2.8994532
139.23141 2.8556252
136.94197 2.812468
137.83037 2.7683268
143.36856 2.72487
149.81274 2.6794622
152.61293 2.6576443
156.27177 2.6409092
162.82574 2.6066976
170.83107 2.5744474
175.6022 2.563427
180.67926 2.5485246
185.8289 2.5363405
190.69896 2.5270016
196.01135 2.5150182
201.37387 2.5036511
207.24652 2.489989
212.71716 2.4739459
218.0439 2.4579697
222.61139 2.4400067
228.00282 2.425649
232.7638 2.40893
236.98395 2.39088
241.8285 2.375586
246.72662 2.3551638
251.52797 2.3404014
256.03882 2.3248336
260.46613 2.3089871
264.90024 2.293862
269.4317 2.279115
272.6171 2.2643745
276.52798 2.24803
279.93558 2.2337453
282.22702 2.2196193
284.82382 2.204029
287.10425 2.1896253
289.88443 2.1546617
291.9158 2.1258247
293.72723 2.1080058
293.72723 2.1080058
