Finger
20
6.555437 2.133225
14.305587 2.1663268
21.47454 2.222341
27.096111 2.2035854
32.397415 2.206772
41.83645 2.1891615
51.021397 2.2053773
56.475765 2.1948912
61.149124 2.1842058
65.63226 2.173894
71.426125 2.16881
76.31884 2.1693006
85.94378 2.1523955
90.55738 2.1452248
95.0106 2.1400032
103.92091 2.1309066
108.613075 2.1171153
113.12105 2.1111374
118.04746 2.0983317
122.400475 2.0943267
127.537025 2.0891953
132.18452 2.0864913
138.17015 2.0785253
143.09508 2.0692923
148.60785 2.0626662
153.92918 2.0587804
158.93874 2.050893
163.97757 2.0470185
169.2116 2.039278
175.13641 2.0334516
180.70334 2.030425
186.63081 2.0264196
192.35832 2.0236905
198.42184 2.020017
203.97049 2.0177212
209.2909 2.016007
214.70828 2.0143867
220.06377 2.01284
224.93413 2.0086966
230.19061 2.0064704
234.538 2.003636
243.42303 1.9947006
247.86818 1.9877218
252.18434 1.9844755
257.1507 1.9802425
261.81686 1.9766693
266.09717 1.9728616
269.8774 1.9678788
277.90414 1.9625866
285.78915 1.9559287
289.50824 1.9507266
298.26074 1.9426268
305.71536 1.9331352
313.1376 1.9241651
316.92935 1.9197558
324.44644 1.9113386
331.9886 1.9032998
335.77826 1.899405
340.74457 1.8944396
345.95972 1.8871025
349.91254 1.8826632
355.12213 1.8705697
359.6706 1.8573034
360.97964 1.8368605
360.17572 1.8174253
357.7216 1.8010852
352.93018 1.7861124
343.94684 1.7747892
335.0067 1.762926
330.29395 1.7532781
321.01273 1.7332448
315.64975 1.7231317
310.2882 1.7153318
303.77795 1.7058858
298.18756 1.6982509
292.8215 1.6894944
287.45016 1.6785618
282.18796 1.6699573
276.9249 1.660152
270.8353 1.6481577
265.3626 1.6347375
260.19495 1.6244586
251.94704 1.602388
246.61493 1.5890217
246.3608 1.5656525
253.9974 1.5392576
258.1501 1.5271497
265.49292 1.5028878
269.7181 1.492744
274.6349 1.4860657
279.06943 1.4775264
284.2748 1.4713101
293.43973 1.4607046
297.80878 1.4556491
302.97745 1.4510269
308.02078 1.4463662
312.5357 1.4393017
321.03885 1.4294955
325.4388 1.4220976
333.67136 1.4045693
340.74417 1.3879132
346.83167 1.3728923
351.97327 1.3584167
357.57703 1.3395388
361.63553 1.3194939
362.89944 1.3062683
360.22058 1.2861695
353.72867 1.2689999
350.20596 1.2628572
343.23584 1.2502948
339.02792 1.2430513
333.7071 1.2344835
328.10712 1.2277474
322.5654 1.2216045
316.83826 1.2150148
311.20282 1.2082773
305.60983 1.2013268
299.9995 1.1940745
294.51642 1.1866984
288.55774 1.1820811
282.75955 1.176572
277.14413 1.1690738
271.16318 1.1636992
265.36316 1.1574681
260.5255 1.1502285
255.55072 1.1457988
249.99529 1.1391101
245.04205 1.1342812
239.09143 1.1283283
233.84204 1.12603
228.45316 1.1245031
223.04793 1.1228927
218.3982 1.1227789
213.4781 1.1273204
207.6821 1.1300294
202.33926 1.1284206
196.94273 1.1267298
191.62634 1.1249366
186.3096 1.1230409
181.08493 1.121601
176.36844 1.1213932
171.0031 1.1192218
165.66605 1.1169082
159.58725 1.1122963
154.24384 1.1095909
147.5328 1.109685
141.71188 1.1129193
135.73758 1.115728
129.20265 1.1169151
122.50506 1.1174438
116.94854 1.1132563
111.5491 1.1095384
106.22302 1.1054435
100.961464 1.1009204
95.49771 1.0958757
90.374504 1.0914377
85.67402 1.089347
81.18983 1.0883532
72.74672 1.0738639
68.63925 1.0616297
61.00153 1.043827
53.696888 1.0286419
49.71924 1.0042828
40.8884 0.9819185
33.48461 0.9777304
27.090843 0.9971074
27.090843 0.9971074
47.130177 1.2361175
39.309803 1.2415528
32.677116 1.2690014
27.300661 1.28448
21.97475 1.3074301
17.661291 1.2994751
12.567157 1.2697779
7.864174 1.1101788
11.638907 1.2657466
16.536276 1.1825678
23.637 1.035032
31.671986 0.92590886
39.940132 0.8612978
49.673004 0.8432585
59.74073 0.85453755
70.73722 0.8280919
75.721344 0.81408864
86.33832 0.8024055
96.19174 0.78599936
106.80192 0.7793488
118.129524 0.77995133
124.43108 0.7745618
129.42046 0.7695301
139.49504 0.7616246
150.64081 0.7624185
163.2544 0.7564509
169.74718 0.75254303
176.15208 0.74973387
182.5155 0.7471133
193.82657 0.7493623
200.20128 0.74698687
207.14488 0.74219155
213.58356 0.73357975
220.77316 0.7288139
227.12032 0.72732335
233.6816 0.7252895
239.5423 0.7214782
245.12695 0.7177503
251.6057 0.71108156
258.11105 0.7047228
263.99847 0.7006248
269.80164 0.6971393
275.52545 0.69387084
281.7991 0.6928764
288.81393 0.69072014
295.34985 0.68993783
301.7542 0.6853874
307.5057 0.68265927
313.28235 0.6800246
318.50247 0.6755894
323.051 0.67225736
328.01694 0.6679707
334.01086 0.6615073
339.19162 0.6571023
344.35617 0.6528526
348.4277 0.64827764
352.7251 0.6454739
356.6521 0.63788
361.29987 0.6318008
364.67407 0.62504566
368.71912 0.6171522
371.42163 0.60871524
374.164 0.6003756
373.8434 0.58290356
369.59265 0.5652217
366.9527 0.5537752
364.7813 0.54407173
361.53885 0.5333784
358.15146 0.52277094
354.77634 0.51190716
350.64597 0.50235754
346.49808 0.49247885
341.4976 0.4837124
336.5179 0.4746727
327.54803 0.46129236
318.6609 0.44721174
309.9449 0.43927994
300.56113 0.43550575
290.724 0.42786294
282.8275 0.41737074
274.6639 0.4036215
266.69214 0.39105722
259.3355 0.37434882
253.11258 0.3544083
247.24966 0.33657172
243.97163 0.3117766
244.92155 0.28982744
248.8818 0.27135998
254.82 0.252805
262.85153 0.23705553
267.47366 0.22905344
272.4967 0.22389708
277.16122 0.21637367
281.85754 0.20908694
287.22968 0.20156805
292.90253 0.19413406
299.61206 0.18973304
305.7535 0.18587705
311.35068 0.18010776
317.15912 0.1734768
321.71323 0.16473232
326.33704 0.15616032
330.35733 0.15120961
334.7485 0.14318383
339.4603 0.13519375
343.3533 0.12784758
347.106 0.1206
350.7488 0.11070687
357.26273 0.09746945
361.2116 0.088048495
364.67142 0.06858955
363.44363 0.046768665
361.27448 0.035354
355.37357 0.017100193
348.5327 0.0029152317
342.32782 -0.0093679065
334.62732 -0.021549368
326.7174 -0.031252228
317.07748 -0.04166405
312.32935 -0.046245635
306.25317 -0.050430406
301.41403 -0.05456047
295.32214 -0.059076328
290.3797 -0.060083047
285.4353 -0.06112511
279.40677 -0.062445655
274.43527 -0.0635784
268.4562 -0.06499639
262.4432 -0.06648774
255.70085 -0.068243586
249.65274 -0.06989953
243.53107 -0.07165957
236.9527 -0.07788161
229.9097 -0.08027248
222.95155 -0.08278337
215.97942 -0.08546217
208.99756 -0.08832448
202.02954 -0.09137916
194.85211 -0.09475506
187.8981 -0.098273024
180.16257 -0.10250705
173.29802 -0.10658263
166.2488 -0.111120224
159.32501 -0.11597047
152.28854 -0.11474747
146.00087 -0.114489526
140.03456 -0.117650345
134.07947 -0.12290165
128.11273 -0.12865674
121.401955 -0.13581143
114.438866 -0.14413095
108.2099 -0.14315495
102.2468 -0.15156655
96.416245 -0.1608097
90.33331 -0.16330227
84.36153 -0.17199972
78.31834 -0.17552637
72.401596 -0.18670742
66.38548 -0.18850948
60.464058 -0.20722713
55.16233 -0.21335919
49.504734 -0.23321845
44.260567 -0.24401024
38.639652 -0.27363837
33.36214 -0.28695622
27.896267 -0.34531245
23.981047 -0.40471166
19.402016 -0.50828844
13.046389 -0.80925494
10.487636 -1.477303
11.577214 -2.0173757
15.135247 -2.3802392
18.261189 -2.5328887
13.7576475 -2.2798414
9.895274 -1.8744304
9.620683 -0.9234329
13.102886 -0.6042326
17.98833 -0.4737712
22.923742 -0.41313544
27.908802 -0.37405777
32.964077 -0.3469969
38.317516 -0.35165337
43.37013 -0.3336554
49.476204 -0.33370548
55.07191 -0.33692542
60.80023 -0.35633168
66.891235 -0.35425344
72.81356 -0.36795807
78.903755 -0.36535323
85.600716 -0.3730363
91.87046 -0.36954287
97.85391 -0.37880075
103.9455 -0.3761766
109.70896 -0.38486138
115.05453 -0.3846835
121.590614 -0.38911563
128.76198 -0.39846066
135.79364 -0.4083969
141.9535 -0.42024088
149.07706 -0.42833856
156.19006 -0.435678
163.38324 -0.44244286
170.49763 -0.44856644
177.63054 -0.45420885
185.16956 -0.46422088
192.80347 -0.47349557
199.24493 -0.47933483
206.30836 -0.48373666
213.38092 -0.48721194
220.57303 -0.49051595
227.73755 -0.493599
235.39925 -0.500233
242.1438 -0.5068853
249.886 -0.51424444
256.71335 -0.5216252
264.1581 -0.525872
271.27533 -0.53222585
278.39645 -0.53479433
285.19708 -0.5409333
292.51596 -0.54906845
299.89743 -0.55741674
306.77408 -0.56262
313.01746 -0.5689222
318.65576 -0.5733363
324.10773 -0.58092195
329.3503 -0.58858645
334.24518 -0.5996455
339.2136 -0.6107232
343.80228 -0.6194564
347.5331 -0.62949175
350.82388 -0.63752836
354.02582 -0.6449368
356.6302 -0.6535199
360.9426 -0.67241174
361.66592 -0.69581485
359.81723 -0.71633685
356.07657 -0.7330463
350.97842 -0.7539862
347.3995 -0.76370496
343.8188 -0.77372545
339.51584 -0.782973
335.30966 -0.79032016
331.05176 -0.795713
326.77448 -0.80375177
316.64026 -0.8200745
311.70258 -0.8275522
306.73367 -0.8356466
299.23593 -0.8486562
294.4157 -0.8527429
285.1828 -0.85798097
278.0909 -0.86433077
269.87457 -0.86743724
262.21732 -0.87658
255.17442 -0.8853164
249.82803 -0.89314294
245.45676 -0.9001761
241.14513 -0.916211
242.24312 -0.94172436
245.18452 -0.9614612
250.18195 -0.9801498
252.96693 -0.9922364
259.73514 -1.013699
263.43237 -1.0224179
266.8818 -1.0302945
273.7455 -1.0452746
278.5792 -1.0511825
283.99857 -1.0589198
289.32968 -1.0683773
294.26788 -1.0746174
298.69586 -1.0817425
303.02478 -1.0893297
307.90225 -1.0939409
312.36368 -1.1013056
318.05664 -1.1076506
323.54083 -1.1153212
331.8363 -1.12753
338.6498 -1.1403085
344.303 -1.1534749
348.34265 -1.1624408
351.21295 -1.1799492
351.64786 -1.1956669
351.03967 -1.2080301
348.01532 -1.2231355
343.982 -1.2318954
339.6014 -1.2421973
333.60245 -1.248681
324.1092 -1.2609059
318.3559 -1.2682973
310.4115 -1.2771673
301.69305 -1.282125
291.5911 -1.2925632
275.5507 -1.3043891
258.09183 -1.3191172
244.57104 -1.3338466
232.35652 -1.3454502
220.29651 -1.3598729
207.89905 -1.367889
196.24088 -1.3761984
175.65741 -1.3778952
164.42215 -1.377005
154.31418 -1.3772353
145.26733 -1.372075
136.45007 -1.3606461
127.338844 -1.3595694
117.37208 -1.3500414
108.260445 -1.3498774
98.700836 -1.3491226
88.709656 -1.3468803
79.49765 -1.3462611
71.04292 -1.3479224
61.675484 -1.359511
51.663197 -1.3619267
43.22605 -1.3676895
35.772053 -1.3815732
28.485239 -1.4044894
24.102736 -1.4252523
17.823708 -1.4302461
13.026377 -1.4555333
19.164394 -1.6907278
24.181425 -1.7488906
29.368883 -1.7851944
35.56561 -1.7771462
42.79346 -1.7892622
49.68502 -1.7793338
56.08566 -1.7911472
63.896088 -1.7798303
72.22002 -1.7839625
80.23607 -1.7776549
87.67333 -1.7806749
95.37516 -1.7657577
104.36808 -1.758502
113.39306 -1.7523534
120.665146 -1.7497057
127.73635 -1.7476407
135.58722 -1.7447764
143.62325 -1.7420036
151.6014 -1.739591
158.07613 -1.7441058
164.9397 -1.7429758
171.28624 -1.7436674
178.22163 -1.7470391
184.57156 -1.7465189
191.78848 -1.7503822
197.07564 -1.7506549
203.1075 -1.7552074
209.2246 -1.7546723
215.48772 -1.7586999
222.33519 -1.7573968
228.78166 -1.7609434
234.27701 -1.7651296
239.46698 -1.7691703
245.63885 -1.7726029
250.93372 -1.77641
257.24084 -1.7792664
262.69492 -1.7825785
268.8268 -1.7853438
273.35553 -1.7892263
281.0396 -1.7976925
290.8991 -1.8068105
296.00598 -1.8102058
301.67078 -1.8159536
306.1966 -1.8189473
310.82608 -1.8251426
319.34567 -1.8402382
327.72034 -1.8522068
336.12234 -1.86355
344.61212 -1.874859
352.34354 -1.8858422
358.94516 -1.8973613
363.0903 -1.91337
366.39438 -1.9286633
364.18045 -1.9480013
358.12787 -1.9583062
353.7308 -1.963385
349.82422 -1.9680136
345.41693 -1.9733725
340.85416 -1.9790797
335.29645 -1.9862614
329.52487 -1.9973279
324.24274 -2.0074642
318.18964 -2.017054
312.716 -2.0318222
306.0082 -2.046438
299.47437 -2.062246
294.54034 -2.075103
289.7591 -2.0881946
284.3616 -2.103102
279.56827 -2.117408
274.93488 -2.1310773
269.96478 -2.1435947
265.57178 -2.1588132
261.17294 -2.1700845
258.4495 -2.1820116
252.52599 -2.2034404
247.2348 -2.2284513
245.79121 -2.2490425
248.07649 -2.2723885
251.17435 -2.2879672
256.45584 -2.2949262
264.7243 -2.3027008
274.66507 -2.309306
284.4981 -2.3159075
294.87448 -2.3249328
299.68207 -2.3315184
305.18246 -2.3370953
310.25928 -2.3438175
315.18384 -2.3507302
319.55496 -2.3556492
323.903 -2.3638566
328.07684 -2.3720772
332.3463 -2.3803034
336.65985 -2.3883822
341.01895 -2.3963208
344.10367 -2.4045622
347.76382 -2.4140742
351.36038 -2.4200678
357.3951 -2.4304647
361.58905 -2.4433715
365.27576 -2.4577599
365.67023 -2.4730241
363.75623 -2.4932745
361.50485 -2.5024076
357.19342 -2.514937
350.22278 -2.5279703
345.28864 -2.5383368
340.82767 -2.5470715
335.1689 -2.557219
329.069 -2.563207
322.31842 -2.5680487
315.44666 -2.572742
308.00046 -2.5804217
300.2411 -2.58391
291.9902 -2.59047
282.819 -2.5910468
274.02084 -2.5938456
264.90225 -2.5984576
255.12817 -2.6027699
246.0409 -2.6091104
236.16939 -2.6137805
226.23138 -2.618897
216.40526 -2.6244216
206.41342 -2.630583
195.23862 -2.6384766
183.97748 -2.6482627
173.35196 -2.6556034
163.3053 -2.664673
153.07463 -2.6729465
143.0398 -2.6843116
132.54506 -2.6958003
122.51639 -2.7110023
113.16634 -2.7216704
103.87936 -2.7341473
94.48372 -2.7515988
85.21435 -2.770175
76.32757 -2.7809722
67.470474 -2.794579
58.587788 -2.8123915
50.69187 -2.8268695
43.167297 -2.8427596
36.516685 -2.872941
30.778404 -2.9211423
25.419178 -2.9555342
21.128292 -3.0139666
27.461802 -2.951249
32.501766 -2.9185362
37.82369 -2.8962116
44.13631 -2.885252
50.44523 -2.8770447
56.76303 -2.8706563
63.81022 -2.8810613
70.78478 -2.8817818
77.8385 -2.8924568
85.04783 -2.8899505
93.27269 -2.890528
101.320305 -2.90057
109.29485 -2.9091432
117.17719 -2.9228292
125.1613 -2.928829
133.16594 -2.9341347
140.9714 -2.9457753
147.8589 -2.9550068
154.89874 -2.9685507
162.4374 -2.9781613
169.55951 -2.985084
176.5179 -2.9913015
182.45155 -2.9962246
188.39346 -3.0008404
194.3199 -3.0051606
200.26767 -3.0092366
206.32043 -3.0082562
211.65343 -3.0068727
217.34657 -3.010422
222.56538 -3.013515
228.26846 -3.0167317
235.31903 -3.016213
241.3233 -3.0162477
247.3322 -3.0182626
252.4385 -3.0207696
258.13077 -3.026356
263.96783 -3.0336893
269.0646 -3.0394747
274.70236 -3.0443137
279.643 -3.0469406
285.50342 -3.0524032
290.4507 -3.0573792
296.2529 -3.0649564
301.3788 -3.0704153
306.9077 -3.0773087
311.89642 -3.0824502
317.78513 -3.0890512
322.67746 -3.0960517
327.82303 -3.102852
332.77374 -3.1072052
337.4697 -3.11287
341.6685 -3.1168778
348.6257 -3.1259713
353.566 -3.1367939
357.82953 3.1302617
361.16846 3.115838
364.35577 3.1002831
365.60706 3.0860727
365.9712 3.070383
364.3691 3.0563536
360.13516 3.0407104
354.84085 3.027848
346.4066 3.0134518
341.73193 3.0058095
337.05386 2.9979064
332.33023 2.9920537
326.82123 2.9864197
321.03632 2.9813068
315.1852 2.9774294
309.3794 2.9710436
304.32755 2.9656937
299.58853 2.9594855
294.8911 2.953155
290.01447 2.9490118
284.7547 2.9391923
279.79373 2.9318616
275.34467 2.920995
270.7081 2.913386
263.63303 2.8954124
258.3431 2.8782516
254.82878 2.8552365
252.54243 2.8276591
254.78764 2.8015635
258.83395 2.7783327
264.5235 2.7542071
267.93375 2.7430987
275.95892 2.7278304
281.48416 2.7248592
287.64774 2.7191956
294.64188 2.7152245
301.41534 2.7069035
308.12598 2.7002418
315.19183 2.6957011
322.76227 2.6897407
330.31332 2.6840658
338.26746 2.6766515
345.31213 2.6698825
352.05 2.663675
357.05847 2.656246
361.75452 2.6495655
365.83914 2.640209
369.07523 2.630125
371.3953 2.6204743
373.94247 2.599637
374.0536 2.5802352
371.1221 2.5688305
368.02438 2.5568776
364.2486 2.5435221
359.9656 2.5309954
355.65167 2.5190275
349.38495 2.5060925
343.8 2.494057
337.43973 2.4834716
330.29956 2.4733372
322.75845 2.4627888
313.93134 2.4522934
304.08145 2.4414375
291.71188 2.434692
277.35388 2.4234807
262.1294 2.414611
246.2749 2.408957
228.1383 2.4000273
211.47417 2.3934922
193.37462 2.3832319
176.16731 2.37581
161.49147 2.3623564
146.94186 2.3473985
131.10362 2.335638
116.56716 2.326949
104.36277 2.3033164
91.00385 2.2877955
79.590744 2.2811868
65.704254 2.2800927
52.650455 2.2612317
39.982723 2.231082
28.40564 2.223567
18.912355 2.1937473
11.093999 2.1435976
3.5054948 1.8700781
3.093697 -0.29851198
8.210162 -0.695168
8.210162 -0.695168
