Stilus
10
136.26851 2.7776048
139.57526 2.737605
143.33017 2.7090223
147.19319 2.6851754
150.86314 2.6660092
158.38876 2.6534941
166.22054 2.6321118
172.81654 2.6002066
177.15 2.581786
183.98828 2.553675
187.88644 2.5418515
191.91002 2.5296476
198.55327 2.5172846
204.45682 2.4958973
212.21056 2.4712656
216.19922 2.461273
219.6957 2.4505134
223.79245 2.4424253
231.18408 2.4298763
238.72673 2.412686
245.6094 2.3937855
252.69002 2.376513
255.68857 2.3643754
260.5391 2.3510075
266.7527 2.3333752
269.72153 2.3229115
271.98553 2.310171
277.27686 2.2881134
279.66293 2.2759953
281.57922 2.2619486
285.30878 2.233299
289.27838 2.2053294
293.451 2.178244
296.33734 2.15526
297.40875 2.129739
296.33936 2.1044278
295.84018 2.0812569
294.77533 2.0532575
295.6225 2.0290296
294.8772 2.0143554
292.53397 1.9888505
291.03937 1.9612429
289.4541 1.9457933
287.9487 1.9322792
286.55414 1.9191803
283.54388 1.8997517
279.52963 1.8791919
274.2482 1.8509467
270.01367 1.8248622
268.06534 1.8113518
264.3211 1.7837884
262.7453 1.7540019
261.52875 1.7269125
258.4524 1.6984407
255.66931 1.6723797
254.11627 1.6483688
253.68158 1.6217698
254.2012 1.5941324
255.35051 1.570537
256.4469 1.5432687
257.50424 1.5162927
260.13733 1.4928443
261.84738 1.4636805
264.575 1.4343256
268.75162 1.406308
272.73694 1.3864658
275.30383 1.3622637
277.29483 1.3463374
279.42456 1.3296299
281.41467 1.3130071
282.93442 1.2962395
285.07178 1.2828667
287.4415 1.2562249
289.60074 1.2411927
291.61954 1.2247803
293.36148 1.2086694
295.16556 1.1928647
297.0454 1.1772317
299.1735 1.1539471
299.26636 1.1291859
299.2011 1.099346
300.95627 1.0723892
302.02307 1.059139
303.57977 1.0337715
301.4534 1.007122
297.74863 0.98315847
293.4192 0.95675796
289.5677 0.93141806
286.603 0.9141092
283.8612 0.9007701
280.31845 0.88612556
277.04697 0.8717463
273.13248 0.8547993
269.39267 0.8426571
266.08014 0.83150196
260.80118 0.81644446
257.60596 0.8064661
252.8912 0.7926786
248.48117 0.7763893
244.14357 0.7640604
240.71178 0.7490638
234.66257 0.73226076
226.57703 0.70689815
221.91776 0.68906003
217.61557 0.6702828
214.31946 0.6525329
210.96742 0.6394258
207.23318 0.6230907
202.91335 0.60816425
199.24124 0.59036744
193.87886 0.559711
187.87195 0.5359472
182.53543 0.5186185
176.9459 0.51714164
171.20677 0.50576115
164.53844 0.48511595
158.71275 0.46904066
152.1411 0.44127178
147.3778 0.41561028
145.15816 0.3886569
144.32263 0.35485524
145.45566 0.32015744
150.43137 0.26744455
157.11685 0.2345938
162.56573 0.20770718
169.64774 0.18228446
177.61516 0.15123911
182.23 0.13638313
186.30096 0.1279774
190.8247 0.11428386
195.59991 0.10116165
200.33147 0.08883206
205.17104 0.07691064
211.04546 0.07006517
216.0035 0.06375154
220.96025 0.061313815
225.86534 0.052092183
230.71994 0.042381763
235.65392 0.032980476
240.64539 0.02390904
245.51662 0.015406033
250.5167 0.0039810403
255.47116 -0.0077126375
259.78143 -0.020105628
266.95578 -0.04203393
273.45593 -0.06291315
278.67838 -0.0733906
285.59564 -0.084645644
289.8767 -0.09052351
298.54303 -0.1107895
305.6296 -0.13431938
309.18628 -0.14598031
316.20657 -0.16575113
323.90134 -0.17995594
330.46002 -0.20066194
333.28186 -0.21140546
336.09644 -0.22180332
341.06937 -0.24254535
344.45016 -0.26079863
347.03387 -0.27406204
351.6 -0.29094657
356.3171 -0.30536577
358.63846 -0.3231528
360.20078 -0.3422654
361.67844 -0.3554003
362.5299 -0.36938292
361.8341 -0.39099193
360.29138 -0.4108124
356.78452 -0.4279858
353.0579 -0.44528294
349.37943 -0.46317095
345.84406 -0.48131812
340.7108 -0.5024837
334.71628 -0.51921964
329.44052 -0.5292153
324.48148 -0.5381773
321.05273 -0.5445649
314.9069 -0.5564279
308.3221 -0.56976724
301.65497 -0.5839919
298.306 -0.5914298
292.86465 -0.6122757
289.59558 -0.62022597
282.54962 -0.63375735
279.33524 -0.64224035
274.06363 -0.66490096
271.0618 -0.67467856
265.47305 -0.69163376
260.28946 -0.7082398
254.37015 -0.7230931
250.71046 -0.7306858
244.81653 -0.7524751
239.77734 -0.7723369
236.21011 -0.7811819
230.70836 -0.8051152
227.85875 -0.81821394
222.49313 -0.8443341
218.41132 -0.8656232
213.47153 -0.8932618
210.96635 -0.90815896
208.13454 -0.93382305
203.82106 -0.9544747
201.11072 -0.9826597
199.55539 -1.0130969
198.1677 -1.0441567
196.97192 -1.0756407
197.13437 -1.1046646
198.54613 -1.1360052
201.6309 -1.1756696
203.47986 -1.2057678
206.46895 -1.2370454
210.16156 -1.271994
212.99788 -1.2965822
216.32695 -1.3248576
220.05873 -1.3524688
223.01674 -1.3816861
226.04878 -1.4078264
230.24449 -1.4327775
233.57161 -1.4562591
235.18015 -1.4826438
236.72298 -1.5086126
236.41791 -1.5348802
238.29733 -1.5540328
240.27298 -1.5802373
239.47354 -1.6127268
238.67789 -1.6297069
235.51088 -1.6645768
231.3265 -1.6976517
226.52846 -1.7350793
221.54253 -1.7626845
216.9137 -1.7950817
214.21144 -1.8219132
210.88994 -1.850531
208.62793 -1.8836744
206.78503 -1.9172097
204.55035 -1.9567214
203.7681 -1.9817296
201.92957 -2.0107324
200.81635 -2.0465631
200.13704 -2.0824306
201.24084 -2.113599
204.40114 -2.138709
207.25943 -2.1599712
211.3413 -2.18006
214.8412 -2.203029
218.22794 -2.2373345
220.57173 -2.2521968
226.4415 -2.2767844
229.55594 -2.2925525
232.38908 -2.3062966
237.80557 -2.33113
239.8747 -2.346126
243.9528 -2.3584225
248.06436 -2.3691933
251.7813 -2.377987
254.82378 -2.3882833
260.71213 -2.4092593
265.5374 -2.4344907
271.5255 -2.4588292
274.7787 -2.46842
279.15823 -2.4763274
283.06982 -2.4826667
288.96304 -2.501834
294.72833 -2.5213065
300.70142 -2.539463
307.74768 -2.5519812
314.52286 -2.5655782
320.73703 -2.5817919
326.8438 -2.5934582
333.5146 -2.6056252
340.4246 -2.6176388
344.7518 -2.6248765
351.699 -2.636065
355.42108 -2.6450524
358.27032 -2.6550224
361.42087 -2.6683908
364.72525 -2.67977
367.15506 -2.6921227
370.21655 -2.7139874
370.69275 -2.732303
371.11917 -2.7503166
369.8031 -2.7663367
367.3637 -2.7835712
365.98044 -2.7938137
362.5626 -2.813792
358.16757 -2.8331199
353.634 -2.8556058
351.35046 -2.8679042
349.01953 -2.8814478
345.63013 -2.896196
342.45578 -2.909502
338.60712 -2.921946
332.06027 -2.942164
328.06845 -2.9575222
324.0028 -2.9710028
319.28253 -2.9875057
315.44308 -3.0048504
310.9306 -3.0164638
301.09424 -3.0390742
294.86368 -3.0532641
288.56668 -3.065862
283.05164 -3.082062
277.79297 -3.0983427
271.85742 -3.1127746
265.7773 -3.1308918
258.8767 3.1403706
251.99823 3.1322765
245.02704 3.123847
237.92473 3.1192098
230.15598 3.1131523
223.1358 3.104145
216.07011 3.0936985
209.19975 3.0825644
202.33508 3.0756965
194.64276 3.0626838
187.91501 3.0448515
181.0981 3.024572
174.61043 3.003166
169.23418 2.9745598
163.07196 2.943183
157.97112 2.9162354
152.78403 2.8880374
148.92397 2.8608654
145.93738 2.8279722
141.86069 2.758575
141.76616 2.7172713
141.76616 2.7172713
