Mouse
41
376.97784 -1.8766499
375.5026 -1.863952
374.36627 -1.8537229
373.00134 -1.8408507
371.95416 -1.8304863
370.9472 -1.8200644
366.82944 -1.8088727
363.73315 -1.7968105
360.9041 -1.7872509
356.92545 -1.775374
352.99826 -1.7632313
347.33826 -1.7546808
341.53174 -1.7429643
336.09827 -1.7367189
330.36664 -1.7242913
326.11072 -1.7201059
322.56818 -1.7092266
318.20166 -1.7016234
312.86166 -1.6942012
306.54617 -1.6868984
302.45773 -1.6851465
296.38297 -1.6841043
292.40897 -1.685651
288.4357 -1.6872402
282.47717 -1.689708
277.27872 -1.6846852
272.1978 -1.6831228
267.2299 -1.68522
263.03217 -1.6794024
257.95364 -1.6776495
251.6788 -1.66834
246.51239 -1.6622406
242.4386 -1.6596397
237.28592 -1.6531138
232.22136 -1.6505926
228.15538 -1.647621
224.09149 -1.6445417
217.96597 -1.637419
213.90953 -1.6339995
209.79843 -1.6256896
205.75107 -1.6219033
200.70789 -1.6182001
196.66667 -1.6140848
191.62967 -1.6100004
186.56383 -1.6003387
182.51619 -1.5900327
177.50018 -1.5849419
171.48318 -1.5737747
166.48314 -1.5678575
162.48924 -1.561631
156.50223 -1.55489
152.52234 -1.5479172
148.58386 -1.5338441
143.62909 -1.5256003
139.74052 -1.5100087
134.7501 -1.5077546
128.76257 -1.5048189
122.711174 -1.5097268
118.659996 -1.5160812
113.615105 -1.522463
108.57527 -1.5294375
104.540665 -1.5374131
99.51356 -1.5457795
94.494156 -1.5550354
89.48376 -1.5653287
84.495926 -1.5886767
79.55992 -1.6149377
73.865265 -1.672654
68.89306 -1.6800338
63.925182 -1.6885611
58.96274 -1.6985245
52.884724 -1.6942214
48.794605 -1.6839753
43.62392 -1.6513609
39.562172 -1.6343023
34.515503 -1.6145803
29.521103 -1.6219937
25.527164 -1.6300126
21.535477 -1.6410053
20.246803 -1.8464525
21.679922 -2.0249355
24.292517 -2.210969
28.357399 -2.282026
34.643406 -2.3567724
43.841816 -2.3727806
49.538944 -2.3994334
57.288773 -2.3812323
62.927673 -2.3565128
68.584526 -2.3564866
75.707695 -2.3190906
80.009735 -2.3033936
84.4358 -2.2725894
87.52864 -2.2430823
90.69247 -2.2156112
96.129776 -2.186406
99.98407 -2.171469
103.85902 -2.1576436
107.21266 -2.1369827
114.21187 -2.1188836
119.52496 -2.1113687
124.844246 -2.1044934
129.81528 -2.1087143
136.16136 -2.1151285
141.13768 -2.118636
146.96846 -2.1183414
156.40192 -2.1190083
162.23268 -2.1187282
172.00352 -2.111322
178.18262 -2.1036184
184.87537 -2.1011102
188.83533 -2.0949643
193.18024 -2.08201
198.0365 -2.0740616
205.13959 -2.066145
210.90297 -2.0567937
214.90915 -2.0522141
220.69833 -2.0436418
226.0611 -2.0414453
231.86943 -2.0335548
235.45549 -2.025971
239.4894 -2.0223787
243.0947 -2.015198
248.46912 -2.0138142
252.9955 -2.0053422
257.0459 -2.0023198
260.6846 -1.9959018
265.65448 -1.9915688
269.71503 -1.9888953
275.60843 -1.983372
280.59195 -1.9794917
286.49896 -1.9743718
290.18185 -1.9689585
294.25735 -1.9668205
298.33417 -1.9647409
302.41223 -1.9627174
306.4915 -1.9607477
310.5719 -1.9588299
314.65344 -1.9569616
320.96515 -1.9556932
325.04846 -1.9539243
330.9899 -1.94995
336.0062 -1.9472069
341.95612 -1.9434768
345.6846 -1.9392636
349.41907 -1.9351403
353.1594 -1.9311043
357.84268 -1.9261781
362.1922 -1.9187862
366.56104 -1.9115701
369.6766 -1.9028547
372.1889 -1.8891907
373.81598 -1.8765154
373.81598 -1.8765154
5.1377835 3.0516255
6.2212496 -2.5365965
9.111041 -2.167147
13.54234 -1.9582719
16.829561 -1.757082
20.64721 -1.6735091
24.53867 -1.5755645
30.674173 -1.4766697
36.022034 -1.4067448
40.13303 -1.3984398
46.598484 -1.3570849
50.719738 -1.3545436
54.84127 -1.3523841
60.16212 -1.337938
66.007034 -1.2964419
72.915535 -1.2225416
78.45261 -1.1800214
83.70294 -1.1540357
89.90901 -1.135865
93.96118 -1.1441504
98.4304 -1.1424695
103.80972 -1.1449493
108.38285 -1.1640075
113.91796 -1.1848484
121.36687 -1.2096641
125.116844 -1.2209605
129.33492 -1.199855
133.60693 -1.1800907
138.32887 -1.1549257
142.71008 -1.1377774
149.3666 -1.1214381
156.05959 -1.1064965
161.87427 -1.1037571
166.34637 -1.1038483
172.16212 -1.1013622
178.89665 -1.0890799
186.53767 -1.080228
192.83607 -1.074147
198.26527 -1.0660224
205.0691 -1.0564724
208.79309 -1.0445052
216.14702 -1.0321225
220.7823 -1.0235413
227.34056 -1.0101585
233.93724 -0.9975283
239.47026 -0.9925548
244.45984 -0.99122095
249.44983 -0.9899405
254.15843 -0.9832606
261.36954 -0.9832477
268.30627 -0.9780674
274.68835 -0.9761578
279.41904 -0.97031426
284.1589 -0.96466553
288.90756 -0.9592023
296.22162 -0.9476079
300.9959 -0.9426337
305.77744 -0.93781495
310.56583 -0.9331447
316.7606 -0.9279791
321.37088 -0.91925657
328.81137 -0.90970564
332.85153 -0.9039092
336.74628 -0.894079
340.81558 -0.88860375
345.66827 -0.8850938
351.2975 -0.8834911
356.79404 -0.8779937
360.89224 -0.8730048
364.9992 -0.86812806
369.00723 -0.85953915
372.2904 -0.8493649
375.61148 -0.83936954
378.29492 -0.83150023
380.26837 -0.8219554
380.82657 -0.80889845
382.1498 -0.7940123
382.17093 -0.7718085
380.876 -0.7569066
379.66623 -0.74190646
377.79572 -0.72857267
375.14435 -0.720617
369.04364 -0.70994025
360.69495 -0.70425713
355.057 -0.7029658
346.4848 -0.7050171
341.49442 -0.70591724
335.7445 -0.7087784
329.4555 -0.7051598
323.2927 -0.6970414
319.19638 -0.69145525
316.66074 -0.68172455
312.59265 -0.67582005
309.3204 -0.66775316
304.05444 -0.6563311
298.63428 -0.6491968
293.8296 -0.64452523
285.43085 -0.6403512
279.8346 -0.6374293
270.0472 -0.63202477
264.45816 -0.6287569
259.6835 -0.6230938
252.94664 -0.6130588
245.98329 -0.6081292
239.59476 -0.6063503
234.59828 -0.6055587
228.2109 -0.60361916
216.82893 -0.6006012
207.6655 -0.59581465
196.28941 -0.59202844
189.07835 -0.5921819
178.82211 -0.5970747
172.17586 -0.60225785
165.53458 -0.607857
159.71736 -0.6103171
150.54504 -0.6043062
143.869 -0.5857841
138.32903 -0.577675
128.65852 -0.561806
121.45005 -0.56025076
110.96598 -0.54512244
104.28146 -0.55035776
95.18824 -0.5350919
90.72807 -0.53861046
84.38866 -0.52831304
78.55817 -0.5274145
71.36163 -0.5212957
64.665726 -0.5272727
60.20331 -0.53199583
54.37259 -0.53109246
49.91153 -0.5371311
45.45265 -0.54435474
39.621746 -0.5449339
33.790863 -0.5457129
29.87778 -0.58660257
26.029621 -0.6396945
22.280045 -0.71091807
18.013706 -0.8504246
12.951607 -1.0992897
9.579174 -1.4784867
8.1573925 -1.9628725
9.29961 -2.6317735
17.12547 -3.1101494
22.25357 3.0307496
27.661545 2.9428427
23.041578 2.857348
19.234818 2.7989972
14.208624 2.747049
7.914195 2.6888957
3.9718049 2.473142
1.0341886 -0.547545
5.119599 -0.30520692
9.238563 -0.2783405
14.946951 -0.37958658
21.264074 -0.3623932
27.584602 -0.35307714
37.067974 -0.34506094
40.854603 -0.31193703
45.92391 -0.29924673
49.760117 -0.2755468
56.52815 -0.24184902
62.370083 -0.21880725
66.49187 -0.22042993
70.40051 -0.20800646
74.31888 -0.19689143
78.245514 -0.18689086
83.163635 -0.17571959
87.10484 -0.16769163
91.051186 -0.16035913
95.00201 -0.15363616
100.93552 -0.14453918
104.895386 -0.13904658
108.85819 -0.13395374
112.82362 -0.12921877
118.776115 -0.122709356
123.740036 -0.11776342
129.7004 -0.11232819
134.67004 -0.10816644
142.62592 -0.102111086
148.59592 -0.0979952
154.47739 -0.08775253
159.37697 -0.07875267
165.21944 -0.063827544
169.21149 -0.06231974
174.14441 -0.054800306
179.04176 -0.04211654
182.99985 -0.03573655
186.96504 -0.029626936
192.8997 -0.013159504
197.88898 -0.0077740895
203.88824 0.007168738
207.91182 0.01665018
212.95303 0.025649823
217.97879 0.029647635
224.00731 0.03331583
228.04004 0.037114322
234.0743 0.04043241
238.11293 0.04394964
245.19986 0.050844155
249.19478 0.05002837
253.29616 0.057124738
257.3479 0.06011678
261.40182 0.06301604
265.45792 0.06582673
271.5812 0.071721844
276.71652 0.07763607
280.70465 0.07653088
286.8441 0.08188367
291.90973 0.08389693
298.1504 0.0922373
302.22614 0.09431297
307.29852 0.0960204
312.27588 0.094485335
316.353 0.096439354
321.42645 0.09803818
325.40747 0.096834995
330.68356 0.10440281
336.20688 0.117644176
341.6586 0.12755331
344.1712 0.13834201
345.7344 0.14940241
346.51392 0.1636716
347.36368 0.17787383
348.47534 0.19482085
350.25064 0.20547268
353.2572 0.21817414
349.27713 0.23245387
345.6203 0.23793554
341.97403 0.24353428
338.33875 0.24925353
334.96848 0.25798556
331.36194 0.26398337
326.53778 0.26797876
320.75586 0.27293175
316.90573 0.2763341
310.1772 0.28249133
304.4196 0.28798538
293.59656 0.29536095
285.95248 0.30350462
281.83652 0.30436033
274.2147 0.31310347
265.03766 0.31638357
259.9754 0.31871185
247.73613 0.3304586
234.65335 0.34448248
228.22021 0.35461468
216.01614 0.3646156
205.59373 0.37317893
200.94614 0.38225058
191.85556 0.3900765
184.08842 0.4015777
180.41342 0.41024393
173.60555 0.4210434
166.81956 0.4327229
156.01987 0.4506519
149.74976 0.47101307
145.73447 0.47735375
136.44324 0.5045192
128.54901 0.5387594
124.60827 0.5483411
117.85495 0.5837325
112.324554 0.60574585
106.85421 0.6300259
100.05123 0.65509707
94.87906 0.6704878
87.69448 0.6772629
81.921906 0.6869728
76.92693 0.68979746
70.40561 0.7111633
65.41792 0.7163309
56.861263 0.73084486
51.147625 0.7524245
44.766567 0.7635249
38.39286 0.7783133
33.44498 0.798408
27.102268 0.827555
20.718798 0.8064
13.650097 0.81727886
9.580696 0.97964245
7.0826545 1.3805252
6.5221367 1.990968
8.301357 2.501998
9.707564 3.0430737
9.707564 3.0430737
12.778124 -2.557616
18.355537 -2.4959211
23.355528 -2.4963858
31.955894 -2.5031035
37.560944 -2.481056
43.179504 -2.46474
48.177013 -2.4682007
53.96203 -2.4825275
58.355507 -2.4974089
62.760094 -2.510204
66.59733 -2.5335383
74.07241 -2.5542846
79.35053 -2.56822
86.86786 -2.5829215
91.32081 -2.587568
96.62958 -2.59719
101.60625 -2.5923212
106.58511 -2.5879073
111.89357 -2.5962005
117.72446 -2.5964468
122.18229 -2.5994265
131.45596 -2.6152055
137.65456 -2.6245422
147.84877 -2.6403384
154.07584 -2.6476672
163.4305 -2.6576126
169.67508 -2.663633
175.92009 -2.6819367
180.8496 -2.6892467
186.69116 -2.698476
190.73532 -2.7027311
196.11157 -2.7043328
200.58218 -2.7037444
205.95874 -2.7052429
210.91632 -2.710965
218.11493 -2.7160296
224.4064 -2.7189503
229.7869 -2.7199376
236.99461 -2.7243261
241.05771 -2.7272584
247.35587 -2.7296221
252.73842 -2.7302926
259.03824 -2.732476
263.1068 -2.7350366
267.17703 -2.7375193
271.24884 -2.7399275
277.16592 -2.7450697
284.78143 -2.744846
292.0118 -2.7477922
296.4732 -2.7467394
302.78122 -2.748265
306.85965 -2.750251
310.93927 -2.7521849
314.64346 -2.7570112
318.72696 -2.7588112
323.74 -2.7617145
327.4582 -2.766244
332.47787 -2.7689588
336.20654 -2.7732904
340.87598 -2.7785714
345.90625 -2.7810016
350.58914 -2.7860336
354.5986 -2.7962298
357.69998 -2.8052766
362.40573 -2.818555
365.57767 -2.8272164
369.0789 -2.8331444
372.00165 -2.8440928
374.68674 -2.857429
373.31583 -2.8702857
372.00705 -2.8832352
370.51953 -2.898892
369.5786 -2.9093978
368.6787 -2.9199564
367.61194 -2.9332256
365.62927 -2.9460394
360.75757 -2.9574807
355.47748 -2.9604368
351.00952 -2.9667907
346.72498 -2.9704647
342.44525 -2.9742305
337.0221 -2.9805365
332.7558 -2.9845414
326.3667 -2.990745
322.2621 -2.9919474
317.0222 -2.9958344
311.93005 -2.996678
306.69623 -3.0007765
296.51508 -3.0027215
290.43448 -3.0032718
282.37302 -3.002873
278.2735 -3.0044446
270.2119 -3.004063
261.15994 -3.0031312
257.1988 -3.0009847
249.13763 -3.0004587
241.07655 -2.9998975
236.9758 -3.0016913
228.91455 -3.001144
221.84349 -3.0011902
215.76263 -3.0018876
211.80235 -2.9992578
205.72122 -2.9999323
201.62054 -3.0020413
192.5691 -3.0006828
185.49805 -3.0007205
174.32675 -3.0032198
167.12088 -3.0092955
163.02458 -3.0121393
156.82126 -3.0198472
150.62802 -3.0281892
144.44617 -3.0372458
139.27278 -3.0477889
135.19812 -3.0523818
131.12651 -3.0572598
127.0582 -3.0624504
123.07113 -3.059881
116.09589 -3.0549595
112.11142 -3.0518725
102.25875 -3.0333695
95.42376 -3.0150268
85.659645 -2.988707
80.08639 -2.952608
70.51036 -2.912024
64.93747 -2.8759952
54.721424 -2.805539
47.242634 -2.7496681
39.076565 -2.6615803
35.57659 -2.6096363
29.977953 -2.5368018
26.159191 -2.4812768
21.036104 -2.4105186
16.085152 -2.2952862
12.052697 -2.1562939
8.214738 -1.7743344
6.4820776 -1.2015427
7.520155 -0.56795585
7.520155 -0.56795585
5.756174 -2.9590068
6.9052067 2.5317578
10.593877 2.1344962
15.059169 1.9561462
23.642452 1.8125654
29.502941 1.7638553
38.720184 1.7699527
45.003918 1.7871389
52.504124 1.8143297
57.14267 1.848408
61.26373 1.8462121
66.621574 1.8546913
73.53351 1.8840604
78.95834 1.9287064
88.380356 2.010994
95.09455 2.0596826
98.77286 2.0859292
105.78262 2.1248963
111.83562 2.1440966
119.31337 2.163615
125.69611 2.1677835
130.12991 2.1632147
134.56624 2.158947
137.91197 2.1428542
142.9936 2.1201367
147.28108 2.1024103
152.48337 2.082462
161.33199 2.065956
165.74847 2.0516217
172.88599 2.0431514
177.35796 2.0429318
184.52258 2.0474498
189.91974 2.0565007
196.68672 2.0671146
203.0892 2.0837154
209.0418 2.0951664
219.31516 2.120942
225.03731 2.1367013
233.8707 2.1482108
239.40848 2.1530898
245.50696 2.1611395
250.23125 2.1677456
255.53474 2.1773293
261.1033 2.1811838
269.70523 2.1814983
277.48868 2.1838608
282.8291 2.1922169
292.16733 2.2072997
296.96085 2.2121272
302.36417 2.219442
307.96918 2.221946
314.79608 2.2294047
321.63977 2.2365463
327.71756 2.245291
334.59583 2.2518306
344.16827 2.2630007
351.7267 2.2710638
360.06732 2.2769809
364.18893 2.2817738
371.14032 2.2869902
375.2789 2.2915316
379.34253 2.2996948
382.75967 2.30575
385.4533 2.3134484
385.98032 2.3263392
387.26694 2.3410494
387.22256 2.355657
387.26086 2.3702648
386.69586 2.386747
385.49722 2.401527
382.81128 2.4092429
379.4864 2.4190404
374.03186 2.4275374
365.56866 2.429192
359.8251 2.4264188
351.26245 2.4240975
345.61887 2.425208
337.8105 2.4247077
331.5118 2.42815
325.86984 2.429398
320.33676 2.4350924
311.99628 2.4417548
306.48682 2.4479294
302.3969 2.4538717
298.31796 2.4599767
289.87967 2.463009
285.03616 2.467327
280.19818 2.4717944
274.9271 2.4843872
270.90707 2.491567
265.7076 2.504988
261.95355 2.5180676
258.81982 2.5283582
254.5858 2.545372
250.69432 2.554095
245.1951 2.573337
238.93788 2.5912733
235.1532 2.6013243
230.53075 2.6095107
223.19356 2.621312
219.48367 2.6325953
214.92436 2.6420453
209.91656 2.6561081
203.60802 2.6730049
200.03487 2.6863308
194.69212 2.6957498
189.792 2.7009232
182.66211 2.7067187
176.86467 2.710192
169.74553 2.7168176
165.27687 2.717869
156.33546 2.7201538
147.32817 2.722736
137.99242 2.7322586
132.21368 2.7380233
123.28672 2.7423792
118.82421 2.7448027
108.05545 2.7431796
99.51874 2.739777
95.44841 2.7330298
81.67186 2.7533119
77.21315 2.757673
69.23303 2.773373
60.335472 2.7874985
55.892284 2.7962468
46.075153 2.811812
37.230045 2.843882
32.827652 2.866386
24.100029 2.9359653
17.696863 3.0328407
10.794458 -2.9477618
7.7523346 -2.5874753
7.1039596 -1.6542715
10.639693 -1.2447709
15.310525 -0.9090967
15.310525 -0.9090967
4.0995455 -1.4711854
3.5298924 0.26390374
9.431626 0.8238751
15.18583 0.90268546
19.585873 0.94906354
24.584929 0.9446367
32.990307 0.90384126
38.61331 0.886529
45.796272 0.9016641
50.182625 0.91984874
56.787243 0.94184685
61.202843 0.95387095
68.66677 0.97721374
74.49013 0.98137325
81.701225 0.98149866
87.52567 0.9847536
95.02673 0.9991929
100.319084 1.0093889
108.37468 1.0125319
112.82761 1.0162766
118.99054 1.0285376
122.93872 1.0383617
128.63434 1.0553426
132.61212 1.06365
138.83319 1.0720475
142.828 1.0792949
149.06549 1.0864626
154.42265 1.0900769
162.01758 1.0936378
166.92429 1.1020728
175.43405 1.1201637
180.37497 1.1272463
186.72177 1.1433352
190.77788 1.1472572
197.58014 1.1572042
201.64595 1.1606356
208.34488 1.1589142
214.12903 1.1554236
218.59605 1.1544365
223.97784 1.1552982
228.4449 1.154356
232.91216 1.1534499
241.84718 1.1517382
247.63626 1.1488875
252.10457 1.1481473
257.0773 1.1525775
261.5449 1.151801
266.52158 1.156006
271.1051 1.1634386
274.78232 1.1692058
279.55457 1.1841809
284.38736 1.19865
294.3121 1.2154063
304.06696 1.2237799
310.45047 1.2275599
321.64154 1.2326686
331.89255 1.2332947
336.32962 1.2316217
341.71024 1.2309707
335.3434 1.2400584
333.11658 1.2504407
333.48367 1.2665604
333.2649 1.2789109
332.8225 1.2941637
333.6322 1.3196892
336.7839 1.331269
338.78046 1.3448403
339.4438 1.3633881
341.0198 1.385288
336.83957 1.4040712
329.9637 1.4189858
316.66846 1.4470291
306.42297 1.4571826
301.02203 1.4586896
290.2201 1.4654459
276.82904 1.476093
271.16174 1.48224
259.0217 1.4906543
248.41522 1.4956852
242.13782 1.498026
230.38812 1.5125037
217.03949 1.5340348
210.23889 1.5435247
195.35251 1.5588999
180.39621 1.5515287
172.2789 1.5438638
155.68651 1.5333859
140.53564 1.5210541
132.56229 1.5180595
116.451225 1.5107552
101.37804 1.5131426
93.29688 1.5204593
81.03276 1.540142
69.57408 1.5649072
64.5693 1.5799575
54.589794 1.5999547
45.594376 1.6057096
41.597046 1.6090661
34.57165 1.5879072
30.569319 1.5574336
30.569319 1.5574336
