Finger
15
218.37996 1.5730829
232.87482 1.5011338
242.22696 1.4672517
247.45705 1.4502205
252.36636 1.4315586
261.51413 1.405445
268.61972 1.3835073
272.704 1.3702332
279.48828 1.3536344
286.7764 1.3424423
290.48264 1.3302491
296.9928 1.3121065
302.1533 1.2995306
307.38718 1.2872834
312.62286 1.2755921
315.0721 1.2635298
318.7034 1.243785
319.09906 1.225973
319.17517 1.209087
319.82355 1.193409
318.8528 1.1777145
318.6545 1.1614025
316.18292 1.1430887
312.40445 1.1209915
308.38016 1.1063213
303.78915 1.0914046
298.691 1.0748179
295.50998 1.0644388
291.57404 1.052999
288.3231 1.0393445
284.6339 1.0267965
281.56793 1.0118508
278.43777 0.98849833
275.29904 0.9678537
273.5904 0.95013094
273.84753 0.92356896
274.0148 0.90484506
275.53845 0.88687676
277.29004 0.8724828
279.56412 0.85192406
281.5179 0.83429027
285.2907 0.8138488
289.57034 0.7983306
294.60223 0.78095675
298.772 0.76721686
302.29977 0.7514908
306.83228 0.73777556
312.58655 0.72116643
317.86856 0.7066501
322.79175 0.69370043
327.85294 0.68093055
331.91806 0.6710471
336.64645 0.6599442
340.6851 0.6507774
344.5612 0.63862264
348.63727 0.6299706
353.8495 0.6192729
356.98438 0.60960907
362.7441 0.5985631
365.67868 0.5898083
369.9383 0.5821217
372.53073 0.5728223
375.6309 0.55675036
377.25323 0.53211
376.91122 0.5173257
376.84955 0.50071794
377.1245 0.48528174
374.79803 0.47044542
371.91116 0.45494437
369.42752 0.44100165
365.58084 0.42483175
361.941 0.41424015
357.45468 0.39924353
354.89343 0.38929376
351.229 0.37289664
348.06842 0.35724735
344.13553 0.34295425
340.20923 0.334564
334.82477 0.32440522
328.7356 0.31458318
323.19897 0.3039827
317.69305 0.2905135
313.06522 0.27409503
308.76917 0.25701907
302.25998 0.24303038
297.94266 0.22940157
292.73193 0.21258266
289.2292 0.20106131
285.87985 0.18218532
283.86383 0.16194063
283.07095 0.14378616
282.40836 0.12655468
283.82245 0.10869975
287.041 0.089978434
291.5375 0.067992404
295.29572 0.05351817
299.7774 0.031837266
303.88745 0.012516766
308.84967 -0.003828717
312.0295 -0.017050324
316.07126 -0.037731178
319.3849 -0.0591621
321.0866 -0.078416936
321.42554 -0.09085216
321.8402 -0.10404022
322.38248 -0.11906857
323.03082 -0.13481043
323.85144 -0.15235841
323.64786 -0.16536573
320.8257 -0.18448555
316.02368 -0.20111716
310.04828 -0.21817428
304.8232 -0.23545712
299.97653 -0.25306633
294.943 -0.2680836
289.02283 -0.28087208
285.4494 -0.28817806
279.10938 -0.30231923
272.42642 -0.31879008
267.63452 -0.33550212
261.15555 -0.35632885
254.3701 -0.37481016
248.50626 -0.39390266
243.08606 -0.41214296
237.145 -0.42774814
230.8688 -0.44976726
227.46922 -0.46063265
222.38338 -0.47661662
218.85728 -0.49586272
215.56908 -0.51602155
216.0362 -0.5402492
218.87254 -0.5699945
223.16553 -0.5935213
228.80424 -0.61403817
234.01744 -0.63091975
239.65515 -0.64864665
243.69449 -0.6568155
249.92813 -0.66934794
255.88132 -0.68442637
263.2257 -0.69611245
270.30502 -0.7057109
274.1589 -0.71520257
280.25177 -0.729327
285.4193 -0.7427805
291.47766 -0.755201
294.92078 -0.76752263
299.81445 -0.7842942
304.26877 -0.7988602
308.43448 -0.81637794
312.21063 -0.8341826
313.03928 -0.8546079
313.02887 -0.8787351
312.24466 -0.8982991
311.33023 -0.9163078
309.32263 -0.93555325
306.4411 -0.95970184
303.8176 -0.97373027
301.02362 -0.9875233
297.53903 -1.0118186
293.89694 -1.0319554
290.86572 -1.0496494
287.92838 -1.0677046
283.76013 -1.0874486
281.9146 -1.1000731
279.13248 -1.120053
278.1673 -1.1422292
277.6603 -1.1639997
277.8476 -1.1808028
278.52017 -1.2040396
281.38303 -1.2278007
285.5126 -1.247767
289.26443 -1.2665998
294.29852 -1.2897105
297.54825 -1.3032323
302.55856 -1.3185041
307.6004 -1.3298228
314.1399 -1.338204
320.02612 -1.3457614
326.34573 -1.3611563
331.87866 -1.377782
337.71503 -1.3984876
342.83252 -1.4193857
348.8361 -1.4365702
354.41898 -1.452183
358.81302 -1.4683539
364.0211 -1.4857465
367.57858 -1.5102328
369.36218 -1.5221813
371.15027 -1.535881
375.72543 -1.5555446
378.15982 -1.5760765
378.5252 -1.5944668
375.75977 -1.6132603
372.085 -1.6297259
368.42557 -1.6447171
362.00574 -1.664799
354.9251 -1.6836102
348.0036 -1.7089765
341.32492 -1.7353135
337.8757 -1.7460675
334.30325 -1.7548795
326.6464 -1.7748578
322.19785 -1.7840252
317.77194 -1.7934583
312.3446 -1.8040092
307.95316 -1.8140852
304.56396 -1.8261793
299.53384 -1.8383307
295.2702 -1.8493083
292.00647 -1.8623943
285.61996 -1.8846343
281.33307 -1.9083357
277.10883 -1.9317964
275.42856 -1.9537361
275.90848 -1.9696518
277.0149 -1.9880176
278.5465 -2.0087903
281.93564 -2.033793
284.85782 -2.053938
288.8378 -2.0724323
292.7429 -2.089396
296.66055 -2.1120865
298.75366 -2.1236298
302.60007 -2.1438994
305.89355 -2.1603734
309.26154 -2.1764607
311.1788 -2.1958044
310.21228 -2.2179828
308.08514 -2.2396548
306.69754 -2.2600393
306.04623 -2.278814
304.91318 -2.2994583
301.2849 -2.315715
296.334 -2.3312333
291.3196 -2.3477378
287.06064 -2.362432
282.89584 -2.3774538
278.08585 -2.3956764
272.6474 -2.4120111
267.19116 -2.4237099
261.75357 -2.435982
257.28644 -2.4517672
251.95798 -2.4650671
246.68427 -2.478923
241.91116 -2.4908364
236.71513 -2.5058773
232.14822 -2.5180924
227.1718 -2.5336604
223.80988 -2.54596
220.75485 -2.55843
218.57443 -2.5737295
222.6535 -2.602187
226.4363 -2.617263
231.36377 -2.634484
234.995 -2.6468616
238.46802 -2.6641288
241.57631 -2.684649
247.10118 -2.713515
252.80865 -2.741031
258.69965 -2.767316
263.69202 -2.783675
269.38742 -2.799457
276.33075 -2.8152149
283.9504 -2.835396
290.7123 -2.8535116
296.06674 -2.8666236
301.62006 -2.8848493
307.37393 -2.9064827
311.7236 -2.9321377
316.4244 -2.9546773
319.30008 -2.9754062
321.52737 -2.9955013
322.69135 -3.014774
322.87524 -3.0366395
322.20084 -3.0588539
320.7642 -3.077224
318.43872 -3.0956256
314.44833 -3.1109438
309.55276 -3.1233728
306.31223 -3.1388593
304.35492 3.127325
301.4823 3.111405
298.67767 3.0935884
294.96567 3.075993
292.34457 3.0582485
290.72467 3.037088
290.27322 3.020278
290.80978 3.0059814
291.5286 2.9889705
292.3311 2.9720535
294.0022 2.9557955
295.94543 2.9398246
298.44247 2.9258504
303.3539 2.90515
307.7481 2.888361
312.8984 2.8760743
317.11548 2.8633885
321.3927 2.851003
325.77365 2.8383722
330.41306 2.8242867
335.48337 2.807286
340.83762 2.790963
344.79382 2.7767332
349.027 2.7597847
353.00592 2.7398152
357.71976 2.7179222
360.4234 2.7067938
362.36505 2.696699
364.58127 2.6841147
366.36734 2.6743097
370.04153 2.654999
372.38953 2.6432114
374.01135 2.6309192
375.21628 2.6197872
377.4131 2.603577
374.92505 2.5908608
372.8108 2.5747187
368.01797 2.5598967
362.06274 2.5450852
356.83493 2.531691
351.95282 2.521965
344.8479 2.5071893
340.84845 2.498527
336.36234 2.491499
332.90582 2.484324
325.98682 2.4717546
321.61105 2.4641252
317.60406 2.4547489
313.11584 2.4470973
309.30313 2.4367857
306.24918 2.428273
300.2495 2.4108498
295.16183 2.395292
290.07965 2.3789673
284.33783 2.3594904
278.731 2.3393033
274.64304 2.3184462
272.42883 2.2999997
270.9074 2.2768402
270.7829 2.2532067
272.99533 2.2233746
275.2898 2.1978307
277.87006 2.1736095
280.6188 2.1497955
284.07043 2.1293356
288.46246 2.1077814
294.75507 2.0902457
300.0911 2.0724993
304.42834 2.0572636
308.47897 2.0402403
311.76157 2.0256324
314.20343 2.0063384
317.6033 1.9841454
320.16452 1.961103
322.30008 1.9442388
321.7571 1.9291769
319.34906 1.9177924
316.18942 1.9075636
311.32578 1.8904904
305.61682 1.8752751
300.1106 1.8609769
294.57968 1.8452841
290.2664 1.8264724
286.7544 1.8121083
283.56915 1.7971741
279.97333 1.7854509
273.2864 1.7721083
267.02533 1.7540134
262.25934 1.7414743
255.79314 1.7295963
251.25711 1.7172486
247.61896 1.6998369
242.86102 1.6735344
238.47581 1.6567574
234.11223 1.6387212
230.76585 1.6210421
225.46738 1.5995933
219.37917 1.5730726
219.37917 1.5730726
