Mouse
15
302.75818 1.5556605
303.72403 1.568879
302.74277 1.5820856
301.81464 1.5953757
300.97974 1.6120656
300.1728 1.6255177
300.41812 1.6388129
300.71646 1.6520841
301.06766 1.6653267
301.5807 1.6818327
301.0578 1.6954058
301.72003 1.7118498
302.62186 1.7314808
303.28754 1.7445002
303.02182 1.7580726
303.792 1.7710097
304.6127 1.7838792
305.70917 1.7998654
306.64218 1.8125695
308.39304 1.8346094
309.4602 1.8470882
310.5752 1.8594794
311.73755 1.87178
312.61935 1.8910594
312.67392 1.9112881
313.09402 1.9243973
313.9277 1.9404429
314.467 1.953453
315.44608 1.9693415
315.18674 1.9835007
314.49722 2.0018914
313.01422 2.0217447
312.54718 2.0403275
312.18835 2.0589592
311.93814 2.0776277
310.93213 2.0979326
310.39136 2.113933
309.9303 2.1299853
310.38885 2.144328
308.97928 2.1667037
308.78177 2.1828787
307.64124 2.205521
306.65952 2.2283201
305.83823 2.2512536
304.53262 2.2717943
303.4499 2.287852
302.3755 2.3086913
302.84705 2.329794
302.0388 2.3507962
302.06125 2.3695247
302.2382 2.3929203
301.7543 2.4093993
302.21283 2.432766
302.06244 2.4539533
302.0477 2.475152
301.9744 2.4917061
301.98386 2.5082638
302.0761 2.5248158
301.42636 2.5394793
301.1231 2.5588076
302.62527 2.5816975
302.91373 2.6054962
302.6229 2.6202357
301.91397 2.6378968
301.29965 2.6556354
300.7805 2.673441
300.35703 2.6913023
300.45004 2.7061863
298.88358 2.7258003
298.74207 2.7438161
298.14236 2.757485
298.7502 2.77987
298.89987 2.7978845
299.46786 2.8127112
299.18814 2.8370154
299.92905 2.8517382
300.73462 2.8663855
300.63828 2.8800943
301.32507 2.8978403
301.35834 2.9115224
302.42474 2.925909
302.17856 2.9460144
302.4102 2.9596324
302.3691 2.9797478
302.73938 2.9933205
304.63922 3.0207512
304.8701 3.043942
307.0518 3.0773132
307.68085 3.1002278
309.44006 3.1295593
310.426 -3.1342592
311.5558 -3.1118135
311.70053 -3.0989861
312.9518 -3.083159
313.35947 -3.0640433
313.8813 -3.044984
314.40295 -3.0291543
313.8847 -3.0161335
314.41025 -3.003511
315.29214 -2.9846609
316.11215 -2.9690375
316.21573 -2.9498007
317.0025 -2.9374137
317.0781 -2.921332
317.23566 -2.9052622
317.475 -2.8892126
316.83194 -2.872354
315.99844 -2.8584678
315.2262 -2.844511
312.9217 -2.8254893
311.3498 -2.8102827
309.85062 -2.7949252
308.4252 -2.7794223
308.00427 -2.7649767
308.03043 -2.7474933
307.75195 -2.7329965
307.5383 -2.7184763
306.48413 -2.7025561
305.94897 -2.6835942
305.95642 -2.668977
306.49863 -2.6514807
307.6216 -2.6312103
308.72873 -2.6183226
308.68384 -2.5994344
309.91623 -2.5867133
310.89575 -2.5696537
311.96518 -2.5527062
313.3794 -2.5403194
314.6025 -2.5236168
314.51462 -2.5077238
315.303 -2.4937446
315.36438 -2.4778895
315.50497 -2.4620445
316.4932 -2.4482417
316.78168 -2.432477
317.06635 -2.4122927
316.74857 -2.390002
316.58844 -2.3676777
315.8632 -2.3520331
313.83307 -2.3317256
312.55234 -2.3180444
310.74203 -2.2973175
308.85406 -2.2854857
307.00986 -2.27351
303.9401 -2.2563188
302.98737 -2.24192
301.30643 -2.2294595
299.0718 -2.2141912
296.90793 -2.1986969
294.81638 -2.1829786
294.18777 -2.167944
292.79117 -2.1547258
292.28827 -2.1395352
293.5563 -2.1207147
293.2048 -2.105518
292.9212 -2.0902886
292.70566 -2.0750332
293.4415 -2.0581584
293.36954 -2.042918
293.3657 -2.0276737
293.43008 -2.0124326
294.4733 -1.995797
295.59744 -1.9792836
295.49582 -1.9610655
296.78793 -1.9447551
296.28583 -1.9309542
296.4443 -1.9127911
296.07336 -1.8989303
294.84595 -1.8753605
294.34424 -1.8581357
294.19846 -1.8441331
293.14398 -1.8309941
293.11023 -1.8169286
292.9061 -1.79954
291.81296 -1.7828513
291.97775 -1.7687372
292.0195 -1.7512751
292.31424 -1.7371988
292.66675 -1.7231538
293.0768 -1.7091453
293.4219 -1.691797
294.84967 -1.6741434
294.4639 -1.6606315
295.98157 -1.639834
295.73254 -1.6263402
296.5366 -1.6126842
296.34598 -1.592454
297.28632 -1.5789288
298.298 -1.5587867
298.39993 -1.5420312
298.54175 -1.5286379
298.7371 -1.5152596
298.98578 -1.5019013
299.37155 -1.4852386
299.94385 -1.4653066
300.39136 -1.4520643
301.02457 -1.4355706
301.73932 -1.4191505
302.36945 -1.4060731
303.05106 -1.3930523
303.78378 -1.3800921
304.56732 -1.3671964
305.4012 -1.3543692
305.5408 -1.3376828
307.23334 -1.3155134
307.3035 -1.3020966
308.27753 -1.2793415
308.49658 -1.2659903
308.77054 -1.2526605
310.045 -1.2404063
310.42392 -1.2271721
310.62662 -1.2068149
311.5127 -1.1906723
311.41718 -1.1662221
310.6812 -1.1476257
310.95746 -1.1303226
310.87436 -1.1087482
310.936 -1.0871723
311.05746 -1.0727974
310.37195 -1.0568573
310.2723 -1.0380697
310.28226 -1.0192767
310.70667 -1.0049384
310.3589 -0.98887587
310.09134 -0.9727815
309.66635 -0.95216334
308.57138 -0.9295638
309.21265 -0.91080105
309.18454 -0.8900921
309.41086 -0.87394285
310.47482 -0.85992813
310.772 -0.83933616
310.4711 -0.81659204
312.45898 -0.7960214
313.1527 -0.7801915
313.23328 -0.76213115
312.73947 -0.7417336
312.28873 -0.72579926
311.26675 -0.70738626
310.2178 -0.69339573
310.00867 -0.67728657
309.0914 -0.6631464
308.4319 -0.6443823
307.8814 -0.6255445
308.01175 -0.60931325
308.49655 -0.5886003
309.1133 -0.56796116
308.48697 -0.5463321
307.14038 -0.52625614
306.4046 -0.5088663
305.7619 -0.491398
305.2129 -0.47386152
305.2181 -0.4518825
305.3707 -0.42991486
306.0686 -0.4109788
305.41437 -0.39766395
305.92993 -0.37578264
305.0664 -0.35933268
305.56445 -0.3447761
306.4324 -0.32303756
306.1385 -0.30961004
305.89984 -0.29615918
306.12698 -0.27550456
305.77136 -0.2588787
306.2338 -0.23826537
306.82593 -0.21772286
305.78485 -0.20175685
306.60626 -0.18127613
306.73083 -0.16465376
306.6514 -0.14159872
307.10428 -0.12824425
306.61838 -0.11530548
305.9861 -0.095825724
306.62592 -0.082527936
307.18774 -0.06279275
306.91455 -0.04653296
306.75452 -0.033506963
307.61206 -0.013902663
308.5832 0.0023446237
308.61847 0.015305937
308.73547 0.03149984
308.93338 0.047677238
310.148 0.060406327
310.6492 0.082900584
311.00595 0.09571825
311.5236 0.11169561
313.11237 0.12720945
313.64493 0.13986
314.2275 0.15246567
315.02563 0.16815393
316.08517 0.1868695
316.07263 0.20300174
314.19046 0.22051482
313.37766 0.23748043
312.6555 0.25452936
311.75778 0.2685622
311.20224 0.28575912
310.44208 0.29993796
311.0054 0.31624785
309.4344 0.3315494
308.87717 0.34590244
308.7378 0.3633354
307.39276 0.37896767
307.43164 0.39648518
307.1639 0.4110123
306.96112 0.4255617
306.8234 0.44012725
306.29453 0.4590698
305.87592 0.47807103
305.97308 0.49268612
306.13556 0.5072888
305.49677 0.52350473
305.4538 0.54259264
305.52213 0.56167895
304.03152 0.584359
304.60242 0.59893453
304.1845 0.61992574
303.10004 0.64293826
303.13846 0.6594331
301.8536 0.6754074
300.64645 0.69151413
299.51788 0.7077465
298.38556 0.72882795
297.38678 0.75006044
296.54608 0.7666579
295.0798 0.78573644
295.13596 0.8049046
294.6221 0.8265494
294.24677 0.8482596
294.77545 0.8722025
295.47247 0.89604604
295.54178 0.91771346
295.74973 0.93936056
295.27686 0.9590275
295.47775 0.97594154
295.76306 0.9928278
296.1325 1.0096767
296.58585 1.0264788
296.62042 1.0461379
296.7696 1.0657848
297.50104 1.0824313
297.42413 1.0974635
297.41443 1.1125001
298.85498 1.1334271
298.59735 1.151434
298.43668 1.1694658
299.67505 1.1856644
298.76538 1.2024323
298.87927 1.2204498
298.4738 1.2341876
298.75858 1.2521963
297.52988 1.2649641
297.30762 1.278807
296.8694 1.295907
296.51822 1.3130527
296.25443 1.3302337
296.30133 1.3441494
296.19604 1.3613578
296.3712 1.3752614
297.58716 1.389753
297.879 1.4035667
297.23938 1.4168365
297.64246 1.4306322
298.10205 1.4443879
298.61786 1.4580986
298.1945 1.471428
297.74005 1.4881392
297.369 1.5048966
297.1324 1.5183299
296.94946 1.531782
297.82004 1.5453341
297.82004 1.5453341
