Finger
8
285.37885 1.6566453
283.32346 1.6822902
281.245 1.7090812
280.18533 1.7307084
279.04163 1.7498972
277.85373 1.7663571
275.2211 1.7913526
271.27716 1.8096855
266.88388 1.832054
263.17947 1.8557154
260.88223 1.8791736
260.92078 1.9064802
260.14365 1.9319701
259.3576 1.954798
258.6179 1.9768292
257.80728 1.9983824
255.98064 2.0198839
254.13126 2.0577555
252.26428 2.0933702
251.04362 2.1239934
250.05774 2.1547918
249.93776 2.175517
249.94965 2.2099113
250.91779 2.2460477
250.77596 2.2828348
250.29648 2.3165176
250.81323 2.3476443
251.38435 2.3735523
253.08142 2.4069312
255.1208 2.4349134
256.55127 2.464956
256.34247 2.497738
255.9114 2.5265691
257.0556 2.5615177
258.79135 2.5851803
262.41672 2.615951
264.71515 2.6468587
266.4807 2.683296
267.41544 2.7107573
270.47043 2.7401276
271.89542 2.7661533
272.30328 2.7933636
271.89655 2.8225696
272.25674 2.8397067
272.2726 2.8550804
273.77084 2.8870628
275.7674 2.918835
277.83838 2.9535046
280.4016 2.9841957
283.22632 3.0143254
285.3835 3.0407152
287.77393 3.0652666
289.52505 3.0899177
292.99417 3.117731
296.91235 3.1382735
300.9464 -3.1249516
305.14288 -3.1022062
308.4133 -3.083252
309.67966 -3.070493
313.2459 -3.0488584
315.07962 -3.0296807
316.76993 -3.0118454
317.60562 -2.9930346
318.5807 -2.9738166
319.82233 -2.9522643
321.17194 -2.9314625
321.93625 -2.9097998
322.24405 -2.890137
323.03467 -2.8690474
325.27994 -2.8453536
326.19504 -2.8262691
328.68875 -2.8037844
329.40396 -2.7819622
329.7888 -2.762228
330.51398 -2.740883
331.2874 -2.7188432
330.80338 -2.6949015
332.101 -2.6731875
334.02463 -2.6490865
335.47476 -2.6276443
337.2396 -2.606713
338.0667 -2.5867152
340.12534 -2.5661325
341.33176 -2.5438485
343.50467 -2.5204687
343.78302 -2.4959095
342.8421 -2.4709635
343.2588 -2.4468305
343.9957 -2.4214013
344.96124 -2.3966188
346.1371 -2.3719351
345.5513 -2.3450098
344.39523 -2.31626
343.29898 -2.2909591
342.036 -2.2642126
340.11603 -2.2386575
339.21582 -2.210974
338.6881 -2.19389
338.09207 -2.1771615
337.09775 -2.161181
336.6904 -2.14428
335.06802 -2.112886
334.14862 -2.0965424
333.41296 -2.0805469
331.53284 -2.0563
331.28607 -2.043056
329.71075 -2.018485
328.90457 -2.0062048
328.18118 -1.9804541
326.6306 -1.9533594
325.2699 -1.9411777
324.00815 -1.9130901
322.05057 -1.8857337
318.7079 -1.8628558
314.7655 -1.8402342
312.56592 -1.8263385
310.3701 -1.81429
308.2244 -1.7992582
306.003 -1.7817993
303.05203 -1.7636353
300.94345 -1.7445247
298.10303 -1.7284784
296.27975 -1.7098019
293.6329 -1.6938102
292.14563 -1.6778386
291.39224 -1.6604
289.9912 -1.6435505
289.67087 -1.626347
288.4697 -1.6120056
288.28708 -1.5915843
285.3197 -1.5728686
282.47235 -1.5520319
279.96713 -1.5297598
277.95914 -1.5085499
277.1067 -1.4914203
274.67322 -1.475724
271.68527 -1.4510357
267.33502 -1.423416
265.4563 -1.3963158
264.0286 -1.3645955
263.46265 -1.3362634
262.4154 -1.3085444
261.7075 -1.2872006
260.5339 -1.2625735
259.47488 -1.2288898
258.21182 -1.2106204
256.02353 -1.1771455
253.24716 -1.1432595
252.27429 -1.1144031
251.81047 -1.0832851
252.55238 -1.0531386
252.76154 -1.0206065
251.08228 -0.9882352
247.51564 -0.9590004
244.86633 -0.9313032
243.6667 -0.8973877
245.03558 -0.8648414
246.18805 -0.8421705
247.82494 -0.80413
247.95866 -0.7648224
247.52917 -0.74412316
248.53696 -0.7073152
250.90578 -0.6684349
252.76596 -0.6378045
254.71881 -0.60802364
255.50877 -0.57763827
255.68788 -0.549386
255.6521 -0.51849306
257.87308 -0.48699316
262.18723 -0.46055394
266.00854 -0.43676087
269.08212 -0.4078385
270.46402 -0.3816473
269.9697 -0.35449445
270.56497 -0.32953075
271.5448 -0.30504093
271.64944 -0.27861992
273.76846 -0.25378597
277.56207 -0.22056943
280.35013 -0.1959265
283.18655 -0.17237797
286.16217 -0.14937839
287.2187 -0.12474359
288.31436 -0.09643875
289.64484 -0.06832313
293.2975 -0.04692354
297.02878 -0.022897007
299.9636 -0.00932398
302.96307 0.019469386
304.03918 0.033054303
305.21735 0.046165712
307.42667 0.05888038
311.12415 0.080669396
313.65295 0.09923496
315.5336 0.124057196
316.62427 0.14915782
317.91492 0.17410554
319.24246 0.19634394
319.87268 0.21759893
320.51022 0.24277498
321.08102 0.2712343
322.14227 0.2961886
323.61496 0.32069358
324.55618 0.34585512
325.0475 0.36079425
324.92664 0.37493727
325.65808 0.39064968
327.16235 0.4151888
328.65866 0.43998098
329.02353 0.45616573
330.2629 0.4706356
330.42944 0.48471037
331.69907 0.49973086
333.88782 0.523699
335.91937 0.54431885
337.818 0.5548346
340.6063 0.5774628
342.95135 0.5983295
344.99054 0.6181608
345.03598 0.6331721
343.24835 0.65888035
342.28705 0.6788878
343.01154 0.6997332
343.89157 0.72056013
344.92648 0.741339
344.87933 0.7581283
343.50192 0.7863845
341.52197 0.81323814
341.10168 0.8438243
341.4817 0.8604272
341.1453 0.89004725
340.53442 0.90638316
339.67383 0.92272705
338.34067 0.93932503
336.9631 0.9655119
335.82318 0.991774
333.96906 1.005671
332.62744 1.0237081
331.26968 1.04236
329.15933 1.0596282
327.89423 1.0744374
326.60138 1.0931705
326.11197 1.1098633
325.29828 1.1290547
323.922 1.1473998
323.12048 1.1662321
322.23993 1.1830417
321.74698 1.2014599
319.8673 1.2193471
318.4746 1.2410302
316.3489 1.2612619
315.22537 1.2807465
313.8126 1.2992518
313.4112 1.3162588
312.01312 1.334093
310.89478 1.3494974
309.98474 1.3629487
308.99112 1.3787925
308.07544 1.3947366
307.28146 1.4099078
306.62463 1.4236932
304.82983 1.4491742
303.2665 1.4651412
301.2726 1.4910597
300.91547 1.5076312
300.68942 1.5209119
297.70142 1.5437841
294.59454 1.5672512
292.66357 1.5946251
289.95792 1.6225104
288.1654 1.6471629
288.1654 1.6471629
