Stilus
13
250.83257 1.50904
251.43153 1.5459056
251.36174 1.5627664
250.36685 1.5807693
249.48317 1.602828
247.96722 1.6241583
245.3813 1.6491481
243.04776 1.6741676
241.43501 1.6918637
240.18037 1.7167548
237.62062 1.736472
236.48737 1.7577069
232.9407 1.7791044
230.17863 1.8020574
229.60316 1.8223596
230.63164 1.8391622
231.33438 1.8652633
229.91335 1.8855151
227.13754 1.9173758
224.56378 1.9405566
220.57304 1.9621909
216.70444 1.9894235
215.36472 2.0127301
214.19763 2.0363584
211.63242 2.068958
208.20145 2.0992928
203.94255 2.1294923
199.71263 2.160654
195.24571 2.1839845
193.01503 2.2034338
190.044 2.2348542
186.18936 2.2666206
183.28183 2.3000062
179.85422 2.3265126
176.22153 2.354087
174.55527 2.378307
172.6357 2.400346
169.55815 2.4364495
168.56387 2.471475
167.72777 2.498545
167.19534 2.532034
168.28171 2.565305
168.8965 2.5998416
171.03047 2.6309974
174.01263 2.673649
177.00514 2.7009835
180.29909 2.7385628
182.61472 2.7668428
186.8655 2.8033838
191.52463 2.8399515
194.62555 2.8620248
199.37643 2.893222
204.4457 2.9115973
209.25352 2.9360182
212.59892 2.9584715
217.66025 2.9860327
222.6557 3.0203218
226.15587 3.0408661
230.63664 3.068106
236.30722 3.0874674
241.9776 3.1046886
247.91266 3.1371193
250.94815 -3.129889
257.15152 -3.0991044
261.6083 -3.0691605
265.00598 -3.0511446
268.7045 -3.0262291
271.52795 -3.001751
273.11493 -2.987695
275.7474 -2.9743721
281.08627 -2.948804
286.5605 -2.9381235
291.38504 -2.9301476
294.76965 -2.918064
298.1296 -2.9052565
301.08615 -2.893673
303.24463 -2.8793452
305.58505 -2.866949
308.78323 -2.8431218
312.8354 -2.8233674
317.39282 -2.8074749
322.1537 -2.7870939
323.5732 -2.775425
325.59906 -2.7513833
326.0175 -2.734399
327.84418 -2.7142801
328.54132 -2.6885858
329.41736 -2.6762009
330.8039 -2.6612723
331.3835 -2.6451726
331.56268 -2.6315875
329.91675 -2.6113765
329.3127 -2.595339
328.02103 -2.568601
329.18652 -2.545375
330.57114 -2.5326974
332.286 -2.5150094
332.55725 -2.499864
330.39453 -2.4835327
327.91086 -2.4729025
325.2518 -2.4554965
323.0424 -2.4337094
321.81265 -2.4087756
322.78104 -2.388267
322.79898 -2.3658638
320.865 -2.3422225
319.47028 -2.319516
317.29846 -2.2992716
315.20676 -2.2808914
312.92065 -2.2661834
310.01328 -2.2458363
308.49222 -2.2290943
305.87463 -2.207091
302.40796 -2.1900315
301.58395 -2.1752608
299.77133 -2.159818
297.73224 -2.1433218
295.95435 -2.1290941
293.75906 -2.1088517
291.22238 -2.087165
289.1922 -2.0674589
286.16925 -2.0476031
285.04065 -2.0241258
282.78284 -2.0074506
280.29947 -1.9880627
277.9273 -1.9683704
274.09705 -1.9514307
271.71506 -1.9312758
268.64328 -1.9109367
266.70453 -1.8897606
264.88507 -1.8682595
262.02164 -1.8447161
259.2516 -1.8198336
257.84094 -1.7973228
256.71524 -1.7774383
255.59512 -1.7553703
254.52667 -1.7313368
252.54431 -1.7055602
250.78995 -1.6814824
250.1984 -1.6576524
249.74998 -1.6337503
248.44617 -1.6099209
248.30626 -1.590909
247.2588 -1.5668004
246.35759 -1.54231
247.65399 -1.5141557
249.0801 -1.4894308
250.63174 -1.4659425
252.41908 -1.4397426
253.15576 -1.4192557
254.26056 -1.3930482
255.74367 -1.3781717
257.46085 -1.3507667
259.9876 -1.3262603
262.47238 -1.3049539
264.1065 -1.2831053
266.81305 -1.2627226
268.05313 -1.2485013
270.43463 -1.2230945
272.81207 -1.199796
274.74542 -1.182108
277.07455 -1.1620703
278.7371 -1.1485109
281.04712 -1.1223044
283.2587 -1.0985287
286.26205 -1.0783857
287.5566 -1.0628679
289.26874 -1.0454057
291.58734 -1.0252076
293.116 -1.0102315
295.62918 -0.9906362
297.162 -0.9707963
297.77142 -0.95166564
299.37595 -0.9287545
301.92477 -0.9148303
303.58905 -0.8892436
305.48886 -0.8751235
308.04105 -0.8640915
309.8159 -0.8488125
311.66397 -0.83247554
313.71286 -0.82006425
314.72055 -0.8045995
315.01434 -0.7855204
315.2717 -0.7625541
316.52707 -0.743652
317.81042 -0.71988434
319.46118 -0.7060953
319.48898 -0.68351614
319.5357 -0.6624669
319.81943 -0.6430503
319.13504 -0.62429124
318.0739 -0.60744405
317.4002 -0.5833328
315.73068 -0.5679228
316.0446 -0.54862297
315.48776 -0.5302838
315.50717 -0.5128477
314.25662 -0.4924175
313.69797 -0.4753966
311.3291 -0.45866808
311.04935 -0.4439421
310.75815 -0.4266241
310.2548 -0.4070971
309.74423 -0.39290175
307.22018 -0.3725789
305.36554 -0.35671625
303.90305 -0.34357047
302.09192 -0.32639968
300.4529 -0.30988076
298.39587 -0.28757218
295.32596 -0.27301648
292.81665 -0.2577189
289.87317 -0.24259043
288.31744 -0.22346504
285.4833 -0.20690596
281.55005 -0.19170886
278.44214 -0.17566036
276.66382 -0.15935218
274.89255 -0.14112194
272.3771 -0.12761238
269.91232 -0.113854446
266.31464 -0.09280662
262.85617 -0.072149485
259.5371 -0.052756947
256.48206 -0.03730743
251.46538 -0.0147126345
246.69388 0.004253034
242.50522 0.02183801
236.64651 0.040334966
230.97412 0.06621128
227.21736 0.08531217
223.13306 0.10734035
219.19092 0.13391481
215.23012 0.15992428
212.1559 0.1861667
208.29478 0.20922217
204.65039 0.21927112
200.12756 0.25752854
197.49689 0.2828549
194.33759 0.31329897
192.56314 0.34013495
189.6249 0.3738191
187.31433 0.41332677
185.33247 0.44178954
182.10892 0.46931845
179.61484 0.50065684
177.38206 0.5311002
176.00339 0.56326246
174.74751 0.5977621
173.60057 0.6365871
173.8234 0.67384773
175.13298 0.7010309
176.21786 0.72762686
177.93758 0.75703615
180.69868 0.7809559
183.55112 0.8040966
187.24393 0.83017576
190.36478 0.85720736
192.61047 0.87579036
194.79445 0.8966086
198.53941 0.9195544
201.91426 0.9481859
203.47147 0.9716543
205.75566 0.9923268
208.3296 1.016727
210.43002 1.0393668
212.56334 1.0669175
215.0911 1.0944045
217.77913 1.1212549
222.25092 1.1421096
226.09575 1.1582816
228.21902 1.1813694
231.39519 1.2055736
233.53987 1.2318064
234.25676 1.250952
235.06331 1.2787379
236.63737 1.301601
239.48009 1.3264841
243.54208 1.3563051
245.478 1.3788313
246.92996 1.400544
247.83517 1.4221203
249.03181 1.4460683
248.82233 1.4622073
251.03285 1.4840955
252.77708 1.5045209
255.6555 1.5219439
255.6555 1.5219439
