Stilus
28
241.42395 1.5935514
243.39215 1.5545065
244.49402 1.5375732
241.0675 1.5155364
234.2746 1.5011197
227.30704 1.4982343
219.33559 1.4955922
212.34209 1.4931104
205.55846 1.4867455
198.25867 1.477465
194.0233 1.4610803
189.31683 1.447785
183.84558 1.4337796
177.73903 1.4169351
171.40816 1.3994708
165.61885 1.3810486
159.55022 1.361583
153.10158 1.3437924
146.28935 1.3330226
142.41077 1.319182
136.08891 1.2937047
131.40228 1.2817619
130.40404 1.2311406
134.1656 1.2033467
140.28795 1.189528
148.04617 1.181478
156.38205 1.1689314
163.63849 1.1476808
168.44765 1.1279716
175.3375 1.1087372
182.93987 1.0989119
190.41188 1.0939759
198.35072 1.0933557
206.19583 1.0911957
214.07506 1.0735346
222.17226 1.0682199
226.82755 1.0690233
231.78967 1.0659866
240.83331 1.0582569
247.36636 1.0545802
255.5323 1.0457826
264.43423 1.0395913
274.61105 1.0326358
279.81195 1.0299121
289.75067 1.0263875
297.4635 1.0224637
302.69574 1.0147191
307.71317 1.0047327
315.2676 0.99566114
324.3652 0.9874624
333.37906 0.9797734
338.2547 0.97162485
343.74426 0.9675759
348.66138 0.9629232
354.75934 0.95730275
359.01553 0.950254
365.0247 0.94019073
369.2797 0.92682385
373.8569 0.91505927
376.92593 0.9045469
380.02667 0.8942358
383.18042 0.8840504
387.81223 0.86960983
390.21063 0.8584344
390.76288 0.8456345
390.76877 0.8232975
388.10883 0.80536723
385.40747 0.797655
382.19547 0.7894212
377.6069 0.78011376
371.9842 0.7714844
369.25037 0.7618846
363.6716 0.7527029
358.18472 0.7413999
352.19263 0.7300626
345.24576 0.72486746
338.1787 0.7157909
332.01697 0.70693743
325.26694 0.69324696
321.34033 0.68715405
315.946 0.674846
309.79263 0.66283274
303.28534 0.6513176
296.88138 0.6382551
292.32727 0.6241994
287.41068 0.6109075
280.17938 0.5986995
275.82025 0.5833069
271.58765 0.56614286
266.93167 0.5507332
263.62527 0.5318111
262.70752 0.5113778
265.07843 0.48918402
268.29294 0.4781581
272.50586 0.4619531
275.87643 0.4518491
281.06757 0.4429045
284.8949 0.43654177
290.80875 0.42707458
295.532 0.41981325
300.67972 0.4085605
304.8532 0.3990814
310.5411 0.38441807
314.4465 0.37256593
319.66785 0.35616606
324.60828 0.34154016
328.33514 0.32787547
332.23672 0.3166997
337.07632 0.30422053
341.69684 0.2984478
344.96857 0.28721127
349.17285 0.2799366
352.96967 0.26583079
358.5181 0.24797533
363.806 0.23509413
367.64084 0.23187259
373.2477 0.2255796
377.30463 0.21296261
380.0559 0.19594258
381.54834 0.17783932
379.09802 0.16365792
376.34155 0.15142755
368.0499 0.1383432
362.35928 0.1294834
356.88437 0.12013567
350.43903 0.11014153
345.15372 0.10309982
338.07596 0.08845123
332.698 0.07772783
328.0865 0.06650529
323.1784 0.058212593
318.81384 0.051894028
313.68253 0.044037487
307.58908 0.0375295
301.59802 0.03827536
295.62424 0.039049197
289.6272 0.039858174
285.50058 0.040434595
278.8562 0.03781254
273.5644 0.03123478
266.5275 0.028309034
259.73746 0.021352625
253.49918 0.013993564
247.46436 0.010296755
242.45918 0.0022666126
235.71284 -0.0093320245
229.86757 -0.018002644
225.8625 -0.019688176
221.78746 -0.023421373
213.79184 -0.025474913
207.64532 -0.034504466
203.68411 -0.041465387
197.8335 -0.056526188
190.27948 -0.069212034
183.42647 -0.08282563
177.31769 -0.09283206
171.33987 -0.096080676
166.39375 -0.09894593
161.50612 -0.108172074
155.96457 -0.118480824
150.15079 -0.12979949
144.89253 -0.13453811
139.92064 -0.13934939
134.9866 -0.144478
135.27063 -0.17977823
139.32083 -0.21190216
146.78601 -0.23475079
153.85634 -0.2506152
160.4755 -0.26104823
167.18803 -0.2780109
173.68988 -0.29290703
180.05455 -0.3053426
185.77728 -0.3084911
192.05095 -0.3035459
196.83624 -0.30517653
202.57466 -0.30970752
210.95901 -0.32762107
216.53506 -0.3402767
223.09158 -0.35425934
227.9089 -0.36736113
232.88628 -0.38344303
239.5735 -0.39528695
244.71065 -0.407018
248.75633 -0.42180806
252.08238 -0.43866846
255.05305 -0.45402402
256.93225 -0.46878803
259.82574 -0.49032128
257.46396 -0.5118505
254.98328 -0.52640676
250.4747 -0.5426594
247.05673 -0.55102366
242.81142 -0.56180376
237.76845 -0.57521147
232.75935 -0.5892283
228.83922 -0.6007234
224.5358 -0.61391586
220.69208 -0.6206676
215.5315 -0.62709177
210.04132 -0.6395034
204.04955 -0.649173
198.4402 -0.659628
192.33244 -0.66947603
186.72554 -0.67453307
181.221 -0.6829142
176.21864 -0.6850473
171.16122 -0.6903599
165.53801 -0.697825
159.60483 -0.7045059
152.79602 -0.7102069
147.55324 -0.72071743
142.46472 -0.7357802
138.92122 -0.7567247
134.37593 -0.768273
130.29388 -0.78265023
131.21478 -0.8419451
134.9002 -0.85874474
140.85298 -0.8832782
146.96321 -0.90837026
152.97989 -0.9161696
159.34712 -0.92326844
165.7648 -0.9297623
173.14238 -0.93283266
180.36324 -0.9417591
187.93695 -0.94971496
194.67232 -0.95867187
200.45758 -0.9652445
208.06621 -0.97155136
215.00029 -0.9822898
221.9339 -0.99228644
227.18108 -1.0072967
231.9512 -1.0151775
239.61113 -1.0251819
246.83235 -1.0334549
254.02766 -1.0457106
261.9469 -1.0543905
266.12564 -1.0589844
272.50766 -1.0679144
279.13245 -1.0768633
286.21237 -1.0901357
292.88425 -1.0981517
297.99048 -1.1031425
304.0306 -1.1131505
310.33932 -1.1231383
316.98062 -1.1305197
323.41672 -1.139068
329.09308 -1.1470002
334.3428 -1.1540725
338.21814 -1.1591388
344.1275 -1.1634654
349.39645 -1.1699628
353.31863 -1.1746625
357.66275 -1.1827555
362.8672 -1.1886113
369.0015 -1.1981921
372.6051 -1.2048416
376.57074 -1.2145401
380.80737 -1.2242597
384.3623 -1.2351786
385.8265 -1.2481221
385.53754 -1.2608207
384.04355 -1.2732059
381.36798 -1.2874773
376.8917 -1.3025901
371.66605 -1.3133519
365.33746 -1.3257316
360.25873 -1.336505
354.78284 -1.3501242
352.0477 -1.362251
348.2411 -1.3730528
343.39908 -1.3842835
338.73386 -1.3937095
333.1241 -1.4028767
327.66415 -1.4100803
323.12253 -1.4195839
316.63098 -1.4347416
310.0229 -1.4488627
304.42123 -1.4573649
298.39337 -1.4651663
292.1215 -1.4723685
286.7052 -1.4783506
280.54797 -1.4834653
275.35046 -1.4918001
270.2731 -1.5079342
265.79956 -1.5228631
261.38785 -1.5378408
262.1468 -1.5569911
264.24646 -1.5755005
266.31522 -1.594243
269.0071 -1.6153637
273.0957 -1.6324227
276.79077 -1.64752
282.08954 -1.6602479
287.44382 -1.6725371
293.10898 -1.6843139
299.012 -1.695494
304.6167 -1.7031168
309.242 -1.710927
315.63974 -1.7240222
323.33932 -1.735988
330.6534 -1.7445626
338.25067 -1.7526261
345.10727 -1.7606813
351.0149 -1.7720356
357.13815 -1.7856749
360.23276 -1.7955112
367.09647 -1.806909
371.23886 -1.8187339
374.6987 -1.8329515
378.22806 -1.8468994
381.10876 -1.8610758
382.8728 -1.8761213
383.93008 -1.8910226
384.7552 -1.9073778
384.4621 -1.9187051
380.8131 -1.9362192
377.24527 -1.9483706
373.218 -1.9591461
368.44827 -1.9703258
363.3249 -1.979281
356.94995 -1.9923841
353.40552 -1.9976627
348.64508 -2.003882
342.53992 -2.0121384
333.98877 -2.020945
329.74692 -2.027171
325.5775 -2.0308952
321.01898 -2.037077
316.0895 -2.0413933
307.72525 -2.0452166
299.69855 -2.0514727
291.68906 -2.0580723
284.53336 -2.0704641
279.18344 -2.0727746
273.84747 -2.0751503
267.2686 -2.0769725
259.2079 -2.0843425
251.26202 -2.0930736
245.36945 -2.102224
239.18977 -2.107733
233.54558 -2.1171691
226.0251 -2.1283693
219.071 -2.137514
211.53076 -2.1433327
204.34059 -2.142788
195.47244 -2.1477325
191.02704 -2.1503851
182.70334 -2.160629
174.81444 -2.1754344
170.15869 -2.1809185
163.91772 -2.1862218
156.33777 -2.19511
150.33499 -2.2075565
144.46492 -2.2225933
138.53368 -2.23734
133.90732 -2.2478719
134.2349 -2.2969546
136.70372 -2.3277695
140.35834 -2.354944
143.38895 -2.3759136
148.13907 -2.4062994
152.82152 -2.4336777
159.08788 -2.4528596
164.09435 -2.4542525
170.14526 -2.4596398
175.08823 -2.4632816
179.99493 -2.4692156
187.9686 -2.4757586
193.93509 -2.4803042
200.7761 -2.4831374
206.89616 -2.4922621
212.09807 -2.4931064
218.06882 -2.495868
222.84042 -2.5036366
226.45932 -2.5119834
230.50377 -2.5247073
236.2233 -2.5417767
241.00061 -2.555271
245.17589 -2.566541
248.8574 -2.5760994
253.41306 -2.5920978
253.80064 -2.619304
252.09354 -2.6415148
248.60378 -2.6612995
244.09244 -2.67933
239.65048 -2.690996
232.4092 -2.693799
224.5287 -2.705314
219.09282 -2.7238195
213.26859 -2.742441
207.28809 -2.761633
200.47891 -2.7800884
194.29675 -2.7915156
187.28282 -2.7891672
180.77106 -2.7832503
175.052 -2.7937179
167.33415 -2.802514
159.95271 -2.8170912
152.33717 -2.8423288
145.61104 -2.8585615
139.22095 -2.882526
132.1982 -2.907409
127.33382 -2.924484
132.35051 -2.9559355
136.1096 -2.9685776
142.10632 -2.9830725
146.38887 -2.9946516
151.3366 -2.9994886
157.15195 -3.0095227
161.33505 -3.0145957
168.26614 -3.0198536
173.2319 -3.0233598
179.18794 -3.0273073
185.39919 -3.031152
190.24208 -3.0339744
196.22076 -3.0423844
200.67883 -3.0445952
206.83585 -3.0511172
212.69803 -3.0595233
218.59761 -3.066328
225.19342 -3.076308
233.03076 -3.0870557
238.6534 -3.0936344
244.87651 -3.1019816
248.83694 -3.1066418
255.02072 -3.115344
259.75537 -3.1167786
264.69498 -3.123819
270.90393 -3.135275
278.169 3.1306362
283.0581 3.12553
287.9159 3.1223302
291.96405 3.119174
299.70786 3.1164184
304.71265 3.116832
308.99564 3.1107054
315.1291 3.0994318
321.77036 3.0882869
328.8289 3.0745385
333.60132 3.063487
338.8489 3.0503163
343.62732 3.038792
349.05127 3.0281308
355.348 3.021657
361.04996 3.009965
365.90744 2.9962122
369.62338 2.9840124
374.12842 2.9724061
382.64267 2.9623039
386.70395 2.9517834
388.50797 2.9414952
392.16946 2.9251738
394.74445 2.916198
391.33838 2.9063556
385.68436 2.8994577
382.0572 2.8900895
377.9801 2.8794246
374.77557 2.8653688
370.88303 2.8507926
366.97482 2.8472402
362.83896 2.8387737
357.34125 2.8251455
353.93372 2.8160405
349.84116 2.8082762
344.65503 2.8030617
340.06924 2.7983098
335.84033 2.790639
329.89194 2.7807937
326.12854 2.773154
321.2367 2.7706077
316.58667 2.7648878
311.952 2.7590036
307.98798 2.747713
303.78278 2.7384439
299.5834 2.728736
295.1272 2.721167
288.58 2.7148075
283.1373 2.7060487
277.7005 2.6969185
274.31247 2.6869745
269.87076 2.6602066
266.26883 2.6478517
262.80017 2.631468
262.1638 2.604257
264.55328 2.5892851
266.87665 2.575317
270.96634 2.5586631
275.18207 2.546948
279.05176 2.53466
283.42554 2.5248613
285.8963 2.5127745
288.8726 2.4987433
291.88284 2.4850974
297.92828 2.4698963
302.44806 2.4617538
306.38342 2.4511197
312.2446 2.4385378
316.41452 2.4279363
323.16608 2.421473
330.2571 2.4211361
335.1313 2.4170191
343.48715 2.4103823
348.68402 2.4065273
355.13403 2.4001555
358.8938 2.3898518
363.05084 2.3816674
368.80096 2.3692725
372.66254 2.3625
377.7758 2.352605
382.23697 2.341083
383.7723 2.3268754
384.02094 2.3098657
383.24628 2.295929
381.8953 2.2799573
378.773 2.2723424
375.70322 2.2584364
373.33813 2.2464187
371.52777 2.2365224
368.56372 2.2256496
364.84512 2.216251
360.98306 2.2071683
356.70877 2.2020586
353.0251 2.1956222
347.08072 2.1902475
340.70795 2.1892214
334.31955 2.1918373
328.51807 2.1895177
321.57965 2.1858919
316.5434 2.1786265
313.14093 2.169797
308.21432 2.1644516
300.55017 2.1571078
293.18857 2.1545053
285.62216 2.150957
279.2767 2.1487896
272.445 2.1475635
265.6036 2.1377902
262.06348 2.1274202
256.2351 2.119291
250.21815 2.110578
243.39896 2.1035557
238.41612 2.1012247
231.45337 2.0988588
224.39888 2.1003687
218.38322 2.0906935
213.86012 2.0806243
209.06555 2.0662994
201.83737 2.0573862
194.5597 2.049663
186.29797 2.0425289
179.81238 2.036057
173.76979 2.021361
168.27768 2.0043328
161.92068 1.9818302
155.04552 1.9679183
149.83563 1.958781
142.39409 1.9554614
137.32129 1.9468917
131.32039 1.9345115
126.77396 1.9122145
130.74152 1.8634984
136.16414 1.8494475
141.9221 1.8378593
148.24702 1.8262045
152.82936 1.8183835
158.1003 1.7969805
162.71156 1.7841787
167.27882 1.7721689
172.23978 1.7603848
177.95273 1.7485228
182.63947 1.7439153
186.36057 1.7256258
191.11945 1.715005
196.63722 1.7058038
202.5873 1.7018154
207.69695 1.6937275
213.5244 1.6856463
218.37549 1.6784827
223.21196 1.6716423
227.25276 1.6588078
231.53027 1.6463579
237.32883 1.6360713
241.29678 1.6308494
245.53722 1.6216635
246.39853 1.5890377
246.39853 1.5890377
