Finger
19
116.779755 1.8435681
130.87837 1.8135546
142.0439 1.7941339
149.84953 1.7823185
156.89673 1.7726833
163.80771 1.7640556
169.71635 1.7572467
175.50294 1.7510306
181.27092 1.7410611
187.08566 1.7301856
191.9127 1.7249297
196.1208 1.721597
201.09813 1.717837
204.9284 1.7101462
212.51508 1.6956619
216.40787 1.6887556
223.36195 1.6760696
229.90439 1.664333
237.4808 1.6456178
243.28316 1.6272001
249.33488 1.6128682
255.42084 1.5942597
259.87048 1.5842482
259.3493 1.5669452
252.9166 1.5420834
247.10931 1.5294393
241.01398 1.5116284
234.41867 1.5014824
228.28076 1.4941571
221.80597 1.479498
217.85649 1.4730757
209.91563 1.4683228
206.04262 1.4615145
199.13725 1.4476079
192.61307 1.4381834
185.93846 1.4225401
179.90398 1.4119086
172.39531 1.4004693
165.68729 1.3858925
160.75368 1.3738176
155.055 1.361467
150.21175 1.3529869
144.7294 1.338992
139.9163 1.323576
135.59262 1.3002083
130.99916 1.2586102
130.44162 1.2190354
131.89377 1.1901687
136.8003 1.1568719
143.30704 1.1371083
151.7347 1.1266199
156.56824 1.121491
162.11192 1.1177418
168.55087 1.1100134
175.53505 1.1042026
183.1861 1.0945507
191.13806 1.0821015
198.3984 1.0775474
205.43332 1.0743006
212.36974 1.0743626
226.67894 1.0694035
233.11884 1.0651549
239.91734 1.0570306
246.41673 1.0496986
252.76894 1.0450853
263.62604 1.0370437
273.88028 1.0306493
279.0854 1.0281045
289.03644 1.017559
293.71057 1.0113338
298.8484 1.0030216
303.5644 0.9967418
308.2751 0.99112695
316.62766 0.9856316
322.4239 0.98198867
327.60257 0.97489315
335.3972 0.9619083
339.80267 0.9536875
343.87927 0.947075
351.77585 0.9353318
355.79916 0.929575
362.72565 0.92247784
372.26044 0.91545916
380.32782 0.9051956
387.02304 0.8957666
391.95114 0.88893914
397.78693 0.8808703
401.15268 0.87270004
405.6632 0.8595507
407.66208 0.8501568
407.40646 0.8342593
405.01398 0.81794304
402.178 0.81050634
400.0654 0.79852563
397.11224 0.791256
393.65527 0.78253895
389.99088 0.7730434
386.28247 0.76602775
380.57526 0.7550328
373.77658 0.7464646
366.6799 0.73846376
359.70905 0.73268366
351.5568 0.72387135
343.9507 0.7163388
336.36844 0.7084701
328.11978 0.69785106
319.67792 0.690583
310.913 0.6816044
302.7861 0.6693992
295.34393 0.65924543
289.16138 0.6485234
282.7625 0.6359716
276.8006 0.620395
272.39532 0.603876
268.76492 0.5907132
265.17255 0.577136
261.95187 0.5579689
258.95923 0.53916836
256.80563 0.5249831
254.603 0.50175154
258.1022 0.48242307
260.29312 0.46508184
263.0109 0.45138246
268.71555 0.43291655
274.35 0.4183791
280.7219 0.4083092
288.60516 0.39277136
294.4094 0.37834606
298.68155 0.3680551
302.99942 0.35904068
309.21786 0.34806406
312.9928 0.3436914
320.17 0.33237648
326.49728 0.3224663
330.18842 0.31554842
335.60397 0.30715972
339.60828 0.30342185
346.50708 0.29417995
353.86295 0.2849443
359.58878 0.27739292
364.82327 0.2704666
370.3478 0.26633298
375.1634 0.26007554
380.5711 0.24680832
384.904 0.23527165
388.19836 0.2206538
389.51303 0.20289391
383.2371 0.19094953
378.3743 0.17996225
371.59314 0.16959989
366.28583 0.1610944
361.29956 0.149283
354.89053 0.13778795
348.41876 0.12878646
341.97223 0.11944052
336.32645 0.1094922
329.94977 0.09943574
323.7848 0.09441928
316.87302 0.0901509
312.77588 0.088127546
304.64633 0.083900586
300.57324 0.08170433
294.21783 0.076659165
288.11688 0.07211959
283.06244 0.06906698
277.19357 0.06330606
269.82962 0.05761577
263.69992 0.048408438
258.60638 0.037852027
252.76164 0.0307567
246.47499 0.023376385
238.66653 0.01577433
231.66093 0.0076424796
225.66461 0.0024353003
220.45535 -0.0020396253
212.70213 -0.0021139719
208.68317 -0.0021546844
199.70473 -0.0061278595
191.71907 -0.012769339
185.54007 -0.022761682
177.78596 -0.025013207
169.8676 -0.037950106
161.15303 -0.044776388
157.00957 -0.05223634
153.05049 -0.06021794
147.22916 -0.07613265
141.49512 -0.10060461
135.88179 -0.12698413
131.8716 -0.14706397
130.37009 -0.18667884
134.2371 -0.21249
142.06114 -0.24313593
146.88647 -0.25602567
154.71725 -0.27617088
162.54395 -0.2880996
170.13675 -0.29335395
175.63646 -0.30003157
181.12671 -0.30379024
186.51163 -0.3072367
191.42477 -0.31429836
198.40701 -0.32818878
203.44737 -0.33649775
210.47862 -0.34552664
217.12764 -0.3595173
224.86629 -0.37773743
230.36275 -0.3937561
237.4456 -0.40765348
241.51247 -0.42301205
245.41406 -0.4382418
249.24915 -0.46107703
251.61559 -0.47966206
251.53355 -0.5024744
250.55869 -0.53572905
249.02611 -0.56403863
246.93135 -0.5935903
243.76904 -0.61232615
240.87068 -0.631105
236.20552 -0.6467623
231.80598 -0.6502954
224.73822 -0.65307444
214.45616 -0.65000355
203.68019 -0.6532838
198.39888 -0.6596692
190.09366 -0.672096
183.53658 -0.6796732
176.2255 -0.69138527
168.18694 -0.7079213
160.91809 -0.7239173
154.98166 -0.73883164
148.22417 -0.7387649
139.75789 -0.73592466
132.48477 -0.7426978
126.78859 -0.75191885
124.29108 -0.7796646
126.36431 -0.82878673
132.65848 -0.8439728
138.98642 -0.8554378
146.88782 -0.86612725
154.23645 -0.872531
162.16061 -0.88139504
168.83386 -0.89682424
175.99754 -0.90921354
182.16805 -0.9215753
189.60257 -0.93795794
197.26018 -0.9537657
203.49753 -0.96342725
209.76833 -0.9770832
218.50209 -0.9832316
226.95236 -0.99095815
235.71402 -0.9961501
240.95207 -1.0004416
246.26259 -1.0045788
251.03798 -1.0119042
255.80554 -1.0189486
260.5638 -1.0257281
265.17792 -1.0318342
269.946 -1.038127
274.80246 -1.0442603
279.23264 -1.0525206
284.9554 -1.059923
289.52704 -1.0687517
294.28775 -1.0746195
299.08316 -1.079627
304.03305 -1.0844874
308.55865 -1.091395
312.1234 -1.0973231
319.25186 -1.10873
322.84503 -1.1142652
326.44162 -1.1196692
333.65836 -1.1301211
340.19357 -1.1391616
345.9527 -1.1499809
351.6396 -1.1627365
356.90247 -1.1781838
361.88968 -1.1957705
365.16684 -1.2102109
367.44052 -1.2272377
370.44504 -1.2449849
372.75534 -1.261496
373.09854 -1.2754775
371.88657 -1.2885408
370.5327 -1.3014266
368.51974 -1.3111974
364.59827 -1.3224323
359.49188 -1.3332065
352.5045 -1.3429757
346.73718 -1.3509618
341.02216 -1.359162
335.49493 -1.364801
327.89664 -1.3748404
318.9226 -1.3883821
311.08032 -1.3974899
304.70804 -1.4071289
299.1416 -1.4175869
293.63974 -1.4284054
289.28586 -1.4305115
284.09787 -1.4342408
277.08853 -1.4380934
271.7743 -1.4399633
265.57574 -1.4444771
260.03757 -1.4568503
255.28261 -1.480881
252.94522 -1.4967942
250.78654 -1.5201546
249.37091 -1.5403384
254.02815 -1.5639974
257.05933 -1.5865571
260.44925 -1.6102356
264.46085 -1.6285214
270.57654 -1.6457562
278.86063 -1.6578857
284.63516 -1.670249
290.571 -1.6812701
295.78842 -1.6868371
303.16306 -1.6971935
310.66815 -1.7071656
318.15387 -1.716616
323.9026 -1.7264788
329.4743 -1.7361094
335.39813 -1.7506922
340.1185 -1.7613504
347.70654 -1.7711446
354.61398 -1.7815952
360.7676 -1.794928
365.66708 -1.8109553
370.06168 -1.8274206
372.37173 -1.8378773
374.6442 -1.8496859
375.7701 -1.8599652
375.28876 -1.8720667
373.1225 -1.8873466
370.13855 -1.9069895
368.04187 -1.9235004
365.33197 -1.9408423
362.34866 -1.9588567
358.7579 -1.9696434
354.36682 -1.9779385
348.87415 -1.9903488
341.69214 -2.000412
338.04834 -2.005356
334.41806 -2.0104005
328.11127 -2.0194597
321.81467 -2.0289006
315.57227 -2.0386782
309.14597 -2.0492103
302.20688 -2.0536776
294.68488 -2.0632575
286.30832 -2.0678852
278.2494 -2.074618
270.30322 -2.0824022
261.97128 -2.0880797
253.92885 -2.0961075
246.03127 -2.1053545
239.43968 -2.108108
230.53172 -2.1109672
225.79768 -2.1185334
221.30197 -2.1202495
212.90378 -2.1278644
205.0817 -2.1402035
197.29558 -2.1535175
192.77911 -2.16283
188.73047 -2.1708937
183.51065 -2.1772645
174.17317 -2.180876
165.20886 -2.1877606
155.28679 -2.1953433
150.62233 -2.1997545
145.71753 -2.2004514
136.77007 -2.2100575
128.59763 -2.2284331
122.52526 -2.244112
118.54762 -2.2602031
119.354515 -2.3052046
122.753426 -2.3378086
127.53284 -2.3562374
133.13043 -2.369491
138.44522 -2.3766258
145.50769 -2.3756227
151.99739 -2.3794317
159.2559 -2.3863482
165.87836 -2.4055593
171.84073 -2.4211876
178.15125 -2.433556
183.49554 -2.4483151
187.73506 -2.4560266
192.22469 -2.465024
198.96373 -2.4792595
205.58096 -2.487078
212.15698 -2.493068
217.36278 -2.4996085
222.73112 -2.5025318
229.27826 -2.5101552
235.28949 -2.5182924
240.18958 -2.5328827
243.73445 -2.5479386
244.56584 -2.5725608
245.73256 -2.5958302
245.57245 -2.6144435
243.97525 -2.6341627
242.08774 -2.6571534
239.63081 -2.6770117
236.66273 -2.702697
234.1779 -2.725875
229.95361 -2.7376647
221.466 -2.749645
214.2099 -2.7558184
207.62589 -2.7596376
202.68297 -2.7647362
197.25812 -2.7766802
189.41849 -2.787906
181.4548 -2.7952402
173.8593 -2.7978091
167.02736 -2.8022127
159.04713 -2.8164206
153.86809 -2.8270097
147.33186 -2.8410385
141.43306 -2.851775
134.06197 -2.858704
129.14577 -2.8709745
123.29174 -2.9047594
128.92783 -2.9255798
133.7646 -2.9427032
138.48029 -2.9569075
145.22365 -2.979535
149.48495 -2.9963515
155.25696 -3.0095954
163.08519 -3.022139
169.8204 -3.037594
175.64279 -3.0478728
181.54749 -3.0564547
188.51637 -3.0596092
197.33159 -3.0724335
202.08456 -3.0750391
206.30254 -3.0764017
214.21187 -3.082565
221.18486 -3.085319
226.91537 -3.0902693
231.88895 -3.0922341
237.03784 -3.097527
241.73221 -3.0983834
245.99991 -3.1024232
252.87378 -3.107289
256.8955 -3.1087196
260.88956 -3.113055
265.8558 -3.1166055
270.83902 -3.1177943
275.6156 -3.1218328
279.8063 -3.1250176
287.77164 -3.129613
296.7398 3.1403964
305.79422 3.1240618
310.6202 3.1147325
314.88376 3.108732
322.03397 3.0970268
327.21658 3.085512
334.4537 3.0747342
343.7102 3.0648737
351.2326 3.047133
356.25024 3.0258625
360.98062 3.010112
365.7607 2.9953072
369.64423 2.9804332
372.74878 2.963323
377.3654 2.9416983
380.5544 2.9295974
380.44754 2.9187016
379.4537 2.9067574
379.48062 2.8954182
374.10553 2.8766153
370.291 2.8673804
363.60132 2.8616264
355.93472 2.855428
348.26068 2.848938
340.92773 2.8393822
336.36295 2.8351486
330.71036 2.8297358
324.17102 2.8232257
318.28876 2.8171287
312.19232 2.807876
306.3621 2.8005462
299.79108 2.792756
292.4796 2.7836487
286.6873 2.7760804
280.4769 2.764528
276.22675 2.754542
270.76532 2.7454894
265.5511 2.7339869
259.5631 2.7198033
255.82545 2.7045786
252.48961 2.6940746
248.97699 2.6737454
246.86183 2.6465738
247.38094 2.626077
248.70576 2.6087925
252.97687 2.5882888
256.72202 2.5777628
264.28644 2.561034
273.14526 2.551656
283.21637 2.5414662
293.51688 2.5324395
302.18134 2.5202155
307.3745 2.5092564
311.95444 2.5001156
316.70407 2.4906316
321.32687 2.4820378
326.56076 2.4751053
331.8595 2.4694443
337.22186 2.4634783
342.79395 2.457521
347.71875 2.4504392
351.94772 2.4447966
356.704 2.437638
360.5102 2.4294596
364.02954 2.419425
367.58798 2.4125729
370.91632 2.4025817
374.15015 2.3931458
377.57474 2.3834302
379.9343 2.370263
382.016 2.3572507
383.97675 2.3448658
386.18246 2.334793
388.4102 2.3231342
390.85422 2.313785
393.37704 2.2942796
395.28973 2.2766485
396.59802 2.2640493
394.5436 2.2486832
390.34534 2.2352123
386.06973 2.2209418
380.4656 2.2091124
374.3703 2.2005172
366.54987 2.1932683
357.60812 2.187159
347.91168 2.1787782
339.25342 2.1678364
332.4806 2.159122
324.80627 2.1499665
314.57993 2.140871
304.3786 2.131163
294.24594 2.1208136
284.97177 2.1078985
276.9114 2.095884
267.0756 2.0826583
261.0303 2.0782585
254.69644 2.0740736
249.05974 2.0682428
239.13557 2.0528455
230.37834 2.0385058
219.89476 2.0219598
213.70358 2.0118892
206.93167 2.0001378
201.32672 1.9897711
196.0184 1.9793649
187.85707 1.9621245
179.0738 1.9416543
170.06009 1.9182227
159.94987 1.8884275
155.12683 1.8765234
147.62419 1.8499972
140.05173 1.8211551
133.52115 1.802862
126.02069 1.7924678
120.08282 1.7802545
120.08282 1.7802545
