Finger
9
302.32413 1.5625373
302.35208 1.5867071
303.58392 1.6130434
303.89426 1.6326531
304.36417 1.653928
304.06372 1.6781329
304.0201 1.7043055
303.45776 1.7310774
303.8502 1.7577298
303.48193 1.7849268
303.33878 1.8119785
302.67374 1.8399888
302.5448 1.8647768
301.86786 1.8846136
301.51352 1.9078021
302.0255 1.9317578
301.99823 1.9567062
302.6568 1.9809355
302.58914 2.002428
302.79385 2.0213165
301.99463 2.043887
300.91364 2.065194
300.182 2.0887477
299.76047 2.1128619
299.10928 2.1345084
298.47906 2.1556065
297.3869 2.174528
295.53275 2.216427
293.25897 2.239276
291.67465 2.2614956
290.94043 2.284999
290.00482 2.3073034
290.46954 2.3291347
290.37012 2.3486607
288.96848 2.3681624
287.67926 2.3880122
284.11127 2.4236958
284.1337 2.4606798
285.52084 2.499808
286.40036 2.5197093
286.31436 2.539417
285.86526 2.5607564
285.69705 2.580807
285.9519 2.598036
286.24738 2.6309724
287.29797 2.6605456
287.47223 2.676601
288.06635 2.696081
288.67084 2.7163265
289.7003 2.7333558
290.6892 2.7500129
291.98938 2.7667093
293.4634 2.794103
292.70923 2.8248928
292.1421 2.8422542
291.675 2.8569295
290.77908 2.8703756
290.46732 2.8983638
289.84424 2.92619
289.08322 2.9564884
288.3303 2.9709964
288.06696 2.999005
288.12463 3.0242217
288.38583 3.0486479
288.7649 3.075785
288.5292 3.0896347
288.22443 3.117365
288.13983 3.1415048
289.2054 -3.1200955
290.42575 -3.0970223
290.82306 -3.0729082
291.12955 -3.0590076
291.78735 -3.0351949
292.47818 -3.0149896
293.18744 -2.997223
293.9858 -2.9796088
295.15665 -2.9569092
294.89163 -2.9353023
296.35165 -2.9205089
296.80298 -2.899389
297.5964 -2.8757348
297.9224 -2.8594434
298.69754 -2.8391876
298.96567 -2.8148272
299.73874 -2.7972891
300.21152 -2.7833133
299.15356 -2.7601495
298.85907 -2.7424326
297.63144 -2.7256312
297.0199 -2.7066636
295.1189 -2.6811607
294.51547 -2.6611502
293.2619 -2.6367605
292.2497 -2.6151845
291.61597 -2.5968733
290.254 -2.5655046
289.2639 -2.5354776
287.80505 -2.5048797
286.05972 -2.478438
284.0567 -2.4549177
283.14554 -2.4299922
280.86276 -2.403045
279.72324 -2.370676
279.69992 -2.3504252
280.66873 -2.3127644
280.65915 -2.2793987
281.94736 -2.251656
282.48163 -2.2197447
283.4688 -2.189916
285.3933 -2.1562593
287.1076 -2.126655
288.04752 -2.097101
289.4621 -2.0775933
291.0186 -2.051297
291.06488 -2.0289857
290.2754 -2.0072484
289.6072 -1.992433
289.4404 -1.9694694
288.88278 -1.9534969
290.43756 -1.9292428
291.0973 -1.9128253
292.46835 -1.8866746
294.19147 -1.8600541
295.37357 -1.836791
295.37943 -1.8096066
295.0026 -1.7855704
294.73334 -1.7685062
294.02274 -1.7517128
293.32736 -1.7382569
292.10226 -1.711293
291.20575 -1.6875259
290.47662 -1.6636959
289.9088 -1.6395406
289.4706 -1.6120716
289.2994 -1.5936217
286.45496 -1.5775756
283.74994 -1.5584766
282.57175 -1.5423621
282.62848 -1.5176551
283.0285 -1.4956379
283.54147 -1.4745604
284.15332 -1.4543658
284.67288 -1.4396819
285.3357 -1.423108
286.621 -1.3955199
287.14365 -1.3674995
287.4409 -1.346349
286.14093 -1.3237574
286.34134 -1.3043113
285.87082 -1.2873912
284.8128 -1.2634537
285.7722 -1.2395706
285.27063 -1.2195568
285.1685 -1.2044169
284.59647 -1.1763738
284.28918 -1.1585417
284.4454 -1.1317642
286.0502 -1.1102754
287.08698 -1.0886503
288.82257 -1.0692564
289.339 -1.0534488
290.53754 -1.0319146
292.59647 -1.0130664
294.0314 -0.98801666
295.47244 -0.9626417
295.84058 -0.9376036
294.061 -0.91187495
294.02844 -0.8901399
294.62967 -0.86639404
296.798 -0.8413565
298.21677 -0.817486
298.06317 -0.78898895
296.89258 -0.76092666
295.65964 -0.73158884
294.71283 -0.7074199
294.36063 -0.6809324
296.89505 -0.6588316
298.2948 -0.62609804
298.99487 -0.5988913
299.423 -0.57075197
299.63315 -0.5467409
300.40158 -0.5249784
300.3508 -0.5097081
300.44467 -0.48397434
301.1737 -0.45952487
301.85675 -0.4335325
302.44125 -0.41370174
302.3078 -0.39592716
302.91965 -0.37449062
302.87308 -0.35350603
302.40942 -0.32948714
302.08368 -0.31584254
302.18765 -0.29494524
302.41333 -0.276688
302.0533 -0.25986537
300.8415 -0.24117105
299.2407 -0.21836144
297.61853 -0.19226107
298.33054 -0.16796118
299.33014 -0.14636073
300.39835 -0.12303991
300.84485 -0.10694416
301.4196 -0.092718974
301.9939 -0.07593635
302.4775 -0.062553704
304.1198 -0.039164897
304.177 -0.019383447
304.12704 0.006874478
304.19684 0.02249485
304.32184 0.036433388
303.72165 0.06289676
305.1705 0.08300251
305.80405 0.104999065
306.25067 0.1180317
306.30936 0.14440763
306.44366 0.16813481
305.7742 0.18839422
305.33948 0.20208153
306.37903 0.21802314
305.95596 0.23770812
306.49158 0.2607673
305.43427 0.28212264
305.31915 0.3035062
305.9249 0.32266423
306.2171 0.3430455
306.55472 0.3669845
307.08655 0.38032353
307.605 0.40768006
309.33325 0.430192
308.61945 0.4462863
308.03027 0.4716295
306.91705 0.49280232
306.32047 0.5161858
306.28284 0.54195243
306.81024 0.56471026
307.00613 0.58367103
306.54785 0.60335743
306.1309 0.6282527
306.13104 0.65681815
305.84094 0.6911073
304.66193 0.7168038
304.82343 0.73832715
304.52078 0.77074057
303.83902 0.8044093
303.26935 0.8208411
302.37338 0.85369587
302.92392 0.882206
302.46973 0.9063672
302.00452 0.93010104
301.51907 0.960679
300.4355 0.9942341
300.6236 1.0260158
300.90268 1.0573788
300.12918 1.0900058
299.6394 1.1078644
298.91983 1.1280531
298.94763 1.143726
298.48877 1.1722937
298.27283 1.2008798
297.96848 1.232654
296.38617 1.2506886
295.98895 1.2658106
295.24402 1.2825793
294.37228 1.2960132
294.44827 1.3179985
293.80865 1.34463
293.52545 1.3609743
292.90546 1.3752918
292.61502 1.3993447
291.6493 1.4196614
292.42996 1.4442031
292.75806 1.4717225
293.30176 1.4890217
293.76303 1.5028421
294.32632 1.5301532
295.30737 1.5450566
295.30737 1.5450566
