Mouse
50
7.8726296 0.68494564
2.884372 0.7568302
2.2982347 -1.0731982
6.086887 -1.7197001
10.19865 -1.7584913
14.852165 -1.9072284
18.961779 -1.8873688
23.751282 -1.9550244
28.612894 -1.9998405
32.218006 -2.087028
37.182983 -2.1040967
42.156242 -2.117141
46.83471 -2.1568446
51.827255 -2.1623843
56.82111 -2.1669505
61.81596 -2.1707788
67.38393 -2.186256
72.96556 -2.1993678
77.96504 -2.2003253
83.55794 -2.210835
89.1589 -2.2200253
95.56008 -2.2217345
102.5717 -2.2309763
109.76526 -2.2262385
116.16726 -2.2273023
120.559525 -2.2201924
125.75932 -2.2088163
129.57765 -2.196629
133.41414 -2.185141
137.26723 -2.1742969
141.96582 -2.1601079
146.69116 -2.1468303
151.44073 -2.1343837
156.73897 -2.1281285
162.89552 -2.1190662
166.83499 -2.111685
171.64474 -2.1016803
176.97096 -2.0971215
182.30066 -2.0928292
187.14041 -2.0841384
192.96928 -2.0849564
198.30772 -2.0813377
204.13615 -2.082191
209.47643 -2.078836
216.17822 -2.0774589
220.16354 -2.0726137
225.51009 -2.069724
229.97948 -2.0690382
236.2084 -2.064337
240.67859 -2.0637815
246.913 -2.059417
251.80156 -2.0536025
256.69833 -2.0480099
261.6028 -2.0426266
266.5146 -2.0374417
271.4333 -2.0324445
276.35852 -2.0276253
281.28995 -2.0229752
284.89328 -2.0168405
289.36475 -2.0171125
294.3093 -2.0128443
297.92972 -2.0071008
302.4687 -2.000115
307.022 -1.9933361
310.67453 -1.9880562
315.25204 -1.9816287
319.84222 -1.9753853
323.52313 -1.9705184
328.13474 -1.9645884
331.83212 -1.9599633
335.53647 -1.9554402
340.1763 -1.949925
344.8262 -1.9445583
348.5531 -1.940368
352.28598 -1.9362667
356.0247 -1.9322513
360.70593 -1.9273493
364.1128 -1.9209411
367.5343 -1.914652
371.9138 -1.9075884
375.36545 -1.9015524
378.51254 -1.8931229
381.37842 -1.8823392
383.03705 -1.869998
384.4717 -1.8552704
385.29385 -1.8438488
384.23444 -1.833824
383.2139 -1.8237449
381.26187 -1.8142436
378.37192 -1.8052577
374.53836 -1.7967308
370.73254 -1.7880282
366.95544 -1.7791457
362.2277 -1.7706258
358.50882 -1.7613515
354.8214 -1.7518835
350.18118 -1.7427047
345.7344 -1.7361345
341.4623 -1.7322853
337.1954 -1.7283385
332.78247 -1.721321
328.53064 -1.7171279
324.2848 -1.712825
319.90945 -1.7053115
315.68066 -1.7007325
311.45868 -1.6960293
307.2438 -1.6911969
302.16013 -1.6898988
296.84866 -1.6818656
292.763 -1.6799853
288.57303 -1.6746064
284.3917 -1.6690692
280.21933 -1.6633668
274.0639 -1.6581242
269.9927 -1.6557267
265.9231 -1.6532557
260.78015 -1.6471916
256.792 -1.6483805
252.80421 -1.6496068
247.82005 -1.6511953
242.75662 -1.6487434
236.62402 -1.6422913
232.5639 -1.639231
227.50818 -1.6363487
223.45247 -1.6330557
218.34422 -1.6253383
212.25069 -1.6174704
206.17105 -1.609138
201.13802 -1.6051228
197.10794 -1.6007489
192.05919 -1.5911196
186.04218 -1.586401
181.02953 -1.5813087
176.01956 -1.5702454
171.03238 -1.5585352
166.04842 -1.5521442
160.07198 -1.5451989
156.10277 -1.5381391
150.1873 -1.5235245
145.24539 -1.5150205
141.31265 -1.5063769
137.39105 -1.4972391
132.48509 -1.4869379
127.59427 -1.4758455
121.62263 -1.4711683
115.76279 -1.4574171
109.80341 -1.451235
105.833046 -1.4467269
100.873375 -1.4405929
95.91789 -1.4338248
91.95698 -1.4278852
87.9996 -1.4214113
83.05862 -1.4124519
78.12515 -1.40236
74.18479 -1.3933207
69.26895 -1.3805768
65.345474 -1.3690028
60.455242 -1.3524256
55.584538 -1.332937
49.519817 -1.3240132
44.687996 -1.2966775
38.646976 -1.2795595
33.57379 -1.2653278
29.459282 -1.2568667
24.751846 -1.1944473
19.755117 -1.1484873
16.189764 -1.0470475
11.476896 -0.90412754
7.7126365 -0.40226594
7.3681374 0.27213475
10.042963 0.9184026
14.341053 1.1316775
18.68894 1.2945696
23.538929 1.3525332
28.440918 1.3906097
33.233967 1.447205
38.106525 1.4894348
42.03281 1.5208864
45.98057 1.5686871
49.98863 1.5888617
55.013393 1.6053951
59.05187 1.6199765
63.04734 1.6168576
68.09242 1.6281471
72.086205 1.6249665
78.13445 1.6335886
83.12519 1.629814
89.11545 1.6258428
93.10965 1.6234792
98.103065 1.6207954
103.14951 1.6280553
108.1417 1.6254094
112.13595 1.6234623
116.13059 1.621649
120.125595 1.6199565
125.1198 1.6179928
130.11444 1.6161798
135.10948 1.6145009
139.10577 1.6132445
143.10226 1.6120584
148.09816 1.6106657
153.05902 1.6028353
158.05653 1.6018219
162.02748 1.5948873
167.0057 1.58818
171.991 1.5818611
175.98279 1.5759276
180.9838 1.564735
185.9923 1.5595216
190.0057 1.5544962
195.02351 1.5497872
200.04541 1.5453144
205.07112 1.5410609
209.10094 1.5368494
213.09868 1.5374864
220.12944 1.5340052
225.1643 1.5303838
229.1611 1.531089
234.15724 1.5319366
238.15427 1.5325892
242.1514 1.5332202
246.1876 1.5297714
253.22374 1.5269594
258.26392 1.5239396
262.30765 1.5208457
268.4054 1.5145197
272.39914 1.5153456
276.4495 1.5125358
280.50198 1.5098071
284.55652 1.5071563
289.67844 1.5013636
293.73907 1.4989122
299.87128 1.4936969
304.93408 1.4916903
310.0806 1.4865347
315.14755 1.4847082
320.3048 1.4798294
325.46945 1.4751053
329.74808 1.467208
334.9313 1.4628123
339.24094 1.4552913
343.82004 1.4421861
348.31717 1.4322698
352.0081 1.4193782
354.60736 1.4090776
357.41614 1.3961716
361.26602 1.3839843
365.16843 1.3720558
368.14383 1.3598137
372.14883 1.3483641
374.0247 1.3385228
376.90738 1.3294164
378.85208 1.3197951
381.09033 1.3077375
382.15 1.2976302
382.28842 1.286849
381.51447 1.2753154
378.8855 1.262141
376.32318 1.2487849
372.2294 1.2394367
369.44617 1.2282357
365.68103 1.2245615
362.26505 1.2182177
357.92786 1.2107718
354.18713 1.2067932
350.4521 1.2027296
346.723 1.1985786
342.99997 1.1943374
338.35513 1.1889048
333.89813 1.1899985
328.88593 1.187171
323.87643 1.184256
319.7951 1.182437
314.79028 1.1793624
310.71188 1.1774259
305.7121 1.1741781
301.1064 1.1677634
297.03543 1.1655785
292.447 1.1588385
287.87225 1.1518838
283.3119 1.144705
278.7666 1.1372917
274.23715 1.1296331
268.38974 1.1234565
263.8906 1.1152605
258.9638 1.1102339
254.04381 1.1050125
249.57169 1.1049743
244.659 1.0994468
240.64285 1.0956012
235.74348 1.0896695
230.85274 1.0834862
225.499 1.0809405
221.50114 1.0764276
217.11276 1.0655005
212.25917 1.0582201
206.0529 1.0523984
201.22078 1.044403
197.26318 1.0385983
193.31252 1.032556
188.51454 1.0235142
184.58247 1.0168638
179.2805 1.0116805
173.98364 1.0061815
167.85158 0.9971201
162.56987 0.990761
157.29517 0.98397505
150.08406 0.98403186
145.64682 0.980261
139.82349 0.97817194
135.38971 0.97392344
130.39537 0.97571075
126.53028 0.96453357
120.71258 0.9613554
113.503235 0.9599934
108.506035 0.9614999
104.083275 0.9552639
99.08533 0.95667505
92.4584 0.9457986
88.04728 0.93763864
82.24316 0.93107295
76.443115 0.9235106
70.042625 0.9260202
65.64859 0.9137483
59.246574 0.91566044
53.458115 0.9031748
47.68001 0.88766015
41.916546 0.8678731
36.848396 0.82154936
31.167576 0.7827547
26.229603 0.7552942
20.576015 0.747019
14.924907 0.7324756
9.954604 0.77712154
5.043357 0.9095865
2.1407442 2.6658444
6.238918 -2.8119564
11.588981 -2.5954223
16.57244 -2.5660992
22.136534 -2.5128272
27.738178 -2.481009
32.588047 -2.4405596
37.477394 -2.4106257
43.12697 -2.4034896
48.046955 -2.3839173
53.701862 -2.3809974
57.99304 -2.4035633
62.972485 -2.4110577
67.29662 -2.4285846
72.28539 -2.4333885
77.275604 -2.4375722
83.03413 -2.44901
89.74624 -2.4816687
95.538124 -2.4889452
101.540375 -2.5091827
105.95164 -2.5162723
112.577545 -2.5258644
116.43009 -2.538695
121.68844 -2.548456
127.2476 -2.5682974
133.3824 -2.5800996
137.83385 -2.5832694
141.76187 -2.5922346
147.07324 -2.598388
151.01921 -2.6064098
155.83925 -2.6172535
162.03946 -2.6251068
167.3765 -2.6294682
171.35681 -2.6358202
175.82507 -2.6368914
179.81302 -2.64278
184.28246 -2.6436331
190.98685 -2.644838
194.98267 -2.6501062
201.21918 -2.6554155
207.46101 -2.6604056
213.7077 -2.6651042
218.17947 -2.6653674
223.97804 -2.67368
228.00093 -2.677678
232.02734 -2.6815376
236.05708 -2.6852655
240.98967 -2.6906831
245.92903 -2.6958833
250.40047 -2.6955628
254.44185 -2.698799
259.8168 -2.7000892
263.86176 -2.7031403
267.90912 -2.7060993
274.19373 -2.7087173
279.15457 -2.7129788
283.20935 -2.7156374
287.26608 -2.7182207
292.2377 -2.72213
297.21362 -2.7259088
302.19366 -2.7295628
306.26013 -2.7318013
310.3281 -2.7339811
314.0044 -2.739031
318.99817 -2.7422876
322.68723 -2.7471068
327.30884 -2.752978
331.01407 -2.7575567
334.72604 -2.762034
338.4446 -2.766413
342.74152 -2.7744734
346.12415 -2.7813182
349.5227 -2.78803
353.27798 -2.7919505
356.36566 -2.8010683
360.13846 -2.8047776
363.59027 -2.8110094
367.05597 -2.8171234
370.2232 -2.8256884
373.72104 -2.831557
376.63712 -2.842383
378.35403 -2.8548226
381.09164 -2.8678596
380.73672 -2.8812134
379.48022 -2.8939455
378.28568 -2.9067602
377.37503 -2.917069
376.50464 -2.9274266
375.67487 -2.937831
373.9046 -2.9477665
369.40805 -2.95365
364.9246 -2.9596782
360.6309 -2.963126
356.51703 -2.9638946
352.22873 -2.967476
347.77686 -2.9739792
343.34006 -2.980651
338.0862 -2.9841201
333.67343 -2.9911199
329.2774 -2.9983068
323.9081 -3.0052695
317.69412 -3.0089397
312.4763 -3.0131676
306.14944 -3.0203762
300.94748 -3.024964
295.75204 -3.0297134
290.56354 -3.0346324
286.37714 -3.040085
280.20874 -3.045016
275.04333 -3.0505009
268.8064 -3.0595849
263.66412 -3.0655913
259.60068 -3.0682623
255.47057 -3.074923
251.35216 -3.0818021
247.24605 -3.08891
241.1549 -3.095882
237.1148 -3.099324
233.0776 -3.1028855
227.01157 -3.1106663
221.98465 -3.1144724
217.96082 -3.118561
212.94096 -3.1227152
206.92505 -3.1269999
201.9256 -3.1266384
197.92604 -3.126336
193.92653 -3.1260216
189.92702 -3.1256936
184.92767 -3.1252637
179.94792 -3.1192536
174.94919 -3.1186152
169.95056 -3.1179392
165.9517 -3.1173692
160.95322 -3.1166167
156.9545 -3.1159804
152.93283 -3.1218472
148.93362 -3.121317
144.91708 -3.1276565
139.90672 -3.1343055
134.90302 -3.1414478
129.90302 -3.1414423
124.90686 3.133743
120.919235 3.1252134
115.91993 3.124507
111.9427 3.1149645
107.94417 3.113978
103.97923 3.103302
97.983894 3.1009579
93.03642 3.0880346
89.04241 3.0856297
84.11588 3.0704346
78.13223 3.0649748
73.1479 3.0597427
68.16587 3.0537457
64.18225 3.0482779
58.21104 3.0386734
54.233765 3.031096
50.260094 3.0223196
46.290962 3.0120375
42.19796 3.0232906
36.122993 3.0311763
32.15037 3.0174663
28.061743 3.0351808
21.992369 3.051418
18.012222 3.0314186
12.940213 3.0657508
7.9030395 -3.1391213
2.903081 -3.1348648
2.3316925 -0.45253798
8.345038 -0.24443053
13.251774 -0.1529932
17.36158 -0.17480926
22.459593 -0.17993663
26.575333 -0.19002081
30.51269 -0.16525753
34.624256 -0.17474093
38.56961 -0.1567099
42.52518 -0.1420292
46.628384 -0.15111654
50.58638 -0.13921249
55.54234 -0.1267205
59.512417 -0.118225925
63.486244 -0.11079428
67.46317 -0.104238495
72.4379 -0.09705643
77.512955 -0.103646
82.48775 -0.09737469
87.46541 -0.091816984
91.449295 -0.08780653
95.434525 -0.08413097
99.42095 -0.080750115
103.40842 -0.07762996
108.39405 -0.07405264
113.38095 -0.070789956
119.36668 -0.06723464
123.35794 -0.06505614
128.34778 -0.06252355
134.33658 -0.05973282
138.32964 -0.058006585
142.3231 -0.05637722
148.31395 -0.0540977
152.30826 -0.05267765
158.25275 -0.044371016
163.24797 -0.043012455
169.20409 -0.035583075
173.16975 -0.02899025
177.1681 -0.028335817
181.14159 -0.022191819
186.12148 -0.016224155
192.10759 -0.010512694
197.09962 -0.0051726927
202.09698 -9.664296E-5
206.09932 0.0047572814
212.11794 0.014051462
218.15384 0.022832058
222.15282 0.02242099
228.20377 0.030593526
232.20193 0.03006659
238.26628 0.037699822
242.30261 0.041201755
248.38608 0.048251975
254.4813 0.05496479
258.53137 0.057976965
262.5837 0.0608962
267.6362 0.06348873
271.6926 0.06622786
276.819 0.072241634
280.88165 0.074764684
284.946 0.07721577
289.0933 0.08304604
293.1632 0.08531356
298.31955 0.09056525
303.48386 0.09563835
307.46582 0.094396025
311.64072 0.099575326
316.81827 0.104287945
322.00266 0.108848915
326.19995 0.113611735
330.40445 0.11825345
335.8585 0.12832385
340.2184 0.1355647
344.59576 0.14262193
351.11716 0.15146968
357.82568 0.16275308
363.59317 0.17409497
369.40598 0.1850813
373.10614 0.19413947
377.0392 0.20561677
380.80707 0.21429117
383.62772 0.22337092
387.4528 0.23172319
388.3909 0.24174699
387.43124 0.25300726
385.55573 0.2649996
382.5014 0.275308
379.4884 0.28578123
376.22678 0.29387888
372.99023 0.3021176
370.08627 0.3130728
366.59515 0.31902853
362.16986 0.32598045
359.03503 0.33482546
354.65073 0.34212142
350.62958 0.3522791
346.87796 0.3562579
343.4858 0.363048
339.17767 0.3710393
335.453 0.3753628
330.8062 0.38090402
324.31836 0.38892806
320.62067 0.39365888
316.93036 0.39849997
313.24762 0.403455
309.57275 0.4085278
304.9907 0.41504046
299.50986 0.4231183
294.04932 0.43149668
289.0918 0.43558818
285.4703 0.44150048
280.52515 0.4458936
275.5856 0.45044425
271.55054 0.45354205
265.7246 0.46005264
259.91043 0.4668548
254.99904 0.47217804
248.32074 0.48141304
242.54704 0.48921305
238.54837 0.49339262
233.67584 0.49975768
227.9392 0.50852144
223.96101 0.5133173
219.12007 0.52054733
214.2911 0.5281036
210.84567 0.5376633
206.90134 0.5434129
201.26112 0.55457485
196.492 0.56364805
190.90045 0.57601255
187.00601 0.5831787
180.63756 0.5998983
175.38539 0.6065808
171.53513 0.61508435
167.69783 0.6239778
161.88795 0.6269839
156.07965 0.6302138
149.68314 0.62830967
144.09866 0.6221682
138.52005 0.61553174
133.76987 0.6040664
128.20982 0.59610933
122.94459 0.5761531
118.26219 0.56160986
113.81234 0.56545305
107.983315 0.5668047
103.53597 0.5712526
98.549675 0.5675902
93.26386 0.5783299
88.82257 0.5840914
84.384544 0.5904592
78.56144 0.5941717
74.12962 0.6020238
69.702965 0.6108738
65.28251 0.6209232
60.065914 0.6422722
55.670605 0.65654576
49.26868 0.6541812
43.480457 0.6694049
38.48235 0.67277026
32.079243 0.6723769
27.269985 0.6261252
22.543879 0.56028646
17.966658 0.4602612
13.0821295 0.3905616
9.022489 0.45690417
5.0664067 0.6289309
2.9820464 1.5382676
4.9108777 2.4894238
8.848829 2.6750176
12.902978 2.745308
17.621492 2.8550515
22.704802 2.8750465
26.827097 2.878361
31.222414 2.8498425
35.341537 2.855297
39.46149 2.859613
43.867474 2.8411932
47.984795 2.8459527
52.3993 2.8316805
56.82282 2.8196285
61.253395 2.8093185
66.030945 2.7861283
70.8392 2.7660766
75.295006 2.7608488
80.13392 2.744641
85.90901 2.7349367
91.69117 2.7264555
97.47914 2.718981
102.363525 2.708279
108.16286 2.7025158
115.73611 2.6854494
121.99475 2.6740668
128.26765 2.6637964
134.08768 2.6610749
139.9086 2.6585798
146.1995 2.650234
152.49973 2.6425772
160.16806 2.6330938
166.86978 2.6348963
171.82442 2.6309278
176.29175 2.63212
182.12 2.6311293
186.58734 2.632251
192.41557 2.6313093
196.9975 2.6210291
202.46254 2.6137156
207.07811 2.6043258
213.42262 2.6002142
218.063 2.5915835
223.56776 2.5856824
229.92699 2.5823808
234.90962 2.5805888
239.58463 2.5731142
244.03265 2.575032
250.09991 2.566748
255.08836 2.5654032
260.6245 2.5608952
266.16574 2.556575
271.71176 2.552431
277.26224 2.548453
282.81693 2.5446312
289.76584 2.54006
296.72055 2.535703
302.86154 2.5296538
309.01318 2.5238454
315.7596 2.5156927
318.9244 2.5073647
324.51785 2.5047398
328.31305 2.4943068
332.14313 2.4841135
336.00696 2.4741535
339.90335 2.464421
345.23856 2.4545062
349.19803 2.445253
353.18677 2.4362078
356.5495 2.4294846
360.68127 2.424713
364.07092 2.418235
367.47556 2.411877
371.6366 2.407442
375.06586 2.4013107
378.50897 2.3952906
381.236 2.387587
383.26224 2.378193
382.47824 2.3652952
381.04892 2.354195
378.95123 2.3448539
376.88693 2.3354096
374.12903 2.3276942
371.39374 2.3198645
368.68155 2.311919
365.99298 2.3038564
362.58057 2.2975035
359.18307 2.2910304
355.80093 2.2844338
352.43457 2.277711
347.67538 2.270512
343.70508 2.2612565
340.39536 2.254068
337.10358 2.2467387
334.61557 2.237413
331.36597 2.2297919
327.3412 2.2238722
323.3282 2.2178051
318.5263 2.2134628
314.53436 2.2070935
310.55548 2.2005608
305.19467 2.1931098
300.42917 2.1881123
295.67142 2.1829538
289.53015 2.1767592
283.9659 2.173204
278.9702 2.1724677
273.97467 2.1717045
269.5453 2.1739748
264.54944 2.1732128
259.55374 2.1724215
254.5582 2.1715991
249.56285 2.170744
244.83363 2.1641777
240.11539 2.157353
233.73782 2.1549404
229.87437 2.1452227
224.88655 2.1436882
219.89929 2.1420841
214.91263 2.1404054
208.54594 2.1371834
203.56117 2.1352913
198.04564 2.1290326
193.06429 2.126827
187.56 2.1199698
182.92252 2.1098785
177.9505 2.10695
173.49042 2.1088173
168.51903 2.1056936
163.04477 2.0970929
158.58165 2.0988584
153.11784 2.0894558
148.15807 2.0852535
141.84068 2.0780487
136.88872 2.0730875
131.94035 2.067754
125.643265 2.058741
118.47041 2.052661
112.64997 2.0496318
108.178375 2.0502596
102.35887 2.0467894
96.54075 2.0429008
90.724266 2.0385134
86.252174 2.0387244
81.78008 2.0389585
76.417046 2.0451279
69.70926 2.046156
65.701836 2.0604863
61.231327 2.0623882
55.88254 2.0730712
51.90577 2.093286
47.4421 2.0988297
42.980194 2.1055245
37.66803 2.1274872
32.68973 2.1142254
26.858812 2.114879
21.02791 2.1158946
16.574594 2.1378489
12.13513 2.1758978
7.7334056 2.257517
3.5142217 2.5429056
2.2122257 -1.9912702
7.326061 -1.2804998
13.055588 -1.1697234
18.439947 -1.1757292
24.224138 -1.1408577
28.694128 -1.135605
32.752148 -1.1594086
37.218914 -1.153132
41.68683 -1.1482006
45.750866 -1.1641243
51.134384 -1.1668795
55.76666 -1.2021251
60.797283 -1.2164202
66.18076 -1.2142942
71.56449 -1.212488
76.602 -1.2231532
81.98444 -1.220995
87.367226 -1.2191027
92.75028 -1.21743
97.196495 -1.2123661
104.23132 -1.1966219
109.98612 -1.1878488
116.133194 -1.1719872
121.391304 -1.1544166
126.68379 -1.1383094
132.90881 -1.1267519
138.25226 -1.113054
144.07571 -1.0941908
149.00856 -1.0886166
154.41658 -1.0776777
160.71855 -1.0704814
166.54498 -1.0690777
171.11143 -1.0570138
176.4503 -1.0610693
181.40685 -1.0573931
186.36572 -1.0539125
190.96094 -1.0434655
195.92809 -1.0405076
200.54852 -1.0308675
207.41473 -1.0225827
212.91736 -1.01634
217.58147 -1.0079693
222.26018 -0.9999503
227.50095 -0.98858225
232.21234 -0.9812985
236.93556 -0.97430474
240.81075 -0.9802001
245.8039 -0.9791245
251.35728 -0.9747918
256.09055 -0.96844125
260.8338 -0.96232134
266.98013 -0.9555188
272.32605 -0.94688374
279.30743 -0.9428133
284.68182 -0.93479186
290.8743 -0.9291315
297.87418 -0.92573124
304.08084 -0.92050135
309.5032 -0.9135118
313.53644 -0.9073094
319.77057 -0.9026943
323.0434 -0.89489186
327.88858 -0.8910986
333.3707 -0.8850898
338.2276 -0.88155305
343.7281 -0.8758777
347.8302 -0.87072635
352.59027 -0.8635354
356.7138 -0.8586545
360.09244 -0.8520606
363.48642 -0.8455895
366.15182 -0.837414
368.84134 -0.8293572
371.55444 -0.8214175
374.29065 -0.81359345
377.0494 -0.8058834
379.83026 -0.7982858
379.7995 -0.7833922
379.85297 -0.76849943
377.0837 -0.7608729
374.385 -0.7493585
372.40994 -0.73966557
369.7256 -0.7316737
367.0652 -0.7235654
364.42926 -0.7153393
361.81836 -0.70699394
358.59076 -0.69639224
356.03818 -0.6877733
352.73477 -0.680811
349.44882 -0.6737174
343.2062 -0.66960335
337.5879 -0.6676673
332.58936 -0.6680306
325.568 -0.66548735
318.54883 -0.66283196
312.32257 -0.6580937
307.50552 -0.6537692
300.49704 -0.6506807
294.28983 -0.6453953
288.68942 -0.64266086
283.29984 -0.6348792
279.32465 -0.6275958
273.7395 -0.6243483
268.39252 -0.6157674
263.63763 -0.60995424
257.50113 -0.6029365
252.76689 -0.59663224
248.04306 -0.59008753
242.78093 -0.57985115
237.24597 -0.57498455
231.71689 -0.56988555
226.19414 -0.5645374
219.83098 -0.56133395
214.84824 -0.5594239
209.01837 -0.55995405
204.35982 -0.5511671
199.9052 -0.5531225
194.92613 -0.55080736
189.42877 -0.54386586
183.43198 -0.5318242
178.46399 -0.52870184
173.86678 -0.5175401
168.90756 -0.51382124
162.10675 -0.50211996
155.3301 -0.48939574
149.92833 -0.47838962
144.99866 -0.47272187
140.07397 -0.46665537
135.15482 -0.46014705
131.12975 -0.46686053
125.31529 -0.4634409
119.94947 -0.46716002
114.13495 -0.46342066
108.322205 -0.45927992
102.51152 -0.45466965
98.482475 -0.46338457
93.11686 -0.46817216
87.30214 -0.4633509
81.93665 -0.46878952
77.46458 -0.46908638
72.54563 -0.4571259
68.07359 -0.45669746
63.1674 -0.4419964
58.696392 -0.4403469
54.22557 -0.4384254
49.34085 -0.41778776
44.873886 -0.41321895
40.408066 -0.4076401
35.21192 -0.348351
30.773779 -0.3316321
26.347136 -0.3092871
21.93895 -0.2779412
17.818602 -0.28556722
13.251774 -0.1529932
13.251774 -0.1529932
