Mouse
19
247.58563 1.5655619
245.59714 1.5818067
244.70354 1.6022847
243.86327 1.6188091
243.15668 1.6395471
242.4678 1.6562892
241.84727 1.673122
242.28854 1.6895458
241.80406 1.7064623
242.37747 1.7228146
242.02956 1.7397773
241.75148 1.7567841
241.74709 1.7778766
240.65111 1.7958528
239.63359 1.8139875
238.69554 1.8322709
237.83789 1.8506922
236.40306 1.8745275
235.7323 1.8932577
235.14467 1.9120883
233.70528 1.9325145
232.36456 1.9531853
230.20485 1.9757917
228.16495 1.9988142
225.81366 2.0182548
223.1008 2.0340948
220.90843 2.054337
217.93336 2.0771928
215.43701 2.0943177
212.49202 2.1078045
209.58675 2.121668
205.87907 2.1385198
202.51524 2.1669443
199.55055 2.189308
196.09184 2.2082486
193.49873 2.2247052
190.8029 2.2489676
187.57755 2.2698436
185.18933 2.287877
183.5354 2.3104153
181.28705 2.3293629
179.1054 2.3487792
176.29614 2.3727272
175.00424 2.397103
173.16028 2.426169
170.6929 2.452125
169.74753 2.4778047
169.71974 2.5072632
169.0176 2.5333414
170.10562 2.5660818
171.89258 2.5933917
173.30907 2.6251233
175.83894 2.6462488
178.44507 2.666766
181.15746 2.6990275
184.45479 2.7253366
187.33626 2.7437353
190.2792 2.761571
194.21608 2.780685
197.27948 2.7973304
200.39584 2.8134625
203.25754 2.8337781
206.48712 2.8488784
209.49004 2.8681006
212.56813 2.8867729
214.51288 2.9083445
217.53333 2.9304867
220.47122 2.9564664
223.55396 2.9817464
225.78479 3.0057263
228.25717 3.0248702
232.8019 3.044438
236.3589 3.0671358
240.08853 3.0849905
241.8939 3.1019688
245.7922 3.1148095
248.71744 3.13121
252.7156 -3.1320255
255.78456 -3.1164997
258.91373 -3.1013455
263.09937 -3.0867658
266.3416 -3.0723867
269.63757 -3.0583563
272.98532 -3.0446675
275.38907 -3.030913
277.96967 -3.0138295
280.62988 -2.997065
282.38046 -2.9800522
284.036 -2.9667187
287.7065 -2.9548416
289.45602 -2.9419038
291.68167 -2.9224212
294.01636 -2.9032407
295.95502 -2.8909047
298.19952 -2.8754928
300.5138 -2.8603146
302.60583 -2.8485327
305.04077 -2.8337867
307.22568 -2.8223648
308.5044 -2.8100538
310.77118 -2.7989306
312.13788 -2.7868605
314.4834 -2.7760375
316.3052 -2.7612739
318.19516 -2.7466824
319.23492 -2.7310197
321.2633 -2.7167492
321.1209 -2.7028325
321.04074 -2.6889062
321.02286 -2.6749759
321.0673 -2.6610465
321.174 -2.6471236
321.3429 -2.6332128
322.441 -2.6208663
323.5879 -2.6086056
325.30276 -2.5938048
326.556 -2.5817528
327.26843 -2.5613487
328.64807 -2.5495012
330.07346 -2.5377545
332.361 -2.5278475
333.6468 -2.5121436
335.81387 -2.4983544
337.43427 -2.4870913
337.5263 -2.472278
336.28543 -2.4579012
334.34915 -2.4414985
332.60394 -2.429151
329.49838 -2.4169345
327.18402 -2.4065418
324.17154 -2.3939097
321.93695 -2.3831837
319.7399 -2.372309
318.28458 -2.354609
316.18863 -2.3434165
314.85757 -2.3298848
314.32016 -2.314083
313.11533 -2.3003547
314.13583 -2.2847476
313.82352 -2.268854
313.5906 -2.2529325
312.65173 -2.2389684
311.7742 -2.2249227
310.15698 -2.2127259
307.99863 -2.1977792
304.7657 -2.1772525
302.7737 -2.1618004
300.5633 -2.1507492
297.85272 -2.1367068
296.5779 -2.123514
293.82553 -2.101449
292.19727 -2.0849578
289.77094 -2.0699332
287.8343 -2.0499668
286.4583 -2.0328677
284.69763 -2.0202909
282.56094 -2.0043526
280.49716 -1.9881756
278.11905 -1.9684528
276.22122 -1.951763
274.04694 -1.9314373
272.32275 -1.9142569
270.04596 -1.889847
268.81815 -1.8757175
266.40067 -1.8589407
265.29172 -1.8444841
264.23862 -1.8299092
262.7653 -1.8078356
260.87955 -1.7938312
260.02405 -1.7788285
259.22745 -1.7637302
258.4903 -1.7485422
256.50916 -1.7262073
255.92053 -1.7107651
254.27829 -1.6918415
253.72308 -1.6722779
252.3528 -1.6569095
252.04028 -1.6410971
251.79092 -1.6252495
251.53572 -1.6014291
251.445 -1.5855279
251.4179 -1.5696192
252.49623 -1.5458589
252.62762 -1.5300295
252.88075 -1.5102725
253.23238 -1.4905627
254.57973 -1.4752153
256.2152 -1.4522748
256.7189 -1.4368023
258.57684 -1.4143211
260.21564 -1.3997355
261.11328 -1.380865
262.87704 -1.3666401
263.7171 -1.3517867
265.58786 -1.3379031
266.53946 -1.3233006
269.03656 -1.3025875
271.36407 -1.2857966
272.51575 -1.2717102
274.03064 -1.2542732
275.95715 -1.2336093
277.6514 -1.2166144
280.1561 -1.193177
282.42343 -1.1734278
283.07867 -1.1590309
284.62473 -1.1383048
286.3243 -1.1256206
288.0694 -1.1130881
289.8592 -1.1007085
290.80728 -1.0868876
292.6897 -1.0747901
294.23013 -1.0582262
296.71423 -1.04354
297.889 -1.0302464
299.85886 -1.0067959
301.72415 -0.9910186
303.6636 -0.975439
303.46408 -0.9589809
304.7437 -0.9417796
306.11276 -0.9247271
306.95557 -0.910399
308.3371 -0.8890611
309.33554 -0.8749458
310.29166 -0.85637945
312.09805 -0.84007704
313.308 -0.8263087
315.99057 -0.81252694
318.03546 -0.80123305
319.4108 -0.7878815
320.84256 -0.77464676
323.02087 -0.7637726
323.9276 -0.74417686
325.5423 -0.7313341
327.21017 -0.7186201
328.28244 -0.7037192
329.4271 -0.6889186
330.02008 -0.6718565
329.91617 -0.6567067
329.29056 -0.6391177
328.7672 -0.62146735
328.34656 -0.6037662
329.4154 -0.58687544
329.19614 -0.56918097
329.08008 -0.5514684
328.2068 -0.53529906
327.05038 -0.5232194
326.32797 -0.5068841
325.28482 -0.4946407
324.2907 -0.48232034
323.7877 -0.46577394
321.57312 -0.45188126
320.75153 -0.43930057
319.07083 -0.42795426
317.43164 -0.4164893
315.83463 -0.40490684
315.2043 -0.39199266
313.69797 -0.38020846
312.23563 -0.36831218
310.81787 -0.3563057
309.4453 -0.34419093
307.79413 -0.32889846
306.52548 -0.31654814
305.00607 -0.30096886
303.5614 -0.28523746
301.49725 -0.27343944
299.2187 -0.25825197
297.25223 -0.24610052
294.1267 -0.23126929
292.25946 -0.21873115
289.45996 -0.20674056
287.49313 -0.19043247
285.6038 -0.17390418
282.9647 -0.16120398
281.3611 -0.14774176
279.8091 -0.1341277
277.1981 -0.1172161
275.7641 -0.10323412
273.38858 -0.08943426
271.066 -0.07539522
266.80157 -0.06157424
262.54434 -0.043502465
258.37567 -0.024841288
256.30734 -0.009433052
253.3009 0.006246664
249.38284 0.026397325
247.52228 0.042765856
243.67479 0.05576826
239.94101 0.073343225
236.02858 0.078810476
232.30069 0.09304081
227.62721 0.108204596
224.12595 0.12787597
220.71414 0.14816356
217.396 0.16907929
215.15787 0.18975295
211.82782 0.20722377
209.76395 0.22882904
206.58421 0.24736562
203.7433 0.2712099
201.97824 0.29427126
200.63713 0.3224612
198.17555 0.34800413
196.77762 0.37231463
193.80762 0.38943586
191.69685 0.41666535
188.46082 0.43010777
186.12793 0.4537208
183.44363 0.4730789
180.83011 0.4930042
178.78383 0.5183775
176.85526 0.5443211
175.0483 0.57081854
172.80586 0.5930662
173.43974 0.6186383
173.19872 0.65555835
173.96506 0.6888605
174.26338 0.7175271
176.11748 0.7463881
178.136 0.7666862
179.52133 0.79046476
181.00658 0.8138662
182.58931 0.8368743
185.57886 0.8513115
188.08284 0.8768311
190.54715 0.89429265
193.06808 0.9113033
195.84923 0.9350186
197.92018 0.95515144
200.06967 0.9748596
202.84215 0.9900087
205.12537 1.0088607
208.3364 1.0297735
210.2711 1.051802
213.26744 1.065177
215.82974 1.0822613
218.00082 1.103026
221.16602 1.1253289
223.52692 1.1451521
225.58054 1.1686258
228.68544 1.193282
231.33723 1.2117115
232.78969 1.2323288
235.28989 1.254011
236.65137 1.2780392
239.11203 1.3028905
240.74696 1.3262191
242.5111 1.3492206
243.62183 1.3670433
244.62617 1.3887157
244.9199 1.4055178
245.28261 1.4222748
245.71396 1.4389777
246.21362 1.4556174
246.78117 1.4721851
248.41278 1.4890026
248.118 1.5050708
248.8862 1.5213723
249.72012 1.5375692
250.6191 1.5536541
250.6191 1.5536541
