Stilus
16
314.87442 1.4002742
311.11752 1.4188071
308.37524 1.4346144
304.52823 1.4560138
302.8715 1.4693583
300.6958 1.4820117
298.96585 1.5048993
297.72565 1.5184424
297.47577 1.5381991
295.45755 1.5552373
294.32007 1.5707964
293.35214 1.5854068
293.44366 1.5997305
292.63242 1.6168879
290.06393 1.6373085
288.64392 1.6584107
285.25525 1.6805718
282.8426 1.6985761
280.58157 1.7183422
277.41455 1.738281
273.20087 1.7557231
269.6469 1.783857
267.2065 1.8042315
266.902 1.8214613
267.11475 1.8406743
266.46857 1.860683
264.98798 1.8782295
263.37592 1.8961781
261.53336 1.9218575
260.88638 1.9464207
259.87643 1.9756954
259.62424 1.9954696
259.3923 2.0136724
257.48056 2.038755
256.51944 2.0671194
256.28998 2.090359
255.12517 2.1191683
254.11804 2.1448593
251.73207 2.1707656
250.21957 2.2027745
249.40007 2.225687
249.4746 2.2468374
249.6715 2.2674747
250.68147 2.2881384
252.7834 2.31529
252.95758 2.3398254
252.94171 2.3686986
253.12785 2.3966935
252.10057 2.4248955
250.6496 2.451254
250.3181 2.4707413
252.42493 2.4923403
253.86743 2.5236125
254.95593 2.5519705
255.50722 2.5856922
256.60562 2.6164758
257.63724 2.6410556
260.02124 2.663518
261.12067 2.6835756
262.50363 2.71445
263.73566 2.7412646
264.3195 2.7672448
265.66043 2.796646
267.7405 2.8198512
271.08286 2.839411
274.62152 2.8624368
275.62277 2.8788996
275.91943 2.9012668
277.30887 2.9278023
278.5896 2.9438124
281.1801 2.9673622
283.94342 2.9922402
285.3567 3.0071447
286.92047 3.0302424
288.1391 3.0583386
289.62387 3.0836945
293.091 3.1075797
295.94662 3.1281877
299.1413 -3.1315072
300.99252 -3.118274
302.4041 -3.0984218
302.72354 -3.0785587
305.04367 -3.056096
306.90192 -3.0337374
307.63126 -3.0136945
308.5712 -2.9918602
309.55658 -2.9720578
310.43976 -2.9561746
311.77063 -2.9346497
313.26816 -2.912996
314.72433 -2.8938928
319.10477 -2.8755224
322.94366 -2.8562083
325.19678 -2.8358195
327.12753 -2.8176448
327.68262 -2.7963257
329.90283 -2.7761242
333.10452 -2.7597451
334.76285 -2.7398922
336.6424 -2.719642
338.3371 -2.7016363
338.798 -2.680029
338.4311 -2.6563385
338.0719 -2.638172
334.83463 -2.620494
332.3912 -2.597434
331.7242 -2.5721643
332.22797 -2.5479505
334.3594 -2.5269175
336.4431 -2.5131304
338.60706 -2.4994483
341.61966 -2.4877481
341.86905 -2.4725373
342.20276 -2.4578485
342.22308 -2.4356132
343.6488 -2.413103
345.67273 -2.3969445
343.70047 -2.3776448
341.2419 -2.3645782
340.28207 -2.3503318
341.25082 -2.3322065
341.56122 -2.3073952
341.97998 -2.286775
341.90564 -2.2639399
341.5419 -2.2429938
340.22424 -2.226896
339.43973 -2.210924
337.48865 -2.1930313
335.87436 -2.1811278
335.0518 -2.1683314
334.64728 -2.1449013
333.00516 -2.1259215
332.66867 -2.1120532
333.0511 -2.0970507
334.08188 -2.0720665
333.9044 -2.0519536
332.819 -2.0375557
331.9621 -2.0187006
331.97018 -2.004645
331.51874 -1.988765
330.26758 -1.9706739
330.5774 -1.957146
331.7427 -1.9423937
331.43018 -1.9262915
329.93564 -1.909353
328.31372 -1.8950313
327.02567 -1.8831002
325.4953 -1.8681936
324.18744 -1.8547347
323.03595 -1.8422525
321.734 -1.8273119
320.71478 -1.8149017
319.51968 -1.7994021
318.26257 -1.7817557
317.42676 -1.7690846
315.3389 -1.7514426
314.48203 -1.7358584
313.8302 -1.7228842
313.09827 -1.7067857
312.51303 -1.6923369
310.0773 -1.6738726
306.7702 -1.6539123
304.15625 -1.6396308
301.80997 -1.6202947
298.63657 -1.6059194
296.51566 -1.5909214
293.33737 -1.5766627
290.4791 -1.5604151
287.5732 -1.5420672
286.49377 -1.5275887
285.76218 -1.5095949
283.18475 -1.4886357
281.95975 -1.4677771
280.3301 -1.4483898
278.1258 -1.4264915
277.01898 -1.4105077
275.2724 -1.383683
274.70267 -1.3573089
272.33893 -1.3300275
271.43256 -1.3130319
269.40866 -1.2851168
268.06497 -1.2631758
266.81528 -1.2388861
263.77606 -1.2067593
262.52426 -1.1876123
261.9649 -1.1618818
262.20383 -1.1447392
262.4893 -1.1209493
261.2738 -1.0888237
259.43802 -1.0553411
256.59235 -1.0264534
254.99402 -0.9996475
252.89127 -0.9693513
253.09013 -0.9409171
252.53015 -0.90454155
251.7865 -0.8766765
250.58032 -0.85166174
249.4779 -0.8207303
248.62674 -0.79539275
247.7785 -0.7690336
249.50009 -0.74718016
250.72176 -0.7106765
250.71849 -0.6794982
249.51234 -0.6541205
249.58449 -0.62764674
249.96599 -0.6020772
249.86517 -0.5782773
252.92424 -0.55638
255.67485 -0.5269865
255.84961 -0.49628907
256.60815 -0.46827966
257.3291 -0.4475574
257.61047 -0.4223824
257.99847 -0.40424705
260.3891 -0.3812021
260.67752 -0.36006296
262.6517 -0.33605024
263.57092 -0.30777085
264.68787 -0.2858057
265.47427 -0.26539418
266.3875 -0.24891832
268.91812 -0.2283342
272.64517 -0.2056393
273.93118 -0.18684271
275.389 -0.16806543
274.3758 -0.15322784
275.74118 -0.1369726
278.72473 -0.11382774
280.09094 -0.09177425
281.83575 -0.06984719
285.1052 -0.04846729
287.06802 -0.03372341
288.9362 -0.013516242
290.63724 0.0018908825
292.94824 0.018134138
299.095 0.03777734
301.2863 0.05159457
304.69293 0.07251899
306.25015 0.08598998
307.71164 0.10183877
309.1377 0.114426054
310.70285 0.12915929
312.41107 0.14541905
313.33707 0.16437313
315.88995 0.1830622
316.6983 0.2042945
317.7546 0.21976237
318.87967 0.23503624
320.01923 0.24947187
321.351 0.2652505
321.57062 0.2876753
322.79623 0.30275688
324.01218 0.3145486
326.574 0.32847688
330.06442 0.34053233
331.62515 0.35357475
330.59506 0.368943
329.1088 0.39029416
329.90067 0.40570265
330.99796 0.42080092
331.3651 0.43690512
332.8269 0.45390034
333.17487 0.47428527
334.5246 0.49335802
334.5558 0.5090618
335.06226 0.5224015
336.51666 0.53707206
337.73547 0.5487975
338.53418 0.5637838
337.55063 0.5798081
338.198 0.59401613
338.5904 0.6107104
339.8072 0.62708443
341.6631 0.6394568
343.70514 0.65697885
345.10474 0.6715769
345.29843 0.6882817
343.79428 0.7029884
342.62592 0.7213139
344.22543 0.7400748
344.91013 0.7550093
345.47244 0.7765799
344.7869 0.7991231
344.95755 0.819574
344.17578 0.83809525
342.89413 0.8532695
340.01764 0.87210655
338.08246 0.8835942
336.1729 0.89471954
334.974 0.9094178
335.37396 0.926321
336.35052 0.9454644
339.60757 0.9645596
342.2464 0.9791042
343.72873 0.9937732
344.6148 1.0126837
343.06982 1.025529
341.65848 1.0381087
340.1903 1.0558851
337.96793 1.0690941
335.12402 1.0847905
332.37125 1.100709
330.57773 1.1115022
328.39566 1.1251254
326.6426 1.1364951
324.72995 1.1493728
323.01157 1.1614017
320.67407 1.1785401
318.79324 1.1930567
316.63736 1.2106048
316.6411 1.227815
317.5047 1.2436768
317.45547 1.2582302
317.21637 1.2736328
317.40085 1.2910409
317.26886 1.3072066
316.8474 1.3231874
315.78134 1.3386422
312.4705 1.351193
310.90088 1.3645569
310.90088 1.3645569
