Finger
27
1.6272796 1.8826963
18.240032 1.0834229
30.778452 1.0604979
38.76587 1.0588359
46.165096 1.0495751
52.314304 1.0673625
58.30688 1.0655711
63.642582 1.0760971
69.501205 1.0723003
74.65971 1.0793626
79.34641 1.082281
88.60596 1.0771434
93.845314 1.0802712
98.8684 1.0758353
104.34673 1.079721
114.45517 1.0773863
119.48008 1.0736798
124.87927 1.0771054
129.4063 1.0781634
139.06729 1.0827355
144.08023 1.0793444
149.47081 1.0820802
154.82631 1.0858401
159.84975 1.0936649
164.9186 1.097401
169.38496 1.0982375
180.1484 1.1032352
185.1964 1.0990144
190.55846 1.1015927
196.20856 1.0989953
202.11267 1.0984461
207.92729 1.0965432
213.21286 1.0975802
223.22177 1.100432
228.39507 1.1021384
233.06093 1.1026403
241.21283 1.1095012
245.24982 1.1131322
253.88582 1.1220124
257.96475 1.1256056
263.08752 1.1303446
271.154 1.1362518
274.87326 1.141715
283.03082 1.1548623
287.43936 1.1616267
291.61795 1.1648864
296.5366 1.1684579
301.32748 1.1743531
313.08264 1.1900196
317.80933 1.1959664
321.67944 1.2006953
326.35315 1.2062455
333.85452 1.2148061
337.62753 1.2189581
343.84848 1.2286768
347.29715 1.2352583
354.50528 1.245315
360.82986 1.2541387
365.46915 1.2611661
368.71857 1.2803388
369.0154 1.2946492
367.91428 1.3078915
365.6374 1.3232143
363.23993 1.3360089
359.19254 1.3501571
354.01544 1.3642046
347.9924 1.380445
340.9981 1.394388
334.04794 1.4089657
329.57535 1.4165906
322.03833 1.4255375
315.46228 1.435023
308.23145 1.4449329
300.90808 1.4519116
294.38782 1.4594772
287.15155 1.474154
281.83783 1.4865212
276.53342 1.4994144
272.90213 1.5136045
266.84988 1.5268049
261.6764 1.5450532
256.91162 1.5494133
251.89331 1.552953
254.09085 1.5746285
258.2741 1.5915643
265.32617 1.6131395
272.40427 1.6341224
278.8644 1.6468861
283.84296 1.6553452
288.94684 1.6615386
295.50797 1.6697861
301.60498 1.6719682
306.65848 1.673569
311.50375 1.6751882
315.931 1.6800784
322.0519 1.6889384
327.6176 1.6968023
333.13162 1.7069043
339.7573 1.7190349
345.6017 1.7334
349.51865 1.7441329
353.0684 1.7539476
355.07727 1.766808
357.0613 1.7799869
357.7911 1.7989014
357.55942 1.8111765
356.83167 1.8233203
357.2491 1.8410612
352.54193 1.8609176
347.7345 1.8749028
343.43726 1.8856876
339.12277 1.8940946
334.74707 1.9032464
330.18863 1.9083868
326.63922 1.9154507
322.41074 1.9234617
315.4789 1.9256536
311.28842 1.9297818
306.38757 1.9323037
300.6977 1.9359101
294.83337 1.9435244
290.03052 1.9463034
283.5962 1.9486227
277.94702 1.9557341
273.15707 1.9588957
268.0845 1.963785
263.3315 1.9700787
255.51218 1.9755694
249.22006 1.9776769
244.8312 1.9798447
236.64574 1.9822292
230.17674 1.9852436
224.0595 1.987289
219.25888 1.9857291
212.65439 1.9852912
205.57278 1.9792695
198.1977 1.9788976
191.92601 1.9817486
184.6791 1.986952
177.47363 1.9925885
170.98083 1.9969207
164.05505 2.0028026
156.83167 2.0099015
149.64412 2.0176888
145.16022 2.0171769
136.23743 2.0160584
127.98227 2.012273
119.76768 1.9986304
110.451454 1.9875281
106.368515 1.9941404
98.75545 1.9955729
90.597946 2.009122
83.390976 2.0232248
76.906906 2.0353613
71.58145 2.0414412
66.30464 2.0524876
60.07044 2.0692353
53.159473 2.113748
45.658855 2.1170201
39.12475 2.099488
31.949053 2.0862794
25.483318 2.0947676
17.377602 2.0972757
10.373421 2.1288536
5.3621073 2.0824964
2.4283237 -2.2356334
6.212363 -1.6512647
13.02086 -1.4554842
20.033754 -1.4959457
25.938625 -1.5130072
31.270926 -1.4908643
36.33535 -1.4744425
41.327667 -1.4861118
47.460686 -1.4547956
54.21091 -1.4692932
60.630695 -1.4469347
67.34112 -1.4593315
73.854164 -1.4317542
81.796776 -1.4207169
88.00048 -1.4284486
92.24747 -1.4241079
98.45714 -1.4053222
106.455086 -1.3963476
110.54259 -1.3960139
114.53534 -1.3999254
120.81949 -1.4005116
125.08832 -1.3982778
132.10776 -1.3844974
136.25896 -1.3827804
144.39938 -1.3794241
148.42073 -1.3846707
156.57166 -1.3831371
164.79868 -1.3802776
168.97205 -1.3774953
173.10294 -1.3762872
177.89577 -1.3758726
183.0271 -1.3758456
188.10281 -1.3757616
193.26738 -1.375773
197.5827 -1.3749347
206.53577 -1.3748399
211.39775 -1.3782663
217.51509 -1.3790706
222.78549 -1.3756291
227.13986 -1.3738557
235.73549 -1.3649462
240.06877 -1.3601936
245.36052 -1.3565029
251.54982 -1.3497413
257.19144 -1.3466024
262.4959 -1.3434259
267.8125 -1.3403665
278.7108 -1.3310959
283.0966 -1.3275717
288.43143 -1.3250189
297.905 -1.3191655
302.49176 -1.3162585
311.19473 -1.310333
319.2814 -1.3008436
326.90906 -1.2882866
333.8621 -1.2786975
341.037 -1.2697463
345.99124 -1.2651017
350.86438 -1.2601557
356.3679 -1.2544596
361.77182 -1.244729
366.8398 -1.2314986
371.03705 -1.2160987
373.82202 -1.2039001
375.5784 -1.193612
372.61966 -1.1737359
367.78494 -1.1616422
361.4658 -1.1479975
354.1467 -1.1324589
347.8295 -1.1175505
344.6618 -1.1098363
340.17844 -1.1032801
335.91373 -1.0968603
331.33484 -1.0897589
326.8703 -1.0826168
319.09497 -1.0696316
314.45667 -1.0642744
310.65756 -1.0583837
305.7763 -1.0531437
301.78012 -1.0494075
294.4212 -1.0389309
290.4412 -1.0348523
283.22354 -1.0279052
275.70786 -1.0188395
269.9418 -1.0110958
264.34366 -1.0022615
259.30795 -0.9898042
254.3222 -0.9768772
248.74089 -0.9653677
244.14015 -0.9496864
241.03683 -0.9340264
242.89412 -0.9152003
245.6637 -0.8941633
249.4172 -0.87413716
252.76443 -0.8638225
257.98373 -0.8498855
262.67465 -0.8426374
267.67554 -0.8342665
272.70822 -0.82887894
278.64423 -0.82163817
283.68567 -0.81419605
290.17926 -0.80557895
295.64038 -0.79984933
301.24557 -0.7913773
306.19635 -0.7878239
311.16275 -0.7809783
319.1204 -0.77054757
324.7572 -0.76183593
331.85596 -0.7502773
338.2768 -0.74270666
342.82535 -0.736057
347.4336 -0.7298327
352.7504 -0.72441703
357.4202 -0.71476305
360.99484 -0.70620126
365.95837 -0.694689
368.37363 -0.6822286
370.53622 -0.667945
369.16156 -0.6533493
366.23346 -0.6428325
361.83008 -0.6346369
358.46155 -0.62767345
352.65952 -0.6194184
348.2342 -0.6101821
343.16583 -0.59919083
338.84665 -0.59092265
334.9243 -0.58000994
329.03302 -0.5735457
322.91833 -0.5711393
317.73285 -0.57043505
309.41766 -0.5645573
301.14145 -0.55837595
293.67322 -0.5543353
289.1875 -0.555743
279.38748 -0.55334276
274.7516 -0.554053
267.0961 -0.54992765
258.84247 -0.5422863
251.27661 -0.53260344
241.6212 -0.5274928
235.9097 -0.5267004
230.76749 -0.52467036
225.92009 -0.52294743
221.3253 -0.52322406
212.87877 -0.5192758
207.49178 -0.5131536
201.19553 -0.5080509
195.34723 -0.5070404
189.12416 -0.508063
183.13611 -0.50695413
177.91663 -0.50379354
168.3521 -0.4994076
163.39815 -0.49501383
157.90074 -0.49393085
151.89932 -0.4929139
145.73395 -0.49809262
140.73631 -0.4952197
130.89938 -0.48400602
125.93245 -0.47760302
120.9816 -0.47070277
111.015 -0.46648747
106.18189 -0.46551841
100.77675 -0.47004184
92.57104 -0.46702614
85.44019 -0.45689103
78.27885 -0.4447278
69.50304 -0.4406889
58.91191 -0.41702396
49.91921 -0.40472385
41.917744 -0.38273302
34.609386 -0.39880773
25.257929 -0.43552622
19.932919 -0.45038614
11.421235 -0.5186337
5.9624157 -0.66091657
1.6938099 2.426654
10.178584 2.3673294
17.967384 2.4017181
25.727324 2.4033918
31.547588 2.3996365
39.999256 2.3904042
50.46511 2.3941827
59.105526 2.391224
68.1387 2.394639
76.78561 2.3923066
83.89484 2.4060798
92.35442 2.4014857
101.242035 2.4044714
111.29402 2.401477
121.23445 2.4068823
129.85098 2.4046679
137.63399 2.40705
144.70071 2.4045525
153.55672 2.4063537
164.18964 2.4073951
169.8493 2.4056797
179.1793 2.4061048
186.42474 2.4050496
194.89131 2.4029152
201.85025 2.407516
210.15977 2.4062314
217.93253 2.4076824
226.60803 2.4063795
233.11101 2.408863
240.24992 2.4117064
247.8848 2.4121974
256.37018 2.4207962
260.8395 2.425681
267.97934 2.4290981
273.8097 2.42813
282.20462 2.4304621
289.33777 2.4334996
295.8496 2.4389818
302.34552 2.4442084
308.5611 2.4516516
314.00027 2.4617786
319.13968 2.470738
323.6683 2.4778807
328.84613 2.4863098
332.63657 2.4912696
337.05713 2.4983635
342.79294 2.5063968
347.62793 2.5166106
351.64133 2.5248206
355.5968 2.5326858
362.1872 2.5453184
365.22217 2.5542378
363.70877 2.5762427
360.27277 2.5873237
354.4367 2.5936992
347.0725 2.6009529
340.495 2.6091187
334.69794 2.619672
329.20694 2.6318471
325.15515 2.646696
319.21863 2.6563745
314.3787 2.6706085
308.8776 2.6860414
302.66812 2.6980379
296.21088 2.7063727
289.5941 2.7147365
282.9034 2.7242093
277.0311 2.7345405
269.80594 2.7502563
264.14172 2.7627466
257.31985 2.7772028
251.19514 2.7881546
246.89552 2.800952
241.99161 2.8151715
240.47424 2.8343554
241.94818 2.853585
246.14708 2.868038
251.47623 2.884265
256.00256 2.8868988
260.42273 2.8983874
267.87506 2.9099343
272.51718 2.9177127
276.43207 2.920936
283.09064 2.9326315
289.49606 2.9416242
296.98132 2.952851
301.82364 2.9566357
309.3766 2.9670358
314.11227 2.9728963
317.90802 2.9781528
324.33768 2.990765
330.01584 3.0032356
335.67523 3.0115895
342.1423 3.0199468
347.77032 3.0299327
352.65598 3.0403953
357.3025 3.0504384
361.00223 3.0646136
363.52097 3.078155
363.5449 3.0892088
363.27066 3.1064382
362.11087 3.1228738
358.29904 3.136594
352.56137 -3.1325054
344.66998 -3.1207557
338.49365 -3.1084683
331.8109 -3.101078
324.93268 -3.0940635
320.25165 -3.0902443
316.05966 -3.0863965
311.13565 -3.0823052
306.12717 -3.081334
301.1969 -3.0777867
292.3467 -3.0689673
284.48587 -3.0626578
276.5236 -3.0603802
268.55014 -3.0579634
260.59958 -3.0554056
253.69589 -3.0499854
246.86555 -3.042466
239.90009 -3.039578
233.05208 -3.033284
225.12488 -3.028391
217.3034 -3.0196667
210.13593 -3.0154862
202.43468 -3.0106616
194.51964 -3.0053015
186.60796 -2.9994845
179.6907 -2.993975
172.79453 -2.9880376
164.89134 -2.9806151
156.86394 -2.9773197
148.81296 -2.976674
144.86203 -2.9721334
140.91473 -2.9673383
132.79129 -2.9699275
128.79541 -2.9665282
124.85759 -2.960947
116.988235 -2.9486477
113.06241 -2.9418592
105.255066 -2.9268203
100.659424 -2.91685
95.79681 -2.9052305
91.63916 -2.8942878
83.710655 -2.8798282
76.4871 -2.8679795
69.420364 -2.869449
60.46487 -2.862303
56.125305 -2.858665
48.109356 -2.8367712
39.67513 -2.8429341
32.340485 -2.8453012
23.177279 -2.814614
18.211773 -2.7662
13.140802 -2.7142932
8.7566 -2.7083747
4.92454 2.155009
11.505089 1.302608
19.806683 1.0397924
27.900629 0.86877614
32.070316 0.81366855
40.69977 0.769143
49.79468 0.7326707
59.609 0.71506345
70.88137 0.726301
80.24127 0.72633076
90.63146 0.73924047
99.84581 0.73644227
105.32375 0.727181
110.49018 0.72197676
116.16759 0.72509134
126.9316 0.7259101
136.16081 0.7247164
145.33482 0.7237751
155.18173 0.71752715
165.7368 0.7099819
171.44032 0.7116049
177.1508 0.7139956
187.70135 0.72179985
198.36069 0.7161504
204.09529 0.7111729
209.83951 0.7064582
216.37169 0.6989772
222.0302 0.69978535
231.39658 0.7008552
241.23737 0.70434135
250.53328 0.69891745
254.8983 0.6948179
262.8384 0.6894632
270.79837 0.6844118
275.94086 0.6831839
283.72208 0.6790434
292.4517 0.67252296
297.99295 0.6704888
303.05414 0.66893905
307.5818 0.66656435
315.55396 0.6668207
323.35938 0.66358924
332.9111 0.65641624
340.4604 0.6504624
347.08075 0.64322555
352.26132 0.6392709
358.61542 0.6303744
362.62054 0.625734
368.10526 0.6150087
372.38916 0.60690546
375.94238 0.5971403
379.0338 0.5809203
379.9 0.5649584
378.6241 0.5484326
377.12402 0.53672975
374.4879 0.5247786
370.54022 0.5116053
362.00623 0.50655454
354.3812 0.50242656
347.01196 0.495098
338.4028 0.48526308
332.0225 0.47437203
325.73398 0.46358603
319.26593 0.45627743
314.67596 0.45554352
306.99655 0.45046875
299.43283 0.44416177
293.6938 0.43464828
287.25668 0.41912282
280.29614 0.4068931
273.28046 0.39320895
266.39313 0.3876115
260.7341 0.38728544
253.02077 0.3751068
247.45613 0.36998332
243.42815 0.35541132
241.05038 0.34043977
244.49391 0.3117462
248.11662 0.30071363
252.09564 0.2843407
256.55365 0.274309
261.82812 0.25768042
266.8671 0.24796963
273.1797 0.23459499
280.10675 0.22319843
284.27512 0.21526125
288.72498 0.20485331
293.45935 0.19450483
299.76398 0.18021485
305.91922 0.16659781
312.44632 0.15589605
316.32712 0.14757806
320.8823 0.13670567
324.66656 0.12857255
328.91446 0.11891109
333.53253 0.10742189
339.5225 0.09889924
344.29724 0.091692895
349.09094 0.084683485
353.51892 0.07369688
357.483 0.06927545
365.15182 0.054726508
369.0901 0.037846554
370.14102 0.023654377
370.05716 0.010316664
368.66217 -5.5329653E-4
364.08566 -0.01495803
359.39682 -0.022793049
352.64926 -0.028988075
344.73944 -0.035436157
336.8105 -0.042242758
329.93866 -0.049154084
326.04114 -0.055900678
321.3636 -0.060513016
316.2393 -0.06466074
310.50983 -0.06908085
305.3579 -0.072825134
300.46085 -0.0773359
295.60696 -0.08192035
290.82187 -0.08410555
286.6201 -0.085341506
281.6483 -0.08685177
276.88284 -0.08835044
272.78043 -0.09252766
267.896 -0.09798324
263.17377 -0.10059494
258.96994 -0.102233544
250.26765 -0.1058015
245.98848 -0.10356432
240.98961 -0.10572053
236.8957 -0.10331307
228.8494 -0.102568924
220.71803 -0.0982348
212.62103 -0.096253924
203.6348 -0.09558503
198.81174 -0.092862375
194.5219 -0.0909445
190.41347 -0.08754101
185.56444 -0.08443375
181.33241 -0.08099227
175.52383 -0.0823538
170.47395 -0.07891807
164.45444 -0.07708133
159.44455 -0.078102164
155.17078 -0.073798895
150.13507 -0.07108395
141.08398 -0.066979185
135.26941 -0.06408932
130.05203 -0.0649691
124.220566 -0.05996282
120.0361 -0.06205577
115.0072 -0.056068875
111.00771 -0.058091212
106.1747 -0.053373694
100.96856 -0.053961188
95.14436 -0.046751622
89.91724 -0.040875375
84.90296 -0.040614303
80.13059 -0.033408873
75.89262 -0.032262478
71.89027 -0.034059305
67.14529 -0.02509289
62.10632 -0.023330702
56.90397 -0.007901921
51.88119 -0.008666948
47.153023 -0.0095360335
42.90781 -0.010479542
38.90195 -0.0115587
34.1373 -0.013172072
29.17943 -0.015410301
24.12681 -0.018637856
18.932098 -0.023752691
13.937858 -0.032266367
7.655236 -0.4342465
5.1463337 -0.963915
8.529945 -2.3236148
11.901281 -2.5693321
16.693375 -2.6938202
21.396149 -2.7480178
25.728598 -2.7751663
29.828785 -2.79185
38.358902 -2.7898166
43.534065 -2.7844942
48.874332 -2.781873
54.57362 -2.7664578
59.304703 -2.7577066
65.028885 -2.7437685
70.23393 -2.7162242
79.991875 -2.6892781
85.27206 -2.6902068
91.19301 -2.687737
97.30721 -2.6932147
102.70459 -2.696796
107.39592 -2.6968973
117.526115 -2.6741483
122.928246 -2.659707
129.21136 -2.6502085
136.16634 -2.6443605
141.3766 -2.6385574
151.23082 -2.6305454
159.10083 -2.622197
166.7783 -2.6140656
176.11662 -2.6107285
186.44963 -2.6010692
194.69563 -2.590489
201.98846 -2.5882688
207.14595 -2.5866485
211.75726 -2.5883875
218.79623 -2.587408
226.67554 -2.5881455
234.04626 -2.5875561
242.07132 -2.582739
247.68304 -2.575253
253.88019 -2.5663254
262.2802 -2.5643954
271.83646 -2.5697017
276.41776 -2.5718424
280.8749 -2.5735292
288.9519 -2.5748985
295.99655 -2.5701094
303.6877 -2.5598516
312.59634 -2.5516584
320.46567 -2.548566
327.83948 -2.549032
335.89682 -2.5464857
344.1166 -2.5360632
350.76343 -2.5248559
357.259 -2.513798
364.44144 -2.5043378
369.76596 -2.4940407
374.30478 -2.4830317
377.3286 -2.4698396
379.65036 -2.4529583
379.67453 -2.4374
378.08417 -2.4190683
375.16846 -2.4085567
372.16492 -2.3976629
368.65775 -2.3880222
365.02832 -2.3786516
360.74506 -2.3711045
355.2292 -2.3629396
348.8655 -2.3569944
341.97925 -2.3524153
335.45102 -2.3464925
329.12473 -2.339875
323.50192 -2.3352287
317.21613 -2.3281631
311.6472 -2.3185718
305.57257 -2.306724
299.28394 -2.2982364
293.13812 -2.2890835
288.24063 -2.281198
282.84558 -2.2741303
277.3461 -2.2673988
270.45517 -2.259899
264.33426 -2.2495997
259.46252 -2.2399516
255.28966 -2.231865
248.47939 -2.2175663
243.83167 -2.2092795
239.39685 -2.1931
240.10133 -2.1656477
244.06314 -2.1438668
250.50943 -2.1320508
257.20667 -2.123905
265.196 -2.115117
272.93503 -2.105593
276.8932 -2.1013374
284.91623 -2.093844
294.04224 -2.087721
298.54993 -2.0859742
302.64987 -2.0829475
307.66577 -2.0804033
311.94366 -2.0772262
319.7694 -2.0699558
323.4436 -2.0646105
328.30145 -2.0601058
335.85178 -2.0515232
341.82312 -2.0457165
348.31784 -2.0329468
353.7335 -2.0190592
359.3868 -2.0053716
364.73105 -1.99257
369.59946 -1.980767
372.20856 -1.9644353
373.87476 -1.9452379
371.5719 -1.927535
369.1922 -1.9098179
363.96017 -1.8916217
358.0172 -1.876651
351.18466 -1.861947
342.69833 -1.8480486
333.07297 -1.8338253
327.5027 -1.8289758
322.87378 -1.8231606
313.86578 -1.8140906
304.9517 -1.8045363
299.62042 -1.8019058
290.16116 -1.7954301
285.43863 -1.7885195
280.08417 -1.7853678
274.78802 -1.7784244
269.2822 -1.775159
263.77667 -1.7678678
258.49188 -1.7640781
253.03908 -1.7562699
247.75496 -1.7520558
242.49678 -1.7434382
237.06117 -1.7389514
231.14252 -1.7388278
225.82866 -1.737414
220.75392 -1.7366923
215.64842 -1.7359604
209.78157 -1.7357954
204.70068 -1.7349821
198.61156 -1.7349644
192.56645 -1.7349076
186.33981 -1.7307622
181.11148 -1.7242843
174.90273 -1.7182564
169.7626 -1.7167073
163.54533 -1.7099543
157.33319 -1.7026645
151.28119 -1.701359
145.1855 -1.699886
138.1411 -1.6992632
131.27039 -1.6983083
124.13694 -1.6895639
117.039604 -1.688135
109.02045 -1.6876637
100.9222 -1.687016
92.92166 -1.6863927
84.851906 -1.6855451
77.587585 -1.6834797
70.48166 -1.6804262
62.580017 -1.6623589
55.544064 -1.6560216
48.453304 -1.6476444
41.36126 -1.6312001
34.39957 -1.6434442
28.149208 -1.6240417
22.161167 -1.6384485
16.170193 -1.6635756
10.242415 -1.7175881
5.32553 -1.855952
2.4982646 3.1080182
5.394666 2.2757258
9.068528 2.0042708
9.068528 2.0042708
