Stilus
42
12.380346 1.0188212
6.0489187 1.4163623
4.9121137 2.5435855
9.67959 -2.8963723
17.102905 -2.6411726
24.507183 -2.6198676
31.389013 -2.561059
38.582157 -2.5596783
45.363686 -2.5728695
51.512074 -2.6028345
56.73656 -2.6570256
62.78419 -2.7070947
67.8691 -2.729383
76.60088 -2.722104
83.6832 -2.707663
88.581 -2.7054493
93.1289 -2.674524
100.31949 -2.6436868
108.79285 -2.6309197
118.20813 -2.6270845
124.51101 -2.6350918
130.46019 -2.651557
134.00919 -2.6656318
139.60004 -2.6781836
144.16034 -2.6803672
152.88887 -2.6795113
162.27237 -2.673903
170.98271 -2.6668718
178.0722 -2.650947
185.63763 -2.6406817
193.28719 -2.6328955
199.6259 -2.6377702
205.81125 -2.643242
212.61462 -2.6458974
218.39319 -2.6354778
224.4485 -2.6147053
232.79256 -2.604449
241.5356 -2.5922658
248.73418 -2.591139
254.70622 -2.5997891
261.6902 -2.6035864
268.81174 -2.5901327
272.74857 -2.580708
279.73502 -2.5679066
284.43646 -2.5617998
289.1485 -2.5558913
297.0431 -2.5523407
302.44366 -2.5553625
308.19897 -2.5638483
316.0813 -2.5574505
320.4468 -2.54961
326.87488 -2.536946
333.70425 -2.528381
340.75717 -2.5245278
347.0533 -2.5237505
351.6511 -2.525611
356.93195 -2.5270925
361.99753 -2.5192683
365.23358 -2.5116498
369.67072 -2.4998667
373.92923 -2.4891644
375.5837 -2.479085
375.05783 -2.460542
371.58646 -2.4455225
369.39163 -2.4316645
365.29004 -2.4237914
361.73804 -2.4151847
358.01813 -2.405915
354.32358 -2.3964357
350.68216 -2.386813
346.33392 -2.3749375
340.10165 -2.3654015
334.4547 -2.36029
329.5023 -2.3550158
323.2808 -2.3488355
316.8744 -2.3417706
310.50775 -2.3344934
304.20343 -2.3270695
298.98505 -2.3182676
293.20822 -2.315746
286.2007 -2.3098056
280.26657 -2.3037887
275.641 -2.294545
271.77167 -2.2839198
268.06696 -2.2743125
263.30557 -2.2654457
259.97348 -2.2560134
252.01157 -2.2472086
246.45059 -2.2440867
242.27971 -2.234813
239.58792 -2.218468
242.27022 -2.1987028
245.94662 -2.1791275
250.46829 -2.1558857
253.97972 -2.146754
259.05878 -2.1340737
264.48807 -2.125599
269.2414 -2.1190352
276.14148 -2.1112514
282.79095 -2.1022747
288.6804 -2.0943127
295.42044 -2.0880368
300.1038 -2.0800834
306.03085 -2.07302
310.67822 -2.068478
317.31763 -2.0607088
323.73282 -2.0536506
329.301 -2.0448067
334.85995 -2.039649
339.99698 -2.0270963
344.95496 -2.018447
349.52664 -2.0058649
354.59827 -1.9965216
358.4199 -1.9913086
362.15842 -1.9836843
367.77982 -1.9710934
370.85425 -1.9595503
373.08792 -1.941994
372.7905 -1.9286289
370.99286 -1.9154377
369.41452 -1.903331
368.08994 -1.8927488
363.42133 -1.8778611
357.08505 -1.8680998
350.13855 -1.8592862
343.4706 -1.8552206
336.18234 -1.8553681
331.62112 -1.8562536
324.31348 -1.8507977
317.99692 -1.8499693
311.9012 -1.8514514
303.6546 -1.852434
296.6403 -1.8461092
289.07727 -1.8391697
281.52997 -1.8354884
274.7247 -1.8308971
266.19397 -1.8238698
258.94855 -1.8231865
254.18407 -1.8193733
248.59233 -1.8142519
241.27086 -1.8036587
236.6833 -1.7995831
231.36258 -1.7960633
225.31813 -1.7931327
220.73393 -1.7885252
215.84088 -1.7876598
209.10149 -1.7800943
202.83195 -1.7765933
196.55167 -1.772883
190.27882 -1.7689232
184.98549 -1.763657
178.38428 -1.756627
172.28519 -1.7485417
166.03177 -1.743087
159.95515 -1.74336
153.7393 -1.7388203
147.63297 -1.7373095
141.47327 -1.7446318
135.47702 -1.7374389
129.23676 -1.7298921
122.88901 -1.7155504
116.66952 -1.705995
110.571915 -1.7021464
106.347984 -1.6979215
101.28506 -1.6844398
96.317825 -1.6903279
91.35296 -1.6968579
85.41691 -1.7056704
79.37553 -1.7065591
74.15693 -1.6888888
68.98881 -1.668835
61.91293 -1.6596366
55.941067 -1.6691499
50.86223 -1.6592757
45.886463 -1.6688994
40.189957 -1.6828593
35.097183 -1.6705605
30.693455 -1.5870663
22.950869 -1.5490355
16.973534 -1.5413704
12.684761 -1.5314169
6.4206715 -1.1713779
4.5055428 0.07039249
7.532928 0.93149877
14.869283 1.0035061
19.716774 1.0687473
25.962976 1.1125389
31.336838 1.1260097
35.101887 1.1765474
40.827316 1.1584114
45.648743 1.1420822
51.120785 1.1372983
56.686646 1.129444
64.95818 1.1070428
69.8858 1.0942457
77.02376 1.0815252
82.173096 1.0737098
87.64654 1.078215
92.78593 1.083503
99.289696 1.0726467
105.77631 1.0737555
110.45885 1.0761766
115.75503 1.1006935
120.23748 1.1010009
126.49608 1.1039815
131.4074 1.1185087
136.82207 1.1376493
141.60411 1.1479383
147.93945 1.1521355
154.22809 1.1561108
160.03246 1.151498
166.95361 1.1323707
173.29372 1.1223388
180.42796 1.1167997
186.23576 1.1141003
191.58842 1.1162652
197.43706 1.1250242
201.2868 1.1326773
209.22331 1.1319981
213.72154 1.1392823
219.18034 1.1507204
225.04362 1.1540983
229.92496 1.152563
236.90384 1.1485227
243.11478 1.1497005
247.3604 1.1529614
252.34023 1.1573883
257.79605 1.1582111
263.98486 1.160212
269.94922 1.1657882
276.6694 1.1663821
281.68936 1.1653286
286.37222 1.1647766
293.32217 1.1676027
300.23688 1.1736668
306.73633 1.1817234
311.64044 1.1881664
317.34406 1.1920043
323.6551 1.1931224
329.98737 1.1942228
335.91843 1.1980047
341.53455 1.2044275
345.18472 1.2108525
348.96637 1.2156405
352.9435 1.2228285
356.55862 1.2343496
360.53366 1.2451105
364.51755 1.2531288
368.7042 1.261129
372.78983 1.2715876
376.4603 1.2857325
377.89926 1.3013636
377.7776 1.3126994
375.60477 1.3244523
372.01587 1.3413588
368.01294 1.3523761
363.38834 1.363611
358.35336 1.3746789
352.79053 1.3814043
347.18127 1.3894225
341.5655 1.3982772
335.962 1.4074599
329.56668 1.4134692
323.19125 1.4196988
316.65482 1.4293748
309.36572 1.439061
304.06808 1.4489639
298.99902 1.4646981
292.94476 1.4789932
286.5993 1.4916508
279.46497 1.4974676
275.2287 1.4999753
270.10095 1.5060414
263.9048 1.5211319
258.46515 1.5407122
253.80594 1.5491515
249.3689 1.5603106
248.36401 1.5788391
249.1908 1.595877
252.6028 1.6152865
257.58316 1.623165
262.55283 1.6311816
267.38208 1.6352475
272.01764 1.6415
277.0491 1.6483808
281.86304 1.6568124
286.62204 1.6658897
290.88846 1.6787199
296.19507 1.6907878
303.3796 1.701203
308.85278 1.7054029
314.07632 1.7095697
318.2969 1.7108861
325.84412 1.718458
330.89575 1.728401
335.58667 1.7333308
340.74765 1.7416276
348.0179 1.7525952
352.63068 1.76279
359.2513 1.7751627
363.6907 1.7900712
367.82022 1.8050944
368.3676 1.8168718
369.49374 1.8287266
370.7007 1.8407931
368.56033 1.8571055
365.26007 1.8677161
359.86557 1.8824948
356.14383 1.8888146
351.24612 1.896408
346.1883 1.9074516
341.25266 1.9125179
334.91083 1.9192611
331.4722 1.9262445
327.7633 1.9337058
323.20184 1.9390705
317.81665 1.9456173
313.6357 1.9570098
307.4562 1.9659387
301.8673 1.9682846
297.84323 1.9757872
293.4866 1.9784497
287.82123 1.9775007
281.6081 1.9781758
275.43655 1.9803197
269.19955 1.9824648
263.6385 1.9828317
257.32053 1.9850113
251.02869 1.9873388
243.7477 1.9907293
236.7465 1.9946966
230.25647 1.9979007
223.24455 2.0023696
217.80379 2.0139046
214.03247 2.0222836
208.66571 2.0241168
203.7134 2.0200887
197.92514 2.0281043
190.95734 2.034412
184.69286 2.039284
178.94704 2.0378761
170.9216 2.0354326
164.0436 2.0359662
157.37657 2.036113
151.0815 2.0420082
144.24107 2.0511353
138.59177 2.0542214
132.88676 2.0534196
126.16228 2.05438
119.45933 2.0555036
112.78737 2.056845
106.43251 2.0644956
100.704544 2.063881
94.71138 2.074121
87.145996 2.082715
81.49658 2.0901659
75.11681 2.0964398
69.08946 2.096956
62.278454 2.1003652
56.451725 2.0992815
49.243965 2.0791733
44.425625 2.081421
38.60405 2.076965
32.50575 2.1024609
26.996191 2.1370122
22.50988 2.164943
17.217175 2.225714
11.6949005 2.3831449
6.737879 2.8705435
5.5152254 -2.5233617
9.836997 -1.9340912
14.607649 -1.812443
19.95945 -1.6208546
24.935543 -1.5507678
30.430305 -1.5543847
35.336277 -1.528387
40.204315 -1.5335245
45.285667 -1.4989638
50.531635 -1.5015639
56.584778 -1.4912851
61.486134 -1.4650162
68.290306 -1.464506
73.94104 -1.4489278
78.53827 -1.4402033
85.03317 -1.4471543
91.60819 -1.4450874
97.02512 -1.4340371
103.60973 -1.4159452
109.38326 -1.419563
117.29427 -1.4126115
124.13901 -1.4010277
129.49107 -1.4120154
133.68738 -1.4170396
140.61403 -1.4120756
147.72766 -1.4112422
154.77557 -1.4135519
160.25072 -1.4111925
166.08582 -1.4061341
172.57413 -1.4006144
180.43204 -1.4011561
187.65993 -1.3969525
194.90956 -1.3930781
202.2741 -1.3857512
208.96815 -1.3771142
216.18431 -1.369545
223.62086 -1.3626941
230.52847 -1.3568788
237.08809 -1.3444582
241.59789 -1.3393004
248.17715 -1.3300104
255.72838 -1.3211048
263.24097 -1.316648
269.83307 -1.3144543
274.29477 -1.3116037
282.66077 -1.3052983
289.47705 -1.3009411
294.00412 -1.2977458
300.16763 -1.2970018
304.46912 -1.296754
311.3004 -1.2912542
316.40506 -1.2909592
322.7683 -1.2853518
328.21973 -1.2830554
334.83215 -1.2819344
339.06952 -1.2825752
345.63583 -1.2806723
351.3306 -1.2810613
358.63126 -1.266757
362.9392 -1.2510469
365.06863 -1.2391933
367.41763 -1.2291262
368.84616 -1.2183969
368.88245 -1.2045656
365.09402 -1.1881146
361.6676 -1.1730961
356.6299 -1.1633407
352.0484 -1.1577169
346.7621 -1.1510253
341.73114 -1.141233
336.50003 -1.130822
331.41226 -1.121025
326.12732 -1.1123834
321.21875 -1.1013452
316.0678 -1.0930606
311.80707 -1.0832012
305.95587 -1.0721586
300.72958 -1.0626707
293.3626 -1.0516531
286.32303 -1.0384773
282.50253 -1.0304924
278.10162 -1.0251793
272.4848 -1.0169324
266.4743 -1.0107132
260.86038 -1.0017418
255.29063 -0.9923863
250.77692 -0.98173964
246.64687 -0.9705086
243.74005 -0.9573191
244.69023 -0.93101287
247.70897 -0.9148131
251.4128 -0.9022904
255.29836 -0.8894399
260.17728 -0.87793845
264.15332 -0.866442
267.9939 -0.8554068
273.39716 -0.8481416
279.93546 -0.8391189
285.19208 -0.83315074
293.58698 -0.8269857
298.25302 -0.8210476
303.61606 -0.81603044
308.9688 -0.8112084
315.86426 -0.80481654
324.40314 -0.7969488
328.111 -0.7908363
334.4413 -0.78235835
338.1766 -0.7735021
341.77518 -0.76327145
345.2056 -0.7538072
348.32184 -0.7454416
353.9057 -0.73761046
358.54575 -0.72686255
362.38797 -0.7174731
365.92282 -0.70415634
367.3012 -0.6916464
366.19843 -0.6782713
364.49838 -0.66361505
361.435 -0.65269905
357.34262 -0.6411792
354.51132 -0.631495
349.612 -0.6257019
344.1842 -0.61485875
340.24857 -0.6086289
335.13995 -0.6011077
330.56055 -0.59222883
326.88754 -0.5815091
321.84256 -0.5732255
314.93564 -0.5684933
308.8834 -0.56182367
300.6352 -0.555574
294.29742 -0.5505272
288.2655 -0.5455122
280.24222 -0.53788346
272.83722 -0.529637
266.89584 -0.5258596
261.7414 -0.52621084
254.7356 -0.5246493
249.25546 -0.5187727
242.49094 -0.5111383
237.03903 -0.50465566
231.59396 -0.49786326
223.5065 -0.48713613
217.63222 -0.47541368
213.04843 -0.47467628
205.57616 -0.47826287
198.4231 -0.47428697
193.03786 -0.46529636
184.90169 -0.44661388
178.38106 -0.43790907
171.25865 -0.43160245
164.12357 -0.4247029
156.53233 -0.41004178
149.85287 -0.40760595
144.07825 -0.40225595
139.61479 -0.40030262
132.32323 -0.40098593
125.64306 -0.3976396
118.929 -0.39389634
112.24767 -0.3897263
105.476204 -0.38302276
99.54219 -0.3667247
93.16356 -0.34668687
86.41902 -0.32586476
81.061295 -0.3321129
74.75098 -0.33294806
69.11773 -0.36127588
64.67109 -0.35423243
60.468037 -0.3623317
55.20733 -0.3597425
49.903347 -0.34626985
45.602955 -0.34535328
39.99999 -0.32261765
35.054073 -0.27967894
29.001755 -0.26846877
24.376205 -0.23518853
19.697493 -0.1502155
14.039882 0.09276024
8.505084 0.43022248
3.4709475 0.5411508
2.324978 2.902962
8.986551 -2.807402
14.906478 -2.7858772
21.251907 -2.795772
26.844795 -2.7919824
32.309765 -2.7796361
37.69579 -2.7770462
43.072174 -2.7750177
47.528164 -2.7659564
53.824097 -2.7721667
58.196426 -2.768745
64.614395 -2.8034773
69.341156 -2.827348
73.37839 -2.8451793
79.12871 -2.8673007
84.90679 -2.8863993
90.502556 -2.9024966
95.98521 -2.897578
102.11231 -2.899994
108.67917 -2.9148564
114.7547 -2.9181335
120.77607 -2.9209783
126.65393 -2.9313743
132.54008 -2.9408407
138.41382 -2.9494686
144.29163 -2.9573867
148.45593 -2.9626105
152.50778 -2.967415
158.52332 -2.9740884
162.98845 -2.978719
167.16493 -2.9828231
172.10341 -2.987416
178.0236 -2.992582
182.95494 -2.9966273
187.89426 -3.000464
193.62521 -3.004668
198.7954 -3.0082505
204.50862 -3.011997
210.45938 -3.015681
216.38237 -3.0191453
222.35031 -3.0224476
227.52716 -3.0251708
234.46484 -3.0286307
240.42923 -3.0314445
246.38655 -3.0341182
252.34985 -3.0366673
258.533 -3.0391858
263.03714 -3.0409453
269.8991 -3.047232
275.7694 -3.0528846
281.80884 -3.0520654
287.8027 -3.0531178
293.6182 -3.0608997
299.9291 -3.0684006
304.41022 -3.0711253
308.55338 -3.0753188
312.54596 -3.0822048
317.084 -3.086575
321.2566 -3.0904052
326.2026 -3.0942488
333.39645 -3.0982711
337.78363 -3.10698
342.90063 -3.1198816
348.57675 -3.133136
353.5596 3.1386251
357.8225 3.131679
362.9582 3.126667
370.67365 3.1138318
377.0455 3.103698
381.851 3.0920892
386.51382 3.0793862
385.61343 3.0662456
379.90347 3.0565393
374.78574 3.052025
369.90005 3.048126
365.89053 3.0443552
361.21915 3.0381978
356.20105 3.0318289
351.5834 3.021798
345.59747 3.0103161
339.2834 3.0040658
335.07684 2.9970522
330.08603 2.9910293
324.46637 2.9821658
319.69922 2.9766002
315.0651 2.9685035
310.36252 2.9617808
305.17078 2.9553566
299.26584 2.9482362
293.51196 2.9409237
288.74503 2.9313378
283.15298 2.9226434
277.9404 2.9083202
273.3771 2.8996475
268.66394 2.895316
263.9405 2.8869047
258.6224 2.8775475
254.05428 2.8654835
248.5968 2.8582652
243.99591 2.8446977
246.7018 2.828475
252.77248 2.818577
257.8846 2.8094776
265.06015 2.802225
272.38074 2.7922647
277.5172 2.7836516
282.2356 2.7719362
289.87186 2.7590034
296.99048 2.7469087
301.20654 2.7363057
306.80005 2.7217052
311.63083 2.710703
316.25702 2.6998599
321.44315 2.687679
326.44308 2.6772819
333.16425 2.6705744
338.9803 2.6628094
344.30032 2.6557689
348.71048 2.6481752
351.50375 2.6394682
355.66687 2.6299021
359.0109 2.619101
362.39084 2.6085248
364.94696 2.5967712
368.42117 2.586527
371.6063 2.5728552
373.77637 2.5638356
373.98038 2.5449007
372.51855 2.5259256
370.0262 2.514488
367.32187 2.5015395
362.95163 2.489083
359.00153 2.4806476
353.97372 2.4758837
349.29666 2.4698682
341.48785 2.4677923
334.66586 2.4679575
329.3082 2.4676287
323.07828 2.4675908
316.64807 2.4665
311.1313 2.4656348
304.52844 2.4650826
299.39984 2.4598405
294.13065 2.4508057
289.07117 2.4396372
281.79803 2.4317331
274.66217 2.4285624
268.42395 2.4269419
259.086 2.4274993
251.82677 2.428816
245.42432 2.427834
238.02731 2.4300718
232.65985 2.4256964
227.47627 2.4241753
220.08626 2.424112
213.46825 2.422025
207.09126 2.420644
200.13696 2.4167163
194.23021 2.4103584
187.10115 2.4048717
182.78488 2.3982904
175.13318 2.3890347
168.70012 2.3776886
163.59636 2.3730166
155.80525 2.3693352
148.2112 2.3664532
140.95894 2.3657324
133.36955 2.3623183
125.41122 2.3556786
118.369385 2.3556616
110.95834 2.3492756
103.703735 2.3471007
94.750534 2.3406763
86.73979 2.3494186
81.43728 2.3555267
74.57014 2.3554866
68.725174 2.3554463
61.31788 2.3467467
55.505203 2.342597
48.25876 2.336865
41.69638 2.338171
35.71334 2.3351903
28.130743 2.3105898
20.935919 2.2867367
14.68866 2.208752
11.560826 1.9938226
8.886995 1.4306029
8.561668 0.8929586
10.217505 0.3801259
15.007971 0.0531014
21.106197 -0.11624934
26.775969 -0.20481049
33.970024 -0.24371427
40.56881 -0.26031584
47.57848 -0.26454407
53.168396 -0.27501968
59.47761 -0.29322708
67.109 -0.309403
74.273735 -0.30312157
81.074745 -0.28034693
87.81601 -0.2583119
94.572174 -0.23948231
100.65856 -0.22474451
107.243355 -0.21072994
112.366554 -0.2009872
118.25675 -0.1908496
125.053955 -0.18848683
131.94485 -0.17853403
138.08113 -0.17052034
144.72 -0.16262649
151.75888 -0.16004336
158.2385 -0.16622357
164.35728 -0.16766842
170.13458 -0.16637346
177.21614 -0.1668242
181.89516 -0.16249417
186.23041 -0.1641151
190.35844 -0.16584499
194.4706 -0.16751544
198.66496 -0.16394635
206.27235 -0.15784821
210.94183 -0.15432571
215.83551 -0.15079957
220.83318 -0.14736162
225.06914 -0.14456849
232.87204 -0.13645212
239.62253 -0.12731928
248.19313 -0.1188445
252.26285 -0.112931065
256.26398 -0.11116048
263.21542 -0.10821309
270.08496 -0.10266287
275.28 -0.09980449
281.14505 -0.094145015
287.84677 -0.09194683
292.83038 -0.090377696
299.79282 -0.08827322
307.2561 -0.08612367
312.98956 -0.084542215
317.62454 -0.0809703
324.7056 -0.07301161
328.6778 -0.06562132
334.61856 -0.0566176
341.64447 -0.04597347
346.82733 -0.038759574
351.62628 -0.028497992
356.86447 -0.018767731
361.54987 -0.013029873
367.5478 -0.0018940868
372.042 0.0061488007
375.84 0.019380169
383.4909 0.03465233
388.80856 0.039322156
395.2369 0.048835717
398.8045 0.06343022
394.21405 0.06922382
387.85507 0.083319314
381.2502 0.095289454
377.42886 0.10691426
372.8303 0.116984606
368.07956 0.123311155
362.1783 0.1260018
358.43466 0.13224785
354.63855 0.1372233
348.99658 0.14524092
342.4809 0.15097475
337.44894 0.15624057
331.6879 0.16202891
325.95544 0.16801295
321.0167 0.17062296
316.41446 0.17869352
310.0115 0.18657388
303.07758 0.19425336
296.5814 0.2045413
291.20178 0.21631481
286.988 0.23025776
282.13434 0.24523014
276.49905 0.2568089
270.3238 0.26766047
264.54602 0.27365497
259.03842 0.28364366
254.6666 0.29274723
251.51868 0.31266505
252.31908 0.33608893
253.66777 0.35099092
257.18823 0.36680645
264.8288 0.37996346
273.94006 0.39420518
280.11298 0.400564
286.33948 0.4101292
293.62756 0.4217252
300.14865 0.42935184
303.87292 0.4382466
308.07587 0.44623685
313.94638 0.4557918
319.52805 0.468183
326.9012 0.47387168
334.08154 0.4830065
342.1378 0.49626067
348.51898 0.5059246
354.95853 0.5152909
359.5104 0.5248991
362.8961 0.5354227
367.69315 0.54666114
369.79385 0.5559261
371.9853 0.5653372
373.773 0.57774323
372.33627 0.59961265
370.43686 0.6204807
367.57278 0.6361612
362.36166 0.6502851
359.18048 0.65703946
354.45456 0.6673655
349.76538 0.6779741
344.49112 0.6866097
337.9572 0.69099563
331.43613 0.69553906
323.80075 0.6961783
318.8034 0.696997
313.0602 0.6998969
306.86032 0.699872
300.257 0.70095456
295.16055 0.7066931
291.21838 0.7171513
286.31934 0.72403824
279.1859 0.72753215
271.01645 0.73010135
263.59854 0.73214495
258.8333 0.73578644
253.79219 0.7376702
244.53989 0.7402983
237.23703 0.74408346
230.63573 0.75128525
224.90675 0.7629824
218.47768 0.7683398
210.50742 0.77134085
201.18988 0.7743991
192.55255 0.77480966
185.50565 0.77439857
177.91542 0.77682173
172.07 0.79185003
166.46748 0.8090039
157.52263 0.8250758
148.44293 0.83480024
141.18382 0.8359368
134.04425 0.8280671
125.0311 0.82697254
117.65305 0.83837265
112.2204 0.8660008
105.53004 0.8865438
97.28493 0.8971011
90.15127 0.8903434
81.52042 0.883831
72.88237 0.89293635
65.89685 0.9043629
60.69803 0.93448055
54.324455 0.9693582
47.960033 0.9790459
42.811214 0.9905421
35.092957 0.97392243
29.902197 0.9769644
24.979233 0.96498483
24.979233 0.96498483
