Stilus
15
292.6801 1.6202968
293.29694 1.6523708
293.66608 1.6665224
294.17377 1.6830705
294.7005 1.6979427
295.50412 1.7176913
296.42026 1.7372842
297.3035 1.7541207
298.6574 1.7771437
300.16623 1.7999201
299.30402 1.8147348
299.01636 1.8326377
297.43784 1.8540965
296.5633 1.8780878
294.6667 1.9010931
294.1912 1.9178202
293.43973 1.9370319
291.77332 1.9539909
292.41644 1.9707419
290.99716 1.9896485
291.23062 2.0110478
290.70914 2.0280335
291.96332 2.0479896
293.04977 2.0623837
295.80743 2.0795217
295.68283 2.0992339
294.89297 2.119543
293.75345 2.1388779
293.3785 2.1565197
293.73315 2.175689
292.56628 2.1951878
291.5215 2.219134
290.6411 2.2432218
291.74954 2.258838
293.35977 2.275453
294.1474 2.2921576
294.16263 2.313632
293.54388 2.3337126
293.78757 2.3571644
293.32513 2.3871331
292.41006 2.4119442
293.60178 2.443852
293.52167 2.465604
293.42297 2.483216
292.17197 2.5051088
293.11517 2.5358226
291.88245 2.56188
293.73764 2.587079
295.78848 2.6031795
297.59976 2.6262846
298.19983 2.6502917
299.057 2.6674333
297.8657 2.6835835
297.91312 2.6986556
298.48682 2.7225318
299.24677 2.741858
299.10666 2.7621822
298.4561 2.78953
297.06848 2.8127291
296.56412 2.8369408
297.25394 2.8526652
297.978 2.8798041
297.30557 2.9066596
297.58752 2.9291756
297.2816 2.955244
296.33765 2.9729733
297.15622 2.9939046
297.44077 3.0168903
296.83783 3.0343053
297.18298 3.0573792
297.84476 3.0722325
297.5346 3.0893466
298.2616 3.1115878
299.12762 3.1383936
299.20825 -3.1181576
299.32953 -3.1047218
297.93896 -3.0776749
298.17877 -3.0576396
298.84628 -3.034324
299.80695 -3.0078251
300.97052 -2.9816408
300.65607 -2.9678543
299.46625 -2.940552
298.26517 -2.9125519
298.20374 -2.8842072
298.26367 -2.8700502
298.6909 -2.8531544
298.89722 -2.839353
298.58432 -2.8206904
296.0958 -2.7934945
293.90427 -2.765331
294.3938 -2.7433484
295.83093 -2.7303085
298.31522 -2.7116148
296.16428 -2.6914873
296.4505 -2.6719732
296.62305 -2.6499918
296.35272 -2.6237416
296.6498 -2.6077092
296.99933 -2.5926356
297.5929 -2.5693765
295.8217 -2.5489645
294.34586 -2.525333
295.7502 -2.4986775
297.51065 -2.483516
298.9891 -2.4610417
299.61343 -2.4315956
299.11206 -2.4044406
296.79773 -2.3881724
294.04037 -2.3734927
293.11633 -2.3572385
291.3881 -2.3403234
293.27545 -2.3234763
296.76544 -2.3001134
298.1707 -2.2824247
300.0792 -2.2628891
300.67877 -2.2436132
300.4111 -2.2269413
298.6749 -2.212492
297.91122 -2.197707
297.952 -2.1760178
299.35834 -2.15775
300.93756 -2.138546
301.92883 -2.1119747
302.66992 -2.0885031
302.38297 -2.0663557
302.9424 -2.0486887
303.1265 -2.03095
302.7261 -2.016733
301.97763 -1.9988214
300.0925 -1.9806801
298.4753 -1.9680253
296.62634 -1.952894
296.4385 -1.9350824
296.99545 -1.9195371
298.08185 -1.9009017
299.35117 -1.8818866
299.55374 -1.8616191
299.81378 -1.8406042
300.21667 -1.8194716
300.96906 -1.8017931
301.76566 -1.7833756
302.14395 -1.7691677
303.18936 -1.7521529
305.00897 -1.7286943
306.06528 -1.7074218
305.42633 -1.6912535
305.73367 -1.6705974
305.27655 -1.65432
304.93497 -1.639654
304.61966 -1.6225147
305.37515 -1.6035336
304.3844 -1.5892391
302.46588 -1.5674981
300.78516 -1.5492115
300.45422 -1.5309265
300.00433 -1.5108296
298.64114 -1.4921236
298.52808 -1.4770687
297.44675 -1.455554
297.05362 -1.4325664
297.94073 -1.4125955
298.20587 -1.3923367
297.51547 -1.3731287
297.6967 -1.3501134
297.67163 -1.3319905
296.08127 -1.313715
295.55438 -1.2961798
294.7902 -1.2778288
294.89847 -1.2540791
294.62146 -1.2385106
293.97705 -1.222784
294.04904 -1.2016041
294.7516 -1.1874753
295.47446 -1.1715558
295.93265 -1.1428032
296.81598 -1.1283952
297.96286 -1.1051708
299.06403 -1.0834281
298.1734 -1.0627558
297.1802 -1.0415639
296.63602 -1.0246286
296.3241 -1.0001328
296.25208 -0.9766735
296.75266 -0.9564541
297.4291 -0.94104916
299.27576 -0.92641836
297.97107 -0.90193826
298.45117 -0.87727803
297.4748 -0.85973126
295.5607 -0.8320801
294.14032 -0.81730103
294.53488 -0.7914505
293.33252 -0.7680159
293.37265 -0.7433557
292.34073 -0.7234817
293.41562 -0.70234334
293.16464 -0.6852823
292.02267 -0.6682346
291.25476 -0.64375293
292.79062 -0.61771256
292.71466 -0.5970293
292.84244 -0.57222396
293.6818 -0.5463374
293.70728 -0.52645737
293.36267 -0.5036416
292.6188 -0.48277062
294.9041 -0.46260244
295.84473 -0.4459707
295.77316 -0.4274307
295.519 -0.40885717
293.72302 -0.3945066
293.59232 -0.3752913
293.43066 -0.357306
293.60025 -0.33900976
293.55777 -0.31748846
292.9482 -0.29668182
292.212 -0.276052
290.63702 -0.2562278
291.54263 -0.23328513
291.79462 -0.21391965
291.59454 -0.19368273
291.45633 -0.17229307
292.4589 -0.1508277
293.56027 -0.12860212
293.92877 -0.11053974
295.22086 -0.09462317
296.75912 -0.07646822
296.59827 -0.056209844
296.32217 -0.036032118
296.1667 -0.015776781
296.13278 0.004473576
295.24133 0.027326247
294.48016 0.04860992
293.0658 0.06934803
293.22815 0.086381
293.7004 0.10329838
294.38123 0.12361742
296.16663 0.14323719
297.90726 0.1593635
298.9135 0.17909783
299.65784 0.19233508
300.85757 0.2118365
300.75235 0.22556598
301.16028 0.24232651
299.70844 0.26331726
298.51904 0.28607777
298.12955 0.3075048
298.73438 0.32447326
298.81497 0.34558198
299.52725 0.36167163
301.05093 0.37482187
301.29285 0.39241654
300.6728 0.41495484
301.65082 0.43026215
302.50223 0.44410202
303.66162 0.4578067
304.13065 0.4753916
304.36957 0.49271902
304.75842 0.50871426
303.3757 0.53217995
302.66418 0.553802
301.8269 0.5741593
301.39084 0.59596294
301.3361 0.6203278
301.05582 0.6456729
300.91782 0.6675252
300.95795 0.6882056
301.1232 0.709024
300.67136 0.7322697
300.4197 0.7516276
301.69595 0.7705087
302.196 0.7875084
304.18524 0.8031661
302.2216 0.8219857
303.06287 0.84346455
302.6006 0.86023915
302.6116 0.88069093
302.27618 0.900991
300.49023 0.92160845
298.4381 0.9420216
297.87994 0.9612714
300.2403 0.97930837
302.57755 0.99681044
302.57867 1.0153236
302.04343 1.03747
300.13464 1.0567498
298.1844 1.0684538
295.99753 1.082072
296.404 1.0994575
295.86734 1.1202451
296.2934 1.1462547
296.86337 1.1666087
297.70874 1.18597
298.84146 1.2050437
299.50723 1.2255092
300.37955 1.242404
301.98453 1.2633587
303.3743 1.287982
304.92184 1.3030858
305.324 1.3237178
304.6282 1.3366895
303.59586 1.3514025
302.51672 1.3680196
301.14362 1.3915446
300.1754 1.4103196
299.2769 1.4300739
298.58508 1.4475029
297.9077 1.4674596
297.35046 1.4874595
296.97556 1.5042645
296.72937 1.5181668
296.5275 1.5332508
296.40143 1.5471429
294.32684 1.5640097
293.3304 1.5788757
293.3304 1.5788757
