Stilus
22
11.106211 1.2506073
4.2763214 1.8333611
4.31999 -3.0797691
8.564021 -2.5258658
14.558369 -2.3583868
20.94598 -2.323917
27.31917 -2.305518
33.02947 -2.3190486
38.52625 -2.3935568
45.79569 -2.414915
51.83094 -2.4004807
58.825127 -2.3713048
64.10085 -2.3369262
69.35098 -2.3118782
74.35064 -2.2803564
80.58433 -2.277425
85.65115 -2.2444515
90.06788 -2.2305381
96.798515 -2.2059186
102.90095 -2.1838365
107.70798 -2.1663928
113.94974 -2.1692126
120.06305 -2.184799
128.23201 -2.197133
136.26082 -2.1907759
142.63284 -2.1781347
147.32335 -2.1643298
152.03825 -2.1513872
157.82378 -2.1407373
162.7834 -2.1285717
168.01387 -2.1108658
176.10262 -2.1016536
183.63504 -2.0964477
189.31491 -2.0957615
195.206 -2.081299
199.6463 -2.07459
206.26427 -2.0624728
212.19516 -2.052868
217.58612 -2.0399473
222.24962 -2.034357
229.4026 -2.0285132
233.33131 -2.0238228
239.49965 -2.0170748
246.00845 -2.0089319
249.65215 -2.0021048
256.8725 -1.9934661
262.30264 -1.988336
269.25122 -1.9809573
275.55124 -1.9710369
282.0074 -1.961371
288.32858 -1.9486314
293.16498 -1.924767
298.8423 -1.9106362
305.7395 -1.8957852
311.71875 -1.8826709
316.37732 -1.8737295
322.3159 -1.8622931
327.66882 -1.8502688
333.97076 -1.8370999
338.4596 -1.8350121
343.03278 -1.828395
349.35495 -1.8184507
354.46158 -1.8032295
359.2208 -1.7894143
363.26984 -1.7756776
367.37546 -1.762289
370.787 -1.7488039
374.30692 -1.73866
379.01746 -1.7182429
382.2805 -1.7037742
384.4211 -1.6853658
385.81424 -1.6706264
388.29456 -1.6558076
391.82977 -1.6396358
394.28323 -1.6278214
397.2902 -1.6160994
401.3082 -1.6000413
403.9148 -1.583163
403.38257 -1.5707853
403.15735 -1.5602735
401.7731 -1.5446917
398.67798 -1.5325785
395.69836 -1.517724
392.99792 -1.5048491
389.65186 -1.4906201
385.89313 -1.4791049
383.34555 -1.4637727
381.10034 -1.4519502
379.45645 -1.4388106
374.65762 -1.4203142
371.3255 -1.4080359
367.039 -1.3998965
362.2005 -1.3919891
357.6421 -1.384004
352.16882 -1.3644594
347.68066 -1.3530095
344.25363 -1.3440137
340.10553 -1.3351626
335.4858 -1.3257225
331.11542 -1.319307
327.2631 -1.3131267
322.1749 -1.3033662
319.17288 -1.2878089
315.90067 -1.2781655
310.14935 -1.2649595
305.1272 -1.2597582
300.0636 -1.2473156
296.91058 -1.2366406
292.1977 -1.2310354
286.57523 -1.2240919
282.56247 -1.2114152
276.94904 -1.2037892
271.36627 -1.1958685
265.55295 -1.1872385
260.63736 -1.1754673
254.44522 -1.1652901
249.6384 -1.1570091
245.46419 -1.1450659
240.69156 -1.1314758
235.93938 -1.121989
231.87009 -1.1087136
226.49257 -1.0968534
222.05661 -1.0865794
217.6603 -1.0759255
213.30066 -1.0648621
209.13647 -1.0537965
204.1104 -1.0454042
200.10359 -1.033756
195.83504 -1.0266986
188.6468 -1.0206808
183.56319 -1.0116187
177.95285 -0.99845517
171.82578 -0.98928314
165.18297 -0.98454803
160.86844 -0.9798395
156.0581 -0.9686792
150.33792 -0.9565669
144.54265 -0.93876785
139.15202 -0.9191558
134.10869 -0.90681297
125.74711 -0.9050746
118.81995 -0.89410543
112.29216 -0.8815743
105.93346 -0.8654021
99.938515 -0.8438667
95.51848 -0.83061856
89.701324 -0.80886525
83.72413 -0.8105247
77.156006 -0.8034862
71.70166 -0.7851396
65.63322 -0.75611836
59.96682 -0.72929406
54.278183 -0.6937521
49.120293 -0.65511537
43.17819 -0.63702875
35.226025 -0.6031407
27.694775 -0.55958295
22.660452 -0.4428567
17.214266 -0.23349565
12.771758 0.020737201
9.965927 0.44550273
14.146993 1.012802
18.210476 1.2495062
23.896221 1.3388475
27.945229 1.3729401
32.718388 1.402106
39.063114 1.4038321
46.236862 1.3641204
51.710518 1.3322259
57.304626 1.3019638
63.158684 1.3068206
68.971794 1.288423
74.40359 1.2780279
80.06291 1.260199
87.25033 1.2295702
95.01293 1.215459
102.21072 1.198448
109.93238 1.1868585
116.85963 1.1831897
121.43463 1.1783563
127.81787 1.1607101
133.20108 1.1434969
140.31024 1.1353115
147.87247 1.12178
156.22668 1.1138461
164.17535 1.1088322
171.91734 1.0871716
178.77057 1.0743221
185.74323 1.0701715
193.32068 1.0634223
201.8397 1.058668
210.38689 1.0542679
215.1824 1.0430425
221.2951 1.025081
226.51633 1.0106543
231.5896 1.0103339
239.18108 0.99815226
246.84782 0.98745745
254.94017 0.9759739
262.18887 0.9624376
268.3284 0.9556798
275.02054 0.9417358
278.77594 0.9294189
282.60593 0.9172769
287.21753 0.90218025
292.83655 0.88778853
299.5993 0.8759958
305.29883 0.86503524
312.9311 0.8543538
318.90997 0.84418935
324.27603 0.83031785
330.31683 0.81831765
333.93274 0.8111252
339.49255 0.79925114
343.78918 0.79060906
348.01706 0.7824486
351.49146 0.7726694
355.1046 0.7627976
359.63065 0.75083685
363.4129 0.73463243
365.72772 0.7243925
368.3357 0.7122789
372.11728 0.69873047
374.77692 0.6832854
377.61237 0.67039263
382.54788 0.65610504
384.66165 0.6429657
387.0675 0.6262769
390.2224 0.6188676
391.9414 0.606808
395.08942 0.5967345
397.7291 0.58274955
398.55826 0.56868505
399.28052 0.55279744
398.39658 0.5394503
397.30096 0.52361286
396.94345 0.5125102
394.90573 0.49733266
392.6054 0.48642948
389.01205 0.47431466
386.86203 0.46337295
384.4915 0.45087704
381.97104 0.4370496
379.8909 0.42517793
377.85004 0.41308773
374.0782 0.39641625
371.25186 0.38504088
368.20444 0.37161803
366.07465 0.3563918
364.36404 0.34355977
363.03394 0.33316717
360.75568 0.32324106
357.37305 0.30995098
354.2536 0.30088955
349.99332 0.2915793
346.57343 0.2799227
343.65277 0.26983902
338.3868 0.2561627
333.61166 0.25022948
328.86038 0.23786718
323.8242 0.22577992
318.07462 0.21704729
313.8193 0.20242675
307.66135 0.1855622
301.86487 0.17236334
296.75513 0.16520315
292.1811 0.16081569
286.03262 0.15364243
281.3961 0.14546889
275.86636 0.13689756
270.69055 0.12892571
265.5124 0.11626636
259.94946 0.10718367
253.84773 0.09391055
249.34131 0.08357821
244.46176 0.077005394
238.27025 0.06639712
233.89482 0.059109613
228.88463 0.059188496
223.899 0.060508057
218.85663 0.0573302
213.75276 0.046030026
208.622 0.032676954
202.56326 0.018895322
195.0407 0.002817675
190.90015 -0.005926739
186.81715 -0.011665795
178.88611 -0.023291778
171.68246 -0.035880625
167.72754 -0.044396996
161.77493 -0.052216113
155.17065 -0.065632984
148.3097 -0.07721962
142.42029 -0.087460734
136.55244 -0.098579764
131.2964 -0.10253971
126.30833 -0.11456373
120.49462 -0.120117396
114.564445 -0.12636748
108.628716 -0.13331261
102.66432 -0.14110792
98.570854 -0.14700957
92.05734 -0.15749516
85.91872 -0.14869335
79.96247 -0.15621136
74.580864 -0.15401264
68.76349 -0.15244114
62.83342 -0.16695738
57.723217 -0.16432306
51.404743 -0.1650014
46.33751 -0.13953942
41.735497 -0.08590187
36.466793 -0.026032615
31.527304 0.06501614
25.965609 0.2734674
21.029526 0.49783507
17.698298 0.7660897
17.870646 1.1820326
23.0367 1.4934553
27.555674 1.6152079
33.208664 1.6762545
37.962826 1.7288933
43.227566 1.7854332
49.12132 1.8488517
54.992508 1.8889441
60.66736 1.9099193
66.172585 1.9290926
71.88507 1.9329511
77.25516 1.9342655
82.96506 1.9558369
88.50507 1.9795971
95.30081 1.986113
99.8458 1.9864396
105.78088 1.9837017
110.31983 1.9854455
115.51754 1.9751098
121.59382 1.9871842
127.95485 2.0004437
134.8892 2.0083473
142.12465 2.0177035
147.92839 2.0213647
154.49274 2.034747
160.9424 2.0434427
167.94913 2.061292
173.83682 2.0757866
179.79196 2.0893795
185.6004 2.10074
189.67674 2.1135004
196.29648 2.1297712
202.11314 2.1409364
206.99434 2.1495714
213.16054 2.1522415
218.25299 2.1603599
225.77463 2.172447
230.66289 2.1803472
237.31581 2.1853197
243.77504 2.192821
250.2396 2.1970718
257.92834 2.2018466
263.59537 2.2078955
267.0994 2.217867
272.06494 2.2237701
275.74146 2.2334738
279.07397 2.2428987
282.36838 2.2518284
286.62897 2.2662292
292.28824 2.2770298
295.9196 2.2861643
298.9963 2.2979276
303.2641 2.303811
308.96652 2.3097901
315.01056 2.3143513
320.0497 2.3205285
326.1587 2.3287764
331.53104 2.3360975
337.51126 2.3447952
342.22382 2.351729
346.66986 2.359345
350.9292 2.36736
355.77554 2.3767102
359.03156 2.3853784
362.31406 2.3938904
364.93106 2.4031873
368.28928 2.4124763
370.31717 2.423805
374.07462 2.4367764
377.16876 2.447186
378.665 2.4624
381.3241 2.4747043
383.9064 2.4882092
386.01825 2.5037158
387.1032 2.5192227
390.68005 2.5298216
393.8008 2.5406594
395.946 2.5513225
397.64825 2.5683477
398.2231 2.584158
397.82794 2.5953624
397.23892 2.6157403
397.0478 2.629256
396.89996 2.6455548
396.94827 2.664747
395.58298 2.679288
394.3539 2.6913674
391.5092 2.7066426
389.82245 2.7160509
386.58405 2.7299805
382.11096 2.7440443
378.29465 2.754752
374.87537 2.7683392
371.88568 2.781732
369.64532 2.7982023
366.1847 2.808582
362.76285 2.82023
361.0631 2.8335724
358.6361 2.84822
355.11887 2.862029
352.03177 2.8720982
346.86008 2.882934
341.83 2.8915176
334.9988 2.904303
330.89502 2.9137588
326.9389 2.923887
321.969 2.9383874
316.23666 2.9483228
309.2351 2.9636395
303.8054 2.9761238
296.72308 2.9858904
290.68854 2.9905066
285.3105 2.9982553
279.8558 3.0097342
275.59406 3.0151355
270.1737 3.027431
264.8772 3.0399773
259.42313 3.0536826
252.45984 3.063149
246.27475 3.0733585
238.0598 3.0837243
231.6984 3.0950565
225.66093 3.099293
219.6848 3.0981417
213.93613 3.0969732
208.67787 3.0994284
201.83804 3.1079812
195.58508 3.1132348
189.81369 3.116347
183.53644 3.1263776
175.7978 3.137001
169.52841 -3.128482
162.87154 -3.1034124
156.05997 -3.082599
149.9631 -3.0667658
143.38655 -3.049318
136.66425 -3.0301793
130.57434 -3.0171177
124.096245 -3.0006192
117.12458 -2.9921668
113.153625 -2.9868813
108.22977 -2.979782
103.52445 -2.9723582
99.37585 -2.9652205
92.48723 -2.95193
87.80765 -2.941689
83.685616 -2.9316988
79.0452 -2.9191756
74.91551 -2.9066908
70.06536 -2.8900905
66.19365 -2.8750322
59.492138 -2.8441381
55.676662 -2.8230608
48.492287 -2.812696
40.563957 -2.7776628
36.54707 -2.758536
29.62209 -2.7081835
23.22149 -2.6700606
16.758532 -2.6670933
9.871268 -2.6499994
4.2730455 -2.7017007
4.2730455 -2.7017007
