Mouse
31
218.12862 1.6028277
218.03717 1.5844905
217.01909 1.5661228
217.07465 1.547695
217.20386 1.529283
219.40305 1.5114448
223.66481 1.4946525
227.89726 1.4828616
232.2615 1.467218
236.56422 1.4563525
242.0122 1.4422914
247.36646 1.4328538
250.91309 1.418707
256.3194 1.4100932
260.7582 1.401191
265.217 1.3925874
269.6948 1.384269
275.17184 1.3769255
279.68332 1.3691553
283.44308 1.3574485
288.21558 1.346823
293.2533 1.3332279
297.12744 1.3225197
301.03476 1.3120884
304.974 1.3019253
307.98267 1.2911291
310.0685 1.2796199
312.19482 1.2682661
315.31223 1.2580459
316.5658 1.2460229
319.13962 1.2321743
322.12 1.2156359
323.5327 1.2040436
325.35913 1.1896975
326.86798 1.1783379
327.49924 1.1658846
326.35373 1.1509973
323.95328 1.1375078
321.6126 1.1238195
318.88962 1.1127418
315.3149 1.1000403
311.7922 1.0870497
309.20267 1.0753067
307.1437 1.0605212
304.1548 1.0512289
301.69864 1.0388916
298.95483 1.0217596
295.7649 1.0071685
293.18732 0.98940676
290.1408 0.9741814
287.98196 0.96063197
285.0658 0.9448311
282.42767 0.93366367
279.636 0.91727704
278.32578 0.89998066
277.0996 0.882526
280.30222 0.86874855
282.1461 0.85563487
285.44974 0.84240997
288.06537 0.82714576
290.7882 0.81702137
294.23276 0.804631
297.72147 0.7925292
301.25272 0.78070945
305.5444 0.76688874
308.43716 0.75788975
311.35446 0.74905866
315.03452 0.7382509
318.75052 0.7276939
324.01096 0.7133234
327.04617 0.7053202
330.10196 0.6974646
333.1778 0.6897536
336.273 0.6821841
339.38718 0.6747531
342.51974 0.66745764
345.6702 0.66029483
349.63272 0.65152335
352.8217 0.64464843
355.43246 0.6356368
358.88205 0.625123
361.55417 0.6164059
365.89694 0.6046958
369.45996 0.5947751
372.77982 0.5887627
375.5634 0.5806336
377.2915 0.56816924
377.7007 0.5549684
379.54822 0.5426972
380.08392 0.5296086
381.5544 0.51526463
382.226 0.5022904
381.19763 0.49183014
379.32504 0.4825349
377.48557 0.4731482
375.6797 0.46367043
373.4703 0.45169574
371.74173 0.44201458
370.04834 0.43224388
367.98184 0.41990563
365.4524 0.41102657
362.95218 0.40202445
360.4818 0.3928982
358.04184 0.3836468
354.7024 0.37529993
352.32175 0.36577713
349.0364 0.35712454
346.37872 0.34460914
343.1589 0.33560687
339.9674 0.32643482
336.80508 0.3170897
333.6727 0.3075683
328.65973 0.2996533
325.58414 0.28972825
320.61935 0.28133655
316.37402 0.26878616
312.17987 0.25589648
307.0684 0.24344054
302.00613 0.23056494
297.97223 0.21652927
293.99866 0.20211129
290.08783 0.1873014
286.4153 0.17553005
283.60977 0.15940186
282.01303 0.14596038
280.46777 0.1323683
278.85837 0.115067326
278.3286 0.0972208
279.96204 0.08230663
280.65927 0.067809284
283.41238 0.05301024
286.22638 0.038499057
290.09915 0.024189688
294.02975 0.010260106
298.0159 -0.003299415
299.05582 -0.016664138
302.14786 -0.029735774
305.33463 -0.045812584
308.59872 -0.0615533
310.86505 -0.07400081
312.1826 -0.086542256
314.64404 -0.10182495
317.06277 -0.11373449
317.5416 -0.1262502
319.06042 -0.13829288
319.63638 -0.15068795
320.4251 -0.166116
319.1427 -0.17951368
317.91803 -0.19301702
315.9804 -0.210369
311.9653 -0.22625579
309.24274 -0.244915
305.66446 -0.2647523
302.89026 -0.28095463
299.61694 -0.29106995
296.6734 -0.30462644
293.15155 -0.32275975
290.00974 -0.333675
286.303 -0.34929588
282.8962 -0.35745642
279.86795 -0.369152
275.5792 -0.3790831
270.94052 -0.3859125
267.62213 -0.39500034
263.40735 -0.40580904
259.22433 -0.41696793
254.66078 -0.42491958
251.44177 -0.4351013
248.24951 -0.44554594
244.18771 -0.45806587
240.60658 -0.4654176
237.49606 -0.47673935
233.53416 -0.49036914
229.61714 -0.5044666
226.24504 -0.52288824
223.80939 -0.5395563
221.43726 -0.5565863
221.89697 -0.5766548
224.66219 -0.5953126
226.92943 -0.6099075
229.24403 -0.62421066
233.00363 -0.6391151
236.20667 -0.65018195
239.43785 -0.66095144
243.31943 -0.6746506
247.38687 -0.6822277
250.69734 -0.69209695
253.26869 -0.70425683
257.38873 -0.7110693
260.7678 -0.7201887
264.91464 -0.72655934
268.3294 -0.7352263
272.50064 -0.7411903
275.94833 -0.7494365
280.14175 -0.755026
285.03384 -0.7629923
287.8127 -0.77303755
292.03427 -0.78290176
296.28345 -0.792484
299.14502 -0.80187196
302.75827 -0.813356
306.3584 -0.81995505
310.03275 -0.8309582
313.74374 -0.84170234
316.8327 -0.85456985
319.32697 -0.8695748
321.89206 -0.8843438
324.5262 -0.89887625
324.42267 -0.9142826
321.99683 -0.9241229
320.40723 -0.9359672
318.86307 -0.9479279
316.79248 -0.9625892
313.9623 -0.9756592
312.5719 -0.9880499
309.84842 -1.001524
308.03223 -1.0169466
305.432 -1.0308701
304.25906 -1.0438366
302.2672 -1.0552748
299.8338 -1.069784
297.46457 -1.0845274
295.61642 -1.0964903
293.36652 -1.111653
291.61584 -1.1239493
289.9098 -1.1363924
288.24915 -1.1489807
286.6347 -1.1617129
284.68283 -1.1778277
283.73605 -1.1954571
283.22958 -1.2098916
282.78232 -1.2243747
285.5567 -1.239013
288.39105 -1.2533666
292.60565 -1.2760029
296.00296 -1.2970753
299.06946 -1.3103487
302.6751 -1.3305663
305.87088 -1.3432045
307.925 -1.3580586
312.00723 -1.373974
315.5508 -1.3826687
318.76648 -1.3973429
322.20932 -1.4086567
325.69254 -1.41973
329.50034 -1.4245572
333.17603 -1.4322455
336.74182 -1.4427097
341.3368 -1.453298
344.97476 -1.4632938
349.54587 -1.4762063
353.34702 -1.4829104
357.16373 -1.4894714
360.92203 -1.4986565
362.65207 -1.5100554
365.42758 -1.5214798
367.25076 -1.5326271
368.1195 -1.5435891
370.03217 -1.5545422
372.98874 -1.565396
373.98853 -1.576106
374.03116 -1.5868002
374.11658 -1.5974909
371.2468 -1.6084776
367.42374 -1.6197668
365.64487 -1.6309612
361.9174 -1.6426584
360.23343 -1.6541325
356.60645 -1.6662444
352.92664 -1.6757863
349.3955 -1.6883717
345.92087 -1.7012119
342.5044 -1.7143106
338.31833 -1.7310522
335.03925 -1.7447436
330.656 -1.7562969
327.2987 -1.7675599
323.7785 -1.776033
320.28204 -1.7846919
316.81015 -1.7935411
313.3636 -1.8025857
310.18347 -1.8149614
306.7994 -1.824439
302.74072 -1.8381763
299.42615 -1.848148
295.18323 -1.8593026
291.9336 -1.869769
288.0717 -1.8848339
284.27695 -1.9003047
280.55206 -1.91619
277.8354 -1.9312251
275.5513 -1.9499294
276.13303 -1.9647273
275.85757 -1.9809004
276.56522 -1.9956063
278.23767 -2.0087051
279.9573 -2.0216453
280.82913 -2.0360177
282.64624 -2.0486658
284.98026 -2.0642462
288.74304 -2.080907
291.2171 -2.0958912
295.1274 -2.1117847
299.11032 -2.1272585
301.24222 -2.1385338
303.96008 -2.152403
307.5639 -2.164201
310.64194 -2.1730764
313.50162 -2.1862192
316.4145 -2.1991224
317.97964 -2.2111483
318.0032 -2.226872
317.94815 -2.2470086
318.1509 -2.2627168
316.37332 -2.2756515
315.30798 -2.2911189
312.23593 -2.3040893
310.63055 -2.3174922
307.70682 -2.3263218
304.8075 -2.33532
302.63297 -2.346854
299.08508 -2.3585646
295.5792 -2.3705544
292.1168 -2.3828304
289.37927 -2.3928616
286.6714 -2.4030833
283.99405 -2.4134989
281.3481 -2.4241114
278.73444 -2.4349244
274.74548 -2.4464018
270.0191 -2.4558775
266.0987 -2.468041
260.64297 -2.4758556
255.20387 -2.4840035
250.38817 -2.4893243
247.17888 -2.4997292
242.38525 -2.5055377
238.4089 -2.5140514
235.26575 -2.5253186
231.5862 -2.5404418
227.68477 -2.549962
225.47835 -2.5646873
222.47618 -2.5773056
220.36284 -2.592644
219.16408 -2.6105952
221.63223 -2.627517
225.5188 -2.6422808
229.03847 -2.650643
232.11105 -2.6625676
236.10893 -2.6760871
241.04831 -2.690968
245.13298 -2.703524
248.76106 -2.710345
253.41264 -2.7274125
257.21368 -2.7423542
260.1439 -2.755415
263.11743 -2.7681828
266.48773 -2.7771523
270.47113 -2.7906506
273.5591 -2.8025432
276.36493 -2.8175948
279.53806 -2.8289328
282.7463 -2.8400152
286.6626 -2.8551893
289.67987 -2.8690252
292.75143 -2.8825731
296.1205 -2.892562
298.07788 -2.9080484
301.2995 -2.9208076
304.36395 -2.9365096
306.51993 -2.9512794
309.9023 -2.963227
313.328 -2.974915
315.65405 -2.9889889
317.05136 -3.0024178
318.5053 -3.0157266
319.02155 -3.0285594
318.4963 -3.0441587
318.1321 -3.0566728
317.81784 -3.0692136
316.55545 -3.0815885
314.29694 -3.0970874
312.1454 -3.1096044
310.04346 -3.1222932
307.9921 -3.1351533
304.9924 3.1349802
302.04565 3.1216714
300.1529 3.1082144
298.3152 3.094589
295.5354 3.080592
292.8915 3.062927
290.34064 3.0449462
288.7661 3.03049
287.3797 3.0124261
285.9428 2.9976523
286.5439 2.983837
286.21423 2.9694853
285.9436 2.9551039
286.7122 2.941394
287.74823 2.924364
288.63678 2.910831
292.48972 2.8998635
295.66086 2.8850627
298.6292 2.8738055
301.6347 2.8627713
303.71796 2.8510158
306.79745 2.8403919
311.16998 2.8279066
315.5897 2.8157694
319.7247 2.8069203
322.94266 2.7972553
326.538 2.7849092
330.7569 2.776744
334.99725 2.7687845
339.63104 2.7582912
342.99466 2.749656
347.30444 2.7423115
351.1118 2.7314055
354.5526 2.7233088
357.5216 2.7116652
361.0177 2.7039027
364.53513 2.6962895
367.1743 2.687631
370.28784 2.6766796
374.33435 2.6671357
377.06406 2.6589105
378.93726 2.6495607
380.84323 2.6403034
382.78156 2.631139
381.28464 2.6168597
379.52374 2.5988567
377.15045 2.5888379
373.97015 2.5772662
371.13718 2.569225
368.3286 2.561061
364.9905 2.55505
361.66586 2.5489285
358.355 2.5426936
355.62823 2.5340302
352.9286 2.5252337
350.25668 2.516302
347.02142 2.509555
344.39948 2.5003507
341.20248 2.4933379
338.02252 2.4861927
335.47635 2.4765625
332.33792 2.4691353
329.21817 2.4615667
325.3456 2.4519029
321.50412 2.442007
318.4541 2.4339192
314.6715 2.4235897
310.9233 2.41301
306.47263 2.3999746
302.80457 2.3888206
299.86795 2.374987
296.99985 2.3656442
294.15814 2.3561199
290.64438 2.3439543
287.86502 2.3340092
285.1639 2.3189142
281.78644 2.305908
279.20917 2.2902222
277.34982 2.2769978
275.53958 2.2635972
274.55826 2.2477338
273.64655 2.2317607
273.6049 2.213488
276.226 2.2019107
277.72653 2.1846905
280.69778 2.1686044
282.35522 2.151848
284.62723 2.1382601
286.42603 2.1219208
289.32513 2.1117365
291.24603 2.0958338
294.22003 2.086078
296.73828 2.0735703
299.77454 2.0642173
303.25897 2.0505996
307.2494 2.0402002
309.93286 2.028607
312.6573 2.017214
315.42157 2.0060194
317.4067 1.9892781
319.47968 1.9727494
319.78656 1.9587908
319.22498 1.9460063
317.42673 1.93135
316.03775 1.9195068
314.36444 1.9045584
313.07684 1.8924867
309.93088 1.8822827
308.72845 1.8699496
305.65555 1.8593724
303.5793 1.8476782
299.61542 1.8375732
295.68298 1.8271983
293.7235 1.8148882
289.8629 1.8039988
286.03766 1.7928166
282.24908 1.7813329
278.49878 1.7695382
274.78824 1.7574233
270.31006 1.7492632
265.8505 1.7408288
261.41046 1.7321073
256.99103 1.723085
252.59322 1.7137479
248.35309 1.7080715
243.99223 1.6981349
239.65634 1.6878377
235.45506 1.6813854
231.26393 1.674699
227.89476 1.6586063
224.58636 1.642035
221.34148 1.6249732
221.34148 1.6249732
