Finger
8
241.42395 1.5935514
243.62766 1.6347123
244.18073 1.6528157
243.97067 1.6857442
242.8947 1.715326
242.20789 1.7491965
241.80008 1.7832156
241.0099 1.8061287
237.14827 1.8361074
233.20639 1.8584929
230.55692 1.8800614
227.73787 1.9117957
226.36243 1.945641
225.0433 1.9780709
224.1929 2.010245
220.89522 2.041211
216.753 2.0666146
212.31961 2.0941935
208.72281 2.12081
205.2246 2.1487927
201.73451 2.1779723
199.40979 2.2108378
196.94638 2.252461
195.03618 2.2804782
193.08742 2.3100276
191.52043 2.332763
189.529 2.3585465
187.48544 2.384954
184.16267 2.4123666
181.08188 2.4464664
178.89615 2.4725106
177.99283 2.5056236
180.09862 2.5529332
183.07176 2.5912993
186.19771 2.6263022
189.31761 2.65153
189.6475 2.6830144
190.61877 2.721665
191.50964 2.7521462
194.31778 2.7730987
198.38214 2.8131864
202.79396 2.842604
207.69225 2.864911
210.71748 2.8885946
214.17726 2.9216092
217.05446 2.9480398
220.60652 2.9798677
225.05501 2.9990358
230.42276 3.0208106
235.96028 3.0407526
240.05609 3.0517712
243.26239 3.0757797
246.152 3.1018622
249.03177 3.1184235
252.07295 3.1349828
255.97847 -3.1260371
259.84705 -3.1052456
263.2983 -3.088574
269.43573 -3.0674243
274.26703 -3.0423064
278.99283 -3.0195892
282.74847 -2.9998474
286.65176 -2.9798012
290.2003 -2.9546392
293.51382 -2.9289975
297.23944 -2.9075909
301.61453 -2.8871284
305.59564 -2.8668265
309.03864 -2.8489566
311.2703 -2.8284142
313.5007 -2.8071415
314.65836 -2.787442
316.1444 -2.766226
317.93954 -2.7439568
318.88495 -2.7213295
319.89902 -2.6994648
321.17184 -2.6770842
322.58493 -2.6550043
324.8687 -2.6306841
326.62445 -2.6089528
328.1192 -2.5940473
326.93625 -2.5736587
326.5407 -2.5464118
326.30518 -2.5206966
326.42047 -2.4944525
326.15115 -2.4704516
326.0598 -2.446556
325.65628 -2.4244218
324.46838 -2.3973036
322.11957 -2.372454
320.83612 -2.351017
318.77826 -2.3354325
315.96777 -2.316882
313.66077 -2.294559
310.72845 -2.269037
309.7164 -2.2549365
308.76987 -2.2408009
306.26068 -2.2141843
303.1617 -2.1891475
301.2578 -2.1744587
300.1345 -2.1572292
298.2168 -2.1411154
296.8032 -2.1273456
295.56668 -2.11406
292.57925 -2.0884151
288.76443 -2.057369
286.3577 -2.0412345
284.1411 -2.0256543
282.39975 -2.0128787
280.70688 -1.9999609
277.485 -1.9738393
274.40482 -1.95407
271.71198 -1.9312456
269.33734 -1.9070771
267.34222 -1.885031
265.83853 -1.8671328
263.94867 -1.8427031
262.1568 -1.8170006
260.11523 -1.7835339
259.10556 -1.7646688
257.49292 -1.7471769
256.53845 -1.731032
254.83565 -1.7132888
253.52577 -1.6971931
252.80417 -1.6816051
252.30443 -1.6620909
251.89575 -1.6422092
251.58978 -1.6224885
251.41376 -1.606478
249.26332 -1.5788428
247.55182 -1.5505787
247.63689 -1.5153867
247.91046 -1.4981647
248.32062 -1.4782007
248.80739 -1.4590968
249.40877 -1.4393387
250.00511 -1.4223843
250.78647 -1.4028237
252.7833 -1.381253
253.78345 -1.3617053
255.84091 -1.3434093
257.01978 -1.3243692
258.28033 -1.3056611
259.62393 -1.2872263
261.7413 -1.26988
263.5374 -1.2519499
265.14755 -1.2340391
266.81592 -1.2166113
268.61972 -1.198876
270.41537 -1.1822081
271.72427 -1.1635724
273.4897 -1.1466446
275.97363 -1.1271324
278.19547 -1.1106142
282.89645 -1.078147
284.428 -1.0609624
286.85434 -1.0460337
289.307 -1.0315694
291.8949 -1.0169315
295.09995 -0.9996113
297.81354 -0.9855854
299.77972 -0.96983963
302.04074 -0.95468485
304.29175 -0.94292766
308.37912 -0.89977515
309.96558 -0.883095
312.3854 -0.8688466
315.37097 -0.8432085
317.80576 -0.81618726
319.1183 -0.80274415
321.20093 -0.78712463
323.3391 -0.771903
325.53317 -0.76106316
328.10788 -0.73712516
330.48782 -0.71448064
332.07236 -0.70140135
332.27228 -0.6834484
331.5326 -0.6697533
331.2321 -0.6551312
331.83957 -0.63117796
332.9912 -0.61011356
333.18954 -0.58437353
332.45468 -0.56456655
331.17615 -0.55252486
328.13086 -0.5298045
325.9254 -0.50562143
324.35483 -0.4837254
324.0639 -0.47026068
323.16815 -0.45780644
321.22244 -0.43089092
320.37527 -0.41744635
319.6944 -0.40470418
318.56073 -0.3859223
317.26956 -0.3671064
314.8358 -0.34644702
310.2426 -0.3210289
307.81784 -0.30740464
305.6112 -0.29516378
302.37924 -0.27355048
299.6541 -0.25270042
296.97427 -0.24104404
292.28232 -0.21709959
290.44336 -0.20428883
288.65833 -0.19134225
284.4771 -0.16930333
282.82965 -0.15589602
277.8949 -0.13340037
275.40436 -0.119959496
269.68875 -0.09645054
267.33304 -0.08223061
262.9161 -0.060727943
258.66675 -0.041414898
255.51935 -0.022388013
251.49727 -0.0042460673
245.7687 0.020433418
240.92596 0.041617848
235.95514 0.06482117
230.29929 0.08370713
226.77342 0.10726945
221.56435 0.137022
215.70596 0.16408315
212.23634 0.18126173
206.60136 0.21577393
203.33989 0.23452741
198.78787 0.27115616
194.48741 0.30388495
190.60274 0.34200364
185.27 0.3828461
182.71674 0.40634376
178.2859 0.45857978
177.42816 0.48640898
176.39604 0.5367551
176.57426 0.5812397
177.48384 0.61864585
179.24744 0.6599696
181.20999 0.7084806
183.13701 0.74511576
185.81593 0.7836434
188.76326 0.8211155
191.2122 0.8539182
194.10094 0.88217586
197.87862 0.915178
201.21342 0.9419754
205.22096 0.9663027
208.88628 0.9857449
212.51273 1.0025929
216.79852 1.029844
219.23308 1.0470749
223.37158 1.069389
226.71442 1.0910503
230.19789 1.1267663
231.86603 1.1549801
233.19374 1.1852518
234.17133 1.2098972
236.86665 1.2365195
239.08868 1.2662349
240.51399 1.2941552
241.42233 1.3284417
242.78137 1.3591601
243.5565 1.3849609
244.20432 1.4101955
244.47021 1.4393312
244.68921 1.4560001
244.44583 1.4765006
245.02246 1.4971952
245.56444 1.52982
243.7053 1.5499537
241.64243 1.5746868
240.68936 1.5913244
239.68835 1.6229057
239.68835 1.6229057
