Stilus
36
18.413382 0.74917996
4.5642705 -0.30669364
10.097281 -1.6983925
16.180128 -1.954527
21.514599 -2.0577013
28.04033 -2.128538
33.818203 -2.1488078
40.686707 -2.1469698
48.04124 -2.141859
53.66508 -2.1472852
61.037773 -2.1467009
66.0333 -2.1518283
72.39522 -2.160049
80.14446 -2.1702423
87.57635 -2.1568904
91.74811 -2.1398642
97.08601 -2.1170712
103.26967 -2.1033592
109.2947 -2.1014822
117.11914 -2.1063933
125.50032 -2.1074662
130.01382 -2.1049201
134.50363 -2.102558
142.53459 -2.1018448
147.42603 -2.0920095
153.66774 -2.0969415
161.06502 -2.098988
168.5536 -2.0952015
174.44568 -2.0823264
180.37338 -2.0752544
185.74582 -2.0728645
191.50116 -2.072871
198.04002 -2.0675573
205.14052 -2.0598855
213.3107 -2.0542567
217.32884 -2.0497754
222.61516 -2.043589
231.60918 -2.0468898
239.72397 -2.039846
247.7915 -2.032398
255.13661 -2.026829
260.16144 -2.0216377
267.42114 -2.0168002
274.8875 -2.0188997
282.22647 -2.0152535
286.04822 -2.0089002
292.21344 -1.9990389
296.94278 -1.9917805
303.87033 -1.9880079
310.77032 -1.9824411
316.65775 -1.9743382
320.8908 -1.9687124
325.677 -1.962543
330.03168 -1.9570984
334.2723 -1.9462
339.42123 -1.9364023
346.1328 -1.9320728
352.06036 -1.9203023
355.6099 -1.9130627
360.0913 -1.9056938
365.99927 -1.892881
369.6082 -1.8831612
373.9257 -1.8731996
376.21967 -1.8586012
378.07684 -1.8449897
377.7756 -1.8299081
378.41443 -1.8152592
377.44315 -1.8047205
376.346 -1.7921546
371.81207 -1.7805084
366.45514 -1.7675246
361.56735 -1.7561114
355.5939 -1.7421489
349.99915 -1.7333272
343.60242 -1.7275423
337.5773 -1.7243795
331.35327 -1.7211946
324.74182 -1.7143003
317.504 -1.7055558
311.1676 -1.6986021
303.93784 -1.6943368
297.75485 -1.6901562
290.451 -1.6827855
283.8155 -1.6765639
278.86444 -1.663053
273.30865 -1.6502148
266.29486 -1.6402372
260.17557 -1.6341783
254.0634 -1.6278284
247.97992 -1.6211619
240.71504 -1.6152683
234.87852 -1.6120794
228.81735 -1.6044478
221.81279 -1.6045728
214.5619 -1.59735
206.73117 -1.5886955
198.73694 -1.5833603
189.90955 -1.5786849
185.7608 -1.5734845
180.7624 -1.5735588
174.72801 -1.5679382
168.72668 -1.5619171
163.94734 -1.5616583
158.77545 -1.567651
153.7527 -1.5675483
145.73651 -1.5673697
138.54149 -1.5671917
133.56523 -1.5595796
125.78437 -1.5509444
117.80783 -1.5496001
109.80561 -1.5480552
102.60649 -1.5464593
96.84902 -1.5450122
89.8408 -1.5430003
85.06125 -1.5414381
80.84289 -1.5399058
72.83395 -1.5365077
65.44657 -1.5326356
60.874836 -1.5297681
53.953995 -1.5059618
49.19716 -1.4996828
44.99336 -1.4930257
37.093536 -1.4493344
30.952187 -1.4250771
25.260283 -1.3919209
19.1771 -1.334234
12.482226 -1.2024611
6.62739 -0.82554966
4.977814 0.44436648
7.4198837 1.0802392
11.643529 1.3354319
16.035372 1.4583389
20.334873 1.5358367
24.437477 1.5503595
30.301113 1.5872769
35.354267 1.6131831
41.380024 1.6311727
47.43245 1.6445603
53.420586 1.6362792
59.475357 1.6464356
65.519554 1.6547345
70.515854 1.6487746
75.48249 1.6436343
81.52062 1.6505156
89.318756 1.6435426
97.33492 1.6478298
104.52942 1.6425183
109.22201 1.639432
114.49627 1.6362656
120.288506 1.6331089
126.475006 1.6300572
134.24156 1.626625
140.17365 1.6186507
144.58295 1.6157122
151.11043 1.6071562
157.07742 1.6007499
163.055 1.5934912
171.04335 1.5912349
177.22597 1.5848854
182.80971 1.5735279
187.72209 1.5681361
192.3413 1.5682
196.69365 1.5682575
201.96375 1.5633785
206.00421 1.5586754
211.00458 1.5542289
218.42561 1.5502186
223.06995 1.5381615
229.25739 1.5215306
237.37924 1.509751
243.71382 1.5031269
251.55632 1.5012603
256.6828 1.4948488
262.80252 1.4889967
270.93793 1.4848044
280.06006 1.4804729
285.00403 1.4750172
289.3823 1.4695426
295.89047 1.4547912
304.36432 1.4416178
309.74554 1.4340669
314.8167 1.429803
319.25656 1.4254613
326.8567 1.4189601
333.20346 1.4134059
339.75226 1.4045837
346.1945 1.3963625
352.9189 1.3863491
360.72232 1.3754923
366.44608 1.3669008
370.81958 1.3556064
374.41556 1.3467447
375.7831 1.3336366
376.8895 1.3217821
376.7086 1.3050269
375.8342 1.2930788
372.24237 1.2768084
368.84543 1.2646964
364.83075 1.2505281
359.82764 1.2415162
354.0822 1.2299868
350.057 1.2198359
344.78943 1.2111437
338.98035 1.2046922
333.38477 1.1982495
328.9294 1.1929506
325.0387 1.188195
319.65964 1.1780341
314.40182 1.1641887
310.01144 1.1545628
304.113 1.1495739
298.74237 1.148846
293.88873 1.1507443
286.8588 1.1561632
280.01657 1.1540065
273.8462 1.1506579
268.33505 1.1469334
261.72122 1.1397058
255.48897 1.1327779
249.83249 1.1379675
243.05309 1.139596
236.47371 1.1370862
229.2909 1.1321733
222.71324 1.1232533
217.27948 1.1203684
210.62328 1.1114454
203.56522 1.1041542
198.12967 1.0914016
191.58768 1.0783039
185.08984 1.0729331
177.8247 1.0634874
172.96477 1.059669
166.60938 1.0518447
159.69133 1.0416932
153.7449 1.0281023
148.34038 1.0218426
140.82133 1.0290582
134.47617 1.0353689
127.44829 1.0391121
119.39301 1.0382524
113.05967 1.0256643
107.33162 1.0062245
101.08074 1.0115254
94.84018 0.9975755
87.507965 0.98418343
80.25724 0.9809458
71.56226 0.9667386
64.198975 0.9631631
55.921047 0.98978966
49.82478 1.0297759
43.49208 1.0493588
38.077847 1.0339017
32.52458 1.032415
25.335472 1.0464705
19.571722 1.1106842
13.760393 1.222835
7.0555053 1.7566347
5.100296 2.5739703
8.610155 -2.8753526
13.559542 -2.5685444
18.687876 -2.3767488
25.131063 -2.3854775
32.05112 -2.3748088
37.76579 -2.4095297
42.48762 -2.4702375
48.965683 -2.5014563
56.11678 -2.5146017
61.48414 -2.4948485
70.87564 -2.5065258
78.98091 -2.5163891
88.402145 -2.5234919
94.932816 -2.520778
100.73682 -2.525414
106.76443 -2.5402403
112.27388 -2.5629416
118.20541 -2.5953832
127.0283 -2.6024115
135.6375 -2.5991533
142.60158 -2.5860991
150.3441 -2.5788653
158.76318 -2.5751336
166.81876 -2.5774138
173.0515 -2.5852985
177.54895 -2.5890198
182.1312 -2.5910208
188.15509 -2.5988026
193.91609 -2.6095467
199.0818 -2.6247537
205.21205 -2.6315446
211.90564 -2.6330054
217.05359 -2.63472
222.50928 -2.6380584
228.71858 -2.6430318
235.26285 -2.6447048
239.28511 -2.6489968
243.2873 -2.6531446
247.31297 -2.6571598
254.44804 -2.6630063
262.54358 -2.6696506
270.5482 -2.6764472
278.62112 -2.6829526
286.2374 -2.6921768
290.6201 -2.6994379
296.00806 -2.701308
302.29996 -2.7037747
308.64972 -2.7055924
315.92267 -2.7162914
321.3893 -2.7239826
327.39587 -2.735433
333.31708 -2.739806
337.53656 -2.7419
345.1335 -2.7480474
348.6001 -2.7552693
352.94962 -2.7633252
356.77722 -2.7735953
359.86105 -2.7869513
361.55945 -2.8016267
364.65875 -2.81912
367.60217 -2.8349228
371.18716 -2.853221
374.86786 -2.8671982
377.40823 -2.8828216
377.56458 -2.8939097
377.11322 -2.9099548
376.08823 -2.9218075
374.99976 -2.935203
372.1794 -2.9480562
366.8255 -2.9579055
362.06537 -2.965041
357.2787 -2.9739532
351.9969 -2.984661
348.61667 -2.9988015
345.1803 -3.0093656
339.67496 -3.0178733
333.30447 -3.031495
329.08386 -3.0367982
323.67566 -3.0427992
318.8517 -3.042874
314.08646 -3.0445683
307.735 -3.045822
302.4625 -3.0474658
295.89133 -3.0453691
290.71674 -3.0436509
284.93118 -3.0416555
279.78424 -3.039811
272.84952 -3.0438645
267.743 -3.0464697
262.68738 -3.0484543
256.5382 -3.046215
249.66638 -3.0476022
243.25215 -3.0567477
237.23866 -3.0672293
229.96527 -3.081642
223.10823 -3.094774
216.764 -3.1017933
210.66466 -3.1149025
206.40266 -3.1152055
200.47603 -3.119411
195.4537 -3.1332028
189.46733 3.1386921
182.66223 3.1331136
176.47864 3.1271539
169.67508 3.126575
163.50485 3.120962
157.53705 3.112729
152.62482 3.099895
146.69025 3.090141
140.52724 3.0878823
135.88475 3.0860455
129.02461 3.0830889
122.81713 3.0801282
117.08333 3.077114
112.85933 3.0746973
106.87366 3.0709448
101.899216 3.0674896
95.91464 3.0628567
88.945694 3.0566733
82.24025 3.0497308
76.01494 3.0421836
70.06077 3.0337038
65.098434 3.0254436
59.154846 3.0137124
52.452286 2.9972637
45.54631 2.9751894
39.64938 2.9501545
34.528122 2.9213235
28.234697 2.9076629
23.608547 2.9044766
17.851736 2.825715
12.073643 2.664364
8.700679 2.2901616
7.3704386 1.7036592
8.267597 1.1493384
11.179869 0.74068797
16.797462 0.46578366
21.820082 0.3530299
26.077782 0.29348853
32.860027 0.23165
40.165535 0.18894818
46.197163 0.10395193
52.303837 0.067872
58.02212 0.04800007
64.991165 0.039215915
71.21793 0.03578563
77.97368 0.032683957
83.17604 0.018621428
89.90988 0.017226623
96.71732 0.005682162
103.123634 -0.0043602753
109.124855 -0.0041204845
114.89681 -0.0039134864
120.87523 -0.003719927
127.85516 -0.003516846
134.09079 -0.0033533017
140.8568 -0.0031922262
148.82506 0.00369267
155.82275 0.0035268387
160.7999 0.003417674
165.82913 0.009339672
172.82628 0.014743863
180.86153 0.023858283
187.88643 0.029520279
194.10378 0.028574452
200.1353 0.03270801
207.9813 0.04589784
214.25827 0.049220998
220.30385 0.052410524
228.049 0.050628975
234.26102 0.049285315
239.24771 0.048257247
243.35896 0.047441382
249.4556 0.04628109
254.06418 0.0523962
259.5835 0.056036875
264.27032 0.06552119
271.5354 0.0785302
276.38614 0.08389785
283.07092 0.090312235
290.59195 0.10005726
295.31488 0.106138915
300.4949 0.11099045
307.81796 0.11819487
313.2483 0.1244303
317.71405 0.13105072
324.10138 0.13622917
329.26035 0.14138122
335.68225 0.14653009
341.87103 0.15864176
345.16235 0.17190413
348.98972 0.18443027
354.60928 0.19406046
360.55014 0.20743115
367.68884 0.22004966
372.50708 0.22878917
377.1876 0.23815
380.81644 0.24935251
383.37466 0.264547
384.77414 0.27765644
386.10596 0.28951234
382.74695 0.30096254
379.51242 0.31127024
374.84268 0.31591654
370.92502 0.3193708
366.2481 0.33157232
360.6793 0.33757412
355.9524 0.34223923
351.26596 0.34699634
345.49506 0.3499629
341.88254 0.35693973
336.28073 0.36952427
331.42023 0.37521082
327.68826 0.3797005
322.1395 0.3865838
316.2078 0.39081162
311.58945 0.39692608
307.38052 0.4062089
302.69916 0.42008972
297.23364 0.4283185
291.2276 0.43019214
286.21472 0.43439138
282.3946 0.4406767
276.97156 0.449931
272.50507 0.45786238
268.04315 0.46608225
263.58664 0.4746057
258.45572 0.48483232
253.86865 0.49437445
249.46861 0.50390613
243.25012 0.5086264
237.5295 0.50865406
231.22836 0.51288104
226.05331 0.5169527
220.00357 0.5226981
213.88452 0.5278045
207.69014 0.5340279
201.55983 0.5406126
196.77237 0.5447622
190.31427 0.545159
184.18674 0.5527406
178.00584 0.56087935
171.33461 0.5646704
165.76373 0.5702055
161.31337 0.5731824
156.04465 0.5797473
150.50287 0.5960099
146.75214 0.60682297
140.86363 0.6186124
134.13069 0.62508464
127.069954 0.6284394
120.96609 0.63233054
113.84492 0.61762255
107.40889 0.60076404
100.35325 0.6005062
93.17088 0.6014267
88.45987 0.60772306
83.98157 0.630501
78.1143 0.64089113
71.7103 0.65567625
64.37134 0.66518
57.379105 0.67522556
50.186417 0.684645
45.53918 0.705461
39.27812 0.7145345
32.99059 0.76072687
27.717697 0.7869062
21.617085 0.8854646
16.932964 1.0325315
12.127598 1.2584898
10.576977 1.6524366
11.664742 2.013195
14.0546665 2.29345
17.833437 2.5091426
22.401726 2.701555
27.759918 2.7906826
32.684536 2.8453183
37.48948 2.8842216
42.522022 2.8959775
46.796986 2.8924043
51.74047 2.8768306
57.658485 2.8506958
62.883877 2.8257184
69.94741 2.8136103
76.853615 2.7919886
82.96169 2.7905617
88.32652 2.7669032
93.89341 2.7493403
99.08688 2.7423196
103.9947 2.7413743
109.194954 2.7515638
113.91567 2.7496312
118.9175 2.7488325
123.961914 2.741233
130.87236 2.7303603
137.06067 2.718193
142.10983 2.7110798
150.07846 2.6914597
155.44046 2.6794565
161.02121 2.6678588
165.76045 2.6653578
171.54512 2.6610656
176.5596 2.645865
183.70743 2.640282
189.06696 2.6281266
193.36557 2.6162524
200.54024 2.612194
206.02353 2.6052275
211.59976 2.597878
217.97787 2.594625
223.49992 2.5944946
230.00803 2.591383
235.56427 2.585729
240.48372 2.585469
245.8304 2.5795743
251.51581 2.573795
258.55295 2.5677748
263.3648 2.5611072
269.60938 2.5562901
277.35544 2.54673
285.06696 2.5396235
291.8248 2.5316367
298.01053 2.529751
303.34738 2.521939
308.65216 2.5173216
315.88956 2.5152915
322.86975 2.5118184
326.8305 2.5017102
331.87903 2.4914248
335.33435 2.4828436
340.4418 2.472558
343.64792 2.4613836
347.57892 2.4520264
350.2206 2.442929
354.4543 2.432132
358.71222 2.419404
363.27505 2.4093623
366.87433 2.4025466
372.00534 2.3905118
375.59702 2.3812585
378.51883 2.3693876
380.77917 2.356365
378.8228 2.3438666
375.71436 2.334626
372.82272 2.3264935
370.66782 2.316338
367.28995 2.3063228
363.95694 2.2961454
359.3525 2.2889771
355.03635 2.2841728
349.71307 2.278014
344.29147 2.2695782
340.68564 2.262673
335.9781 2.2568762
332.916 2.2484953
328.4064 2.2361927
324.8575 2.2272031
318.19376 2.220572
311.85254 2.2133498
304.86896 2.203489
299.50708 2.1959615
292.70908 2.1885424
287.78122 2.1831565
280.7791 2.1762457
275.06952 2.168554
270.23584 2.161166
263.14328 2.1558454
256.39124 2.150501
248.27373 2.1436822
239.97896 2.1362267
234.83661 2.1344178
228.58722 2.1304138
223.39981 2.1212463
217.58531 2.1165228
212.43434 2.1130865
205.97488 2.1037202
199.69615 2.0945935
194.23265 2.0870614
188.76208 2.0829546
181.80656 2.072226
175.19621 2.0612059
170.51207 2.0419848
163.52148 2.0303519
157.0276 2.0163558
150.12625 2.0088136
143.55394 2.0014224
138.13263 2.0005267
131.4323 1.9915901
126.22679 1.9818485
119.648384 1.9808929
113.23887 1.983736
107.85702 1.9853791
99.63835 1.9914293
93.5295 1.9886304
88.46412 1.9860154
81.58318 1.9833035
74.65661 1.9950557
69.037796 2.0001001
63.63937 2.004093
57.865707 2.0265348
51.07292 2.0314922
45.61866 2.0362365
41.147217 2.0364912
35.838627 2.052331
30.438732 2.0666382
24.911484 2.0602596
17.749905 2.0455794
14.11652 1.8577183
7.609948 1.7024145
3.068302 0.62018937
5.5235157 -0.62033814
11.268503 -0.95683646
16.949057 -1.1130253
21.716837 -1.1691722
28.621794 -1.1768421
33.323486 -1.1939051
38.959732 -1.1928596
43.76759 -1.2000762
47.90369 -1.2196109
54.800343 -1.2171936
60.237526 -1.206304
65.59583 -1.1922201
72.153015 -1.1686949
79.134415 -1.1550522
84.91809 -1.1465355
90.70716 -1.1391048
97.83041 -1.1276557
105.31444 -1.1059982
112.75926 -1.08931
117.98514 -1.0817195
126.19641 -1.0735254
131.34604 -1.0687921
139.20917 -1.0670543
146.79878 -1.0582246
155.5489 -1.0425327
160.42175 -1.0472935
169.36304 -1.038357
174.21574 -1.0386816
180.44861 -1.0346229
188.81493 -1.030253
196.70085 -1.0247428
201.83794 -1.0221417
207.63864 -1.0189091
213.01735 -1.0163189
219.37096 -1.0128256
226.22838 -1.0058234
231.08516 -0.99799365
236.47496 -0.9946083
244.48297 -0.98619264
252.2564 -0.97707874
257.12244 -0.9706166
265.59546 -0.96465015
273.25064 -0.95493376
278.29636 -0.94815737
284.79486 -0.94042784
291.06683 -0.92967117
296.0901 -0.91830945
300.92545 -0.91261494
305.54517 -0.90486157
311.19278 -0.9015451
317.4099 -0.89702517
324.64755 -0.8923433
331.21136 -0.8870046
339.47195 -0.8818255
344.5612 -0.8781062
351.37094 -0.8720858
357.9454 -0.85901594
361.51422 -0.84849054
364.23676 -0.84004813
366.9789 -0.8317494
369.94382 -0.82299715
373.43582 -0.81296915
376.40845 -0.8046604
380.44833 -0.7936867
381.42743 -0.77706367
379.3811 -0.7639531
375.3952 -0.7520113
372.0016 -0.7422067
368.64572 -0.73222667
365.3216 -0.72204655
361.876 -0.7153858
357.92758 -0.70690346
353.46436 -0.69640607
349.33014 -0.68665266
344.00195 -0.67685825
338.7175 -0.67057276
333.25296 -0.6644078
326.4251 -0.6574968
320.21674 -0.65277314
315.4031 -0.64847267
309.98566 -0.6414562
303.65564 -0.63372386
297.04758 -0.62791014
289.9915 -0.62774
284.13788 -0.6257183
275.92075 -0.6209129
269.86404 -0.6150275
264.179 -0.6108055
258.04837 -0.6038252
251.80157 -0.59640694
245.70015 -0.5940483
240.31134 -0.5932345
231.71245 -0.5828888
226.31416 -0.5722226
221.09714 -0.56050855
215.23143 -0.55027944
209.21445 -0.53989774
203.59787 -0.5240039
195.6336 -0.52244794
189.65733 -0.51781255
184.26878 -0.5157499
177.04709 -0.5096903
171.2223 -0.5086487
165.88898 -0.51278704
160.37173 -0.512333
154.72504 -0.5163584
149.02034 -0.5167134
143.565 -0.5062256
137.94576 -0.50401103
131.44217 -0.49652314
125.13028 -0.50375736
120.28235 -0.5165321
115.26131 -0.5235703
109.41445 -0.5226752
103.806335 -0.52923524
95.74309 -0.5087546
89.75857 -0.50616944
82.25298 -0.4888743
76.36788 -0.4749514
70.34166 -0.4473189
62.489895 -0.40525934
55.230644 -0.36327332
48.586983 -0.28440428
42.69313 -0.18715926
37.611504 -0.091785
31.964808 0.017193522
27.188526 0.16111802
22.4131 0.25002602
19.142845 0.40508458
16.414085 0.65833235
13.688892 0.8789901
15.57445 1.2362034
15.57445 1.2362034
