Mouse
27
246.60846 1.5730777
246.63177 1.5568584
247.7195 1.5407683
247.87183 1.5246375
248.08858 1.5085307
248.36957 1.4924562
249.71016 1.4767995
250.1173 1.460877
252.57195 1.4460036
254.09114 1.4308729
256.65585 1.4165264
257.30087 1.4011644
260.15677 1.383518
263.2968 1.3625412
266.10364 1.3493879
268.456 1.3283999
271.63287 1.3122975
273.91605 1.2955827
276.2745 1.2791486
278.40497 1.2664202
282.15775 1.2482563
284.72546 1.2327137
287.3607 1.2174525
290.06165 1.2024722
292.45422 1.190943
294.7316 1.1720356
296.70877 1.1565056
298.75653 1.1411848
300.4446 1.1290808
301.71863 1.112682
303.07306 1.0964254
305.38934 1.0818602
305.53516 1.0672274
306.24283 1.0497748
305.67224 1.0335393
305.18253 1.0172473
303.3927 1.0019041
301.1246 0.9891522
299.4675 0.9734428
297.88513 0.95756245
294.98172 0.9422621
292.94897 0.9287111
288.96024 0.9183485
285.62006 0.90493774
281.70505 0.8939733
277.8249 0.8827012
274.62604 0.8683256
271.58533 0.8588094
268.5698 0.8490786
265.58026 0.8391278
262.6176 0.82895136
258.26932 0.8187253
253.949 0.8081502
249.65805 0.7972103
245.39803 0.7858892
240.45656 0.77707714
236.94858 0.7680005
232.04697 0.7584889
225.75403 0.74833703
221.57227 0.74124926
218.22737 0.72434807
212.01952 0.7125298
208.0176 0.69748336
204.06462 0.6818503
200.16347 0.6656039
196.31725 0.64871615
193.12102 0.6353393
189.37997 0.61722183
185.70358 0.5983806
182.64468 0.58336896
179.62834 0.5678496
176.65674 0.5518041
173.73218 0.53521407
169.989 0.5209739
166.28183 0.5060957
162.61314 0.49054256
160.3183 0.46302888
156.76524 0.44589737
154.17072 0.4252848
151.64389 0.40397602
149.18825 0.38195544
146.80734 0.3592093
144.50488 0.3357258
142.28465 0.31149572
145.80194 0.2965584
150.31088 0.2804744
154.85646 0.26533088
158.22006 0.24650203
161.86684 0.23448059
165.1052 0.21117662
169.41208 0.18767314
172.98994 0.17200005
176.45502 0.15136814
180.26552 0.14253812
185.08057 0.13335204
188.79588 0.120035306
192.65297 0.11239562
197.41354 0.09948745
202.295 0.09211364
207.10435 0.08027663
210.94377 0.069305144
214.86871 0.063373126
220.74278 0.052609395
225.60165 0.03816407
229.56348 0.033146307
233.50473 0.024018046
238.46468 0.015129812
243.44269 0.0066044284
247.43768 -0.0015850944
251.44876 -0.009513859
255.47514 -0.017193174
260.54227 -0.028376218
264.6415 -0.03927912
268.67902 -0.04241354
273.8159 -0.052585874
277.982 -0.062606856
282.24924 -0.07586467
287.4741 -0.084952265
290.8266 -0.09778166
295.33124 -0.113309294
299.65543 -0.1217474
303.14047 -0.13364333
307.51422 -0.14157887
311.9068 -0.14929137
316.0113 -0.15053792
319.7588 -0.1645913
324.55215 -0.17776993
328.4184 -0.19113955
331.1609 -0.20185116
334.15298 -0.21531102
336.97937 -0.22563925
339.84113 -0.2357946
343.70734 -0.24507144
347.6025 -0.25414112
350.56012 -0.26375073
353.54956 -0.27319866
356.57 -0.28248736
358.9526 -0.29508847
361.09 -0.304882
362.31082 -0.31541327
364.51904 -0.32499444
365.8159 -0.3353567
367.15173 -0.34564465
368.52618 -0.35585693
369.00516 -0.3669621
369.8998 -0.3805497
368.63177 -0.39364752
367.82422 -0.40933028
366.6963 -0.42259377
365.63327 -0.43593678
364.6357 -0.44935516
362.36316 -0.4616076
360.14566 -0.4740128
357.9843 -0.48656976
355.88007 -0.4992772
353.345 -0.50966674
350.48062 -0.5240993
347.17844 -0.5362942
344.78244 -0.54720867
341.8994 -0.55579376
339.04205 -0.56452423
335.3713 -0.57502
333.12457 -0.5865888
330.09723 -0.60001945
326.55566 -0.6111927
323.28793 -0.61829287
321.212 -0.63058513
317.78543 -0.64240396
313.6114 -0.6564198
309.66553 -0.6662739
306.2304 -0.6835187
300.8354 -0.69821393
298.43295 -0.7093972
294.65717 -0.7204506
290.91833 -0.73178947
288.63083 -0.74362767
285.6996 -0.75310576
282.79456 -0.7627795
279.91653 -0.77265304
275.65213 -0.7827171
270.70493 -0.7905044
267.18884 -0.7985113
262.27646 -0.8068463
255.9305 -0.81014186
251.04477 -0.8190772
245.5049 -0.8313677
241.41562 -0.8438792
236.61057 -0.85405225
232.59277 -0.8674357
227.98326 -0.8846714
224.0652 -0.8991096
220.80745 -0.91047174
216.97643 -0.9258454
214.00793 -0.944517
209.47662 -0.9582603
207.20268 -0.974056
203.59714 -0.9916107
200.05658 -1.0097926
197.95741 -1.0269026
195.4169 -1.0487986
192.97252 -1.0712602
191.97572 -1.0920469
192.85884 -1.1176243
193.86691 -1.1429522
194.99805 -1.1680021
197.17981 -1.1946198
200.5471 -1.206585
202.92555 -1.232028
206.05865 -1.247634
208.93942 -1.2673298
211.89902 -1.2864828
215.468 -1.296145
219.25757 -1.3198916
222.42166 -1.3374231
226.41734 -1.3597194
229.53966 -1.3804114
233.7432 -1.4012644
237.05594 -1.4207443
238.47345 -1.4385839
239.96594 -1.456207
241.53204 -1.4736071
243.1703 -1.4907777
244.81828 -1.5117903
245.61407 -1.5282885
246.47629 -1.5446757
248.40417 -1.560984
249.39711 -1.577062
249.45424 -1.5930973
249.57549 -1.6091212
249.76073 -1.6251255
250.00984 -1.641102
249.32637 -1.657388
248.70938 -1.6737592
245.18098 -1.691665
242.72385 -1.7095157
242.32124 -1.7264357
238.69373 -1.7373111
235.27417 -1.7527044
231.91199 -1.7685478
228.60973 -1.7848531
226.5735 -1.8049185
223.16512 -1.8177946
219.79488 -1.8310677
216.73721 -1.8491936
213.46225 -1.8633523
210.84473 -1.886991
208.01619 -1.9066787
205.27048 -1.926901
202.24512 -1.9430654
200.96327 -1.9670383
198.88588 -1.9933574
196.48741 -2.027008
196.08308 -2.0566442
195.36049 -2.0819232
195.62375 -2.1047604
195.14046 -2.130232
196.45486 -2.1501918
197.5894 -2.176912
200.26118 -2.204384
202.46823 -2.2272122
204.93385 -2.242675
207.4473 -2.2577667
210.00687 -2.2724938
212.61089 -2.2868633
215.25774 -2.3008823
219.3049 -2.3212695
222.74484 -2.3376873
226.25108 -2.347351
229.78288 -2.3628736
232.64711 -2.37495
236.958 -2.3865488
242.7751 -2.4033098
247.1602 -2.4139326
250.16127 -2.424568
256.77054 -2.436612
261.23843 -2.4460995
266.36386 -2.452363
272.27567 -2.4607081
276.80038 -2.469272
281.96213 -2.4747665
286.51883 -2.4828172
290.2987 -2.4885283
294.28552 -2.498852
298.30286 -2.508899
301.53787 -2.516743
304.79108 -2.5244203
308.31223 -2.536451
311.0485 -2.5464108
315.20117 -2.5553048
319.37814 -2.5639665
323.5785 -2.5724041
327.80124 -2.5806248
331.52148 -2.5912027
334.4207 -2.6000073
337.34543 -2.60866
339.79532 -2.6197107
341.7982 -2.6331537
344.81696 -2.6413343
346.91766 -2.654453
349.96735 -2.6687164
353.08337 -2.6763976
356.2403 -2.6902206
359.88913 -2.7012818
363.1659 -2.714623
365.59076 -2.7266235
367.2876 -2.7434728
369.46115 -2.7576506
368.54953 -2.7712462
367.70633 -2.7849069
365.99048 -2.797709
365.60638 -2.8089316
364.95374 -2.822776
363.7198 -2.8332195
363.48187 -2.8445404
363.2906 -2.8558745
362.87637 -2.8698719
361.82333 -2.8805215
360.81158 -2.8912323
358.87006 -2.9013407
355.99207 -2.9109175
351.9532 -2.922799
348.94394 -2.9355426
345.2048 -2.945107
340.51538 -2.9543347
337.8244 -2.9648662
333.1992 -2.9745736
328.60623 -2.9845536
323.20593 -2.9913018
317.67957 -3.001395
312.1867 -3.0118442
306.72916 -3.0226665
301.418 -3.030581
295.03036 -3.0418026
289.85983 -3.0469499
283.52924 -3.058995
278.3107 -3.0682557
273.11697 -3.0778692
268.005 -3.0841284
263.90265 -3.0908241
259.8125 -3.0977309
254.70091 -3.1086373
249.64447 -3.1159847
245.6019 -3.1237082
241.58644 -3.1275508
236.56294 -3.1399348
231.5773 3.1303315
226.60947 3.1212575
221.66113 3.111778
217.73283 3.1020486
211.88083 3.0867808
208.00821 3.0761263
204.01695 3.074844
199.25595 3.0581467
194.45497 3.045754
189.79663 3.0274982
185.07448 3.013686
180.38948 2.9991531
175.74463 2.9838488
171.95897 2.9744515
167.2049 2.9635792
163.64415 2.9472215
159.15154 2.9288225
154.71593 2.9093614
151.06532 2.896825
147.69788 2.8771234
144.11238 2.8631697
140.55637 2.8485072
137.33908 2.8261495
133.86462 2.8097768
133.35046 2.776525
132.98482 2.743053
134.5876 2.7156584
136.28897 2.6889281
140.3211 2.6631153
143.96223 2.644846
148.14336 2.6216059
151.88669 2.6052933
154.81781 2.586383
158.6432 2.5716014
162.22476 2.5489771
166.13243 2.5357292
171.46265 2.5217218
175.21599 2.501809
180.62141 2.4895175
185.26581 2.4746168
189.80737 2.4530377
194.54607 2.4397244
197.90694 2.4275522
202.70789 2.4153726
208.2785 2.4069881
211.71425 2.3961332
215.90285 2.3888035
220.79259 2.3784697
225.00774 2.371766
229.23262 2.3653092
234.17285 2.3560581
239.13228 2.34719
243.39137 2.3415365
246.9663 2.3331578
250.55804 2.3250186
256.99222 2.31754
260.61465 2.3099306
264.25174 2.3025303
267.90292 2.2953312
273.73257 2.2862744
277.41394 2.2795367
281.75452 2.2756853
285.58133 2.2643406
289.44388 2.2532973
293.34082 2.2425463
296.4822 2.2341497
299.03586 2.2232778
301.02667 2.2099304
303.0704 2.1967607
303.19928 2.1802716
303.41055 2.1638012
302.86612 2.149158
303.23264 2.1327033
303.16342 2.1134727
303.70743 2.0970924
302.97195 2.0795057
302.33063 2.0618389
302.2412 2.0470471
301.32285 2.0337276
300.45828 2.0203292
299.22693 2.0038266
297.5706 1.991625
296.87704 1.9779505
295.3159 1.9655125
293.8009 1.9529445
293.26556 1.9390168
291.8496 1.9262295
290.4818 1.9133196
287.2712 1.9025424
281.56906 1.8870213
279.39655 1.8745273
276.3105 1.8628781
274.22394 1.8499589
272.18387 1.836844
271.15967 1.822611
269.21896 1.8091469
267.32776 1.7954897
265.48712 1.7816406
263.6981 1.7676009
261.9618 1.7533722
259.29333 1.7396021
258.5003 1.7205335
256.943 1.7057201
255.44272 1.6907294
254.00053 1.6755649
251.6214 1.6605859
250.29706 1.6450268
250.03223 1.6290723
248.83208 1.6132579
247.69473 1.5972942
247.69473 1.5972942
