Stilus
25
225.41875 1.5508571
227.37407 1.5235837
228.6665 1.5039877
230.3528 1.4784276
232.9515 1.4541773
237.03107 1.4355494
244.87111 1.4149967
249.59349 1.4039606
255.17929 1.392612
259.81174 1.3852144
264.7923 1.3772264
269.7892 1.3695338
276.3799 1.3553745
281.8079 1.3499323
286.31808 1.3438607
293.67978 1.32868
298.37973 1.3170379
301.46024 1.2981303
306.82758 1.2785797
308.89667 1.2623644
310.51266 1.2464275
311.8783 1.2336476
313.46323 1.2195078
315.03806 1.2061125
314.63916 1.185157
312.03653 1.1716957
308.78745 1.1570609
305.50482 1.1379775
302.62396 1.1226081
299.81583 1.1099374
299.255 1.0865115
298.98163 1.0672235
296.8095 1.045221
294.15088 1.0193295
291.36414 0.99717075
287.53015 0.9773251
284.41 0.9635053
281.50937 0.9432401
281.52386 0.9175868
282.87006 0.8988481
285.75983 0.8807233
288.11227 0.865523
290.177 0.8519608
292.75 0.8368626
295.38046 0.82206047
297.2824 0.80544776
299.32825 0.7903163
303.10358 0.7717651
306.61935 0.75617784
310.2642 0.7451546
313.8912 0.7302647
318.41394 0.7176178
322.968 0.705375
327.4695 0.6937272
332.41263 0.68142325
336.05637 0.67266077
341.43896 0.6601647
344.29767 0.65138495
347.6846 0.6403832
350.3577 0.6303238
353.44296 0.620093
356.75525 0.6015397
360.0805 0.5875896
362.99182 0.573729
365.80554 0.56028163
368.34912 0.5495807
372.19153 0.53544694
375.2412 0.52293104
377.4184 0.50902003
378.2962 0.49112278
377.51215 0.47867996
376.1233 0.46563527
371.92236 0.4519409
368.51257 0.4420894
362.29572 0.4281848
359.26532 0.4181387
355.53836 0.40985337
351.25867 0.39585456
346.6261 0.38618046
342.0271 0.37624654
336.439 0.36446214
331.79886 0.3529577
324.1304 0.34200293
318.11414 0.3261274
313.87656 0.31576997
310.6221 0.30398998
307.6308 0.2917413
301.23746 0.28161842
297.1146 0.27122012
292.85004 0.25521123
290.4475 0.23964271
288.06522 0.21957867
286.96924 0.20175327
285.12073 0.18700416
283.98495 0.16453052
283.13168 0.14525996
282.3258 0.12423575
282.5922 0.10112236
284.6198 0.082771845
286.54907 0.066288136
291.24185 0.04809442
295.17828 0.03270898
298.66138 0.015223134
300.90997 -7.383204E-5
304.18344 -0.020445101
306.67682 -0.036382314
309.3162 -0.05244384
311.56308 -0.06563261
314.0608 -0.08671767
316.4271 -0.09877402
318.07077 -0.11123961
318.6784 -0.12717383
319.46118 -0.14508401
318.61993 -0.15888302
319.85416 -0.17251743
316.1075 -0.19158301
311.46466 -0.21080801
308.23657 -0.22622627
303.08774 -0.25054646
299.53104 -0.26133347
295.5076 -0.2719908
290.44876 -0.27685186
286.21097 -0.28833687
281.3627 -0.30460054
277.15314 -0.31596127
272.80865 -0.32605043
268.71948 -0.33907533
265.28452 -0.34764916
260.5845 -0.35419276
255.71036 -0.3696183
250.49284 -0.38199607
245.87515 -0.38955235
241.14783 -0.3976136
236.04416 -0.4102899
232.23735 -0.4274
229.13904 -0.44856974
227.6894 -0.47501922
228.2368 -0.5073982
230.66788 -0.5365638
233.23177 -0.55476874
238.84694 -0.56484
241.57202 -0.5786297
247.11801 -0.5979228
250.27458 -0.60925746
254.48737 -0.6259241
257.45404 -0.6416931
260.47903 -0.65707797
263.01013 -0.669454
265.89285 -0.6830377
268.32663 -0.69990784
272.38348 -0.7174127
276.36694 -0.73377985
279.21347 -0.7450157
282.55228 -0.7577399
286.64667 -0.7677147
290.13507 -0.780092
294.199 -0.79395616
298.85333 -0.8091529
302.14035 -0.8194765
305.28055 -0.82904196
308.38446 -0.8382261
311.29037 -0.85086745
314.58337 -0.8641924
317.10742 -0.87871724
318.44855 -0.8978976
318.5278 -0.91802275
317.23755 -0.9350083
314.75296 -0.9512293
311.87964 -0.9642656
307.63898 -0.97858495
303.38214 -0.993711
301.21198 -1.004874
298.71603 -1.0181671
295.99344 -1.033267
293.66663 -1.0467113
290.99463 -1.0628229
288.59616 -1.077958
285.91992 -1.0956805
284.00198 -1.1089807
281.5106 -1.1270927
280.51965 -1.1430926
280.26715 -1.1618009
280.79608 -1.1798333
282.33557 -1.1989918
286.20386 -1.2124672
289.80804 -1.2207917
292.5352 -1.2404084
296.2811 -1.2585202
299.13217 -1.2735981
303.13507 -1.2883129
307.1295 -1.3022274
310.64188 -1.3173108
314.28494 -1.3366802
318.09845 -1.3475949
322.15225 -1.3596438
326.53586 -1.371894
330.79944 -1.3864741
335.79306 -1.4013146
340.16983 -1.4157445
343.6779 -1.4261674
347.97375 -1.4392055
350.54712 -1.4519873
354.8651 -1.4672986
358.46432 -1.4826423
361.93668 -1.497007
364.8104 -1.5113287
368.03198 -1.5260043
371.28644 -1.5447006
371.98502 -1.5581657
372.1593 -1.5709953
372.18384 -1.5822773
371.26886 -1.5950097
370.42477 -1.6085525
366.87546 -1.6233469
364.57037 -1.637443
361.3544 -1.6518317
357.3858 -1.6687641
355.3599 -1.6817678
352.2246 -1.7024342
349.1561 -1.7180833
343.41394 -1.7381804
339.84012 -1.7495494
335.4583 -1.760998
331.36713 -1.7725964
326.83636 -1.7840873
323.34207 -1.7928531
319.34882 -1.8053104
315.74088 -1.8145715
310.43933 -1.8253907
305.90884 -1.8333597
300.67233 -1.8414891
297.02393 -1.8512071
292.41705 -1.8700304
287.7943 -1.8968718
284.54947 -1.90889
281.9622 -1.927195
281.06705 -1.9466461
281.17712 -1.9683586
281.31946 -1.987477
282.21146 -2.0097067
283.84204 -2.0234952
286.0457 -2.039085
287.8924 -2.051612
289.84814 -2.0643904
292.64603 -2.0818775
295.98428 -2.094936
299.72302 -2.109666
303.10565 -2.1280499
306.59665 -2.1400452
309.2358 -2.1532462
312.11462 -2.1671042
313.84106 -2.1807418
314.70276 -2.1955884
315.7141 -2.2096975
316.0675 -2.2278824
316.1567 -2.248232
313.92413 -2.2625542
311.14746 -2.2783864
307.81436 -2.2955441
304.8831 -2.3093069
301.1571 -2.3251703
298.08643 -2.3433645
295.36362 -2.3580387
292.57547 -2.3725464
290.44223 -2.3887348
287.92523 -2.4047387
284.04083 -2.4199388
280.12613 -2.4359658
276.7955 -2.4502091
270.7008 -2.455415
265.333 -2.4622822
259.6025 -2.4701293
254.34947 -2.4836109
249.90758 -2.500253
244.4145 -2.5181408
239.99342 -2.5355556
237.6401 -2.5499957
235.12798 -2.566091
232.75085 -2.5820303
230.34749 -2.5989168
228.00719 -2.6161847
227.21646 -2.6384697
227.20314 -2.6589346
230.61812 -2.675953
234.40976 -2.68965
238.36024 -2.702317
242.22136 -2.7097943
246.24654 -2.72074
251.44385 -2.7352993
255.65677 -2.7423785
261.7907 -2.7522428
267.3444 -2.7607512
271.19025 -2.7703798
274.78043 -2.7793524
279.1861 -2.7981
282.29532 -2.818548
286.13342 -2.834912
289.18008 -2.847763
294.20013 -2.8665981
298.63693 -2.885562
302.1817 -2.8962634
306.14548 -2.9122207
310.30203 -2.9226484
314.69147 -2.9351501
317.5278 -2.9526563
320.49557 -2.9700058
322.8776 -2.9841394
323.3362 -2.999988
324.44162 -3.0160384
323.9316 -3.035125
320.603 -3.0521188
318.11887 -3.0703607
314.76852 -3.0886486
311.501 -3.1073976
309.36807 -3.1233327
305.3218 -3.1394563
302.24268 3.1301892
295.60587 3.1080105
291.9141 3.0873
288.06293 3.0709581
285.26962 3.0527601
282.6742 3.0376506
280.5627 3.016111
279.9281 3.0006814
280.69003 2.9826858
282.61246 2.9636967
285.98904 2.9480467
288.16675 2.934166
291.9304 2.9223208
296.90936 2.9094644
300.5913 2.895357
307.07748 2.8837953
312.5099 2.8684955
317.23996 2.8529913
320.351 2.8402686
322.76486 2.8289251
325.73672 2.8189456
329.64865 2.8082602
333.37744 2.7981386
337.88593 2.787223
341.53677 2.775854
345.71774 2.7619264
349.1145 2.7530794
352.88068 2.742095
357.833 2.7297063
362.7193 2.7202568
367.55328 2.7115211
373.1437 2.6983087
375.40082 2.6858096
378.07397 2.671592
379.4029 2.6590388
380.25452 2.6449935
381.76236 2.6277685
382.20978 2.6152737
383.02548 2.601334
382.4998 2.5878541
381.7439 2.5707633
379.57993 2.5572793
377.5852 2.545029
374.4149 2.5340586
370.78934 2.5283968
367.97952 2.5163314
365.23813 2.5024076
361.0302 2.4954505
357.162 2.4872575
353.9883 2.4803622
350.7502 2.4731586
346.94296 2.4644628
343.74002 2.456949
339.981 2.447889
336.15048 2.4383752
331.60062 2.4266844
327.18762 2.4189942
323.44952 2.412907
319.81866 2.4027274
315.257 2.3894646
311.07156 2.3768013
306.21616 2.3614721
302.3787 2.3488352
298.97052 2.3371975
295.06955 2.3283064
291.57428 2.3205867
288.1929 2.3079002
284.56284 2.293737
282.12997 2.2742682
280.0458 2.2585676
279.07898 2.2371502
280.57443 2.2118297
282.84473 2.1910412
287.2637 2.1690953
290.19586 2.148221
293.35217 2.1255696
297.09006 2.102132
300.63266 2.081004
303.35452 2.0679328
306.2084 2.0541918
308.9879 2.0425663
313.27808 2.0263429
316.13428 2.0131638
316.3097 1.996242
317.60202 1.9764891
318.62692 1.9598148
317.12698 1.9438094
315.93002 1.9249957
313.3431 1.9106964
309.81744 1.8976455
307.52563 1.8759214
304.26904 1.8635595
301.08633 1.8487195
298.31223 1.8367387
293.84308 1.8232919
289.77356 1.8098608
282.7934 1.79479
275.47955 1.7780123
269.68784 1.766469
263.69852 1.7485862
256.56076 1.7291172
250.99243 1.7129532
246.09268 1.7015737
241.37303 1.6864856
236.53346 1.6701875
231.38306 1.6518351
226.96307 1.6351755
224.09773 1.6153786
222.44412 1.5954933
223.72855 1.5698744
223.72855 1.5698744
