Mouse
67
0.84356856 1.3849373
5.1691775 1.9355855
10.0706215 2.072608
14.540503 2.0608726
19.011444 2.0546565
23.48284 2.0508072
28.074383 2.1279144
32.529675 2.1150827
38.88731 2.136504
43.338573 2.1259904
48.3211 2.135116
52.772507 2.126599
57.227146 2.1194077
62.542892 2.1050007
67.376495 2.0799878
72.72041 2.0704844
77.18981 2.0683968
82.540504 2.0607746
87.01117 2.0594215
91.907135 2.0434906
97.2707 2.0383942
101.29615 2.0294073
106.66572 2.025468
112.0368 2.0219066
116.948456 2.0300815
120.980415 2.0228333
125.018326 2.0160532
130.82407 2.0202885
135.29578 2.0207562
140.66844 2.0180995
146.04205 2.0156384
151.41646 2.0133517
156.3679 2.0054371
162.16743 2.0092335
167.54385 2.0073724
173.34445 2.0108593
177.39116 2.0063536
181.86157 2.0070443
186.33208 2.0077019
190.80264 2.0083284
195.27328 2.0089266
199.32129 2.0049558
203.79152 2.0056028
209.16896 2.0042055
214.54678 2.0028784
218.59927 1.9993699
223.56569 1.994144
227.62456 1.9909302
232.60034 1.9860877
237.58134 1.981448
244.28038 1.9829026
249.2647 1.9785441
253.33418 1.9759067
257.4054 1.9733527
262.3995 1.9693938
267.3976 1.9655828
272.39948 1.9619119
277.40485 1.9583733
283.3409 1.9536375
287.42548 1.9516661
292.44037 1.9484849
296.52774 1.9466451
300.61606 1.9448552
304.70535 1.9431134
308.7955 1.9414178
313.46124 1.9356405
317.55515 1.9340879
322.58527 1.9314775
327.2683 1.9260857
333.24344 1.9226359
338.28265 1.9203172
342.98462 1.915325
348.02936 1.9131771
352.74313 1.9084183
357.4647 1.903785
362.19373 1.8992726
366.92996 1.8948766
370.7239 1.8914407
373.903 1.8829926
377.1084 1.8746874
378.8033 1.8622415
379.5952 1.8506342
378.24472 1.8379291
377.2086 1.8277009
376.21216 1.8174173
374.0501 1.8051069
371.19186 1.795876
367.389 1.7870854
361.45255 1.7765431
356.93033 1.7706048
351.43973 1.7650622
346.94263 1.7588035
342.45947 1.7523807
338.16638 1.7486998
333.87796 1.7449242
329.42645 1.7380588
324.00375 1.731498
318.7503 1.7278143
314.3391 1.7203777
308.95584 1.7131877
304.58008 1.7053013
300.35147 1.7004884
296.13004 1.6955383
291.79837 1.6870426
287.48843 1.6782914
282.20605 1.669623
278.0328 1.6638842
273.78375 1.654332
268.63892 1.648466
264.4318 1.6383287
259.31354 1.6319346
255.10414 1.6172416
251.02214 1.6100225
248.89766 1.5942785
246.83594 1.5782675
245.8385 1.5620267
245.90611 1.5457603
250.03539 1.5301673
252.2266 1.5146432
256.47247 1.4999464
260.6889 1.4895532
264.9326 1.4794921
269.20224 1.4697491
273.38815 1.4639467
277.47256 1.4619006
281.67053 1.4563856
285.75906 1.454507
289.84854 1.4526814
293.939 1.4509066
299.1455 1.446268
303.36658 1.441364
308.85892 1.4306108
313.24814 1.4229118
317.65543 1.415426
323.2298 1.4055936
327.6768 1.3985703
332.31906 1.3887744
337.9741 1.3798126
343.26434 1.376857
347.77432 1.3706092
351.5255 1.3611543
356.06848 1.3552513
360.62354 1.3494972
365.19022 1.3438867
369.9997 1.335785
372.89188 1.3266017
375.815 1.3175606
375.87164 1.3065913
375.01123 1.294902
373.2435 1.2824006
370.5797 1.2689822
367.6746 1.2579575
364.8149 1.2467586
360.40247 1.239711
356.95184 1.233419
353.1798 1.2296699
349.41287 1.2258401
345.65115 1.2219268
341.89484 1.2179275
337.20734 1.2128031
333.4639 1.2086
328.43503 1.206053
323.76886 1.2005444
319.67847 1.1989328
314.6581 1.1961199
310.93903 1.1914119
306.85364 1.1896113
302.76923 1.1877623
298.6859 1.1858625
293.6778 1.1826254
288.6729 1.179276
283.6714 1.1758085
279.06302 1.168914
274.07217 1.1651361
270.003 1.1626929
265.0189 1.1586688
259.63647 1.158013
254.65761 1.1537335
250.5964 1.1509161
245.62563 1.1463355
241.157 1.1470621
237.10072 1.14397
233.0468 1.1407704
227.6684 1.1395997
222.71123 1.1342953
218.66492 1.1307061
214.19405 1.1311978
210.1503 1.1274035
205.20854 1.1213523
198.9371 1.1173038
194.00868 1.1106462
188.64108 1.1083751
183.2745 1.1059709
179.2529 1.1009545
173.88986 1.0981916
168.52826 1.0952529
163.16818 1.092121
158.69656 1.0916976
154.22499 1.0912495
148.40526 1.0936397
144.3959 1.0870695
139.46185 1.0927734
134.9902 1.0922972
129.63194 1.0882329
122.924995 1.0872006
117.10393 1.0900286
111.28389 1.0931523
104.576385 1.0922545
100.10477 1.0915892
95.175606 1.1001816
89.35979 1.1047329
83.995575 1.0992543
77.73493 1.1158777
72.365776 1.1103454
67.89366 1.110556
62.983707 1.0895193
58.512318 1.088172
54.041054 1.0866016
49.17147 1.0572628
45.209393 1.0330615
41.27887 1.0042317
36.833267 0.99175763
31.57175 0.95810986
27.157312 0.93365514
21.991035 0.8714579
17.67342 0.8123342
10.637398 0.6970833
5.881038 0.50184566
4.317698 -0.2746395
5.6023793 -1.1757882
9.209724 -1.66258
14.290446 -1.7002026
21.000507 -1.852804
25.12125 -1.8467278
30.207201 -1.833484
35.296925 -1.8240584
39.419903 -1.8231921
43.30469 -1.8001233
48.1872 -1.7765337
52.10925 -1.7608515
56.04232 -1.7473675
59.98424 -1.7356538
63.933376 -1.7253859
67.88847 -1.7163136
71.99236 -1.7220005
77.929146 -1.710403
82.03053 -1.7156894
86.98113 -1.7073895
92.216064 -1.721493
97.1623 -1.7137673
104.38047 -1.7231773
110.46277 -1.7238804
115.71564 -1.7343733
120.81187 -1.7358004
125.746635 -1.7292691
131.00497 -1.7383214
136.10179 -1.7394404
141.3711 -1.7474506
145.48485 -1.7493855
150.58301 -1.7500222
155.68121 -1.7506173
159.79579 -1.7522973
164.89418 -1.7527888
168.82968 -1.7485007
172.94368 -1.7501034
178.04189 -1.7506213
183.14014 -1.7511106
188.23845 -1.7515732
193.33676 -1.7520115
200.58383 -1.7555296
204.69962 -1.7567424
210.7811 -1.7561423
215.08467 -1.7618544
219.01321 -1.7583861
223.31934 -1.7638445
227.43698 -1.7647855
232.53598 -1.7648602
237.82991 -1.7690574
243.12785 -1.7730718
249.40846 -1.7760942
255.69124 -1.7789682
259.81158 -1.7795522
266.09677 -1.7822322
271.1953 -1.7819681
275.74323 -1.7895657
279.86493 -1.7899517
284.20615 -1.7937608
288.77768 -1.8008294
293.36325 -1.8076774
297.96213 -1.8143142
302.3279 -1.8175443
306.9456 -1.8238391
311.57507 -1.829947
315.95532 -1.8328214
320.33813 -1.8356171
324.72336 -1.8383374
329.6504 -1.846832
335.56042 -1.8542403
340.2444 -1.8594179
344.9372 -1.8644547
349.63852 -1.8693563
353.6946 -1.8776703
357.13583 -1.8893251
360.30188 -1.8981302
363.49536 -1.9067812
366.71558 -1.9152809
369.0236 -1.9245685
370.42834 -1.9346983
370.9401 -1.9457353
368.34125 -1.9572912
365.40564 -1.9664874
362.10855 -1.9732934
358.82855 -1.9802243
355.9718 -1.9898517
351.41034 -1.9956412
347.27972 -2.0041993
344.07925 -2.011719
340.4338 -2.0233004
336.38843 -2.0324728
332.372 -2.0418677
327.92444 -2.0487876
322.6087 -2.057343
319.0784 -2.0632045
314.68127 -2.0707161
311.1767 -2.076878
306.32263 -2.0819352
301.9716 -2.090035
296.27368 -2.097154
292.31497 -2.1010706
287.5007 -2.106866
283.2136 -2.1158834
278.4251 -2.1221235
273.64783 -2.1285815
269.19583 -2.1301432
265.27786 -2.1349492
260.52435 -2.1419675
256.62207 -2.1471162
253.27756 -2.1557224
248.56413 -2.1634748
245.25652 -2.1725852
241.96982 -2.1819437
243.4765 -2.197756
245.84459 -2.2109325
248.25453 -2.2238553
250.70512 -2.2365277
253.97472 -2.2464824
257.26883 -2.2561831
261.995 -2.266126
266.74612 -2.2757156
270.867 -2.2821789
274.2463 -2.2908463
279.05762 -2.29959
283.88956 -2.308037
287.328 -2.3160038
291.46896 -2.3262851
296.33365 -2.3387105
299.8395 -2.3459904
303.36087 -2.353102
309.03397 -2.3668876
314.0129 -2.3734741
317.59125 -2.3799603
323.32495 -2.3882902
327.6672 -2.3965023
331.29126 -2.4024704
335.597 -2.406095
340.65152 -2.4115896
344.30444 -2.417173
350.6998 -2.4180796
356.43488 -2.4210582
361.42026 -2.4221227
365.0927 -2.4272826
368.7747 -2.4323394
371.29712 -2.4451976
371.06638 -2.4586537
370.11923 -2.4704475
368.61215 -2.4844446
366.1824 -2.4930933
363.78043 -2.5018568
360.81778 -2.5129743
357.66663 -2.520376
353.71835 -2.5262809
348.9631 -2.5306787
344.21478 -2.5351982
338.08334 -2.540608
333.35104 -2.5454159
328.62668 -2.5503623
322.2463 -2.5520198
316.14746 -2.5581305
311.44467 -2.5635424
306.75128 -2.56912
302.9119 -2.5766432
297.92755 -2.57796
293.25995 -2.5840247
287.7521 -2.588465
282.25015 -2.5930784
276.7545 -2.597875
271.2654 -2.6028662
266.29333 -2.6048298
260.46243 -2.6049116
254.98344 -2.6103728
250.5217 -2.6091676
245.55313 -2.6114247
238.35445 -2.6131732
232.02164 -2.617197
225.32617 -2.6153896
219.49582 -2.6157672
213.66551 -2.6161654
209.20209 -2.6148458
202.3743 -2.6237829
197.90889 -2.6225595
192.07932 -2.6232085
186.24982 -2.6238985
180.3151 -2.6370165
174.00783 -2.643248
169.06195 -2.647526
162.76712 -2.654595
156.48108 -2.6622324
151.09668 -2.6735122
145.28159 -2.676413
138.12764 -2.682809
133.21585 -2.6897027
127.844986 -2.6866984
122.93723 -2.694324
118.46571 -2.6949422
113.09289 -2.691795
108.190674 -2.7006912
104.14954 -2.6929843
99.67794 -2.693659
93.87345 -2.6993957
88.072464 -2.7058883
83.18642 -2.7182887
79.13208 -2.7090464
74.250305 -2.7231474
69.28437 -2.7070105
62.579308 -2.7101257
54.966595 -2.706444
50.496437 -2.7089677
42.88411 -2.7040431
38.413673 -2.7070813
33.47876 -2.6712968
29.006739 -2.6702719
24.137272 -2.6130948
17.994305 -2.540882
13.577866 -2.4958637
9.215308 -2.4078746
5.9014564 -2.0736578
3.834375 -0.9736902
6.2662516 -0.18796271
10.223159 -0.11478582
14.2042265 -0.08252674
19.6047 -0.21438845
24.240807 -0.3003131
28.662647 -0.32568717
33.098007 -0.3442701
37.842262 -0.29966104
42.644997 -0.26504323
48.701214 -0.25258684
52.583794 -0.23357531
56.48276 -0.21718323
62.558094 -0.21212597
67.45423 -0.1965193
71.381516 -0.18557748
75.69182 -0.20179664
80.790794 -0.20151886
85.69546 -0.18984017
91.77648 -0.18820384
95.70878 -0.18038443
101.79088 -0.17947401
105.90549 -0.18202241
111.98743 -0.18110593
116.102425 -0.18337268
120.037575 -0.17729633
124.96231 -0.17023937
131.21788 -0.17751421
135.15688 -0.17228815
139.26941 -0.17443828
145.35193 -0.17404953
151.26485 -0.16718051
155.2105 -0.16289206
161.13402 -0.15685335
167.06299 -0.15124306
172.00755 -0.14686339
175.96547 -0.14353691
180.91547 -0.13958354
186.7269 -0.12980944
192.67798 -0.1257785
196.64702 -0.12322678
200.6173 -0.120776035
204.58871 -0.11842043
209.55453 -0.115601495
214.52193 -0.112913094
218.49693 -0.110850394
223.46693 -0.10837522
228.43823 -0.10600777
234.40541 -0.1032994
239.48236 -0.10529993
245.44994 -0.10273063
251.41905 -0.10028332
256.4945 -0.10221084
261.57092 -0.10406356
266.64816 -0.10584573
271.6207 -0.103900954
275.59943 -0.10239566
281.67047 -0.103749946
286.64404 -0.101943456
290.62357 -0.100542784
295.50177 -0.09547742
299.39136 -0.09087882
303.20248 -0.08311245
307.10855 -0.078786224
310.9473 -0.0713617
314.86844 -0.06728805
318.73294 -0.06018354
323.66635 -0.056170367
328.50638 -0.046197873
333.37814 -0.036515903
337.3409 -0.033120625
342.25345 -0.023876093
347.1944 -0.014893932
351.1702 -0.009029643
355.15594 -4.8119272E-4
359.16052 0.005092735
363.188 0.013296816
366.2623 0.024108287
369.41483 0.037443906
371.63318 0.050687525
372.85544 0.061266076
373.1217 0.07196653
373.43063 0.082650505
370.79526 0.09406949
367.00842 0.10051865
363.02887 0.10162435
357.06033 0.10332909
352.08737 0.10479386
348.1096 0.105995804
344.1323 0.10722554
340.15552 0.10848402
336.29034 0.11272801
332.6709 0.123041436
328.8272 0.12755252
325.1237 0.13521916
321.29865 0.13998142
317.62695 0.1479737
312.98825 0.15664926
308.05045 0.15918148
304.26385 0.16451041
299.50058 0.1705383
294.74854 0.1767608
290.19208 0.1865753
285.47073 0.19326647
281.7427 0.19947658
277.82318 0.20232958
273.13333 0.20959482
268.4584 0.2171135
264.7741 0.22405596
261.1029 0.231194
255.26627 0.23657992
251.61931 0.24416949
247.98727 0.25198182
243.14836 0.25710884
239.54236 0.2653925
236.22575 0.27800423
232.9478 0.29097298
230.3173 0.3125944
230.63257 0.33043188
231.96124 0.346744
234.28607 0.361351
237.59044 0.37412378
242.78612 0.38343862
246.15515 0.3954692
251.00514 0.40035948
255.33926 0.41020706
260.2064 0.4146494
265.89832 0.4257998
270.2933 0.4346928
275.61267 0.4417443
280.51306 0.44531617
285.85214 0.45191726
291.20325 0.45827603
297.01492 0.45988685
301.93228 0.46291044
306.85226 0.46583712
311.7748 0.4686714
316.26587 0.47567055
321.65817 0.48103094
326.17563 0.48764703
331.58774 0.49265194
334.3746 0.50177765
340.29532 0.50900584
344.00024 0.51632655
348.58963 0.52205676
352.32654 0.529067
356.94055 0.53449905
361.56482 0.53979236
365.34418 0.54637074
369.99048 0.55139494
372.1016 0.56055164
374.24353 0.5696043
374.74286 0.5814715
372.51886 0.59185594
368.37988 0.5994284
365.08423 0.6056097
361.22925 0.6096373
356.8053 0.6114606
352.38254 0.61332977
349.11917 0.6199246
345.28583 0.62429774
341.45923 0.628769
337.6396 0.63334143
333.82718 0.6380184
330.02225 0.64280343
326.82938 0.6501399
323.65442 0.6576208
319.88165 0.6627899
315.49915 0.6655941
311.58173 0.6755038
307.211 0.67856485
303.47437 0.6842728
300.3855 0.69269025
296.0319 0.6961202
290.91754 0.7018661
286.5736 0.7055485
282.23373 0.7093443
277.24475 0.71053094
271.6041 0.70897305
266.51248 0.7154914
261.52567 0.7168666
256.5394 0.7182952
252.21399 0.72276187
247.23001 0.7243632
241.58394 0.7229349
237.26405 0.7277676
232.94994 0.7327794
227.90303 0.7409323
222.87198 0.7494539
217.90065 0.7518806
213.61679 0.75783163
207.92691 0.7638807
202.96399 0.7668391
198.02983 0.76280516
192.37445 0.76214087
188.17192 0.75410295
183.20331 0.7571153
177.54878 0.7562143
172.58144 0.75947297
167.61601 0.7629247
161.93393 0.7708708
156.2628 0.77939427
150.60388 0.788559
144.24402 0.7936006
140.02061 0.80394906
135.06001 0.79939425
129.40373 0.8000061
123.747505 0.80067384
118.09135 0.80140555
113.13266 0.79585636
108.19323 0.8028701
102.53729 0.80383396
96.881454 0.80491036
91.266 0.821613
84.88194 0.8160026
79.96076 0.82673603
74.309105 0.829882
69.401886 0.84323245
65.09505 0.82530975
59.443127 0.8291069
53.125263 0.84763974
46.730667 0.84100825
41.083763 0.84866136
35.571648 0.898413
29.957674 0.91970956
23.79644 0.9850146
18.286352 1.046395
12.537903 1.2329397
6.9262323 1.4031268
2.597379 2.3602822
4.414751 -2.6275086
8.49904 -2.3290033
13.45407 -2.3915842
16.606173 -2.556522
20.062847 -2.6668513
23.691153 -2.744106
27.42305 -2.8005998
31.221413 -2.8434582
35.339375 -2.849657
39.45841 -2.854562
43.578213 -2.8585396
48.940636 -2.8478332
54.018227 -2.8569152
59.38092 -2.848238
63.220615 -2.8665345
67.34197 -2.868376
72.16912 -2.8870714
76.29205 -2.887587
81.383415 -2.891132
86.47568 -2.8942595
91.56869 -2.8970392
96.662346 -2.899526
101.52364 -2.9113317
106.62004 -2.9129033
111.716675 -2.9143314
115.61734 -2.9221265
119.52457 -2.9294124
123.43774 -2.9362366
127.3563 -2.9426413
132.26137 -2.9501128
137.17328 -2.9570498
141.10728 -2.9622514
146.0298 -2.9683592
149.97153 -2.9729567
154.90286 -2.9783742
159.01256 -2.9762566
162.95934 -2.9802964
167.89636 -2.985079
172.00372 -2.9829612
175.95464 -2.9865525
180.06146 -2.9844956
184.169 -2.9825308
189.10754 -2.9867187
193.06065 -2.9899147
198.0047 -2.99373
202.95148 -2.9973598
207.9008 -3.0008166
212.8525 -3.0041125
217.8064 -3.0072587
222.76236 -3.0102646
227.72025 -3.01314
232.67993 -3.0158927
237.6413 -3.0185304
242.60426 -3.0210605
247.56871 -3.0234888
252.53458 -3.0258217
256.5082 -3.027623
261.36673 -3.0335999
266.33813 -3.0356233
271.2086 -3.0412397
276.0873 -3.046658
281.0652 -3.0483444
285.9541 -3.0534544
290.85022 -3.0583925
294.75626 -3.062901
298.74405 -3.0639536
302.65726 -3.0682728
306.50854 -3.0757365
310.37646 -3.0830145
314.31348 -3.0869355
318.20596 -3.0938983
322.15594 -3.0975907
326.1102 -3.101194
330.10696 -3.1016831
334.10382 -3.102161
338.02875 -3.1085393
341.9671 -3.1147714
345.91846 -3.120861
349.88232 -3.1268132
352.84604 -3.1382742
356.84882 3.136467
359.89133 3.125395
363.95123 3.1173313
366.06897 3.10654
367.22995 3.0957494
368.43335 3.0850282
369.67886 3.074378
369.96906 3.0635905
367.31412 3.052097
363.51648 3.0456338
359.8381 3.03627
356.07867 3.0295033
352.33588 3.0225925
347.61826 3.0151722
343.91135 3.0079367
339.37524 2.9972122
334.7259 2.98915
330.09894 2.9808612
325.3283 2.9753673
320.7404 2.9666383
315.99622 2.9607677
312.2459 2.9553134
308.316 2.9529107
304.5795 2.9472225
300.65582 2.9446528
296.93402 2.9387143
292.2448 2.9319153
287.78622 2.9215014
283.88406 2.9184253
280.21075 2.9117856
275.5781 2.9041193
270.9622 2.8961914
267.332 2.8889275
262.75012 2.8804853
259.15155 2.8727727
255.56883 2.8648434
252.00266 2.856689
248.4537 2.8483014
245.22195 2.8357775
244.55891 2.8177173
246.80434 2.8036418
249.09778 2.7898228
253.30695 2.7790792
257.54437 2.768688
261.80872 2.758634
265.17505 2.7474604
269.49304 2.7380304
273.83426 2.7288985
278.1976 2.7200525
283.49124 2.712951
287.8923 2.704645
292.31265 2.6965895
295.85248 2.687296
301.20767 2.6811905
306.57373 2.6752987
310.17007 2.6666782
316.02454 2.658395
319.6647 2.6502213
325.08292 2.6451783
328.75662 2.6373773
334.195 2.6326802
337.89984 2.6252263
342.48944 2.6193945
347.09033 2.6137173
352.21167 2.605744
357.35477 2.5979993
363.37097 2.5919163
366.8548 2.5817184
368.9947 2.5725331
371.16534 2.5634544
373.9211 2.5522556
372.86038 2.5373743
370.72556 2.5268044
366.65244 2.518939
363.41058 2.5125198
359.37976 2.5043335
355.37357 2.495962
351.58066 2.491388
347.79526 2.4867144
343.4057 2.4842393
338.2288 2.4798875
333.84525 2.4772515
328.0598 2.4750547
322.897 2.470349
317.74158 2.4654906
313.37143 2.4624815
309.63565 2.4568806
305.27393 2.4536684
300.91544 2.450363
297.20142 2.4443755
293.49832 2.4382367
288.39645 2.4323123
284.06064 2.428484
278.97614 2.4221814
273.90317 2.415645
268.8423 2.408862
264.53375 2.4043677
260.23074 2.3997247
255.25539 2.397801
250.28102 2.3958008
245.36479 2.3994792
239.03941 2.4035866
234.0622 2.4015708
229.08598 2.3994675
222.6978 2.3975313
217.78342 2.4017146
213.4843 2.3960013
207.83205 2.3970845
202.12556 2.3912377
196.42639 2.3850515
190.77197 2.385907
186.49364 2.3790028
180.11607 2.3758838
175.15442 2.372404
169.48055 2.3646016
163.11218 2.3605947
155.33241 2.356263
150.3843 2.351563
146.15527 2.3417525
141.19727 2.3462536
136.25688 2.3407032
131.32103 2.3347354
126.35867 2.3394897
120.01017 2.3327127
114.32884 2.3439174
108.67244 2.3432782
103.01608 2.342569
97.35979 2.3417773
92.40254 2.348657
86.03596 2.356318
80.379105 2.3563266
74.73583 2.3752606
68.36206 2.3666935
62.010696 2.3791738
54.94174 2.3821309
47.150547 2.371417
40.080444 2.3741026
33.01075 2.3779383
26.638988 2.3565931
20.287727 2.3915792
14.635781 2.4052532
9.772849 2.5025108
5.177941 2.7805512
4.9831543 -2.4518697
7.714323 -1.9483849
11.202745 -1.6462169
15.1717 -1.5605215
20.171501 -1.5630683
25.197424 -1.5249071
30.247826 -1.4994619
35.23691 -1.5095756
40.294674 -1.4923959
45.281006 -1.5010443
50.270058 -1.5079764
54.26275 -1.5126042
59.255 -1.5175117
64.24845 -1.5216565
69.24285 -1.5252035
75.201805 -1.5421244
80.19988 -1.5439117
86.17865 -1.5573833
90.17831 -1.5579783
95.17792 -1.5586516
99.19433 -1.5490607
104.25377 -1.5309227
108.2937 -1.5231681
113.39691 -1.5076497
118.52507 -1.4934708
123.58888 -1.4885288
127.65928 -1.4832968
131.73296 -1.4783882
135.91013 -1.4664508
139.88898 -1.4694291
144.96533 -1.4660566
149.04907 -1.4621899
154.2432 -1.4528133
159.57947 -1.4378321
163.81573 -1.4289681
167.91747 -1.4264398
172.02022 -1.4240321
177.11288 -1.422575
181.06999 -1.4258374
186.01894 -1.4297202
191.1101 -1.4282182
195.35881 -1.4209939
199.46364 -1.4190295
203.5692 -1.4171443
208.8199 -1.411344
212.92822 -1.40969
218.02397 -1.4088415
222.13313 -1.4073021
227.22928 -1.4065416
232.16344 -1.4100631
236.11275 -1.4127744
240.22054 -1.4112839
245.31596 -1.4104966
250.57387 -1.4058022
256.99268 -1.3981218
262.44217 -1.3901341
267.7223 -1.386141
272.2141 -1.3780055
277.90372 -1.3673257
282.43546 -1.3597847
286.7678 -1.3558866
291.32297 -1.3487537
295.89252 -1.3418409
300.71082 -1.331905
304.58868 -1.3214759
309.2112 -1.3152657
313.8453 -1.3092386
318.2277 -1.3064178
323.57718 -1.3044895
329.1942 -1.2996948
334.81857 -1.295061
339.489 -1.2897658
344.1687 -1.2846144
349.1457 -1.2768579
353.8474 -1.2720183
356.9509 -1.2629579
360.08313 -1.2540544
361.349 -1.2435353
364.87308 -1.2323209
367.16064 -1.2229489
370.41718 -1.2146374
372.76462 -1.2055154
371.42252 -1.1925709
368.45886 -1.1835176
365.1409 -1.1768445
362.23077 -1.1675073
358.03595 -1.1594578
354.2734 -1.14864
351.46112 -1.1387857
348.68347 -1.1287736
345.50558 -1.121205
341.89478 -1.1095805
338.7683 -1.1016823
336.12384 -1.0909946
332.5806 -1.0854428
328.5775 -1.0824554
324.10675 -1.0821147
320.58044 -1.076257
316.5867 -1.0730405
312.20255 -1.0653938
308.2203 -1.0619494
303.37064 -1.0567987
299.89395 -1.0502409
295.42914 -1.0493798
290.6 -1.0437933
285.78024 -1.0380182
281.82913 -1.0338657
277.02643 -1.0277355
272.2345 -1.0213891
268.83127 -1.0136194
264.91052 -1.0088389
260.69305 -0.9986189
256.50372 -0.98806405
253.17343 -0.97936934
249.86281 -0.9704436
246.57262 -0.9612789
243.3037 -0.9518671
240.05692 -0.9421999
239.23878 -0.9188426
241.68666 -0.9056864
243.39752 -0.8902191
246.57436 -0.8744583
249.1589 -0.86214143
253.9437 -0.852318
258.83716 -0.84831345
262.98782 -0.84193224
268.63583 -0.8407424
272.05847 -0.8322381
277.64795 -0.82619613
282.5166 -0.81797904
286.71512 -0.8125671
290.9218 -0.8073116
296.5503 -0.8021258
300.05777 -0.79485995
305.00153 -0.79238814
309.94385 -0.7854324
314.1896 -0.7809308
318.4416 -0.7765493
322.69952 -0.7722834
326.96317 -0.7681286
331.95505 -0.7619966
337.64587 -0.7582013
342.65723 -0.7524056
346.94653 -0.748735
351.30017 -0.7411317
354.93152 -0.73560166
358.57355 -0.7301837
361.5636 -0.72280455
365.3283 -0.713751
368.47525 -0.70281583
370.8961 -0.6937876
374.75388 -0.6852558
376.60727 -0.674422
374.90927 -0.66442287
372.45618 -0.65596783
369.2329 -0.64903474
365.22723 -0.64361936
359.62805 -0.6413967
356.44305 -0.63408345
352.46796 -0.6283025
347.6929 -0.6240666
342.92426 -0.6197128
338.16232 -0.61523634
332.83496 -0.6081705
328.3501 -0.59915334
324.44998 -0.59244853
319.7319 -0.5873095
315.0225 -0.5820166
309.48434 -0.5783247
303.1116 -0.5762911
298.12308 -0.5751647
291.21143 -0.5700974
285.68774 -0.5658671
280.70306 -0.56448567
275.71893 -0.5630542
270.7354 -0.5615701
265.7525 -0.56003034
260.77026 -0.55843174
255.78868 -0.55677086
250.80785 -0.555044
246.35472 -0.5567008
241.9023 -0.5584187
236.92076 -0.55662525
231.41484 -0.5510816
225.91638 -0.54526794
220.42595 -0.5391644
215.80615 -0.5303958
210.33707 -0.5236117
205.74835 -0.51406574
200.79121 -0.5108516
195.83624 -0.5074748
190.88364 -0.5039227
184.57692 -0.4980256
180.10748 -0.49887905
174.28174 -0.49748963
169.81223 -0.49838072
165.82402 -0.50461423
159.51701 -0.49781805
155.52841 -0.5044498
149.70139 -0.503049
145.23283 -0.504262
139.80687 -0.4930357
135.33673 -0.49400666
130.39462 -0.48829558
124.57195 -0.4858569
119.63653 -0.4792956
113.36214 -0.46832606
108.442154 -0.4602903
103.52985 -0.45149142
99.05805 -0.4509426
94.586296 -0.45034194
89.68442 -0.43963975
84.794 -0.42770156
79.917145 -0.41430426
74.53528 -0.4167457
69.67234 -0.4006111
65.2097 -0.39629084
60.374104 -0.37602416
55.920494 -0.36902553
51.12562 -0.34251496
45.744797 -0.3380436
41.31169 -0.32448184
41.31169 -0.32448184
