Mouse
50
249.69449 1.5728844
250.71806 1.5569214
250.80547 1.5409735
247.95976 1.5244876
244.01321 1.519635
240.13083 1.510465
236.34114 1.4967737
231.43283 1.4908669
227.70918 1.4763311
222.83064 1.469747
219.06587 1.4588217
215.20749 1.4521271
211.35909 1.4451885
206.66553 1.4325559
201.85802 1.4242358
198.05318 1.4162914
193.1143 1.4123069
189.16548 1.4089695
185.38605 1.4001693
180.46066 1.3954647
176.52336 1.3915119
172.58894 1.387379
167.6753 1.3819401
162.96326 1.3701526
159.25272 1.3589932
155.34438 1.35358
151.66502 1.3414572
148.00908 1.3287337
143.41096 1.3136061
138.58127 1.3044286
135.00064 1.2894826
131.4518 1.2737259
128.24953 1.2496823
129.56761 1.2203842
132.8547 1.1972716
136.20932 1.175286
139.62659 1.154367
144.91708 1.1402884
148.43034 1.1214209
153.33946 1.1151305
157.80997 1.100735
162.73724 1.0954328
167.66882 1.0904423
173.48961 1.0884248
177.96098 1.0888953
182.8976 1.0844967
189.19118 1.0781566
193.19112 1.0833883
197.66202 1.0839258
202.60233 1.0800762
207.54547 1.0764098
214.72606 1.0732706
221.03178 1.0681635
227.34294 1.06334
232.29776 1.0604206
238.61688 1.0560298
245.43785 1.0483277
253.13603 1.0430387
258.10324 1.0408015
265.81082 1.0359827
271.29462 1.0308121
276.7854 1.0258467
281.43054 1.0192181
288.31384 1.0135355
295.20602 1.0081183
299.58163 0.9975625
304.27646 0.9918652
308.1473 0.98455065
312.5945 0.9747658
315.6795 0.9660578
321.57495 0.9560124
326.3364 0.9513018
330.88065 0.94250816
335.66202 0.93812025
339.64627 0.9321046
342.84372 0.9244761
349.0518 0.9199423
353.0719 0.9143612
359.2953 0.9101315
363.95282 0.9026562
370.1932 0.89874804
374.2534 0.8937113
377.5471 0.8871132
382.26483 0.8802777
385.59122 0.87393224
388.17062 0.86602986
390.0178 0.85655606
390.40305 0.84378046
389.37695 0.8275696
388.49292 0.81491643
386.28378 0.80592966
384.1062 0.7968403
380.54648 0.7876564
377.7222 0.78018516
374.20392 0.77446705
370.72446 0.7648264
367.23984 0.7588532
363.7686 0.7527657
360.36877 0.7426398
356.9344 0.7362786
352.84875 0.7276818
348.78986 0.7188843
344.75854 0.7098803
341.40143 0.7029031
338.06128 0.6957876
334.7386 0.6885305
330.65762 0.68303263
327.3667 0.6754829
321.12177 0.6711203
316.28748 0.66711473
313.03714 0.6590526
309.8076 0.6508218
305.00052 0.646347
301.80426 0.63776225
297.23386 0.6282532
292.69116 0.61844814
287.35742 0.6103238
282.86823 0.599891
278.96768 0.5921033
275.08453 0.5840953
272.0588 0.5738569
269.06223 0.5633893
266.0958 0.55268717
263.16055 0.541745
259.75293 0.52723676
257.7635 0.5138256
259.8128 0.49620178
264.69012 0.4905308
269.16068 0.49008417
272.69635 0.48317975
276.2447 0.47645235
279.8052 0.4698959
284.2723 0.46193174
288.75687 0.45421448
292.82748 0.44365382
295.60272 0.43173435
297.60922 0.41390213
300.87988 0.4055123
306.01642 0.39477465
310.6378 0.3885841
314.34323 0.3837629
318.0558 0.3790541
321.77527 0.37445408
325.14114 0.36709177
328.87778 0.3627266
332.62054 0.35845956
336.36923 0.35428756
339.44266 0.3446732
342.87717 0.33798635
346.32672 0.33143246
350.10687 0.31868252
354.85855 0.31426784
358.3602 0.3081636
362.82977 0.3013575
366.35895 0.2955102
370.57507 0.28641757
373.58606 0.2756893
376.90265 0.26769426
379.98718 0.25729588
381.89868 0.24516743
383.86575 0.23316154
383.93658 0.22242305
384.05173 0.21168977
384.21106 0.20096415
383.43262 0.19074184
382.5162 0.17790721
379.85678 0.16847476
377.23163 0.15891019
374.49414 0.14657184
369.9682 0.13745494
365.4738 0.128113
361.25406 0.12403675
355.81335 0.11461967
351.50555 0.10744237
346.2213 0.10037596
341.04932 0.09601031
334.71085 0.08583299
330.55823 0.08084224
323.42273 0.07642637
319.28616 0.07113719
313.16312 0.06612867
309.10666 0.06375572
305.05197 0.061319683
300.99915 0.058818027
296.89374 0.052885212
291.8488 0.050369184
287.8046 0.047598757
282.72058 0.041374087
276.6153 0.031434998
270.53857 0.021048348
266.52 0.017612984
261.49252 0.0103024645
255.48425 0.0066304756
250.4796 0.0027705673
246.47882 -0.0012416091
241.48965 -0.009549334
234.50194 -0.01409856
230.5397 -0.023017721
225.5668 -0.02796002
218.63646 -0.037999284
213.68138 -0.043564744
209.73201 -0.04915884
203.85042 -0.06040467
199.92192 -0.06660537
195.00412 -0.073428676
191.0926 -0.08018334
186.19402 -0.08768781
182.30194 -0.09507375
177.42554 -0.10335979
173.55577 -0.111468896
169.58118 -0.11409273
163.74261 -0.12433197
158.9134 -0.13447818
154.95044 -0.13793924
149.3088 -0.15673372
145.35918 -0.1610291
140.59558 -0.173752
136.65755 -0.17881222
132.72324 -0.1841726
128.79297 -0.18986031
127.656425 -0.22359447
127.63484 -0.25589663
128.70549 -0.28596783
133.40077 -0.29908526
137.81444 -0.3044013
142.23177 -0.30938733
146.6524 -0.31407285
152.34024 -0.32266277
157.7167 -0.32463673
162.80305 -0.34008673
167.92592 -0.35459736
173.08203 -0.3682462
177.53435 -0.37064573
181.98763 -0.37292787
186.44182 -0.37510097
190.89685 -0.37717262
195.72499 -0.38389617
201.4867 -0.38840744
204.87375 -0.4027808
210.13219 -0.41283172
215.917 -0.41626796
219.38213 -0.42925808
224.69266 -0.43803602
229.11813 -0.44829232
233.56677 -0.4581589
237.1451 -0.46955672
240.75331 -0.4806143
245.27226 -0.48942044
248.9314 -0.49982587
251.74442 -0.5118677
253.7276 -0.5256125
253.18822 -0.54522485
250.30392 -0.5569287
247.99486 -0.572301
244.35892 -0.5868231
241.60104 -0.59943753
238.06488 -0.6147556
234.58626 -0.6305317
231.36742 -0.6407248
228.1733 -0.6512043
225.00494 -0.66198015
221.08243 -0.6758822
217.34303 -0.6838061
213.61778 -0.69200695
209.9074 -0.7004982
205.56279 -0.70560306
200.57268 -0.70715016
194.93362 -0.7048818
191.2477 -0.71445113
186.2606 -0.7163541
181.93394 -0.7225
176.94998 -0.72472996
172.63326 -0.7314169
168.32465 -0.7384465
164.0248 -0.74584496
160.42036 -0.75818694
156.14621 -0.7665014
151.88347 -0.7752832
146.92828 -0.7797548
141.97626 -0.7845385
137.02771 -0.7896678
132.79887 -0.8004536
128.58649 -0.81194746
125.867615 -0.8350096
124.73993 -0.86954874
127.19489 -0.8958478
130.34183 -0.91502494
134.93335 -0.93174714
140.3732 -0.9515238
144.47386 -0.9716133
149.46695 -0.9942544
155.59549 -1.0044996
160.04474 -1.0073628
166.40976 -1.0030887
171.09901 -0.99280536
178.02449 -0.98462605
184.40338 -0.9815546
190.22762 -0.9830505
194.66614 -0.9858942
198.55809 -0.9928177
203.84132 -0.9980008
208.59363 -1.0069634
215.06406 -1.0204287
218.9999 -1.0260893
224.66104 -1.0361211
228.97739 -1.0472482
233.32103 -1.0579623
236.81459 -1.06625
241.67989 -1.0726289
247.43645 -1.0806651
253.67377 -1.0848434
257.67963 -1.088662
262.151 -1.0889773
266.62244 -1.0892822
271.55817 -1.0863127
276.08423 -1.0785525
280.55457 -1.0790083
284.0868 -1.0856571
288.9798 -1.0906645
293.42355 -1.0985354
297.88495 -1.106171
301.46625 -1.1121165
306.85757 -1.120774
311.36737 -1.1277591
315.8919 -1.1345445
320.84842 -1.1383045
325.80933 -1.14195
329.8638 -1.1442354
333.91995 -1.1464652
337.5692 -1.1513437
341.6305 -1.1534388
345.6932 -1.1554846
349.75735 -1.1574829
353.42416 -1.1620287
357.09818 -1.166481
361.70038 -1.171919
365.00638 -1.1786999
368.32886 -1.1853588
372.03842 -1.1894009
375.9531 -1.199289
378.615 -1.2105075
382.01282 -1.2166487
382.52737 -1.2282699
383.09344 -1.2398584
383.71082 -1.2514111
382.47372 -1.2613406
381.2746 -1.2713336
380.1138 -1.2813886
378.99164 -1.2915041
377.9085 -1.3016788
376.86472 -1.3119107
372.95355 -1.3202194
369.06866 -1.3287035
364.47134 -1.3340636
360.11523 -1.3368574
356.28406 -1.3458269
351.5054 -1.3543813
348.71048 -1.3643532
344.18698 -1.3705021
339.87103 -1.3739275
335.36847 -1.3803672
330.08185 -1.3834496
324.7985 -1.3866323
320.68307 -1.3874137
316.38788 -1.3913237
311.113 -1.39478
305.672 -1.4015785
301.3951 -1.4058845
298.78748 -1.4179918
295.23428 -1.429836
290.73187 -1.4415252
288.25677 -1.454392
283.94653 -1.4632498
278.56732 -1.4755996
274.40005 -1.4814698
270.08353 -1.4949001
265.8173 -1.5087641
261.6534 -1.5192602
257.48056 -1.533975
254.36504 -1.5492562
253.31035 -1.564959
253.31857 -1.5807499
254.38963 -1.5964345
256.52188 -1.6118233
258.7139 -1.6269549
262.9591 -1.6412891
267.25662 -1.6551651
271.70346 -1.6722622
276.1112 -1.6852076
280.31757 -1.6906667
284.532 -1.6959642
288.88586 -1.7045393
292.41415 -1.7167286
296.9725 -1.7280962
300.75192 -1.742954
305.21515 -1.7503928
310.49387 -1.7538539
315.41162 -1.7509682
319.3477 -1.7487237
323.46164 -1.7495778
327.39868 -1.747405
331.51227 -1.7482548
335.9865 -1.7549419
340.8601 -1.7672142
344.5992 -1.7768999
348.36996 -1.7863767
352.17133 -1.7956498
356.23544 -1.8074547
359.1338 -1.8169767
363.0318 -1.825649
365.9911 -1.8348477
369.9439 -1.8431691
373.92178 -1.8513138
376.96536 -1.8600414
381.65884 -1.864586
383.79062 -1.8738073
384.05185 -1.8845253
382.46194 -1.8968943
379.32675 -1.9052672
376.55606 -1.9162799
373.8317 -1.9274546
370.79614 -1.9362755
367.42532 -1.9427083
364.07 -1.9492598
363.7168 -1.9615111
360.4074 -1.9683037
357.115 -1.9752216
353.3258 -1.9859941
349.66937 -1.9906085
346.43365 -1.9979506
341.8892 -2.0040092
337.3576 -2.010231
332.83945 -2.016622
328.33524 -2.0231886
323.8456 -2.0299375
318.92297 -2.0340748
314.89902 -2.0369103
310.87762 -2.0398195
306.85892 -2.0428047
301.95413 -2.047384
296.13528 -2.0461278
289.88678 -2.0494654
284.99164 -2.054432
280.52042 -2.0547504
276.5162 -2.05828
272.51556 -2.0619133
268.04514 -2.0623715
263.57477 -2.0628452
259.57883 -2.06673
255.10907 -2.0672958
250.63939 -2.0678818
245.69397 -2.0649128
240.82239 -2.0711038
236.83524 -2.0755007
231.49252 -2.0783825
227.51329 -2.083087
223.04654 -2.0840619
218.20555 -2.0913212
214.2409 -2.0965571
209.77757 -2.0978806
205.82065 -2.1034572
201.87039 -2.1092522
197.92715 -2.1152785
193.14 -2.124259
189.21567 -2.130875
184.7648 -2.1332054
180.01093 -2.143317
175.27643 -2.153976
171.39235 -2.1619577
166.13005 -2.1687357
160.30908 -2.170827
155.31396 -2.1694279
150.88371 -2.1734166
145.88803 -2.172016
142.03107 -2.1821404
137.03375 -2.180967
132.61115 -2.185891
128.77586 -2.1974726
124.95892 -2.2097638
121.16205 -2.2228272
118.0076 -2.243397
119.77626 -2.2747257
122.40312 -2.2996397
125.10274 -2.3234925
127.8705 -2.3463254
130.70209 -2.3681798
134.27888 -2.3836617
138.56483 -2.3930233
143.60242 -2.4065166
148.58217 -2.409594
152.23811 -2.422269
156.56895 -2.429493
160.26111 -2.4410787
163.97379 -2.452141
167.70566 -2.4627125
172.86012 -2.4718707
177.24 -2.4770339
182.41562 -2.4853072
187.60303 -2.4931235
192.00075 -2.497404
196.40186 -2.5014927
200.80608 -2.505402
205.21324 -2.5091436
209.84828 -2.5193846
215.08076 -2.5253778
219.74886 -2.5348144
226.92183 -2.551298
231.09248 -2.5633411
236.13976 -2.577229
240.05785 -2.5826218
244.31125 -2.5934753
248.2494 -2.5984333
252.54303 -2.6086662
255.99638 -2.6166048
258.9724 -2.627688
257.90756 -2.6431005
256.01923 -2.6568234
253.2891 -2.6689568
248.80673 -2.677782
244.34445 -2.6869304
239.9034 -2.6964185
234.15678 -2.7083347
228.8554 -2.7168603
222.65697 -2.7239754
217.78687 -2.7291174
213.3207 -2.7301896
207.53957 -2.7338045
201.37033 -2.7421925
196.90762 -2.7436507
192.06148 -2.7499795
186.85017 -2.7615957
182.59906 -2.7758455
177.448 -2.7888346
172.32867 -2.802598
166.29646 -2.8152845
160.60344 -2.822999
155.87321 -2.8332388
151.45647 -2.837806
146.08772 -2.8406312
141.38817 -2.8525095
136.9862 -2.8581796
132.58894 -2.8642259
127.93287 -2.8782184
123.061775 -2.9011414
123.149475 -2.934628
126.683624 -2.9565685
130.4427 -2.9697456
134.38553 -2.9748354
139.16203 -2.9878857
144.10512 -2.993198
149.052 -2.9981577
153.012 -3.0018945
158.1028 -3.0000348
163.19412 -2.998291
167.1541 -3.0017085
172.10667 -3.0057592
176.93306 -3.0151858
181.77434 -3.0241113
186.62935 -3.0325727
191.49702 -3.0406048
195.38083 -3.047761
199.27426 -3.054638
204.17354 -3.0616438
209.08237 -3.0683215
213.00233 -3.0743783
217.92795 -3.0804977
221.86292 -3.0860972
226.80334 -3.0917225
230.75163 -3.096915
235.66777 -3.1063406
240.63231 -3.111226
244.60266 -3.1158092
248.57799 -3.1202455
253.55794 -3.1246095
257.54257 -3.1287556
261.53152 -3.132775
265.52155 -3.14044
270.52225 3.1390274
275.52658 3.1354444
280.5457 3.1284251
285.55994 3.1251543
290.59848 3.1185555
294.64966 3.1120822
298.64792 3.1124775
302.7103 3.106258
306.74435 3.1034606
311.8222 3.0976627
315.9114 3.091894
320.0109 3.0862727
324.061 3.083874
328.23904 3.0754526
331.51855 3.064011
335.74973 3.056026
340.90598 3.051434
345.07367 3.0467055
349.3496 3.0392413
353.6446 3.0319583
358.0757 3.0220766
362.2888 3.017912
366.76816 3.0084345
370.28983 2.9988034
372.8568 2.9889476
376.4464 2.9796572
379.08246 2.970094
381.75275 2.9606636
384.45648 2.951365
386.2129 2.9416842
387.02704 2.9315548
386.90494 2.9209044
385.8535 2.9096544
382.66943 2.8996217
379.52457 2.8894217
376.16153 2.8816197
373.0878 2.8710928
369.7798 2.8629901
365.93567 2.8599842
362.37708 2.8542657
358.83057 2.848434
355.29648 2.8424861
351.7752 2.8364189
348.26715 2.8302293
344.77274 2.823914
340.0265 2.8193207
334.99036 2.8079848
330.60358 2.8001742
326.8372 2.7960765
322.82983 2.7850018
318.50476 2.7765794
314.20288 2.767926
308.9977 2.757825
305.6727 2.7498915
301.44647 2.7404933
297.24762 2.7308285
293.5847 2.725388
290.7552 2.7135344
286.21384 2.7062826
283.02048 2.6971188
279.8514 2.6877468
276.2619 2.6813986
273.13522 2.6716142
270.0353 2.661604
266.96307 2.6513624
263.44092 2.6442134
260.90558 2.6301613
259.43228 2.6091683
259.77792 2.5919929
261.04422 2.5769248
264.04483 2.566154
267.6297 2.5525131
271.52402 2.5443568
274.61407 2.53436
278.54718 2.5266638
281.68442 2.5171127
284.84683 2.507773
288.0335 2.4986389
292.8361 2.493849
296.0584 2.485113
300.09036 2.4786217
303.35098 2.4702575
307.4109 2.4641163
310.70734 2.4561028
314.02332 2.4482582
317.35822 2.440578
320.71143 2.4330578
324.83762 2.427714
328.22107 2.420498
332.36832 2.4154313
335.78012 2.4085014
339.20773 2.4017112
343.38538 2.397035
346.83875 2.3905075
350.3066 2.3841093
353.7885 2.3778365
358.6981 2.3716254
362.90814 2.363652
366.43405 2.3577912
369.26883 2.3501194
372.12497 2.3425648
375.00208 2.3351257
377.8996 2.3278005
380.81708 2.320587
383.75412 2.3134835
385.37085 2.302641
384.20996 2.291417
383.09775 2.2801263
381.26907 2.270457
380.24823 2.2590218
377.09216 2.2487805
375.38077 2.2388103
372.91626 2.2303894
370.47858 2.2218573
368.06824 2.2132125
364.88034 2.2060773
360.90262 2.2004447
356.9366 2.194687
352.16818 2.190445
347.40622 2.1860867
341.83237 2.1832852
336.26126 2.1803908
331.51517 2.1756794
327.60245 2.1691074
322.87463 2.1641042
318.15512 2.1589525
313.44434 2.1536458
307.9052 2.1499498
303.21 2.144324
298.52463 2.1385217
293.84967 2.1325343
289.18558 2.1263537
283.6804 2.1218107
279.2256 2.1232083
274.57895 2.1165404
269.94492 2.1096435
266.1866 2.100601
261.58362 2.0932016
256.99542 2.0855377
252.52924 2.0864422
247.95499 2.0783737
243.39749 2.0700023
238.85771 2.0613124
233.91736 2.058055
228.97957 2.0546572
224.50836 2.0550597
220.0372 2.0554788
214.21556 2.0539625
209.2812 2.0501482
204.80965 2.050491
198.98975 2.0487127
194.49829 2.0375452
189.57822 2.0329077
184.66246 2.0280232
178.85233 2.025314
173.9439 2.019914
169.04082 2.0142004
164.56963 2.0136504
159.67305 2.0074093
155.20258 2.0066304
150.31355 1.9997722
145.43205 1.9924531
140.5589 1.984626
136.2258 1.9665962
131.01047 1.9501956
129.24214 1.9142518
127.950615 1.8848114
128.6933 1.8504425
132.02057 1.827517
135.89328 1.8200432
139.53671 1.8060263
143.42958 1.7995266
148.08762 1.7852936
151.7941 1.7732472
156.50351 1.760564
161.2366 1.7486234
166.16011 1.7433004
170.10214 1.7392641
173.88573 1.7297374
178.82445 1.725312
182.77783 1.721944
186.7332 1.7187185
190.69043 1.715627
194.6494 1.7126611
199.46501 1.7041538
203.43019 1.7015393
208.38853 1.6984112
212.23404 1.691339
216.08978 1.6845189
221.05823 1.6819522
225.92174 1.6750982
229.80023 1.668958
233.51138 1.6544932
237.3416 1.6446869
241.13162 1.6310545
244.96506 1.6178464
247.80814 1.6011525
250.71869 1.5848418
250.71869 1.5848418
