Finger
13
5.46859 -1.4793493
13.101514 -2.0293813
21.451057 -2.1663303
27.836771 -2.1844616
33.63238 -2.2094648
43.733124 -2.21449
50.32769 -2.2158463
56.70345 -2.219123
63.732952 -2.2143047
71.997604 -2.2285597
81.238754 -2.2343626
89.96364 -2.231919
97.88207 -2.2203846
102.28802 -2.2122793
106.694756 -2.2048528
111.12199 -2.1979933
115.54779 -2.1916683
120.53811 -2.1821904
125.18267 -2.175858
129.61618 -2.1709838
137.9756 -2.1561263
146.28253 -2.1430287
155.19414 -2.13676
163.5533 -2.126017
170.98811 -2.1072516
177.88516 -2.0843506
185.78526 -2.0716534
189.79318 -2.0661535
196.54312 -2.0645058
203.57074 -2.0584323
211.08632 -2.0449529
219.03769 -2.0353782
222.73352 -2.0282671
229.0362 -2.0147643
235.57158 -2.0016096
242.66342 -1.9882184
249.96893 -1.9752939
256.8013 -1.9681454
262.9453 -1.9624653
270.49057 -1.9549512
278.5549 -1.9500473
282.98935 -1.9447316
287.027 -1.9392176
293.77866 -1.9303604
300.07336 -1.9198263
306.3426 -1.9115261
312.58795 -1.9010714
318.5962 -1.8880069
322.17407 -1.8819275
328.24283 -1.8696203
334.3753 -1.8577178
339.99152 -1.8406559
345.3004 -1.8251706
351.35153 -1.806091
354.73416 -1.7972685
360.6878 -1.7821354
366.29733 -1.7683959
370.1315 -1.7580987
375.92322 -1.7390975
380.13983 -1.7205043
385.14154 -1.7009028
389.2472 -1.6815325
392.68707 -1.6670184
394.44333 -1.6520231
395.93323 -1.634057
396.6487 -1.6214232
397.20844 -1.6110548
397.31955 -1.6008776
397.18115 -1.5852294
396.37054 -1.5732105
395.18655 -1.5556508
394.26907 -1.545415
393.55615 -1.5249622
392.23807 -1.5044464
389.77695 -1.4860408
387.44894 -1.4674039
382.3995 -1.4449513
376.7951 -1.4216895
370.1779 -1.3970938
366.9452 -1.3844265
360.49945 -1.3613313
354.05283 -1.3394545
347.68524 -1.3180668
341.53677 -1.2952442
335.32843 -1.2737279
328.3679 -1.2601469
323.99295 -1.2525648
319.7072 -1.2448498
316.1196 -1.2376701
312.29047 -1.2334243
307.7682 -1.2282652
303.80463 -1.2236092
299.1243 -1.2179416
294.0895 -1.2152547
289.38348 -1.2092093
284.7677 -1.2030717
279.7126 -1.1999338
275.04056 -1.1962792
270.97598 -1.1913366
266.00293 -1.187921
261.04483 -1.1834719
251.90413 -1.1695851
247.3495 -1.1617606
241.44289 -1.1556562
236.66032 -1.1501971
231.58533 -1.1452783
227.35533 -1.1416277
222.38263 -1.1363657
217.35861 -1.1317983
211.70047 -1.1244476
205.89255 -1.1163099
200.3921 -1.1127973
194.72084 -1.1053739
189.24811 -1.1013169
183.19572 -1.0967901
177.64561 -1.0933797
171.60028 -1.0882683
166.51414 -1.0790303
160.80492 -1.0686034
155.61412 -1.0633148
149.77742 -1.0509073
145.01723 -1.0400192
140.17564 -1.0279648
135.01065 -1.0201476
130.23126 -1.0065894
124.95665 -0.99873924
120.32171 -0.9936736
114.59451 -0.9901674
108.99917 -0.98911
103.19091 -0.98676825
97.31365 -0.98414856
91.339226 -0.9798059
85.532585 -0.9763235
80.341896 -0.9661019
75.08958 -0.9500968
69.855255 -0.9316711
65.39842 -0.91803
60.14583 -0.8936759
55.229538 -0.8680134
50.743748 -0.8441806
45.1695 -0.81613255
40.143787 -0.80235
30.274673 -0.7611299
21.836882 -0.7516606
14.460518 -0.734316
8.785544 -0.7011067
4.593529 -0.20814224
5.256268 0.84324706
8.467339 1.2714616
14.451226 1.3428822
19.741398 1.3020277
25.405155 1.2715011
29.849405 1.2473167
36.766914 1.2019832
44.76436 1.1749028
51.418224 1.1663809
57.67914 1.175715
64.3935 1.1684378
70.588646 1.1440037
77.05996 1.1395136
84.27112 1.1526723
88.07565 1.1688397
96.18631 1.1820828
100.56626 1.1809148
108.97401 1.1629075
116.41662 1.1439881
120.897934 1.1426288
125.82326 1.1341429
135.58824 1.1190318
140.53224 1.1122628
149.92123 1.1059949
154.39388 1.106034
163.67598 1.1006492
168.91837 1.1029123
174.05081 1.0984814
184.33995 1.0844345
193.498 1.0640581
198.08014 1.053728
207.93706 1.0461807
217.32463 1.0447071
226.93869 1.0350606
231.62848 1.0266567
239.24687 1.0066917
246.34879 0.99148613
253.11403 0.9795498
261.2085 0.9679651
268.13788 0.95039654
276.00934 0.93536997
280.06177 0.9280055
285.5619 0.91973644
291.51373 0.90843236
297.5262 0.90048337
301.46658 0.8905574
305.9877 0.88157284
308.8709 0.871439
314.7469 0.8581226
320.29587 0.8440172
326.27908 0.8316927
329.1554 0.8231264
332.63416 0.81629074
337.4172 0.8013297
343.0489 0.7886506
346.72403 0.77803826
350.7947 0.77062976
355.14047 0.76270103
360.36343 0.748941
364.72815 0.73417646
369.29456 0.71946955
373.9501 0.7086135
378.45242 0.695018
381.37094 0.6825892
386.82465 0.6678725
390.9803 0.6556274
394.8661 0.6392262
397.05518 0.6267158
398.86932 0.6103165
400.22122 0.5921304
401.69598 0.57242787
402.8981 0.5529219
402.70557 0.5329235
401.72772 0.5178084
400.06186 0.5001361
398.89236 0.48409244
396.91882 0.46901333
395.23236 0.4548019
392.7391 0.44164205
391.03696 0.43234336
388.07242 0.41548032
386.29794 0.3983283
384.00595 0.38389713
382.46112 0.37377068
378.7287 0.36131373
374.42255 0.34569785
370.03058 0.33001795
367.06003 0.32123867
361.08545 0.30630797
355.4687 0.29310358
349.73724 0.2779156
344.0059 0.2614943
342.01825 0.2509316
336.56006 0.23409219
331.67258 0.22427201
325.80017 0.20957801
318.9245 0.19816798
312.0297 0.18619935
304.71753 0.1684074
298.8296 0.15141459
294.1144 0.13645256
287.9746 0.12716433
282.43002 0.11988131
275.46518 0.114695504
269.0468 0.10996789
262.86536 0.10491711
256.6613 0.096812665
248.64365 0.08771442
239.6165 0.074301444
235.22824 0.067148626
227.01958 0.051953357
222.92737 0.043919537
215.80817 0.026857963
211.7561 0.022573465
206.77908 0.018370105
202.13066 0.014029169
197.77951 0.009140611
193.746 0.0040912624
185.75252 -0.0065069785
180.04532 -0.012196803
174.98392 -0.013990651
169.04298 -0.018968135
163.01443 -0.025924448
158.05034 -0.03306805
152.10855 -0.0409123
147.18434 -0.049032524
141.23273 -0.05823754
135.2742 -0.062457677
129.32983 -0.07136792
124.154465 -0.07612899
119.172104 -0.07931835
114.174706 -0.082797885
106.24974 -0.08898941
101.47605 -0.09318758
97.2846 -0.09721494
92.30769 -0.10247438
85.25527 -0.10167907
79.205284 -0.09686565
73.210686 -0.10185727
67.15678 -0.096116595
58.235775 -0.07999748
54.097023 -0.08228836
48.05896 -0.09265498
41.99981 -0.08217202
36.82337 -0.093755186
31.703392 -0.052028716
25.671968 -0.017515954
18.902826 0.029077027
12.906346 0.18230215
11.196785 0.81300014
13.132142 1.2214932
17.692278 1.371908
22.205448 1.4944401
28.144995 1.553052
34.2048 1.6380646
42.441647 1.6957669
49.701797 1.7220843
56.088696 1.7588727
63.543926 1.7846075
70.26439 1.8075356
77.7892 1.8345312
82.18411 1.8453444
89.038994 1.8702229
94.85507 1.8839906
101.25776 1.8946208
108.20338 1.9119605
115.847 1.9414443
124.54891 1.9658618
133.89981 1.9957156
140.73131 2.0127075
146.97151 2.02276
154.31583 2.0355594
162.2867 2.0506852
168.85857 2.070635
176.15257 2.0869527
183.45523 2.1018467
189.97398 2.1184309
195.59456 2.1262405
200.42157 2.135482
207.28394 2.1525486
214.48224 2.1695068
222.58221 2.182836
230.14961 2.1917367
236.8854 2.2024617
241.80563 2.2092228
248.87675 2.2271044
256.8012 2.2477329
263.68582 2.2619262
269.23102 2.273845
275.2372 2.2839084
282.6047 2.297755
286.53244 2.3078704
290.84842 2.3139868
295.589 2.3213534
300.49283 2.325278
305.37473 2.3316944
309.7369 2.337104
318.86234 2.3487117
322.92578 2.3570538
327.893 2.363522
332.29987 2.3681397
336.602 2.376399
343.90503 2.3878222
350.42224 2.401284
354.13837 2.41083
357.71875 2.4197652
360.90707 2.4275155
365.56308 2.4420793
368.9179 2.4567213
372.31824 2.4710276
375.51605 2.4904733
378.1608 2.5123057
380.35077 2.5332289
382.98764 2.5500042
384.9926 2.561903
387.26352 2.584361
387.7965 2.5979497
389.5111 2.620846
390.45734 2.642699
391.8982 2.6574543
391.1117 2.6725588
390.87573 2.6921635
389.21295 2.7071607
386.31723 2.7236078
384.7608 2.739391
382.76416 2.7518358
380.29727 2.767944
378.0195 2.783627
375.5303 2.793897
371.8871 2.8053448
366.8767 2.8199723
362.93277 2.8287206
356.66046 2.837736
350.29813 2.8506901
345.6068 2.8609402
339.67505 2.8712215
333.83054 2.8903499
328.62628 2.9066806
323.70013 2.9173417
315.74698 2.9285934
306.86856 2.939027
300.02335 2.9513144
292.67175 2.9699874
283.90323 2.9895625
278.53168 2.9974594
273.1342 3.0065796
268.7996 3.0147734
260.25516 3.0308237
255.0909 3.036423
249.79765 3.0462956
243.90942 3.052181
238.43204 3.0627484
233.28058 3.0696394
228.1784 3.076772
223.05063 3.088669
217.92441 3.096696
208.76433 3.118687
203.7302 3.127943
198.73761 3.1376095
193.73584 -3.135337
189.74347 -3.1286902
180.79599 -3.1127012
176.12918 -3.1063929
171.13115 -3.0994287
165.21451 -3.091912
160.30142 -3.0841877
155.12401 -3.0757837
149.41667 -3.0716517
144.44698 -3.0639026
138.57524 -3.0589366
132.61378 -3.047646
126.64945 -3.0432076
120.74951 -3.0383837
114.74111 -3.0329585
108.7647 -3.0269637
102.87038 -3.020364
96.90281 -3.0128582
90.93922 -3.0043643
86.01485 -2.9964538
80.962296 -2.9968305
75.97482 -2.9904277
71.70874 -2.9919639
67.70274 -2.986744
62.98392 -2.975038
58.09226 -2.9608648
53.747284 -2.9649904
45.71549 -2.950903
39.43616 -2.9457357
32.55704 -2.9423177
25.529715 -2.9266312
16.826557 -2.812019
9.090974 -2.6305177
2.062474 -2.808116
2.6363735 0.52825195
6.8711934 0.37990102
6.8711934 0.37990102
