Mouse
17
325.7081 1.2816024
325.2803 1.2972128
325.1885 1.309887
325.14896 1.3225665
324.92978 1.3382396
324.0313 1.350252
322.97433 1.3653587
322.18216 1.3775133
321.25922 1.3927878
320.41165 1.4081467
318.65094 1.4231231
318.087 1.4355618
316.4587 1.450792
316.0048 1.4633592
314.60544 1.4756597
312.17624 1.490996
310.81952 1.5067755
308.49542 1.5257713
307.3418 1.5386268
307.22162 1.554894
306.18405 1.5679048
305.19867 1.5810019
305.29062 1.5973796
304.42392 1.6106021
303.66544 1.6271864
302.9909 1.6438491
301.40488 1.660879
300.79636 1.6744226
298.37643 1.692131
295.06134 1.7105939
293.66882 1.7250314
290.53754 1.7441528
289.2892 1.7589655
288.1049 1.7739034
286.00916 1.789718
284.22052 1.8091836
282.28732 1.8254632
279.73703 1.8463644
277.97775 1.8631485
276.60382 1.883585
274.73187 1.9088477
273.6195 1.9297248
273.5563 1.9494072
272.29007 1.9671305
270.60037 1.989884
270.43805 2.0064049
270.78802 2.026263
269.92978 2.0527465
270.04865 2.0693052
269.37164 2.087673
269.64655 2.1042354
268.81955 2.1278198
268.97955 2.1494966
268.70212 2.1680665
267.70184 2.1888263
266.01572 2.2119744
264.4739 2.2354052
263.21982 2.2537503
262.05515 2.2722645
261.64166 2.2938106
261.35 2.315415
261.1573 2.3424718
261.15598 2.3695486
259.8794 2.3913882
260.22418 2.4185476
259.8747 2.4377282
259.92078 2.4677799
260.80286 2.4947274
261.2931 2.5245883
261.47333 2.5437052
261.2033 2.5659935
261.59012 2.5850644
261.5612 2.6073563
263.02414 2.62819
263.71942 2.6469905
264.5074 2.6656854
265.38724 2.684263
266.35803 2.7027113
267.01212 2.7244384
267.79156 2.7460492
269.06235 2.7640648
268.78397 2.7875605
270.25366 2.8052928
269.9089 2.8205059
271.2373 2.8414898
272.68396 2.8622603
273.99277 2.886331
275.68985 2.9066288
277.49908 2.92667
279.41833 2.9464438
280.4608 2.965317
281.76096 2.9805388
284.8227 3.003586
286.28476 3.018387
287.70227 3.0364897
289.2131 3.054409
290.81586 3.0721364
292.50894 3.0896642
295.25748 3.1104867
296.13177 3.1308448
297.1202 -3.1354764
298.1926 -3.1187286
300.30954 -3.1055646
302.52844 -3.0892851
303.76178 -3.0763068
305.20856 -3.0569026
307.56342 -3.0444934
309.08197 -3.0287056
311.66855 -3.0134873
313.3364 -2.998068
315.23755 -2.9796832
318.05087 -2.965181
319.15854 -2.9466724
320.93604 -2.935048
321.78015 -2.9228811
322.90192 -2.907765
324.09692 -2.8927567
326.59125 -2.8757043
327.66504 -2.8639255
329.07074 -2.8493125
330.2455 -2.8377137
331.77594 -2.8233333
333.70206 -2.8062553
335.38074 -2.7921767
337.48193 -2.7754717
338.37552 -2.760616
340.26633 -2.7469747
340.38492 -2.731155
341.08826 -2.7192316
343.16812 -2.7059414
343.0459 -2.686393
344.38123 -2.6720755
345.32266 -2.6604352
345.4299 -2.6474903
345.595 -2.6345553
346.31577 -2.6191292
347.46786 -2.6077168
348.3312 -2.5924377
348.7416 -2.5796607
348.36987 -2.5653553
349.73257 -2.5542066
350.8783 -2.5391858
351.28772 -2.522618
352.59863 -2.507777
353.98657 -2.493049
354.6632 -2.4767034
354.80536 -2.4626138
355.01788 -2.4485385
356.8235 -2.438124
356.40512 -2.4223046
356.74762 -2.4043727
357.98178 -2.3923445
357.82196 -2.376545
357.7516 -2.3607354
357.07224 -2.342921
356.4654 -2.3290098
355.92773 -2.315054
354.71524 -2.302939
352.2397 -2.286474
351.15118 -2.2741404
349.34634 -2.263556
347.1034 -2.246574
345.5747 -2.2316647
343.13403 -2.2224617
341.73102 -2.2072783
340.17908 -2.1960747
338.0951 -2.1823523
337.46503 -2.1692445
338.56204 -2.1528265
338.90598 -2.1381004
340.17477 -2.1218643
340.67267 -2.1072497
340.3766 -2.0941453
339.6518 -2.0784512
337.72534 -2.0681007
336.71967 -2.0562432
336.6519 -2.0429618
335.74722 -2.0309968
335.36148 -2.0149894
335.06186 -1.998949
334.33542 -1.9868228
333.65833 -1.9746456
332.65054 -1.959642
332.08447 -1.9473542
330.5119 -1.9265448
329.74628 -1.9112742
328.43216 -1.899794
328.11188 -1.8872718
326.00122 -1.8668644
324.85672 -1.8550868
324.45398 -1.8394297
324.13092 -1.8237376
323.15314 -1.8117532
322.22202 -1.7996978
322.31467 -1.7869068
321.08157 -1.7686536
320.31927 -1.7564094
319.10162 -1.734848
318.1768 -1.7162427
317.49066 -1.7006599
316.88196 -1.6850133
316.45105 -1.6724552
314.07812 -1.6604311
313.74536 -1.6477329
312.4026 -1.6320206
311.13757 -1.6161766
307.9242 -1.5971521
305.83313 -1.5809807
302.82315 -1.5645704
301.89578 -1.5479873
299.1397 -1.5243621
297.41745 -1.5072558
297.6982 -1.493846
296.1331 -1.4764917
294.54816 -1.462332
293.27457 -1.4412539
291.83862 -1.4267766
291.61105 -1.409315
290.48856 -1.3912187
289.26703 -1.3763775
287.3419 -1.3572862
285.5229 -1.3379445
283.09607 -1.3140596
282.48184 -1.2951405
280.05588 -1.2740719
278.70636 -1.2537673
276.19882 -1.2354908
274.13336 -1.213464
273.13193 -1.1924708
270.4103 -1.168456
267.84775 -1.1439673
264.11304 -1.120774
261.8709 -1.0952735
259.80197 -1.0693498
257.91034 -1.0430279
257.0507 -1.018384
256.64417 -0.9989813
256.3346 -0.9795244
255.30367 -0.9577815
256.59802 -0.937358
256.41345 -0.9124049
255.61404 -0.8849612
256.63663 -0.8679628
256.9816 -0.8485392
257.42322 -0.8291749
257.96103 -0.80988413
257.88455 -0.7879534
257.93213 -0.7660201
258.10373 -0.74410546
257.64957 -0.7247962
255.88214 -0.7049845
255.62364 -0.68546015
255.46275 -0.6659038
254.79866 -0.6431973
255.08092 -0.6181048
254.43127 -0.6007362
254.69403 -0.5811215
254.52345 -0.55822915
254.99797 -0.53869116
255.0747 -0.51582944
255.28462 -0.49299335
256.51932 -0.46844047
256.53687 -0.45100707
258.44864 -0.43033022
259.55246 -0.4115012
261.29175 -0.38783753
263.1754 -0.36449966
265.20032 -0.3415058
268.31305 -0.31770378
270.61746 -0.29553297
274.01547 -0.27276045
277.30582 -0.24706346
280.02222 -0.22625501
281.1075 -0.21079159
284.03055 -0.19062948
284.28433 -0.17614694
287.24704 -0.15313995
288.50864 -0.13495381
289.98315 -0.12035686
291.51883 -0.10591065
293.0249 -0.08822042
294.62177 -0.07071651
296.30786 -0.05340656
298.08173 -0.036297552
298.942 -0.019460727
300.88647 -0.0027161797
300.91443 0.013900542
301.99628 0.027098816
303.21725 0.046791255
304.49023 0.06304127
305.84293 0.079151765
307.37088 0.09835498
307.7894 0.11128843
309.25162 0.12378407
310.89896 0.13934691
313.60886 0.15425055
315.23444 0.16630177
315.92123 0.1787888
317.82983 0.19371074
318.8301 0.20910037
320.1294 0.22743557
322.26453 0.24185205
323.49847 0.2568588
324.8047 0.2717482
326.86133 0.28271574
327.99966 0.294427
329.7908 0.31183836
332.30643 0.32523617
333.9377 0.33942455
335.2907 0.3506741
336.6858 0.3618318
336.6283 0.37782705
337.1992 0.38994712
338.212 0.40474543
337.9782 0.4179549
337.8035 0.43118033
338.11905 0.4470874
338.07455 0.4603142
338.08923 0.4735422
338.16306 0.48676673
338.296 0.4999832
338.11047 0.51721567
338.02545 0.5344619
338.89304 0.55016506
340.15463 0.56172645
339.78278 0.5763931
340.87183 0.5918898
341.4726 0.60487926
342.71097 0.6201994
344.0292 0.63540566
345.61945 0.64643776
347.07358 0.66140884
347.82553 0.67805105
349.44223 0.6927852
350.37463 0.7092352
351.4887 0.7215771
352.65598 0.7338392
352.40973 0.74987054
352.22946 0.76993436
351.48145 0.7880082
350.12775 0.8041759
348.8663 0.82046485
347.69803 0.83686763
345.11945 0.8495666
344.1187 0.86623573
342.30975 0.8770311
340.84225 0.8961947
339.93393 0.90905935
339.08218 0.9219907
338.50107 0.93911624
336.96774 0.9504489
335.72925 0.9660306
334.2999 0.9775747
333.7515 0.99086237
333.26224 1.0041914
332.83234 1.0175573
332.46204 1.0309553
332.15155 1.0443808
332.7727 1.0593036
333.46765 1.0741677
333.77377 1.0916216
335.0769 1.1103679
334.2197 1.1224195
334.3179 1.1357952
334.47586 1.1491607
333.3791 1.1640733
332.35693 1.179081
331.4101 1.1941777
330.89413 1.2065308
329.49026 1.2178744
328.73904 1.2331986
328.06534 1.2485895
327.773 1.2611314
327.53235 1.2736938
327.53235 1.2736938
