Finger
11
252.3573 1.5767329
252.41975 1.5477699
252.67494 1.5202978
252.99567 1.4994955
253.39972 1.479866
256.0215 1.4493078
258.1654 1.4229898
260.2716 1.3969785
263.3779 1.375051
267.7461 1.3517066
270.5162 1.3383411
273.68066 1.3198862
276.68365 1.2965238
279.91095 1.2699753
282.39023 1.2428572
284.71548 1.2196424
286.19623 1.2057811
289.97794 1.182042
293.09775 1.1568283
295.7036 1.1310477
296.52765 1.117403
296.64233 1.0941832
296.32468 1.0745431
293.12827 1.052098
290.58496 1.0280898
288.23444 1.0068902
286.56192 0.98235244
284.11807 0.960429
281.37476 0.93185693
278.38348 0.9045702
274.92252 0.8841696
270.27023 0.86026734
266.34933 0.83748186
260.4622 0.81692713
257.03232 0.8084165
250.97952 0.7920794
244.24548 0.7748809
237.82033 0.7605862
233.797 0.7533048
226.90475 0.7336096
223.30592 0.7240099
215.23602 0.707757
211.11913 0.69950783
206.56584 0.6881898
202.32925 0.67823327
194.22572 0.6590588
187.42259 0.6401673
180.91371 0.6192948
177.16415 0.6064582
171.16258 0.5864275
165.30266 0.55407816
159.1468 0.52665466
153.46863 0.50127345
147.63571 0.4708255
144.11888 0.4408901
141.19145 0.41268012
138.85143 0.37231645
140.72954 0.33125174
145.23566 0.29145503
150.17792 0.26094067
156.19882 0.23599866
162.55988 0.2140007
169.27179 0.19465445
175.12184 0.1868102
180.4582 0.1712681
186.2783 0.154966
192.71017 0.13918912
200.34402 0.123863116
207.15411 0.11384047
213.90034 0.10084014
219.79868 0.08547965
226.48178 0.065196544
234.01576 0.046002075
241.83319 0.028016673
247.99448 0.011124627
253.96275 -0.0013376835
259.75928 -0.0124327205
266.83823 -0.027102659
271.2182 -0.034439847
277.35132 -0.054895785
284.62704 -0.080839984
292.1383 -0.10010834
300.7336 -0.11660431
309.27814 -0.12964678
315.87848 -0.14284095
321.72165 -0.1590874
327.087 -0.17881939
331.6313 -0.1908744
335.83994 -0.20436925
338.8221 -0.21757835
342.50726 -0.2383528
345.4798 -0.24897307
349.3801 -0.2661499
351.74994 -0.2797304
353.67712 -0.29811212
355.2525 -0.31222057
356.81223 -0.32549104
357.84024 -0.34231272
357.5868 -0.36266685
358.5521 -0.37731427
357.92365 -0.3961037
358.094 -0.4087801
357.78278 -0.42406064
356.38177 -0.44706583
354.98877 -0.46466705
352.36478 -0.48114765
348.30927 -0.5002476
343.94632 -0.5147067
339.74097 -0.52851933
334.53757 -0.5445954
328.78787 -0.5552219
322.8651 -0.56664187
318.66193 -0.5750566
314.2144 -0.5880756
308.4362 -0.6006195
302.94302 -0.60906744
295.6117 -0.6192392
289.60123 -0.637277
285.39944 -0.6526202
281.23642 -0.66398406
276.5482 -0.67731965
270.57047 -0.6952175
263.06894 -0.7142089
257.75668 -0.7374412
251.45702 -0.75100917
244.27377 -0.7673636
236.47952 -0.7816793
228.02672 -0.80012023
224.33089 -0.80898684
218.79337 -0.8242232
213.3338 -0.8432924
209.40712 -0.86460793
205.38728 -0.88787436
201.20955 -0.91381377
199.00703 -0.9428713
198.1693 -0.9662733
197.18896 -0.9919854
197.77911 -1.0253289
197.35051 -1.0592602
197.68071 -1.0989283
197.74028 -1.1327909
198.33467 -1.1631758
200.89703 -1.2008218
204.9381 -1.2433039
209.5517 -1.280833
214.67549 -1.3168646
218.36336 -1.3494905
222.1872 -1.3775225
226.19638 -1.4033664
232.22688 -1.4251242
238.39986 -1.4543182
243.67534 -1.484665
247.39366 -1.5152798
250.14265 -1.5399226
253.02641 -1.5569806
253.25522 -1.5757259
252.32947 -1.5954276
249.75037 -1.615832
246.03499 -1.6368489
242.52638 -1.6625769
238.84038 -1.6813422
234.5983 -1.7042592
230.22273 -1.724358
225.01772 -1.7414602
220.20923 -1.7717149
215.47763 -1.8010979
211.12048 -1.8352661
206.44812 -1.861543
203.59659 -1.8862822
199.63777 -1.9205784
197.04611 -1.9566271
195.62146 -1.9915767
194.55095 -2.0279498
194.2715 -2.05906
194.21312 -2.0826988
194.66394 -2.1107838
196.60391 -2.13322
198.90973 -2.151351
203.5021 -2.1763287
207.35785 -2.1944852
212.14699 -2.2115948
214.92027 -2.2267513
219.99178 -2.2434995
223.3176 -2.2602153
226.37244 -2.2764266
232.38536 -2.2998476
239.2365 -2.3191614
244.96725 -2.3322742
250.5705 -2.3441002
255.31386 -2.3588653
260.32083 -2.376447
266.15005 -2.3972728
271.5095 -2.4153047
277.23642 -2.4287531
282.55853 -2.4449236
289.3238 -2.4643297
291.99716 -2.4760284
295.93314 -2.4864275
299.13092 -2.4946163
304.7449 -2.508461
309.8094 -2.5204065
315.139 -2.5391939
321.0639 -2.5565174
326.57825 -2.571301
331.16574 -2.593485
335.9711 -2.6159549
339.8016 -2.625853
342.9625 -2.6377475
345.7374 -2.6487207
349.22852 -2.6605802
353.31055 -2.6816216
356.42578 -2.7022989
358.00516 -2.7280805
358.56323 -2.753004
359.34134 -2.777781
359.64453 -2.8017561
359.9754 -2.8138483
357.73196 -2.8352191
355.39664 -2.8567243
350.58957 -2.8763933
346.111 -2.891535
341.58456 -2.9084768
338.07986 -2.9272602
334.8488 -2.9442322
331.93237 -2.9578297
325.99078 -2.973058
321.3848 -2.983264
315.12045 -2.9929109
306.6365 -3.0019448
298.89905 -3.0118325
293.42703 -3.0240078
287.8383 -3.0417514
279.76663 -3.0532174
271.56104 -3.061604
265.36377 -3.0710545
259.92914 -3.0810945
254.04268 -3.091537
245.93243 -3.1020749
236.83064 -3.1132545
231.81966 -3.1169376
223.76527 -3.1294718
216.49931 3.1402993
208.81706 3.1210966
200.94897 3.100382
193.17424 3.0779903
185.51619 3.0537722
177.96692 3.027452
169.58862 3.0083334
164.80019 2.9983141
160.83458 2.9838724
154.06577 2.9619477
147.97743 2.935645
141.8093 2.904839
136.77966 2.8658082
133.15723 2.8265948
129.76021 2.7854156
126.91246 2.7333744
127.434265 2.6845937
129.89487 2.6594234
132.9088 2.6371553
137.74075 2.6150115
143.39563 2.5893564
148.58202 2.5713227
153.81998 2.554502
160.49603 2.5371835
166.40114 2.517767
172.37196 2.4996815
179.42166 2.4752638
182.9216 2.4623516
189.55426 2.4362092
193.47499 2.4262083
201.01755 2.4059732
209.37852 2.3904521
217.76602 2.3761592
226.20862 2.362908
233.97763 2.34759
241.81122 2.3332427
248.51743 2.314712
256.26083 2.3014214
263.1138 2.2847028
270.29865 2.2702007
276.1787 2.2503304
281.62817 2.2290611
284.38852 2.2184174
288.6689 2.2017372
291.9621 2.182078
294.57794 2.165071
294.67474 2.1471002
294.4724 2.120647
294.89078 2.1022584
294.61795 2.082718
294.42133 2.0659018
292.63345 2.044975
288.72516 2.0258212
283.88306 2.006599
279.33228 1.9925865
276.36966 1.9795803
273.17883 1.9637965
270.3097 1.9373465
266.48935 1.9178289
263.08795 1.8953235
259.2561 1.8749461
254.67111 1.8529207
253.25554 1.8366382
249.6731 1.813416
248.00267 1.7982887
245.29623 1.771706
243.99278 1.7435209
243.03484 1.7192355
242.28479 1.6968577
240.77045 1.6789745
240.17358 1.6529771
239.75665 1.6281084
239.46542 1.6000448
240.37051 1.5791063
242.08937 1.5587422
243.34991 1.5405096
243.67987 1.519541
244.86943 1.4921842
244.86943 1.4921842
