Mouse
27
0.46330267 0.94471204
4.9998097 -2.8106582
10.383776 -2.569171
16.212816 -2.580679
22.359098 -2.4863489
27.208399 -2.4369493
32.849987 -2.4230578
37.726402 -2.3581426
44.79746 -2.3578353
49.058365 -2.3288622
54.766228 -2.3058698
59.086803 -2.285576
65.4853 -2.2816622
71.238625 -2.2677782
77.7805 -2.247835
84.18362 -2.2476602
90.751015 -2.232018
96.54203 -2.2247393
103.73855 -2.220159
109.536766 -2.2143712
113.93952 -2.207347
118.93941 -2.2076392
124.74454 -2.203139
130.55197 -2.199039
137.1739 -2.1910262
142.1726 -2.1918445
148.8016 -2.1847777
153.22476 -2.1804066
158.22197 -2.1814773
163.46973 -2.1739614
167.3374 -2.1653233
172.60349 -2.1586967
178.7131 -2.1493886
184.83719 -2.1406963
189.2847 -2.1381907
195.42545 -2.1303205
199.35034 -2.1239216
203.28308 -2.11777
208.08102 -2.109377
212.89297 -2.1013627
217.2203 -2.0897148
221.19249 -2.084672
226.43678 -2.0716467
229.95349 -2.0632942
233.48578 -2.0551937
238.81184 -2.0434935
244.16919 -2.0323055
248.65607 -2.0233512
253.16217 -2.0147152
256.7802 -2.0080247
260.40945 -2.0015206
264.96097 -1.9936415
268.6137 -1.9875307
272.27618 -1.9815842
278.70786 -1.9715544
284.24207 -1.9633194
288.86813 -1.9566983
293.50647 -1.9502863
297.2256 -1.9453008
300.95187 -1.9404387
306.5543 -1.9333676
310.2975 -1.9287955
314.98535 -1.9232333
318.7425 -1.9189013
322.1697 -1.9117483
327.5032 -1.9027444
330.6485 -1.8930833
334.13315 -1.8864529
338.93814 -1.8725431
343.524 -1.8562337
347.235 -1.8411251
351.0236 -1.8263394
353.6782 -1.8098017
356.6503 -1.7962495
360.1132 -1.7883531
363.39117 -1.7779161
366.9049 -1.7703396
370.43933 -1.7629073
374.61542 -1.7498773
377.70285 -1.7349641
380.03467 -1.72329
382.27844 -1.7091697
383.73102 -1.6981262
384.2368 -1.6874696
385.7805 -1.6765678
386.2804 -1.6634225
387.84372 -1.6501086
388.54495 -1.639642
389.28857 -1.6292143
390.07437 -1.6188275
390.90207 -1.6084836
393.77066 -1.5980453
394.68185 -1.5878451
395.62827 -1.5751654
396.638 -1.5625482
396.73285 -1.5474246
396.84647 -1.5373477
397.04514 -1.5247614
397.2493 -1.5147027
397.49362 -1.5046552
396.8585 -1.491917
395.29214 -1.4789084
393.68967 -1.4683247
392.2458 -1.4551225
388.88748 -1.4411635
385.6063 -1.4269643
382.40414 -1.4125243
379.11227 -1.400442
375.51855 -1.3933872
372.12875 -1.3835549
368.7756 -1.3735428
364.4816 -1.362783
361.20697 -1.3523693
357.9722 -1.3417664
353.80713 -1.3302999
349.94058 -1.3157946
345.8841 -1.3037549
342.56662 -1.2950423
337.92688 -1.2788177
334.9839 -1.2668036
331.7805 -1.257443
327.65854 -1.2469323
324.19235 -1.2400814
318.58682 -1.2240398
314.82782 -1.2197218
310.4881 -1.2111592
305.2391 -1.2011747
300.5822 -1.1951653
297.23764 -1.1870985
292.60718 -1.1807016
288.9117 -1.1754367
284.30392 -1.1686633
279.31332 -1.1649517
275.6428 -1.1592226
271.9815 -1.153339
267.00778 -1.1491704
262.45364 -1.1413738
258.82217 -1.1349393
255.20172 -1.1283219
250.6924 -1.119782
247.09853 -1.1127259
242.62407 -1.1036125
239.0595 -1.0960767
234.62352 -1.0863357
229.331 -1.0741504
224.94768 -1.0635593
220.59059 -1.0525485
217.12488 -1.0434226
212.30739 -1.0356405
208.02206 -1.0233824
203.23975 -1.0147791
196.24873 -1.0046085
192.3409 -0.99784064
188.44226 -0.99079245
183.7218 -0.98043054
179.2864 -0.9772781
174.02667 -0.97073627
169.59718 -0.9671503
164.34984 -0.95989925
159.92744 -0.9557965
154.92955 -0.9567162
148.3005 -0.9499371
142.48918 -0.9466489
135.87143 -0.9387587
130.87177 -0.9391966
125.6626 -0.92854875
119.86332 -0.92360365
114.06726 -0.9181559
107.48589 -0.90643066
102.48704 -0.90541285
98.7373 -0.8883692
92.33437 -0.88783616
88.61771 -0.86810225
82.86871 -0.8567338
76.38783 -0.83497036
71.36364 -0.8087152
64.981895 -0.778358
60.766476 -0.7545919
55.178715 -0.7258127
51.054955 -0.6932076
44.99428 -0.63320446
40.523502 -0.5628857
35.415817 -0.4886216
30.051825 -0.43354598
25.758245 -0.34141982
21.037306 -0.27065116
15.69571 -0.23302695
11.573004 -0.228769
6.302502 -0.099252366
4.068607 0.97846663
7.380483 1.534004
11.506063 1.7215937
15.821108 1.8087013
20.916964 1.7988287
24.829887 1.762403
29.753626 1.7303953
33.708782 1.7115359
37.673412 1.6966416
41.543144 1.6606677
45.4084 1.6088715
49.380863 1.5855498
53.390633 1.5469793
57.53427 1.4964855
62.92153 1.4389576
69.46796 1.393215
73.76914 1.3761073
79.2797 1.3511801
86.046196 1.3209964
90.68396 1.299844
96.317 1.2837267
100.722664 1.2759272
105.4357 1.2597264
113.66028 1.2366953
118.43264 1.2238401
123.22307 1.2119825
131.18823 1.2021712
138.23541 1.1908187
143.06874 1.181715
148.3032 1.16699
154.88806 1.1499883
160.18579 1.137396
165.5073 1.1256118
171.74861 1.1171284
177.10664 1.1067258
181.59346 1.0944223
186.99028 1.0852216
192.87842 1.0719737
200.16017 1.0576001
204.74745 1.0477741
210.21584 1.0407943
215.3501 1.0278038
222.22092 1.0201657
227.94438 1.0046196
231.78938 0.9946837
237.04279 0.9838895
241.49638 0.97123593
246.80655 0.9613694
250.74518 0.9528543
255.51237 0.94689673
259.4807 0.93888825
263.4652 0.9311216
268.86594 0.9228622
272.88196 0.915598
278.932 0.9050948
283.60587 0.8955843
288.30453 0.886383
294.4351 0.87703586
298.53592 0.87101805
305.3584 0.8598088
308.7356 0.85210544
314.2076 0.8419234
318.29843 0.83229834
323.0989 0.8206493
327.25275 0.81155473
331.41156 0.79842216
334.92618 0.7919515
337.74802 0.7835223
340.59344 0.7752334
343.46188 0.7670824
346.35275 0.75906694
349.26553 0.75118464
352.26178 0.7394221
355.97202 0.72995687
358.96274 0.7225261
362.0749 0.71132225
365.2317 0.7003107
369.06894 0.69157976
372.30344 0.6809457
375.5793 0.67049605
378.89548 0.66022813
382.2509 0.65013945
385.64456 0.6402274
389.0754 0.6304891
392.54254 0.620922
394.65213 0.6109033
397.06268 0.5974909
400.09622 0.58632743
402.3402 0.5766858
404.08487 0.56506467
406.4102 0.5556381
406.87943 0.54339653
408.272 0.5299443
407.13214 0.52022535
406.90375 0.5092521
405.84628 0.49944532
404.7762 0.48406595
402.93024 0.4752791
402.0091 0.46529347
400.23032 0.4563616
398.05222 0.44508567
396.34653 0.4359766
394.67398 0.42678958
392.2283 0.4128641
390.64056 0.40348473
388.16425 0.3950187
385.71616 0.3864446
382.56357 0.3729023
378.89978 0.36253598
373.99454 0.35038024
370.75577 0.34209853
367.21652 0.33109844
363.40942 0.3172735
360.27533 0.30845678
355.91983 0.2976304
350.64795 0.2873431
346.6502 0.27872977
342.41345 0.26710138
338.22418 0.2551833
334.32614 0.2458713
330.22507 0.23339638
325.20096 0.22128266
320.4348 0.21184364
315.4989 0.19901544
309.82065 0.18955006
304.1712 0.17973217
299.8807 0.17555477
295.5956 0.17125617
288.02945 0.16171345
282.46814 0.15058714
277.08353 0.14258963
271.71735 0.13427567
265.25467 0.12235945
261.04477 0.11662542
256.73517 0.106832385
251.55463 0.10104653
246.29001 0.09097561
242.13031 0.084250554
236.98497 0.077616535
232.84802 0.07038504
228.7237 0.06289235
223.6142 0.055371325
217.47366 0.043124277
212.39958 0.03473157
208.31744 0.02100549
203.29951 0.016604288
197.27184 0.0019034065
193.27249 -0.0032312556
189.27846 -0.008582761
183.30733 -0.019774158
179.3597 -0.03136398
175.39664 -0.037777737
169.49106 -0.050906744
165.55148 -0.058168862
161.55843 -0.059608243
155.63455 -0.068318896
151.64413 -0.07011958
146.65685 -0.07250822
141.74893 -0.08209995
137.7628 -0.08448108
129.88647 -0.0973502
125.906006 -0.10043812
119.93775 -0.10545421
115.96074 -0.10908506
112.10249 -0.12183741
108.26379 -0.13549644
103.31182 -0.14203408
99.50582 -0.15767358
94.571106 -0.16597542
88.84079 -0.18823667
83.934326 -0.19938414
78.06224 -0.2146084
74.1589 -0.2260956
70.266426 -0.23885733
66.386734 -0.2531132
62.26377 -0.2536519
58.40039 -0.27084035
54.278767 -0.27280462
49.19574 -0.28061324
44.116398 -0.29022068
39.997948 -0.2948828
34.926666 -0.30909312
29.86483 -0.3281255
24.818224 -0.35491133
20.724943 -0.3767395
16.646393 -0.4092864
12.596884 -0.4628502
7.7306237 -0.34638044
3.2929623 0.11427607
4.5564866 1.2879924
8.551992 1.7743169
12.924958 1.8634292
17.348558 1.9073131
21.457712 1.8897476
27.17645 1.9368956
31.630323 1.9506663
35.72028 1.9351426
41.10483 1.9372597
45.55793 1.9467849
50.58396 1.9288768
55.62328 1.9142094
61.005066 1.9174831
66.387405 1.9202259
71.770164 1.9225574
75.871056 1.9167653
81.25322 1.9190539
85.69717 1.9250623
90.1439 1.930478
94.593025 1.9353845
98.6879 1.9303992
103.136894 1.9349025
108.52136 1.9357163
112.97259 1.9396182
117.42539 1.9432242
121.51619 1.9389116
126.90096 1.9394374
131.3536 1.9426671
137.10542 1.9498014
141.93758 1.9590107
147.56544 1.9801133
153.25421 1.9996575
158.5676 2.0121093
163.90398 2.0237522
169.26118 2.0346594
174.18301 2.0397882
177.79497 2.054773
183.20448 2.06394
186.87753 2.077728
191.8322 2.0812767
196.914 2.095988
201.87991 2.0989113
206.49596 2.1083224
211.1295 2.1173213
214.9302 2.128385
220.44461 2.1341803
225.1242 2.1420858
229.81729 2.1496687
234.52307 2.1569476
239.24078 2.16394
243.96973 2.1706614
248.70929 2.1771271
253.45886 2.1833506
258.2179 2.1893451
261.36575 2.1995955
265.3439 2.2073536
269.33755 2.2148824
273.346 2.2221906
277.9817 2.2321324
281.23904 2.2411728
285.29764 2.247804
288.5937 2.2564366
291.14282 2.267071
295.1342 2.2778962
299.25827 2.2837164
302.6402 2.2915535
306.0403 2.2992167
310.19992 2.3045473
314.36813 2.3097367
317.80954 2.316921
321.99728 2.321827
324.74 2.330831
328.22806 2.3375652
331.73065 2.3441572
335.24738 2.3506114
338.7778 2.3569314
342.32144 2.3631206
346.59488 2.3711963
350.89035 2.3790748
354.47934 2.3848295
357.39816 2.3925138
361.0139 2.3980303
363.9682 2.4054697
366.94232 2.4127886
370.68716 2.4217718
374.46127 2.4305747
377.5011 2.4374897
379.9173 2.4463117
383.77002 2.454658
386.39645 2.4668665
390.4833 2.478465
393.22003 2.4903011
396.01108 2.501972
398.04663 2.5120018
400.12177 2.5219283
401.66403 2.5337925
402.7019 2.547619
403.81638 2.5613723
403.32068 2.5723855
404.04535 2.5881455
404.01144 2.6025774
405.42825 2.6161091
405.1765 2.627126
405.85016 2.6393435
406.11447 2.6536915
405.5726 2.6668932
405.54782 2.6779203
404.23602 2.69009
403.8897 2.7033901
403.1183 2.713428
401.17896 2.7303371
399.59674 2.7395127
398.97244 2.7497199
396.71967 2.7636979
394.3286 2.7721906
391.61438 2.7831752
388.00793 2.7934346
383.49973 2.8030214
379.0276 2.8128355
374.59283 2.822883
370.19678 2.83317
365.84085 2.8437033
361.5265 2.854489
357.2552 2.865534
353.29153 2.874113
349.35443 2.8828862
344.2295 2.8939552
340.35507 2.903189
335.76553 2.9090576
330.74448 2.9209814
326.1914 2.9272723
320.46768 2.9361503
314.5767 2.9484682
310.08292 2.9554875
305.60486 2.9627128
300.15793 2.9695842
295.71222 2.9772644
291.28445 2.9851785
287.0249 2.9898906
281.63763 2.9977374
276.2684 3.0058897
271.91016 3.0148313
267.6935 3.0203536
263.37186 3.029824
258.07983 3.0392148
253.80725 3.0493627
248.56503 3.059528
243.42308 3.066033
238.22522 3.0770059
234.11092 3.0844283
230.00998 3.0921159
224.924 3.0998976
220.82057 3.112717
215.77289 3.121313
210.733 3.1350656
205.72946 -3.138557
201.73506 -3.13354
196.74602 -3.1282527
192.76259 -3.1227887
187.78548 -3.1169636
183.81459 -3.110989
179.8165 -3.1103084
175.85333 -3.103913
171.89769 -3.097223
167.9501 -3.0902185
160.95975 -3.0879853
157.02376 -3.0802608
153.09763 -3.0721397
146.19142 -3.061993
141.20781 -3.0591774
137.22177 -3.0567777
131.33669 -3.0453207
127.45879 -3.0344946
122.60386 -3.0220253
117.76957 -3.0085301
112.95855 -2.9938827
108.17393 -2.9779356
103.60411 -2.951023
99.88109 -2.9336057
95.97085 -2.9249992
91.32562 -2.9025376
86.475914 -2.8888464
82.609055 -2.8767376
77.79441 -2.8599124
73.96041 -2.8448784
68.24515 -2.8191702
64.46373 -2.7995071
60.71033 -2.7774036
55.688507 -2.7622015
50.682106 -2.7439914
45.69619 -2.7217984
40.738277 -2.6941872
37.17229 -2.6476166
32.33025 -2.6015072
26.191692 -2.5491796
21.764158 -2.5227907
17.988924 -2.438993
12.993006 -2.307413
9.835703 -2.0723064
9.835703 -2.0723064
