Finger
19
4.7869205 1.2524831
4.101771 -2.404198
12.028267 -2.1954443
19.764603 -2.2231066
28.257685 -2.2066667
35.62112 -2.2021508
42.729633 -2.1948996
49.198513 -2.201393
54.381496 -2.2001054
62.70238 -2.1867309
71.37028 -2.1695476
78.56937 -2.1685507
84.30532 -2.179507
90.88637 -2.1827705
96.86298 -2.189601
104.10533 -2.1873932
112.12361 -2.1803901
119.57988 -2.1674488
126.41965 -2.1594088
134.5826 -2.1458447
142.80096 -2.141869
151.19012 -2.1454284
156.18358 -2.1476154
165.59743 -2.1465733
174.36807 -2.1480603
183.10718 -2.1431532
191.02821 -2.1301894
199.24808 -2.1207902
207.6362 -2.1129696
212.79684 -2.1093984
216.90166 -2.103406
225.30841 -2.0968485
230.0725 -2.0909896
234.20773 -2.085798
238.96747 -2.0782924
244.15605 -2.0675318
249.00842 -2.0615406
254.09729 -2.055306
259.34198 -2.0524292
263.85474 -2.0444272
269.46783 -2.0379264
275.1286 -2.030664
280.71124 -2.021775
285.35083 -2.0139163
291.01273 -2.0084884
295.86108 -2.003715
300.49066 -1.9974262
305.45163 -1.9936386
310.35135 -1.9892913
315.02734 -1.9834603
319.62848 -1.9771667
324.15863 -1.9711607
331.75824 -1.9614855
335.82254 -1.9532982
340.05466 -1.9451387
344.32526 -1.937162
348.69785 -1.9292946
353.094 -1.9216199
357.39975 -1.9142451
361.74362 -1.9070278
365.1715 -1.8986257
368.34317 -1.889951
374.9802 -1.8758086
379.087 -1.8661999
381.3462 -1.8464803
380.68024 -1.8279531
379.6769 -1.8177044
377.5575 -1.8059878
375.64542 -1.7959514
371.3704 -1.7813829
366.63742 -1.7701701
360.0086 -1.7597711
351.0559 -1.7472798
343.01288 -1.7313797
338.55847 -1.723922
329.78433 -1.7075381
325.35007 -1.6999134
321.09003 -1.6946456
308.4878 -1.6801753
304.28055 -1.6750591
294.99377 -1.6648362
290.0129 -1.659475
285.60303 -1.6503867
281.45865 -1.6444322
277.30237 -1.6382664
272.37497 -1.6321021
268.02817 -1.6227125
262.91907 -1.6152827
258.0012 -1.6083175
253.78601 -1.6042535
249.72348 -1.597554
245.68361 -1.5938886
236.8407 -1.5863254
231.66335 -1.582391
225.84523 -1.578263
220.70122 -1.5740148
215.72635 -1.573111
211.69115 -1.5731553
205.85736 -1.573222
200.83093 -1.569201
194.93686 -1.5682346
189.93279 -1.568167
184.85939 -1.5680948
180.69038 -1.5680325
176.68845 -1.5679699
171.93292 -1.5678917
166.7129 -1.5678008
160.90642 -1.5626792
154.96678 -1.5611287
148.91605 -1.5607358
144.72705 -1.5604447
139.73618 -1.5600749
133.91151 -1.5596086
127.19986 -1.5590183
120.15289 -1.5583274
113.91921 -1.5576451
107.94643 -1.5569173
102.79699 -1.5562221
97.00992 -1.5553526
91.02197 -1.5543365
83.983864 -1.543313
78.05978 -1.538804
72.89657 -1.5257708
67.96486 -1.5078088
62.933514 -1.4993206
57.12964 -1.492045
51.16792 -1.482847
45.270645 -1.4713544
39.246048 -1.4560264
34.245796 -1.4096973
28.727034 -1.3428421
24.248938 -1.2567543
18.571316 -1.1556278
14.149167 -1.012898
10.138024 -0.7394119
7.707903 -0.23799847
9.000177 0.33851394
11.105762 0.70066285
14.024331 0.92061037
20.969107 1.153978
29.419458 1.2780691
34.056866 1.3188683
37.932106 1.3669899
45.61864 1.4280039
50.463955 1.4580718
58.34834 1.4907478
67.25064 1.5187937
75.16752 1.5375726
83.16664 1.5407691
87.41335 1.5536569
94.1205 1.5548785
98.1332 1.5555294
105.09808 1.5565412
109.12906 1.5570678
117.11578 1.558004
124.99262 1.5588102
132.97816 1.55953
140.97604 1.5601692
149.67241 1.5674598
153.91988 1.5675519
158.95195 1.5676546
163.71164 1.5677459
167.95352 1.5618763
172.94728 1.5621338
178.68217 1.5624119
183.66603 1.5626394
190.65707 1.5629385
197.57004 1.5632135
204.56836 1.5634729
210.63565 1.5636837
217.63383 1.5593232
224.69989 1.5552388
232.47055 1.5481932
239.45238 1.5405729
246.47604 1.5333602
253.6 1.5264771
260.70096 1.519996
267.8175 1.5110947
274.88416 1.5044895
282.1338 1.4963486
288.5095 1.4902252
295.39276 1.4828894
301.88428 1.4772002
308.12943 1.4701257
314.28476 1.4649663
319.73892 1.4604744
325.64023 1.4563379
330.8627 1.4520471
335.41174 1.4454361
343.3923 1.4307541
350.22 1.4161289
356.30972 1.3982712
362.24945 1.3850318
369.08566 1.3747268
375.1703 1.3617057
380.40933 1.3478084
383.19275 1.3313407
384.71536 1.3156343
383.0096 1.3032608
381.32538 1.2888013
377.06284 1.2668574
372.41342 1.2488045
368.90405 1.2392447
363.04565 1.2270656
356.81058 1.215571
349.6649 1.2072289
342.90424 1.1997166
336.07947 1.188602
329.21707 1.1834875
321.75485 1.1807303
313.85074 1.1772554
306.03912 1.1701804
297.10938 1.1638215
293.3374 1.1592112
285.3387 1.153613
277.52087 1.1460754
273.56223 1.142532
265.12878 1.1331681
260.9532 1.1288205
253.2971 1.1188873
245.56221 1.1092213
240.69366 1.1037871
235.42377 1.1007897
227.27258 1.0936723
218.48264 1.0921035
209.99907 1.0872331
204.67554 1.0845271
199.31859 1.0816723
194.0375 1.0786706
188.27763 1.0788978
182.79167 1.0769066
177.44637 1.073471
171.01297 1.0729094
164.7921 1.0661811
158.62115 1.058976
152.35793 1.051055
146.17033 1.0425488
139.99579 1.0332941
133.83511 1.0231874
127.67972 1.0120883
121.85728 1.0112085
116.20203 1.0082848
109.48743 1.0022418
102.83388 0.99540293
96.86981 0.99557775
89.81366 0.9941149
83.166 0.98500854
76.4935 0.97431713
70.32163 0.9531607
64.42723 0.9402944
58.063267 0.9238101
51.621162 0.9271654
45.258446 0.93156785
38.888905 0.9692128
32.364323 1.006783
26.474066 1.0571111
20.67597 1.0642499
16.055468 1.0669835
10.75808 1.0054308
2.111063 1.0465741
6.7451897 -2.651258
16.15098 -2.6113126
24.95603 -2.5858366
32.709373 -2.5526693
41.479046 -2.527959
51.673615 -2.5419002
56.695133 -2.5445917
62.107674 -2.5594952
67.5738 -2.5642405
72.391884 -2.5701525
81.667046 -2.5743656
91.66687 -2.579524
97.50627 -2.580801
103.25104 -2.5700188
109.699646 -2.563834
115.27727 -2.5536397
124.81175 -2.554293
129.25494 -2.5585577
135.63869 -2.56334
140.98888 -2.570963
147.06926 -2.5814507
152.41293 -2.587827
157.08705 -2.5911791
162.36285 -2.5967603
170.76492 -2.6060016
176.04555 -2.6107013
182.05814 -2.6172614
187.37354 -2.6213608
192.02043 -2.62328
197.38441 -2.6270287
202.97014 -2.6256878
209.13571 -2.6314774
215.41956 -2.6370308
221.63423 -2.642208
226.8331 -2.6449034
233.15959 -2.6496935
239.9717 -2.6555471
247.17326 -2.6616926
254.26146 -2.667378
260.99954 -2.67625
267.81375 -2.6838326
273.84082 -2.690597
279.70288 -2.6967683
284.6538 -2.701166
290.0716 -2.7099507
294.63132 -2.7170675
300.39026 -2.722938
305.016 -2.7288306
310.56027 -2.7366352
316.79932 -2.7450619
322.52954 -2.7524893
328.03247 -2.759358
333.5741 -2.7660275
338.5294 -2.7717924
345.6287 -2.7828317
351.82785 -2.792455
357.49173 -2.8063936
361.47986 -2.8190012
363.5032 -2.8374658
364.34937 -2.8582973
365.34702 -2.8789437
365.03888 -2.8956861
363.62387 -2.9117024
359.7793 -2.9241047
354.6784 -2.9374783
346.83484 -2.9511764
341.74692 -2.9631894
335.96545 -2.9751964
331.22855 -2.9880676
326.4087 -3.0043445
318.93967 -3.0200748
309.3196 -3.0358026
300.88763 -3.049495
292.5814 -3.0605874
283.5535 -3.0721467
278.49594 -3.0780072
273.39505 -3.081434
269.10498 -3.0869107
265.0211 -3.0899193
260.9691 -3.0929723
253.90422 -3.0994787
245.86937 -3.1031783
240.14853 -3.105329
235.13011 -3.1056755
230.12254 -3.1081073
225.84555 -3.1086254
217.81172 -3.116588
209.76193 -3.1251574
205.0268 -3.128409
200.0286 -3.1293538
195.77202 -3.134192
191.7602 -3.1379485
184.5145 3.1386142
177.79636 3.1328816
170.81213 3.126675
162.1223 3.115124
157.90025 3.1127956
149.90762 3.1045904
142.92291 3.1027813
136.00342 3.0934513
127.33183 3.0823102
123.154045 3.0721657
115.18859 3.0673563
108.95092 3.0630975
101.988335 3.0577266
94.35718 3.0430367
89.71569 3.0350268
85.457 3.0296946
78.49007 3.0197148
72.294876 3.0092115
65.357666 3.0259063
59.15678 3.0137167
51.355946 3.013804
44.43031 2.9937484
38.020958 3.0147712
31.17094 3.027546
24.242222 2.9947405
15.40042 2.9091718
7.839313 2.6720328
4.60724 1.7334251
6.212109 0.82106006
12.297524 0.22999738
19.979252 0.040320687
26.22426 -0.0078574885
32.972706 -0.04395512
39.96807 -0.03625819
47.024246 -0.06778286
54.034332 -0.06384218
61.06777 -0.072877586
67.02827 -0.06638693
72.2909 -0.06154774
78.08707 -0.06979599
82.08094 -0.06639475
89.368866 -0.07217889
96.08462 -0.06712613
103.04358 -0.06258669
109.553055 -0.058863442
114.8074 -0.06263463
119.00186 -0.0625958
123.10453 -0.06864129
130.09344 -0.06494839
137.13078 -0.06891308
143.37347 -0.06590805
150.09956 -0.06295066
158.07025 -0.059772488
166.06093 -0.056893114
173.9876 -0.05002239
181.90701 -0.040934276
190.81961 -0.02992397
195.76064 -0.027821949
200.75757 -0.022150582
205.73833 -0.018063666
210.46303 -0.012884662
214.7013 -0.0067482754
222.6864 0.00246787
227.38028 0.0068114046
232.43448 0.014118138
237.47 0.022244055
241.73918 0.030038692
245.82205 0.03771873
254.05457 0.05621433
259.10385 0.06274177
264.26685 0.06918159
268.4018 0.075589724
272.4932 0.07910538
281.6833 0.087197
286.81384 0.09169462
291.88733 0.09445246
297.00635 0.09862054
302.1688 0.103565276
307.27545 0.105163716
312.46158 0.109854616
321.11444 0.12570076
327.77737 0.14147577
334.92657 0.15664047
342.21207 0.1651095
349.04977 0.17346348
355.71716 0.18656443
361.0422 0.2006854
364.5471 0.21626875
367.99057 0.23293328
370.93832 0.24289253
372.07602 0.25494006
372.76428 0.2693693
370.96677 0.28191513
367.32318 0.29612932
361.79123 0.3095094
356.07526 0.3235225
350.49768 0.32965332
344.82214 0.33529013
337.28708 0.34308517
329.78818 0.35121953
321.3618 0.3608443
313.5323 0.36686844
307.9497 0.3738439
301.45636 0.38230798
293.7606 0.39014965
286.28952 0.39332345
280.2834 0.3973588
275.01755 0.4054083
267.38043 0.41468453
258.68115 0.42418194
250.988 0.4336764
244.45656 0.43704274
237.96724 0.4451634
228.32495 0.4556402
223.57726 0.46247545
219.28093 0.4670953
214.38469 0.47342247
210.36832 0.47785363
205.25006 0.47979823
199.6604 0.4830823
193.23026 0.48308086
187.28429 0.4832663
180.73567 0.48192397
174.3005 0.4770055
168.20695 0.4806274
161.4828 0.48134872
155.27545 0.48778108
148.53598 0.48890755
142.37447 0.49620765
136.11383 0.5043137
130.40874 0.5045096
124.13302 0.5117701
118.398094 0.51243585
111.6917 0.5153407
105.39981 0.5057069
99.32923 0.5049648
93.38955 0.50020534
87.99825 0.4988297
83.08999 0.49933445
77.78288 0.50750715
72.41411 0.516925
67.088196 0.527817
61.7908 0.5405607
56.780434 0.55292785
52.071583 0.5635392
46.77457 0.58449066
42.33507 0.5972163
37.116142 0.628299
32.13492 0.6643226
26.331495 0.706411
21.110027 0.77800536
15.642672 0.78788954
6.556898 1.090005
5.2899733 2.7923574
12.91309 -3.128892
16.920527 -3.1150155
20.935646 -3.1201134
26.929201 -3.1248946
32.937195 3.102848
39.34598 2.988954
46.310703 2.918223
53.801617 2.873339
60.688454 2.8359761
66.96629 2.802623
72.77576 2.7724507
79.80498 2.7528539
89.10958 2.734952
99.38316 2.7167876
104.85203 2.6991725
109.85332 2.6897476
119.677826 2.6738188
130.07867 2.6688263
136.4871 2.6683023
141.8385 2.6718042
147.06204 2.6668193
153.17911 2.6601484
158.90874 2.6455324
165.10982 2.6362898
171.4301 2.6299837
178.6039 2.626901
185.78453 2.624054
191.62146 2.6233473
196.81607 2.6208718
207.21819 2.6107988
218.19678 2.5977137
230.04909 2.5881836
239.91974 2.5792766
247.78845 2.5742052
253.85086 2.5660658
263.4082 2.5501285
272.85764 2.5380554
281.22195 2.5325816
290.60236 2.5299807
298.12967 2.523153
302.50626 2.514278
306.63898 2.5068111
311.22574 2.4976866
315.66248 2.4895465
319.8666 2.4826815
324.88318 2.4763508
329.87308 2.4717472
335.3649 2.4656038
340.0812 2.4590065
344.32822 2.4530287
349.0723 2.445591
353.61884 2.4390118
357.9069 2.4334931
361.95227 2.4247756
366.1798 2.416889
369.39322 2.4099889
372.2922 2.4025092
376.4119 2.394475
379.66504 2.3880267
385.38232 2.3733966
387.137 2.3550973
386.9209 2.334998
384.0158 2.3232727
379.8582 2.3153977
375.7491 2.307421
370.4947 2.295722
363.92453 2.2825122
358.28622 2.2694814
353.54688 2.2622807
349.48175 2.256655
344.18195 2.2509942
337.9691 2.246955
330.61203 2.2385943
323.61954 2.231109
315.37903 2.223311
308.11255 2.2137568
300.74652 2.2031326
293.41745 2.191979
285.54074 2.1773574
276.27075 2.165474
265.60934 2.1597948
256.67007 2.1513765
248.02678 2.1405532
239.5437 2.1237168
230.65448 2.110732
224.68593 2.1072664
219.48706 2.105371
214.39822 2.1019175
205.13005 2.09455
195.03758 2.0844412
185.03314 2.076396
179.05246 2.0708945
173.91891 2.0674596
163.99503 2.0584743
155.49536 2.051211
147.33638 2.0477488
137.24672 2.044767
131.83485 2.0340304
126.88729 2.0268853
121.545235 2.0118372
112.282135 1.9821081
103.77971 1.9629605
98.127235 1.9563164
92.66849 1.9543945
87.32247 1.9546267
82.18688 1.9636153
73.780304 1.970339
68.57656 1.9705535
63.944416 1.9674932
58.75853 1.9674628
54.07155 1.9635646
44.78287 1.9288281
35.588474 1.8760734
26.794556 1.8234754
18.347181 1.7744838
10.766247 1.6359438
4.001923 1.4456828
5.176995 -0.88549566
9.108421 -1.0803605
18.52787 -1.1664381
27.761621 -1.1214176
37.72987 -1.0652941
46.477398 -1.0461848
55.71201 -1.0387286
65.134766 -1.0349199
73.3603 -1.0381819
82.10622 -1.0444568
91.9461 -1.0336269
102.7036 -1.0257539
108.92286 -1.0196444
114.10913 -1.0150149
119.692825 -1.0163462
124.41533 -1.0190778
130.00441 -1.0200983
135.39651 -1.025599
140.68765 -1.0318441
145.30495 -1.0348749
149.77155 -1.0370396
155.13316 -1.0423588
160.73451 -1.0412651
165.7702 -1.039553
170.88971 -1.0352592
181.24638 -1.0254714
187.57455 -1.0211005
197.12239 -1.0198667
204.98827 -1.0166687
211.0875 -1.0115938
220.05902 -0.9995541
227.62134 -0.98858535
237.16237 -0.97975916
246.80974 -0.9726119
253.39975 -0.97052926
261.74194 -0.96457165
270.40775 -0.95612663
278.56818 -0.9459457
286.69366 -0.93637824
295.69702 -0.9293408
301.3506 -0.9218929
308.85492 -0.91625494
317.54984 -0.9064674
325.80762 -0.8990196
331.1001 -0.89160097
336.2701 -0.8886416
342.6944 -0.88512194
352.3619 -0.8819076
360.49042 -0.8762789
367.3814 -0.86340535
373.4857 -0.8546264
376.85168 -0.8464216
381.51797 -0.83270484
385.00232 -0.8190009
387.49533 -0.8009653
387.7735 -0.7827967
387.28055 -0.7695566
385.42947 -0.7570705
382.0738 -0.74387693
377.372 -0.73023605
372.65952 -0.7200722
367.96472 -0.70958024
362.74594 -0.70021504
357.95837 -0.689645
352.02206 -0.6814745
345.795 -0.67293775
339.70587 -0.66462713
333.81674 -0.6565924
326.8639 -0.6489489
320.8541 -0.6396998
313.8945 -0.63243926
307.9207 -0.62655723
300.50668 -0.6207937
292.13358 -0.61600566
281.7843 -0.6116584
274.05322 -0.60470116
267.3629 -0.59473073
259.8891 -0.586416
249.02779 -0.5769073
237.9555 -0.567041
227.48526 -0.5599921
220.17181 -0.5581399
212.45198 -0.553128
203.35089 -0.5461067
192.33551 -0.539721
186.67007 -0.5330103
181.18019 -0.5251803
171.99416 -0.5163001
163.14001 -0.5046144
153.25691 -0.49558255
147.55983 -0.49154356
142.44519 -0.4870492
137.14021 -0.4765775
131.73264 -0.4634433
123.410194 -0.4408445
113.87516 -0.42223102
108.08967 -0.41586423
102.410255 -0.41101107
96.94322 -0.4103438
91.49896 -0.40349886
86.425896 -0.39090535
76.08106 -0.33354375
69.767426 -0.32031295
64.049736 -0.3002382
57.630005 -0.29365155
52.28096 -0.28471366
47.698784 -0.26964447
42.314148 -0.2553586
32.63176 -0.20630904
26.6848 -0.177526
20.405298 -0.13262388
15.25069 -0.045956556
11.032739 0.04983242
5.9098096 0.7297986
5.9098096 0.7297986
