Stilus
21
248.50104 1.6049653
250.35614 1.5670722
252.29967 1.5386
252.70305 1.5181434
252.95117 1.5020019
254.33087 1.4830353
256.5556 1.462052
259.0194 1.4412619
260.193 1.4228061
262.11624 1.4010309
263.8235 1.3829303
265.89575 1.362368
267.04263 1.3463848
269.3554 1.3263187
271.0723 1.3021029
275.2462 1.2819535
277.99023 1.2679912
281.22598 1.2552515
286.23636 1.2359477
290.0735 1.2192926
293.0335 1.2080032
296.54257 1.1903083
298.91086 1.1709661
299.36758 1.1506916
298.8428 1.1324645
298.75922 1.1165206
298.22867 1.089463
299.2256 1.0760435
301.12164 1.0576946
303.60422 1.0433637
302.69144 1.0243173
300.69016 1.0090299
297.79306 0.9924062
293.64255 0.97083867
290.4822 0.9570825
287.68362 0.9416517
284.17422 0.92164963
280.3865 0.9056814
277.972 0.89312905
274.87866 0.8793313
271.0105 0.86261535
266.47656 0.8479521
262.01733 0.8328382
256.76685 0.81941867
252.02342 0.80718905
247.61191 0.79565305
243.19357 0.7835307
238.43109 0.76931494
235.51855 0.75645846
231.53304 0.7444262
226.72198 0.73279697
220.91817 0.7185941
216.20837 0.70765215
211.80142 0.69040865
208.5437 0.6712744
204.3413 0.6610341
199.38234 0.6515954
195.2312 0.6405762
189.4557 0.62479997
183.45206 0.61051345
177.34094 0.59548444
172.91235 0.5810365
169.22536 0.5606248
164.72511 0.54871637
159.64822 0.53205204
153.1673 0.50789934
149.87173 0.48548022
147.65685 0.45959845
144.60179 0.43169332
141.46922 0.3993583
139.78224 0.3697172
141.36044 0.32781437
145.05933 0.29371905
148.95819 0.26328784
154.33835 0.22891565
159.06255 0.20272171
163.75542 0.1813027
167.98158 0.16160665
171.97488 0.14900282
177.51999 0.12854718
182.2207 0.112927034
186.7921 0.10477164
193.013 0.088382356
198.64346 0.07829973
203.27937 0.06772117
209.67601 0.06461806
215.42924 0.06289006
221.13899 0.061264195
225.337 0.055679735
232.38573 0.038923442
238.07039 0.027494749
244.75378 0.011341759
251.7401 -9.024104E-4
257.93283 -0.013365609
264.03387 -0.024010088
270.96817 -0.044234294
274.4036 -0.058327552
280.52368 -0.07571035
287.71048 -0.08423104
292.83063 -0.09037762
297.44122 -0.10170901
302.0669 -0.11345455
308.38284 -0.12741031
312.8846 -0.13848858
317.68747 -0.15478045
322.2295 -0.1696597
330.1357 -0.18325174
336.2239 -0.19503585
340.28903 -0.20982385
344.76392 -0.22492096
346.94412 -0.23904441
348.606 -0.25787887
350.5725 -0.26896402
353.6042 -0.27865487
356.27066 -0.28841498
357.27463 -0.30230075
359.38452 -0.32059067
360.93002 -0.3332459
362.6135 -0.34640786
364.33563 -0.35927376
366.17337 -0.37240753
365.58762 -0.3939903
364.45502 -0.40944067
362.5106 -0.4245842
359.20056 -0.44256207
356.3249 -0.45970067
352.5648 -0.4809021
348.9885 -0.49350363
346.27774 -0.50393283
342.41547 -0.5105349
338.5927 -0.5168694
334.91702 -0.53348225
332.05298 -0.5483382
329.47964 -0.5628597
327.11203 -0.5756534
322.9414 -0.595224
320.1562 -0.60870147
316.83823 -0.6169499
312.73456 -0.6302379
307.90097 -0.64173806
303.9516 -0.65148306
300.7627 -0.6595933
295.86276 -0.67250097
290.5691 -0.6826538
286.07892 -0.6909417
282.24982 -0.70221275
277.79764 -0.71109444
274.23132 -0.7223521
269.8178 -0.7318708
266.00964 -0.7397091
260.93207 -0.75235564
256.6116 -0.762833
250.91522 -0.7735709
246.94058 -0.7836844
241.90053 -0.79872966
237.56572 -0.8115248
231.44977 -0.822112
225.74513 -0.8348363
221.01286 -0.8519041
217.6838 -0.8695587
212.8615 -0.89108205
209.2792 -0.9038759
205.33855 -0.91963595
202.43353 -0.93870753
200.9061 -0.95775586
198.90094 -0.981212
196.19823 -1.0021331
193.98631 -1.0202322
191.97392 -1.0478833
191.67427 -1.0759807
191.76257 -1.1020776
194.37563 -1.1302042
197.58136 -1.1558883
201.7266 -1.1903594
205.84554 -1.2165173
209.76566 -1.2462023
212.85979 -1.2650511
216.48509 -1.2867807
220.38916 -1.3118681
225.04578 -1.3390694
229.79317 -1.3617796
233.90155 -1.3829137
236.39046 -1.4021297
238.18617 -1.4246011
239.86992 -1.4466474
241.35562 -1.4755757
243.31046 -1.4963303
243.40666 -1.5143855
245.14165 -1.539262
248.03731 -1.5597874
249.26546 -1.5798485
249.36086 -1.5999016
248.81201 -1.6199666
247.8391 -1.6393572
245.23471 -1.6600232
244.90349 -1.6781157
240.53824 -1.7009608
236.89896 -1.7199998
232.73242 -1.7406375
227.9536 -1.7625594
224.74611 -1.7869487
221.02147 -1.813838
218.95049 -1.8361894
214.96118 -1.8642577
211.80753 -1.8984824
208.65735 -1.9239637
205.08832 -1.9491919
202.97427 -1.977434
200.3083 -2.0098686
197.45187 -2.037763
196.96706 -2.0633926
197.8728 -2.084686
200.08685 -2.113706
201.53647 -2.1429508
202.73123 -2.1686234
204.88327 -2.185999
206.76947 -2.206971
209.47089 -2.2242303
213.0422 -2.2382815
216.94551 -2.253522
220.10843 -2.271006
223.62357 -2.2826455
226.9188 -2.299317
230.26756 -2.3154705
233.6783 -2.3311732
237.14714 -2.3464298
240.66856 -2.361239
244.95937 -2.378434
249.82654 -2.391453
256.12985 -2.399598
261.2982 -2.4061291
264.55957 -2.4172277
269.63007 -2.4288592
275.0255 -2.44095
278.45166 -2.4512825
282.33484 -2.4625885
288.35284 -2.4727106
291.58627 -2.483613
294.35138 -2.495113
299.37546 -2.511854
304.2164 -2.5234015
308.1157 -2.5323732
311.60416 -2.5401638
315.72705 -2.5490975
319.32465 -2.560411
323.08044 -2.5753748
326.13303 -2.584926
329.8825 -2.595532
334.51077 -2.607393
338.7995 -2.614865
344.65866 -2.624723
348.73776 -2.6346395
353.31906 -2.650623
356.65918 -2.6679776
359.67957 -2.678805
362.62378 -2.6920683
365.65622 -2.70816
368.1504 -2.7261791
368.9159 -2.7418153
368.14957 -2.7556767
367.3725 -2.768302
365.79437 -2.7794771
363.45358 -2.796879
361.71964 -2.8104882
360.12643 -2.8236084
358.6701 -2.8361847
357.41818 -2.847498
356.24454 -2.858578
354.38858 -2.8771822
353.36218 -2.888132
351.90686 -2.904623
350.7421 -2.9187896
349.49133 -2.935179
346.5413 -2.9481082
343.6495 -2.961268
339.0863 -2.9763114
334.70544 -2.988308
329.6458 -2.9996011
325.04132 -3.0123706
320.18063 -3.0275927
312.92255 -3.0409973
307.62576 -3.042524
302.41595 -3.0491104
297.6042 -3.0459247
292.42554 -3.0571034
287.47958 -3.065225
281.99127 -3.0753708
277.18692 -3.0872285
272.3315 -3.1060796
268.42908 -3.1241932
264.39084 -3.1390586
259.42328 3.1287904
252.6896 3.1196444
248.51447 3.112104
241.7637 3.110383
236.55634 3.1096957
232.33223 3.1091156
227.37653 3.1040103
221.79031 3.0860367
216.87552 3.0791225
212.01556 3.0693097
206.364 3.061371
200.51176 3.0401597
195.87866 3.0223548
190.33034 3.003034
185.5554 2.9845126
181.13168 2.9672678
176.80017 2.9565763
172.87679 2.9405437
167.11487 2.9273965
162.31836 2.9051635
158.68944 2.891334
154.23145 2.8757613
150.2797 2.8616831
145.90945 2.8459115
142.39406 2.8253052
140.73718 2.776136
142.5836 2.7417297
144.92805 2.705038
146.70877 2.6797085
149.32138 2.6583426
153.45638 2.6355503
158.2419 2.615314
162.6809 2.599123
169.48898 2.5870295
174.12756 2.5724516
179.55345 2.5577722
184.64648 2.544337
188.08719 2.5236843
194.46251 2.5162957
199.17227 2.5061836
203.67703 2.491875
206.97128 2.478967
210.84323 2.464227
214.81892 2.448783
219.38614 2.436382
224.06696 2.4204752
228.97444 2.4028757
232.84958 2.3910491
237.10793 2.3826272
240.4707 2.3694932
244.70279 2.3615897
249.2108 2.350887
254.03656 2.3377075
258.51898 2.3264248
262.08203 2.3136919
266.87488 2.3009477
272.11234 2.2889018
276.8147 2.2752776
280.2305 2.264962
283.52817 2.242909
287.0376 2.2243645
290.63757 2.2063127
294.3285 2.1887174
297.9053 2.175189
301.03784 2.1609764
301.5682 2.141035
302.10098 2.1227937
301.87903 2.1015608
302.26395 2.0854754
300.82108 2.068377
299.23425 2.05135
297.95834 2.0356443
297.9195 2.0133338
296.93762 1.9972874
295.82693 1.9805504
295.0578 1.9657972
294.2179 1.9498173
292.62674 1.935922
289.90192 1.9206825
285.86914 1.9072675
283.9338 1.8915001
282.25208 1.8744451
280.5186 1.8540587
278.00308 1.8352236
274.20938 1.8164538
272.6129 1.8022611
271.5923 1.7857364
269.6898 1.7702444
266.0854 1.7548072
263.23984 1.7375286
261.19406 1.7185493
259.79962 1.7009255
257.93842 1.6818409
254.55692 1.657254
251.174 1.6384122
254.49292 1.6041605
254.49292 1.6041605
