Stilus
23
225.97562 1.497806
242.79051 1.4459053
252.81825 1.4189973
259.23648 1.4042376
263.98242 1.3947979
271.16882 1.3818338
277.43387 1.3788211
282.7541 1.3676841
286.779 1.3555472
292.53836 1.3429807
298.74054 1.3300924
303.2278 1.3132938
305.5021 1.2994014
307.83694 1.2846427
310.53674 1.2722265
311.90897 1.2532873
313.66733 1.2366494
315.45227 1.2207155
316.90588 1.2083616
319.07974 1.1908002
316.4768 1.1712002
312.63882 1.1525692
310.13956 1.1376841
307.62244 1.123311
304.40057 1.1108836
301.16357 1.094933
299.96576 1.0740494
298.03067 1.0513322
295.22394 1.03411
291.32523 1.0166181
288.0388 1.0013285
284.95444 0.9859994
282.5829 0.9723566
282.77682 0.955329
282.15106 0.93334365
282.45575 0.9074228
283.76065 0.8858338
285.0166 0.8694897
286.57208 0.8504535
290.3292 0.8307122
294.56335 0.82006454
297.68924 0.8088765
302.1211 0.79362315
306.2877 0.7798894
309.82928 0.7686461
312.21857 0.75686044
318.5244 0.74470437
322.3688 0.73585576
327.7672 0.7210405
332.68564 0.70811963
336.6321 0.69812393
339.76077 0.6904221
343.91876 0.6730224
346.6032 0.6636388
350.4536 0.6510553
353.82547 0.64028865
356.7636 0.63069475
361.28604 0.6147972
365.46265 0.5988924
368.16754 0.58529073
370.82956 0.57170296
372.91428 0.55546266
374.8028 0.54254794
375.75867 0.5259792
375.82367 0.50676805
373.95306 0.4948779
372.7025 0.4828846
370.24005 0.47004104
368.37997 0.46000233
366.36386 0.44876763
364.4764 0.43789044
362.08887 0.42358834
359.15717 0.41210333
355.23535 0.3983023
351.436 0.38209483
347.63474 0.3661236
341.2798 0.3521088
337.1614 0.33784172
332.95544 0.32635248
329.77332 0.3167781
326.79968 0.3060825
322.13986 0.29481933
317.7641 0.28306225
312.61606 0.27199146
305.96707 0.2573357
299.99118 0.2393083
294.61224 0.22163886
289.45096 0.20449094
286.3075 0.18535097
284.23788 0.16980666
283.55026 0.15502511
282.5557 0.13058944
281.80804 0.10853557
283.31183 0.090698585
284.8543 0.07059285
288.25058 0.051396865
292.0237 0.03363022
294.92023 0.019714963
298.85696 -0.0030368848
302.5415 -0.02035873
304.15665 -0.033883616
306.3001 -0.052159768
307.7791 -0.0656517
309.07236 -0.07873465
310.48785 -0.094119415
310.90292 -0.10733729
310.501 -0.12405359
311.14215 -0.13960929
311.89505 -0.15584977
311.6832 -0.17140001
308.11176 -0.1890586
304.59177 -0.20208742
300.63376 -0.2192902
297.60208 -0.23534988
294.1829 -0.25338718
290.83563 -0.26835114
287.0316 -0.28699675
283.74338 -0.30333874
280.60898 -0.31951678
275.657 -0.33404705
269.9895 -0.34134153
265.037 -0.34493202
259.32236 -0.3518854
255.62416 -0.36874688
251.80168 -0.3799088
247.74004 -0.38646397
244.02686 -0.39266378
240.33458 -0.3990352
235.9889 -0.4068127
230.2659 -0.41754594
226.80988 -0.4291555
227.81729 -0.4489285
228.36754 -0.47346202
230.74727 -0.49321258
232.42952 -0.52159756
234.24512 -0.5495866
237.58928 -0.56825787
241.00763 -0.5900995
244.3914 -0.61046576
248.68944 -0.62794566
254.31891 -0.6448705
260.27515 -0.6575885
264.0111 -0.6742305
266.69095 -0.6867072
271.15414 -0.7065461
275.5945 -0.7252197
279.1071 -0.739307
283.35074 -0.75558734
287.1471 -0.76951855
291.52173 -0.78847057
294.38538 -0.8040435
298.7477 -0.81801736
301.7773 -0.8273811
305.19144 -0.837618
309.7639 -0.8465377
312.87155 -0.85529065
317.514 -0.86792964
320.0701 -0.8827819
323.5383 -0.89156187
326.23383 -0.90212315
326.11108 -0.9240204
324.51523 -0.9357333
321.80777 -0.9472406
318.69397 -0.96095544
313.65094 -0.9729462
309.41718 -0.98313475
304.14502 -1.0019541
300.27255 -1.016105
296.13766 -1.0324506
292.97913 -1.0507855
290.05032 -1.0687022
287.0915 -1.0878075
284.4764 -1.1056411
281.96603 -1.1237066
279.81888 -1.1399875
278.08658 -1.1537477
276.09674 -1.170326
274.5132 -1.1841791
274.59567 -1.2082841
277.52548 -1.2265803
280.76035 -1.2462596
285.57584 -1.2698909
290.17694 -1.2828807
293.75418 -1.2962544
297.49857 -1.3041089
301.6138 -1.3138078
305.72336 -1.327471
309.88147 -1.3439915
315.1863 -1.3673507
321.24878 -1.38387
327.01678 -1.3989199
333.42157 -1.4113623
337.9736 -1.4210033
342.21576 -1.4317204
346.50958 -1.4413488
351.49155 -1.4526004
356.59293 -1.4669797
361.13428 -1.4800711
364.85733 -1.4899558
367.7488 -1.5035391
370.7266 -1.5155404
371.50482 -1.527708
374.21738 -1.5397773
375.222 -1.552163
379.03256 -1.5638648
379.15677 -1.5747474
377.7196 -1.5893066
377.36197 -1.6038857
374.8076 -1.6167678
369.15918 -1.633694
364.5286 -1.6482179
358.90564 -1.66136
354.49002 -1.6787697
350.0857 -1.6936803
345.9366 -1.7076062
342.06702 -1.7158321
336.7327 -1.724146
331.0954 -1.7381668
325.91144 -1.75321
321.92966 -1.771406
317.33408 -1.7936447
313.16116 -1.8064425
307.87946 -1.8182331
302.05368 -1.832419
298.27902 -1.8402411
294.40347 -1.8438783
289.67715 -1.8618968
285.6339 -1.8707373
281.98096 -1.8784605
277.6343 -1.8910099
274.4483 -1.9130173
273.26004 -1.9328878
272.93335 -1.9503064
272.64023 -1.9695187
274.8266 -1.987998
276.77307 -2.0035918
278.34183 -2.023905
284.2918 -2.0369089
290.28836 -2.0470152
295.27206 -2.0574074
298.79816 -2.0706213
301.2221 -2.0851643
304.88422 -2.099575
307.96875 -2.1164734
310.57147 -2.1301227
313.40155 -2.1443858
316.12292 -2.1575766
317.85367 -2.1768432
317.65536 -2.1964977
316.75912 -2.2151134
314.5985 -2.2363267
313.74316 -2.2568452
310.62238 -2.271391
305.74045 -2.2815661
299.90723 -2.2895575
296.71326 -2.2980154
292.20035 -2.3164883
288.38815 -2.324009
284.84338 -2.335742
281.28665 -2.3479514
277.74115 -2.3605871
273.56192 -2.3761213
269.66098 -2.3912961
265.5636 -2.4079986
261.59622 -2.4249842
257.70132 -2.4425123
253.88344 -2.460595
250.16162 -2.4791691
246.5457 -2.4982057
241.35764 -2.5132282
236.90746 -2.5321562
234.63644 -2.5461621
233.33577 -2.5680904
230.91106 -2.5866196
228.66762 -2.6026523
226.41634 -2.626006
226.46196 -2.6463277
229.25723 -2.6689441
232.49004 -2.6856377
236.5104 -2.6986387
239.99483 -2.7123942
245.69363 -2.7252083
251.18144 -2.73485
257.1777 -2.744872
261.67883 -2.7520673
267.10242 -2.7603884
272.74313 -2.775519
276.51456 -2.785586
279.1354 -2.8056655
283.68466 -2.8269904
288.48822 -2.8432624
292.22983 -2.861955
296.6816 -2.883722
299.67282 -2.9006195
306.2123 -2.9221616
310.31104 -2.9374635
313.0704 -2.958708
314.27625 -2.9786296
314.3086 -2.9988317
314.4981 -3.0182765
315.00864 -3.0317037
312.52405 -3.0464664
310.38028 -3.0618887
308.07144 -3.0743704
307.4329 -3.09619
307.26932 -3.11001
305.141 -3.1294699
302.63245 3.1331732
297.6125 3.1118958
293.90765 3.0914614
290.17703 3.0719264
287.52875 3.0536456
285.03354 3.0352716
283.4797 3.016874
282.29663 2.998496
281.8099 2.980303
281.6684 2.9623055
282.79913 2.941443
286.0041 2.9222407
288.793 2.906706
291.75333 2.8940215
297.35016 2.8883765
302.39325 2.8847148
307.5186 2.8776522
312.68796 2.8655853
317.50693 2.8501728
320.8784 2.837096
324.66684 2.8245568
327.7964 2.811622
332.26678 2.8003542
336.8605 2.786316
341.56912 2.7732003
346.36673 2.757258
349.48563 2.7484274
354.42026 2.7319286
358.9178 2.7221897
363.69034 2.7130125
366.43106 2.6987631
369.10834 2.6837068
371.6756 2.6698844
374.09467 2.6573613
375.2706 2.646552
377.4821 2.6350873
380.14404 2.6226053
381.4431 2.6063168
382.58917 2.5912213
382.40793 2.5785992
381.79755 2.5651414
379.24802 2.5481062
376.41177 2.5356436
373.3047 2.5241854
370.651 2.5115516
367.16486 2.5012212
363.77908 2.49082
358.4414 2.4794319
353.30988 2.4680583
349.42053 2.4591439
345.0111 2.4487126
341.22037 2.439454
338.02777 2.431437
334.36768 2.4219868
330.13864 2.4107044
326.39886 2.4003847
321.5889 2.3866072
318.06625 2.3761342
314.59155 2.365466
311.0472 2.3542182
306.8236 2.3449697
303.16284 2.332541
296.91425 2.3201473
292.88327 2.3103108
290.57767 2.2938087
287.9667 2.2754757
284.42316 2.2551563
281.16415 2.2408235
280.06192 2.2249935
280.23508 2.1984584
283.7873 2.1736305
285.90073 2.1575928
288.90393 2.1355429
291.8308 2.117099
294.78607 2.0996501
299.75867 2.0747197
302.41785 2.0620763
305.10263 2.049754
309.3529 2.0246332
312.099 2.0131817
314.80298 1.9994137
314.36136 1.9827011
314.2366 1.965718
313.52396 1.9493853
312.29688 1.9303966
309.89624 1.9091913
308.20706 1.8932569
305.6972 1.8786801
301.71036 1.8685111
295.9012 1.8543223
288.9462 1.8376126
282.14136 1.8175917
277.25284 1.8062623
269.74783 1.7891252
267.11816 1.7742143
263.75977 1.7539663
260.75287 1.7325542
255.99854 1.7077657
251.26015 1.6853595
246.57787 1.6599473
241.60832 1.6484215
235.077 1.6334974
228.82265 1.61334
224.68266 1.5952471
225.37448 1.5685805
225.42918 1.5486547
225.66641 1.5198777
226.10286 1.4904774
228.1965 1.4694633
228.1965 1.4694633
