Finger
11
220.27986 1.8865993
213.02539 1.9215004
209.77692 1.9373496
204.56142 1.9683224
201.90985 1.9994836
198.50276 2.031065
194.48991 2.0628552
191.49579 2.0861783
189.41049 2.1101766
186.43578 2.1361423
183.8427 2.160044
181.60977 2.192475
179.99063 2.2265759
178.37868 2.2515965
176.12178 2.277469
175.34892 2.318064
175.94711 2.3718193
175.08362 2.406212
174.49011 2.444938
174.46573 2.4816031
174.67577 2.5182292
175.74991 2.5521533
178.10857 2.594124
180.77525 2.623781
182.4632 2.6527026
185.11377 2.6964831
187.2753 2.7253654
190.16658 2.755552
193.0252 2.7893202
196.16005 2.814628
199.72595 2.8420713
204.09027 2.8741999
206.859 2.9038312
211.21176 2.9367576
214.99332 2.954361
219.65462 2.9864047
223.14995 3.0034657
227.37909 3.0237315
232.84366 3.0481577
238.59706 3.0714185
244.2415 3.097643
250.01375 3.1257646
252.97614 -3.1406357
257.0106 -3.125081
260.88318 -3.1015568
263.73587 -3.0761337
267.99164 -3.0547383
271.4622 -3.0406802
273.8881 -3.023578
277.47092 -3.0070217
279.4882 -2.986993
282.44495 -2.9670262
285.54517 -2.9468892
289.2625 -2.9325194
292.92087 -2.9106414
297.3306 -2.8899264
301.25375 -2.8690867
304.78693 -2.8524501
307.2762 -2.8370166
310.32007 -2.8171713
312.96426 -2.8023846
314.58542 -2.7880695
317.07028 -2.7674093
319.48856 -2.748584
320.71713 -2.731561
321.1495 -2.7151446
321.80682 -2.7014527
323.51413 -2.6833482
324.31967 -2.66474
325.83582 -2.6428392
326.897 -2.6306283
327.7593 -2.613727
328.59494 -2.5975213
329.29947 -2.5773935
330.0106 -2.5579453
330.54102 -2.5354753
331.06903 -2.516177
331.16138 -2.500523
330.6298 -2.4716961
330.6958 -2.4534023
330.34894 -2.4357765
330.37277 -2.412773
330.05008 -2.3913834
329.20462 -2.3759162
327.37744 -2.359305
327.07092 -2.3392997
325.80435 -2.3219013
324.59943 -2.3066497
322.23407 -2.2907808
320.65643 -2.2755868
318.3374 -2.2571306
315.6768 -2.2417011
314.2913 -2.227126
312.66342 -2.2149742
309.74692 -2.200958
307.6362 -2.1858828
304.36346 -2.1704953
301.39502 -2.1453402
297.88788 -2.125305
295.48456 -2.1054296
292.5997 -2.088538
290.04044 -2.0728283
287.32785 -2.0553513
283.69788 -2.0304534
280.97693 -2.010487
279.4974 -1.9904047
277.4015 -1.9731325
275.48016 -1.9564143
273.38306 -1.9370545
271.20203 -1.9154795
269.00128 -1.8919163
267.3151 -1.8723778
266.02527 -1.8563793
264.6598 -1.8382461
262.34677 -1.819866
260.02628 -1.799557
259.65192 -1.7751087
258.504 -1.7524348
257.52847 -1.7304988
256.7478 -1.7103614
256.20596 -1.6943989
254.03246 -1.6712207
254.05887 -1.6505091
253.62427 -1.6249739
253.37843 -1.6023722
253.28365 -1.5865698
251.53519 -1.5699291
250.3252 -1.5470314
249.54309 -1.5227603
249.99384 -1.4939083
250.52681 -1.4700011
251.29312 -1.4433558
251.18285 -1.4179908
251.31671 -1.390807
253.8487 -1.3604974
255.6339 -1.3299607
257.38937 -1.3036021
259.3292 -1.2775164
260.4798 -1.2507986
263.10684 -1.2219226
265.94003 -1.193724
268.58688 -1.1695738
271.39508 -1.1458445
274.02304 -1.1251246
277.99374 -1.1040286
281.11127 -1.0824796
283.5937 -1.0662491
285.92587 -1.0516704
288.5442 -1.0360038
291.0097 -1.0218697
294.48267 -1.0092212
299.2407 -0.99049675
301.51132 -0.97910833
304.26093 -0.965792
306.97278 -0.95313245
309.44598 -0.9419692
312.0641 -0.9251831
315.081 -0.9074105
317.34155 -0.8889053
318.78323 -0.87538534
320.29202 -0.8506287
320.85394 -0.83351797
320.77097 -0.8108104
319.9594 -0.7866567
320.20386 -0.7651529
321.4719 -0.74326223
320.62814 -0.72054815
320.4746 -0.70443356
320.92435 -0.6830508
321.72107 -0.66121
321.87128 -0.64130336
322.14532 -0.6214889
321.86255 -0.6026144
323.0091 -0.5829427
325.57028 -0.5668121
326.74646 -0.5465257
327.13943 -0.5201745
327.31076 -0.50234973
326.7029 -0.48596853
325.84598 -0.46757698
325.18542 -0.45476598
326.1869 -0.43629766
326.91522 -0.41529858
326.1407 -0.40212512
324.19843 -0.3877969
321.04962 -0.37169525
317.97784 -0.35521197
315.9451 -0.3374407
311.4578 -0.3229058
308.36627 -0.30502054
304.92474 -0.2880118
302.04825 -0.26674545
299.87183 -0.24196729
297.8873 -0.22860487
295.4736 -0.20744728
292.36105 -0.18523301
290.08102 -0.16497739
287.2974 -0.14276846
285.25858 -0.12177686
282.70825 -0.10509086
280.1522 -0.08456543
276.78503 -0.067494094
271.6878 -0.04743527
267.49368 -0.02587716
263.4027 -0.006360239
260.42255 0.012750995
256.54758 0.03142567
252.73683 0.048634425
247.89722 0.06271968
243.38 0.07623259
238.48015 0.09364816
233.92331 0.1126624
230.43651 0.13189653
225.39336 0.16171613
222.13799 0.18239343
216.47415 0.2107769
211.51215 0.23519062
206.94266 0.2654242
202.81143 0.30054504
199.15211 0.32858154
197.34375 0.3628448
195.18167 0.3903317
192.37889 0.4189381
188.61726 0.45130268
184.7257 0.4811034
182.4211 0.51751995
181.0897 0.5589571
181.0214 0.5985895
180.78476 0.6350577
181.11803 0.68251
179.78255 0.72508645
179.47725 0.770605
180.80846 0.8183091
183.99644 0.85615903
185.75455 0.8784128
188.82904 0.90016687
190.715 0.93276566
194.46994 0.9658805
198.76004 0.98815924
202.83995 1.0116521
207.30943 1.032023
210.07446 1.0496589
213.82832 1.0662289
217.23244 1.0956563
220.27338 1.1267859
222.44827 1.1511756
224.53966 1.1747533
228.03995 1.1953138
232.06815 1.2193074
234.02061 1.2472291
236.70032 1.2726618
239.04218 1.296897
240.40585 1.3243315
241.93025 1.3513185
243.87115 1.3782191
245.78778 1.4036082
247.9713 1.4254967
250.15187 1.4508978
251.40154 1.4794937
251.79817 1.5113666
251.49696 1.5370344
248.59766 1.5638226
246.63783 1.5912145
244.92918 1.6240517
243.50179 1.657173
242.23204 1.6864977
240.02312 1.7128134
237.18459 1.7442379
235.93483 1.7625234
234.76657 1.7809691
231.29015 1.8117772
226.23828 1.8434461
220.98386 1.8749945
215.30823 1.9126631
209.87659 1.951205
206.05011 1.9969518
206.05011 1.9969518
