Finger
41
367.80545 1.3197039
361.18192 1.3415347
357.082 1.3510498
352.37088 1.3624653
347.75217 1.3692155
342.30203 1.377264
336.65366 1.3860431
330.04068 1.394602
322.44165 1.4030302
315.14694 1.411878
307.62656 1.4210975
300.1709 1.4307367
292.39465 1.440952
285.30322 1.4482553
278.86554 1.4533975
272.71466 1.4580708
266.52777 1.4629941
261.37027 1.4685184
256.92233 1.474658
248.6096 1.4875565
241.3477 1.5016153
236.83965 1.5074992
230.97295 1.5123876
226.2756 1.5111737
222.1379 1.5145656
216.68555 1.5177654
210.80168 1.5257713
206.74864 1.5297233
200.57317 1.5284579
195.7007 1.5376177
190.70459 1.5367482
184.67235 1.5410466
177.83336 1.5455207
171.65376 1.5446105
164.83583 1.549588
158.62665 1.555055
152.63266 1.5544368
147.6409 1.5606489
142.77904 1.561473
135.62515 1.55975
128.8184 1.5591662
122.62548 1.5585788
115.650024 1.5578419
109.832664 1.5571557
104.808586 1.5644193
99.47354 1.565776
94.558754 1.565515
88.81995 1.5764185
82.6602 1.5768374
77.661766 1.5772263
70.82049 1.5778475
64.68577 1.5785161
59.505634 1.5791882
54.835037 1.579903
50.513027 1.5806823
43.74034 1.582213
38.746384 1.5836846
31.747948 1.5865258
25.757345 1.5901846
20.771446 1.5948393
14.547148 1.60513
10.064032 1.6204349
3.040734 1.7357668
2.290985 -1.7905272
7.240385 -1.6398197
13.223421 -1.6085685
17.225014 -1.5997907
23.989084 -1.5916139
29.98835 -1.5874488
36.42493 -1.584506
41.30801 -1.5828853
46.187695 -1.581608
51.198967 -1.5805498
55.9086 -1.5797281
62.175163 -1.5788279
67.94843 -1.5634468
72.97048 -1.5532328
79.93689 -1.5617127
86.15721 -1.565
90.93659 -1.554321
96.1313 -1.5552114
100.95068 -1.5460601
107.19831 -1.5381815
112.95133 -1.5309954
117.26252 -1.5239345
121.37638 -1.5255238
127.24631 -1.5276136
132.28134 -1.5217003
136.37927 -1.5231767
141.25954 -1.5248231
146.24591 -1.5263915
150.97186 -1.5277824
156.23808 -1.5292331
161.34909 -1.5305505
166.94597 -1.5319004
171.93634 -1.5374622
176.39781 -1.5396507
181.13487 -1.5459814
185.32951 -1.5546284
191.83992 -1.5577805
195.84569 -1.5580467
199.86478 -1.5583031
206.83008 -1.5587238
213.04752 -1.5637643
220.04813 -1.5765443
226.85298 -1.5862062
233.08777 -1.5900794
239.11784 -1.5969985
245.37273 -1.6013286
249.92462 -1.6047707
254.9276 -1.6080239
259.24637 -1.6112587
265.06137 -1.6198
270.20935 -1.6272664
275.2908 -1.6343288
279.42804 -1.6397135
284.0042 -1.6447138
289.94162 -1.6514456
297.1777 -1.6599754
303.07507 -1.6640968
309.42657 -1.6751355
314.87527 -1.6816237
319.05646 -1.6849527
323.4334 -1.68841
330.29535 -1.6958858
335.51675 -1.6999478
342.86014 -1.7060019
348.27948 -1.7146758
355.8655 -1.7237002
361.4402 -1.7325318
366.56696 -1.7443804
370.93552 -1.7549264
373.211 -1.7654343
376.36853 -1.7800007
377.2458 -1.7906852
378.572 -1.8058455
378.7298 -1.818575
377.86453 -1.8307946
376.83832 -1.8459142
374.68253 -1.864205
371.72147 -1.8772069
368.83148 -1.8882496
365.1217 -1.9009032
362.2293 -1.9164402
358.9369 -1.9267979
356.2552 -1.9386191
350.76285 -1.9515085
346.30142 -1.9597851
343.2853 -1.9689816
338.1076 -1.9761586
334.1982 -1.9811839
330.5318 -1.9860153
326.86905 -1.9909607
320.6994 -1.9935629
315.62863 -1.996481
311.88004 -2.0019374
307.45544 -2.0085673
302.19095 -2.010288
297.712 -2.0099137
290.31168 -2.0104818
284.7326 -2.0119379
279.21716 -2.0129228
273.48093 -2.010264
268.41086 -2.0118709
262.04745 -2.0139334
256.46133 -2.0156505
251.28842 -2.0166583
247.06075 -2.0203598
242.68607 -2.0209646
236.94731 -2.0269248
232.40082 -2.0280788
226.92114 -2.0289936
220.66396 -2.0328896
214.41937 -2.0369916
207.82664 -2.0381029
202.34671 -2.0393875
197.68634 -2.0456681
192.09753 -2.048936
185.48824 -2.0505729
178.79268 -2.0511947
172.56375 -2.0569997
166.31548 -2.0631928
160.27066 -2.0748205
154.2699 -2.0814996
148.05554 -2.08957
141.8667 -2.098285
136.66086 -2.1055
131.1598 -2.1195352
125.06671 -2.1328156
119.77906 -2.1409314
114.18419 -2.149188
107.651924 -2.158147
98.99316 -2.1679962
91.77231 -2.1687598
85.84995 -2.1595807
79.03858 -2.156352
72.278564 -2.1647387
65.74052 -2.181214
59.740402 -2.2112696
53.769093 -2.248145
48.4467 -2.2837222
42.733925 -2.307177
35.67194 -2.29751
29.408854 -2.2609398
21.785831 -2.252297
13.962205 -2.2453766
8.812251 -2.2797356
4.0865626 -2.7181926
2.8935575 2.2059696
7.20197 1.7803401
11.533483 1.3731309
17.495098 1.1597015
25.711445 1.0299466
33.02516 0.95868105
41.309578 0.90648156
49.59347 0.92208165
56.900402 0.9203196
63.283337 0.937465
68.583595 0.9400064
76.278465 0.93259215
84.50749 0.9201982
90.92286 0.9184857
96.95232 0.9175259
102.30059 0.9175555
108.15181 0.9169649
113.26986 0.9235804
117.94768 0.9415832
123.04879 0.9516442
127.3537 0.95871943
132.15125 0.9727314
136.86417 0.9872902
142.68985 0.9890815
148.57689 0.99901533
154.16948 1.0145772
161.42995 1.0154107
168.13432 1.0190291
173.4589 1.0201037
179.54851 1.0140291
184.54633 1.0165632
191.16338 1.0197133
196.73291 1.0250727
202.0216 1.0294822
207.85405 1.0391722
212.45119 1.0464284
220.12724 1.0520723
226.96968 1.0591975
233.35338 1.0648664
239.88704 1.0738857
245.87856 1.0824594
250.53625 1.0878145
257.3401 1.0896314
264.2704 1.0947429
276.30017 1.1049917
281.7649 1.1137426
287.15625 1.1229551
291.00354 1.1292967
296.69534 1.1420486
304.39474 1.1499887
311.18018 1.1562226
315.19983 1.1618279
319.4482 1.1675847
324.27466 1.1739253
329.13147 1.1833814
335.2508 1.1940241
339.00128 1.1983978
344.55548 1.204687
349.5437 1.216253
353.6311 1.2257895
358.8565 1.2369293
365.06876 1.246418
370.2064 1.2539213
373.70218 1.2618713
377.2314 1.2677116
379.54733 1.2860625
380.10144 1.3001379
378.5416 1.3154097
377.07364 1.3307731
375.39825 1.3406659
373.14062 1.3522556
373.14062 1.3522556
16.72454 1.7206495
22.536432 1.7623419
27.809568 1.798363
34.707973 1.8327653
40.01995 1.8618873
44.82197 1.8980609
50.88322 1.9408526
57.192673 1.9556816
62.35036 1.9721724
67.44491 1.9800725
71.46849 1.9652507
75.94359 1.9692148
80.826 1.9572247
85.39773 1.9606974
91.31828 1.9667859
96.40617 1.958576
101.89606 1.9577448
106.40927 1.9506072
111.35502 1.9521924
118.2542 1.9698069
124.62499 1.9905045
130.4556 2.0075517
136.90904 2.017862
143.2634 2.0216284
149.55838 2.0337238
154.76044 2.0359058
160.57523 2.0386124
165.84377 2.0529776
171.23215 2.0595605
179.5759 2.0757277
186.17757 2.0869458
191.32187 2.0971985
197.43729 2.1026354
203.25858 2.10287
208.87724 2.1015651
215.03456 2.1043365
220.59781 2.109089
227.63275 2.1200995
235.0243 2.1307173
240.68541 2.136882
247.75958 2.143235
254.02539 2.1442952
260.51788 2.1510324
268.59906 2.1545982
277.3057 2.1628976
284.5516 2.1692204
288.1417 2.179641
294.63705 2.1823504
302.22122 2.1843781
307.22705 2.1918638
312.17538 2.2002168
316.58887 2.208589
319.93738 2.2174134
326.65442 2.226825
330.42398 2.2353365
334.47516 2.244749
338.68198 2.2508225
343.9408 2.2581456
349.52652 2.266309
355.9322 2.2758553
359.7662 2.2829075
364.22327 2.2908158
367.42224 2.308744
368.3691 2.3313131
367.05338 2.3433077
366.65335 2.3597171
364.95667 2.376188
364.19562 2.4014955
361.26428 2.4155755
358.7347 2.4277964
356.0005 2.4410505
353.81357 2.4528422
350.66916 2.4638078
346.97284 2.4771523
343.2801 2.4910095
337.36737 2.5018942
330.52826 2.5081785
326.2205 2.5145888
320.7316 2.5235264
315.19736 2.5312858
307.09573 2.5362377
298.60876 2.5414205
291.69614 2.5458684
285.07025 2.542767
280.04446 2.5435922
274.26157 2.5423524
268.9702 2.5380464
262.2982 2.529695
257.1084 2.5297856
249.0074 2.5326188
243.35072 2.5308716
235.55289 2.5421367
229.96501 2.5529513
223.11214 2.5687897
217.06015 2.5781476
210.7843 2.5887573
203.8644 2.5972052
198.4538 2.5975175
193.46106 2.6000762
185.2094 2.606286
178.52342 2.6158738
171.87498 2.6261747
165.18654 2.6374078
158.37465 2.649866
152.10262 2.6429453
144.23705 2.6449146
136.8651 2.6489015
129.90892 2.655055
122.72533 2.6610088
115.72753 2.6609337
106.49275 2.6553314
101.76529 2.653167
92.856804 2.6508074
88.348885 2.6494317
79.43188 2.646251
74.292946 2.639464
69.62151 2.6353872
64.282364 2.624906
56.9309 2.6317968
51.383827 2.629043
46.64046 2.6312857
40.7115 2.6544747
35.758125 2.6765077
29.936209 2.6913857
23.299597 2.743005
18.3013 2.7608633
11.676457 2.7416465
6.537304 3.0236428
1.7762684 -2.8856673
5.2163863 -0.2814514
12.073939 -0.1202882
16.097742 -0.09012542
22.36619 -0.10967329
29.293633 -0.15238082
36.553043 -0.17724423
42.751774 -0.19880572
46.921528 -0.20262666
55.180676 -0.20885284
61.456676 -0.22046433
68.30242 -0.23550828
73.62876 -0.24607691
81.34374 -0.28937224
87.207436 -0.30525836
92.07902 -0.3240849
96.892296 -0.33875665
102.45391 -0.35195467
107.94276 -0.36390823
113.310684 -0.38844606
121.84801 -0.40659773
127.30657 -0.42229465
132.94495 -0.4298831
138.42607 -0.4418463
143.38838 -0.44638318
149.55222 -0.4583984
157.87816 -0.4677972
164.10591 -0.4758153
172.63483 -0.48298946
180.46059 -0.49155283
187.73337 -0.49621648
193.26521 -0.5077606
199.69037 -0.51397777
207.52785 -0.5202636
215.4556 -0.5302505
221.19342 -0.5370169
227.53406 -0.54088664
235.92474 -0.54422367
242.11241 -0.5529002
249.90866 -0.5576608
257.40427 -0.5618956
265.58395 -0.56562877
273.59375 -0.5721706
281.13605 -0.5803086
287.30334 -0.5870598
294.3472 -0.5947674
301.2948 -0.60399055
306.1944 -0.60927236
311.75992 -0.6147527
317.4454 -0.6219559
321.7549 -0.62900764
327.88367 -0.6441852
332.88727 -0.65225494
337.7455 -0.6592816
342.06772 -0.66507226
347.36453 -0.67513275
352.04785 -0.68263495
356.61993 -0.6903111
361.87213 -0.7005182
365.16565 -0.7090506
369.4019 -0.71821684
372.16217 -0.72666305
376.172 -0.73857504
375.92953 -0.75546914
375.79453 -0.7723798
375.1246 -0.7891331
373.342 -0.8016209
371.85068 -0.8174846
368.44006 -0.82740813
363.2742 -0.8396472
358.95514 -0.8481604
354.90872 -0.8568768
349.38177 -0.86204857
343.9127 -0.8676048
339.1092 -0.874842
333.61722 -0.8805518
328.87024 -0.8866494
324.8394 -0.894063
321.0618 -0.90128857
315.4819 -0.9067264
310.6504 -0.9109106
306.5123 -0.91725916
301.32272 -0.9238609
295.8274 -0.93169004
289.8756 -0.9421078
282.3095 -0.9488729
273.2864 -0.9521685
262.232 -0.95876163
251.15396 -0.9664807
246.03958 -0.9679042
241.03983 -0.96873593
230.21288 -0.968053
223.9496 -0.96945363
217.60031 -0.971577
212.0068 -0.97654253
204.82831 -0.9833202
200.43185 -0.9985206
196.4445 -1.0096613
190.9129 -1.0099636
184.94798 -1.0088145
177.1695 -1.0065141
168.29881 -1.0097473
161.82082 -1.0135852
155.13129 -1.0244498
147.19229 -1.0236297
137.3483 -1.0295087
131.34747 -1.021053
125.45354 -1.0204835
119.890144 -1.0293127
114.39821 -1.0412667
108.24534 -1.0506295
101.77411 -1.0593809
94.74109 -1.0661532
89.18121 -1.0826548
83.26016 -1.0882888
75.482445 -1.108951
66.81302 -1.1414617
59.17096 -1.1746333
52.05022 -1.2042092
46.0006 -1.2463139
40.565495 -1.2579592
33.4788 -1.2521932
28.937332 -1.2665442
23.115688 -1.2323034
17.495466 -1.2212018
13.02284 -1.1353582
9.531063 -0.9565533
5.783268 -0.31809777
7.3171387 0.47952107
11.971049 0.6818078
18.291283 0.74893576
23.21619 0.792783
28.974611 0.8336693
35.385105 0.82656777
41.618538 0.8204336
48.8248 0.8297743
56.342503 0.8238808
61.398037 0.80921984
66.22566 0.75771487
71.59864 0.7071169
77.78471 0.6860267
82.87169 0.6707331
87.64316 0.656721
94.84933 0.6251374
99.50784 0.60389555
103.457085 0.5866557
109.351036 0.56452364
114.640564 0.5637795
120.64826 0.56156677
127.01592 0.56728387
132.75583 0.5687018
139.0109 0.5720466
146.00084 0.5675773
151.39288 0.56054044
156.17102 0.54144883
161.24037 0.54251
166.37427 0.5457877
172.03348 0.5453782
178.82307 0.543514
186.99489 0.5358564
192.69658 0.5325254
196.94609 0.52876693
204.55316 0.5246908
212.56609 0.52188367
220.12292 0.5178557
226.04854 0.5055082
230.80293 0.4979142
234.65578 0.49013817
239.57385 0.48339844
244.80846 0.47953224
249.07301 0.4729726
253.88895 0.4666508
260.00015 0.46014252
265.15927 0.45052207
269.6424 0.44660035
275.05933 0.4371907
281.21927 0.42982644
287.47247 0.42471972
293.60098 0.41529965
300.09006 0.40578452
303.9437 0.40034372
310.14014 0.39190337
314.7752 0.3858254
319.77924 0.3828437
323.71994 0.3779462
330.2313 0.3701297
335.24313 0.3675273
340.96695 0.3642065
347.04065 0.35754314
353.59833 0.35062343
358.17346 0.34595567
363.465 0.3407129
367.1873 0.3345862
371.6141 0.31734234
375.43097 0.3077414
378.23386 0.2936099
379.73203 0.2790437
380.544 0.26718843
380.28632 0.25446913
380.75635 0.24059826
378.95486 0.22623491
377.7657 0.21536517
374.66315 0.19877046
370.5256 0.1873047
364.93716 0.17800765
358.1571 0.16478229
352.71036 0.15802869
347.358 0.152494
341.83417 0.14316532
337.5485 0.13823836
331.96857 0.12613054
326.39478 0.11558595
320.23862 0.108013935
315.04944 0.10342075
308.163 0.09922109
301.75296 0.09468135
295.50784 0.08650158
290.38272 0.08204921
286.1601 0.078822166
280.5018 0.076842315
273.13712 0.0725327
266.3392 0.06696938
259.1679 0.059988774
252.08244 0.05373618
248.08623 0.054602623
244.0873 0.055498105
239.1492 0.056645274
234.447 0.057782635
230.12361 0.058869455
225.08922 0.05574109
215.98087 0.044196732
210.23793 0.0406477
205.23666 0.036766473
200.86652 0.033839364
195.9064 0.029751435
190.84926 0.025204834
186.13428 0.024428064
177.83687 0.025568057
169.87567 0.02676658
165.08688 0.02148877
160.85352 0.022054408
156.8124 0.016249653
148.92818 0.017109986
144.8285 0.01759437
137.8288 0.018488009
130.85915 0.011835652
123.83738 0.012506785
117.83977 0.01314337
111.86854 0.0049125766
105.882256 0.005190322
99.871994 0.005502677
92.864204 0.0059179286
88.85113 0.0061852233
82.85613 0.006632757
76.87361 0.0071489457
71.64017 0.0076711983
66.84958 0.0082209455
60.92057 0.025425468
54.910824 0.028208874
48.912224 0.03166951
42.95115 0.03606662
36.983677 0.041889295
31.01418 0.0822498
26.950771 0.1320023
21.013538 0.16961959
14.39522 0.24898252
8.6848755 0.4207432
3.1132839 0.5206805
4.555446 2.7946956
11.178851 3.0026011
17.145351 3.0511377
21.428997 3.069255
26.474632 3.0149846
31.369806 2.9800348
36.638493 3.0171826
42.48728 2.9920976
49.61053 2.9889333
56.631027 3.00798
62.61171 3.0208085
67.581 3.0297287
72.54749 3.0374155
79.228035 3.0462277
86.15248 3.053913
92.44333 3.0598936
98.665855 3.0650566
103.129486 3.0683753
110.1501 3.0730495
114.34664 3.0755687
120.339615 3.0788612
126.305275 3.0818279
132.28893 3.084534
138.53265 3.0871084
143.02412 3.088821
149.21916 3.0977178
155.8949 3.1043494
162.92342 3.1075478
168.89948 3.1087527
174.87587 3.1155915
180.10329 3.1218958
184.28726 3.127766
190.85233 -3.140308
196.85214 -3.1342325
202.05702 -3.1250699
207.07545 -3.120118
214.3014 -3.1161783
220.15823 -3.1077735
224.2707 -3.1044004
230.96896 -3.1006987
237.07272 -3.0933142
242.9898 -3.0874157
247.34605 -3.083185
254.14442 -3.0768712
258.26718 -3.0740283
263.35068 -3.0687165
269.74432 -3.0620513
275.9676 -3.0529485
282.11948 -3.0477738
287.1307 -3.0469577
293.33224 -3.0419834
301.14902 -3.0380344
308.35052 -3.033885
314.9025 -3.026589
320.266 -3.0189576
326.79437 -3.0129702
331.53156 -3.007997
337.16785 -3.0005038
343.37064 -2.9927778
347.20135 -2.982736
350.98077 -2.9657433
354.6338 -2.948821
358.97388 -2.9363701
361.39102 -2.9264395
363.744 -2.9102955
366.07898 -2.8955734
368.57867 -2.8854578
369.3341 -2.8726246
370.4662 -2.8617527
371.89056 -2.8487203
370.58633 -2.8348296
367.8314 -2.822588
364.49283 -2.809429
360.81 -2.8018198
356.5851 -2.7943292
352.7254 -2.790366
347.94153 -2.7853231
342.53427 -2.779442
338.59912 -2.7750351
334.36832 -2.770173
328.58325 -2.7633064
323.00586 -2.7564344
318.0059 -2.753449
313.01053 -2.7503703
308.00595 -2.7471755
302.65756 -2.7398086
297.16116 -2.7385535
292.11465 -2.7356195
287.12512 -2.7319348
281.85004 -2.7307096
276.78854 -2.7275217
271.09308 -2.7223086
265.6153 -2.720478
260.6361 -2.7170122
255.6357 -2.7124538
250.38983 -2.7104838
246.16637 -2.7076566
240.86159 -2.7071915
235.67554 -2.7016487
230.85078 -2.6965888
225.60173 -2.6854627
221.76292 -2.6769516
217.33661 -2.6667168
213.12845 -2.656539
209.4805 -2.6473384
204.71999 -2.6419554
200.63524 -2.6348543
195.93013 -2.6273415
191.4122 -2.6199872
186.98387 -2.612524
181.30086 -2.6052368
176.98244 -2.5990508
172.40509 -2.5897856
166.78708 -2.5831068
162.16577 -2.5725307
156.79846 -2.5695446
151.39314 -2.56418
144.93433 -2.5536554
139.25961 -2.5501866
133.25386 -2.5402253
126.41928 -2.5318635
119.92471 -2.5219433
113.31994 -2.5127535
107.75688 -2.4894235
102.237495 -2.4690883
96.05654 -2.4446912
88.25967 -2.4145107
80.93945 -2.4000478
73.96241 -2.40421
66.20069 -2.3804693
57.037537 -2.3474643
52.045845 -2.332695
44.908817 -2.2937884
38.34093 -2.2137778
33.175148 -2.0986836
27.881548 -1.9735366
21.443083 -1.7934114
14.71038 -1.6219171
10.819353 -1.3484622
9.031966 -0.68010753
11.350359 -0.12799738
15.688948 0.16313213
15.688948 0.16313213
