Stilus
8
296.54105 1.5320545
295.36276 1.5536352
294.32217 1.5745838
293.3655 1.5882485
293.46753 1.602417
293.71774 1.6227889
294.0742 1.6423905
293.66272 1.6664028
292.28415 1.6807269
289.07382 1.7034898
286.2998 1.7266641
282.8398 1.7414811
279.25842 1.7588388
275.5319 1.7763294
271.9872 1.8015425
270.5581 1.8294394
270.21735 1.8528717
270.86795 1.8760226
271.2707 1.9019973
270.13535 1.9229664
268.62674 1.9483194
267.13605 1.9754022
265.90488 2.0021434
265.2379 2.02912
263.53564 2.060624
262.04883 2.0891619
262.29327 2.1152036
263.1214 2.1401
262.60614 2.169798
261.95084 2.199615
259.69235 2.221479
256.7059 2.2489243
255.84714 2.2770672
256.038 2.3023934
257.76627 2.3258338
259.0818 2.3535132
259.33136 2.3762908
258.38144 2.4086475
256.03244 2.4367433
255.14473 2.4654799
255.54556 2.4953678
254.6956 2.52554
254.60417 2.5535073
254.14398 2.5864344
254.86182 2.6122866
255.91745 2.6426566
257.96936 2.6640568
260.17822 2.6979446
261.22684 2.7244046
262.3056 2.7533731
263.8698 2.7816644
265.5166 2.8089223
269.4794 2.832602
272.28784 2.8522282
274.28677 2.8801167
274.70776 2.9067304
276.06146 2.931013
277.81393 2.9543722
281.4379 2.9816515
284.24954 3.0103128
287.4721 3.034045
289.84912 3.0624065
290.7538 3.076461
294.17514 3.1009922
297.93973 3.1282482
299.92322 -3.1414385
303.22787 -3.1150527
304.35907 -3.1019413
305.72552 -3.0785701
306.22763 -3.0564592
306.59436 -3.0434365
307.01352 -3.0304308
308.0046 -3.0045907
309.362 -2.9757726
311.18057 -2.960953
312.5361 -2.9385736
313.37082 -2.9260168
314.2532 -2.9135487
315.36966 -2.8987653
316.60187 -2.8835223
317.9318 -2.868123
319.07172 -2.8556628
320.52634 -2.8406107
322.98944 -2.8169434
324.61502 -2.802379
327.6765 -2.7768228
328.55887 -2.7615726
328.74344 -2.7441652
329.13174 -2.7260637
331.1883 -2.7122073
333.9372 -2.694568
335.80914 -2.6764028
337.65778 -2.6591954
338.08142 -2.645735
339.2191 -2.6282656
338.92245 -2.6120832
339.75974 -2.5964742
339.9504 -2.5779905
341.09985 -2.5618765
341.3766 -2.5448887
342.466 -2.5248764
341.80652 -2.5027628
343.65033 -2.4812384
344.557 -2.4684556
346.5849 -2.4395235
347.5719 -2.4230092
346.5268 -2.39617
344.2195 -2.3780074
343.27 -2.3557427
344.0761 -2.3323395
345.77847 -2.3089643
346.3933 -2.2802634
345.27222 -2.2528634
343.631 -2.227126
341.0079 -2.207278
337.71164 -2.1888635
333.79114 -2.167988
332.8075 -2.1528711
332.18793 -2.138991
332.5997 -2.123937
332.31488 -2.0990877
331.97055 -2.0733993
330.8539 -2.0472686
330.38263 -2.0311508
329.09506 -2.0163658
328.0937 -2.0008614
327.3558 -1.9884583
326.66772 -1.9759954
323.30515 -1.951018
322.49847 -1.9381095
320.9449 -1.9232615
319.25183 -1.908549
317.63788 -1.8937701
314.89664 -1.8666592
313.55817 -1.852317
312.19608 -1.8368146
310.91443 -1.8212403
309.48428 -1.802488
308.32452 -1.7859652
307.30124 -1.7701567
306.3524 -1.7541959
305.47977 -1.7380961
304.57034 -1.7193763
303.74936 -1.7000738
303.13907 -1.6835345
302.61743 -1.6671187
302.17816 -1.6506737
302.8175 -1.6339484
302.54474 -1.6175697
302.37793 -1.6037389
300.48557 -1.5904878
299.45056 -1.5747865
298.24194 -1.5578724
296.56857 -1.5410075
295.54312 -1.5239837
294.0564 -1.506005
293.27292 -1.4861008
291.96646 -1.4685173
290.56882 -1.4500535
289.337 -1.4293743
287.36438 -1.4109726
285.25977 -1.3910315
284.01718 -1.3722556
283.09714 -1.3536344
282.29126 -1.335134
280.57935 -1.3150283
278.9402 -1.2957108
276.48734 -1.2773488
273.84613 -1.2590479
268.2788 -1.2279798
264.29214 -1.1910973
263.03165 -1.1726937
261.4606 -1.140997
259.0698 -1.1067559
256.14337 -1.0781615
253.2238 -1.0502995
250.28981 -1.015685
248.87007 -0.97866976
250.17296 -0.94317245
249.58931 -0.9013241
248.49158 -0.881202
248.26959 -0.839189
248.02814 -0.8163715
247.77687 -0.7757976
250.0885 -0.7448102
250.20299 -0.70802635
249.76195 -0.6682218
248.2848 -0.6473733
247.73018 -0.6240086
248.56184 -0.5864211
250.12042 -0.5453518
251.68173 -0.50045437
252.95766 -0.47638014
253.93237 -0.45582694
254.72333 -0.43689167
255.07045 -0.41899803
259.2496 -0.39009607
262.2138 -0.35866198
264.49402 -0.3351663
266.6252 -0.31183693
268.96967 -0.28954017
270.71924 -0.26936898
272.5337 -0.25146496
275.4044 -0.23306254
278.00348 -0.2086762
279.28915 -0.1764301
279.6438 -0.15812932
280.78644 -0.14233063
284.5005 -0.11421875
289.0955 -0.08947337
290.68228 -0.0717563
293.29953 -0.051538397
295.08005 -0.03347361
296.96472 -0.016345501
299.93918 0.010478186
304.06174 0.030099407
307.29694 0.04932689
308.56027 0.06465449
309.85327 0.077948585
311.2803 0.093719974
315.3037 0.118066125
318.18243 0.13916853
319.8628 0.15343827
322.29965 0.16549362
324.1263 0.18012136
326.21582 0.19713438
328.16895 0.21126714
329.31226 0.22381303
331.9082 0.24374394
332.99243 0.25650948
334.18973 0.26983064
335.54462 0.28406438
336.99118 0.29841492
337.9791 0.31556246
339.1047 0.32733938
339.4752 0.3394864
340.08243 0.3513832
341.65082 0.3653527
342.4574 0.3794142
343.11417 0.39187968
343.40518 0.40722632
345.22983 0.42084742
346.77374 0.4442829
347.7805 0.468535
348.29398 0.483682
348.79495 0.49866208
348.70227 0.5159106
348.6092 0.5326108
347.53717 0.5552972
348.22827 0.56864035
348.90448 0.5824857
349.82565 0.60092574
350.88528 0.61627495
351.96478 0.6350699
353.66837 0.64625585
354.78824 0.66887474
355.44205 0.68905103
355.5534 0.7135787
354.90985 0.7463687
354.73544 0.76230305
354.65717 0.7941776
353.511 0.8146271
351.648 0.83277893
351.57486 0.85813314
352.36133 0.8906039
352.50806 0.90825415
352.4905 0.9231983
352.50372 0.93741417
353.8851 0.96115804
352.02417 0.9849431
348.76462 1.008842
346.7229 1.0193056
344.9917 1.0331471
343.82266 1.0446354
341.624 1.0678303
339.54028 1.0791007
337.73294 1.0943573
335.23087 1.1103323
334.64435 1.1261895
333.76767 1.1388726
332.5081 1.1635313
330.08832 1.188917
328.16318 1.203801
326.1362 1.2203251
324.37903 1.2354571
323.53497 1.2508163
320.63757 1.2707323
316.4395 1.2930503
314.16953 1.3071415
312.8871 1.3227789
311.70007 1.3382932
311.40204 1.3536843
310.7265 1.3672566
307.42447 1.3915693
303.9831 1.4194562
302.18625 1.4378392
300.543 1.4545671
298.92694 1.4734691
298.15146 1.4959949
296.75403 1.5166135
294.68893 1.5365928
292.6473 1.5558486
292.6473 1.5558486
