Stilus
15
302.2186 1.3728751
302.46204 1.341616
302.55145 1.3231444
302.83456 1.3065315
301.10333 1.29016
297.62375 1.272776
295.53253 1.250575
295.3471 1.2348021
295.62445 1.2171819
295.16467 1.1961762
294.60526 1.1794966
294.653 1.1574612
293.7612 1.1393502
293.84216 1.1158518
295.62698 1.0991008
297.00064 1.0828867
299.30652 1.061671
299.94092 1.0458817
300.56183 1.0285903
298.62122 1.0105613
295.76 0.9886994
293.9942 0.9571866
292.9026 0.9342168
292.55664 0.9077468
293.458 0.89234245
297.6404 0.8693604
300.1176 0.85455894
300.55853 0.83041966
301.0749 0.8131281
301.66486 0.7880908
302.31345 0.7614483
302.65985 0.7413898
303.0428 0.7185155
303.82465 0.687269
302.9062 0.67166215
301.37198 0.65539676
300.2683 0.6403778
300.23712 0.62338525
299.8365 0.5979917
299.54434 0.57309353
301.70197 0.54701525
303.53995 0.52323514
305.0841 0.498849
304.19492 0.48464766
303.88818 0.47029975
302.35898 0.4507481
302.0308 0.43299526
301.09125 0.40985164
300.5973 0.38888556
299.10107 0.37648964
296.2688 0.35151735
294.90186 0.33865276
294.2421 0.31074312
294.78094 0.2860119
295.32703 0.26337048
296.21127 0.23947677
296.87292 0.21722831
297.55328 0.19529969
297.9125 0.17935656
298.766 0.16138749
300.79224 0.13930584
300.9178 0.11668252
301.4316 0.0931472
300.9138 0.07242752
300.60803 0.05670466
301.32608 0.036659963
303.15894 0.015800878
305.1249 -0.0064305165
305.2493 -0.029265128
305.4848 -0.048970003
304.78885 -0.06626725
304.31332 -0.088546984
306.0035 -0.11101339
306.15475 -0.13486272
305.16284 -0.1576124
303.07376 -0.17631648
299.6995 -0.2039037
298.38647 -0.2299077
296.98624 -0.25495914
295.9516 -0.2802936
295.533 -0.29928008
295.70462 -0.32288498
295.17383 -0.3487615
294.57455 -0.37215036
295.76675 -0.39243785
297.59528 -0.40807587
299.6117 -0.42337233
301.11115 -0.4421084
303.0617 -0.46295023
302.65778 -0.48028624
303.9804 -0.50410575
306.3079 -0.5242633
306.69452 -0.5423032
304.54037 -0.5582814
302.7184 -0.58456707
301.6394 -0.6029951
299.78513 -0.6287432
300.80466 -0.64999807
301.37537 -0.67276883
301.40363 -0.6950315
300.94543 -0.7138338
298.51917 -0.7297528
297.52786 -0.7510339
297.38852 -0.7700521
297.3813 -0.79855746
297.07315 -0.82532275
297.36188 -0.8544578
297.89914 -0.87683946
298.31082 -0.8964251
297.1589 -0.9136169
296.24915 -0.93072313
295.96942 -0.951515
295.01044 -0.9738501
294.7381 -0.9936369
294.4416 -1.0141058
294.92117 -1.0310248
294.48737 -1.053698
293.80533 -1.0718498
293.30966 -1.0967686
292.98184 -1.1163416
293.41782 -1.135964
293.29724 -1.1544398
293.68506 -1.1772839
292.81223 -1.193688
292.00772 -1.2102854
292.1461 -1.2264909
292.39102 -1.2448759
292.84955 -1.2634084
293.36716 -1.2821466
294.64423 -1.3041044
295.32483 -1.3187932
294.33984 -1.3354559
293.06128 -1.3544002
292.81302 -1.3751286
292.81827 -1.3934362
291.70343 -1.4162065
291.08252 -1.4305558
290.30542 -1.4509999
289.57584 -1.4741603
289.05893 -1.4948086
288.66623 -1.5154854
289.14474 -1.5362325
291.99625 -1.5579705
293.2222 -1.5737419
294.2813 -1.5911812
294.3982 -1.6055766
294.61487 -1.622566
295.03995 -1.6453607
294.3913 -1.6599946
293.78088 -1.6738696
293.55893 -1.6970471
293.2189 -1.7138613
293.04987 -1.7325594
292.91016 -1.7498982
293.65048 -1.7633263
293.9032 -1.780511
293.776 -1.7979939
293.97263 -1.8153282
294.1539 -1.8313172
294.6235 -1.8498223
295.373 -1.8702356
295.2238 -1.8908587
295.2821 -1.9122757
296.41202 -1.9324939
298.3045 -1.9489069
300.94464 -1.9704118
301.50458 -1.991329
302.0 -2.0087793
301.90683 -2.0309117
301.9549 -2.0531178
302.14804 -2.0753486
302.49384 -2.0974965
301.00674 -2.1196072
299.49265 -2.1385155
297.48898 -2.1588879
298.50955 -2.1773634
299.20386 -2.200818
299.24643 -2.2245567
299.02457 -2.2506933
297.7005 -2.2723246
295.33954 -2.2918668
294.82462 -2.3116498
294.0569 -2.3339155
295.78787 -2.349674
298.09506 -2.3715532
299.6462 -2.3903582
300.86377 -2.4155896
300.45856 -2.4374142
298.48227 -2.4569137
296.768 -2.4748294
296.23935 -2.4980247
298.29117 -2.5154176
300.8868 -2.5277505
302.54037 -2.5541115
301.7399 -2.583207
301.34576 -2.5981102
300.3533 -2.611784
298.2999 -2.6355052
296.255 -2.6500027
297.71686 -2.667908
297.03766 -2.6892712
295.78726 -2.7059848
294.53427 -2.7234914
293.1658 -2.7428093
293.45435 -2.7652714
295.91898 -2.783554
298.2451 -2.8076706
300.13687 -2.8309162
302.25278 -2.8542485
304.29443 -2.879465
305.7072 -2.9009762
306.44342 -2.9190414
309.08145 -2.9407728
309.3499 -2.9574485
309.45877 -2.9739146
309.53928 -2.9927616
309.70038 -3.012317
310.06003 -3.0295203
309.46878 -3.0480175
308.9655 -3.0673704
308.57925 -3.0867248
308.30853 -3.1061454
308.15436 -3.1255856
308.11664 3.1382
308.17395 3.1220121
308.36026 3.1016946
307.65955 3.0821462
307.07907 3.0624287
305.6239 3.0423417
303.82602 3.021096
304.07507 3.00215
304.8104 2.9859018
305.79086 2.966653
306.89832 2.9472957
306.15982 2.9268255
305.54758 2.9063005
305.3145 2.8858385
305.07208 2.8657966
305.12695 2.8487275
304.43356 2.8274033
304.6985 2.8104012
304.78058 2.790063
303.71432 2.7737713
301.8485 2.7535963
300.09897 2.7331104
298.9745 2.7168436
300.79178 2.6939983
300.98944 2.6720357
301.76846 2.6509387
300.6556 2.6300738
300.26437 2.608308
299.43134 2.5871415
298.40277 2.5675993
298.20874 2.543557
298.75128 2.5233343
299.44516 2.5079906
297.51834 2.4784536
297.04486 2.4588888
297.06265 2.4405403
296.44034 2.4101648
296.37268 2.3898723
296.72784 2.3642302
297.4483 2.3439672
297.01273 2.3119369
296.7567 2.2945044
296.727 2.2645955
297.26614 2.2415302
296.7599 2.221448
297.44046 2.190588
297.63828 2.1605728
296.9425 2.1455002
297.26334 2.1244657
296.87564 2.1060758
294.91754 2.0879598
294.78024 2.0678518
295.20975 2.0508265
295.7416 2.0281792
294.78864 2.0137227
295.39172 1.9959716
296.10114 1.9774888
296.9535 1.9572406
298.0769 1.9320996
298.63312 1.9153593
298.87668 1.897347
298.42508 1.879391
299.3647 1.8583282
300.1134 1.8428706
300.01987 1.8257307
300.00592 1.8119813
300.02173 1.7978457
298.91208 1.7811753
298.00558 1.7664199
296.72546 1.7432978
295.83276 1.7250181
295.0056 1.7057917
294.17435 1.683088
294.58218 1.6680157
294.14322 1.6455917
293.7425 1.624385
293.4587 1.6014516
293.3482 1.584459
295.0741 1.564041
296.4541 1.5405513
296.80145 1.5137436
297.0573 1.5002546
297.72794 1.473455
298.61084 1.4468083
299.5577 1.423604
300.49527 1.4038717
301.54816 1.3842865
302.91666 1.3616958
304.04538 1.3448675
304.04538 1.3448675
