Finger
10
290.4198 1.5965916
287.0611 1.629143
284.27896 1.6525863
281.84808 1.674599
278.8187 1.6973896
277.36658 1.712617
275.32706 1.735666
273.71622 1.7598364
271.47293 1.7792289
268.80267 1.8068901
267.4347 1.828504
266.57745 1.8486981
265.42398 1.8735521
263.97443 1.9020946
262.67157 1.9250896
261.8491 1.9436328
260.7479 1.9638741
259.4323 1.9837161
257.48267 2.0116148
255.53632 2.0423172
254.6477 2.0675044
253.3433 2.090621
252.434 2.1156576
252.25763 2.1370554
250.53114 2.1629963
248.59209 2.193974
247.82068 2.225087
247.48769 2.2622254
247.59047 2.2938561
247.40923 2.323071
246.5724 2.3487825
246.13104 2.3853247
246.25584 2.4132183
247.40579 2.4388864
248.10751 2.473709
249.42484 2.5080006
250.84464 2.5414085
252.13281 2.5769293
253.4274 2.5987597
254.43301 2.6249375
255.36594 2.6571534
258.14252 2.6855488
260.22293 2.7064319
262.54666 2.7355428
264.3727 2.7661092
266.12653 2.7937388
266.9783 2.8187268
269.03323 2.8407779
270.19647 2.8652382
271.03003 2.8852282
273.42358 2.9072108
276.09015 2.930125
279.35577 2.9444351
281.6889 2.9721112
283.1982 2.9892316
285.66348 3.0059621
287.90793 3.024124
289.54944 3.0390532
291.1254 3.0591803
292.75494 3.0764933
294.45428 3.0948246
297.17804 3.1091154
299.65994 3.1264203
301.89746 3.1415915
304.97125 -3.1186736
306.869 -3.1010423
308.50122 -3.0853713
311.0406 -3.0643175
313.27042 -3.0481777
315.49155 -3.0322657
316.55777 -3.017087
317.23203 -3.0011222
317.90164 -2.986937
318.74826 -2.9707408
319.8227 -2.9522583
321.93903 -2.9351962
323.31512 -2.9157684
324.37036 -2.902019
324.43185 -2.8791552
324.81735 -2.8609517
325.6965 -2.8411915
326.75293 -2.8210766
329.02676 -2.800872
329.27896 -2.7811081
328.984 -2.767382
328.50824 -2.7474537
327.5238 -2.7237375
326.95294 -2.705416
327.7347 -2.6862526
328.99814 -2.6650708
330.50876 -2.6434639
332.56985 -2.6247973
333.31354 -2.6101527
334.94943 -2.5949705
336.72818 -2.5807483
338.41257 -2.567417
339.7103 -2.5519774
341.47098 -2.5380769
343.73602 -2.5245647
345.62408 -2.5109901
346.59705 -2.4950995
348.18805 -2.4750252
349.16882 -2.455928
349.8473 -2.4419806
351.2154 -2.427298
351.74643 -2.4059496
351.92004 -2.3878243
351.7522 -2.3620853
351.78122 -2.3423934
351.26535 -2.32062
349.64713 -2.2986684
349.236 -2.2799299
348.30862 -2.2633784
347.47327 -2.2468452
347.36548 -2.2320654
347.4921 -2.2140572
345.23074 -2.1944997
343.64716 -2.1728318
342.64206 -2.1538308
342.19547 -2.1400914
341.5601 -2.120605
341.1475 -2.1015167
340.50702 -2.0816102
339.8721 -2.0598645
338.79282 -2.0410025
337.91785 -2.0225067
337.15854 -2.0039248
336.265 -1.989554
335.14096 -1.9682138
334.54193 -1.9560068
333.0885 -1.9352833
331.94046 -1.9173511
332.10022 -1.9005766
331.8681 -1.8792734
330.04077 -1.8613957
328.1582 -1.8415536
326.35324 -1.8208555
325.11145 -1.805434
323.81403 -1.7880388
322.73395 -1.7723162
320.3232 -1.7465016
319.4389 -1.7338147
317.8203 -1.7217828
315.83035 -1.6998166
313.10886 -1.675792
311.6753 -1.6609765
310.25076 -1.6450969
308.93246 -1.6292958
308.52216 -1.6158396
306.5559 -1.6029689
302.42206 -1.5829694
299.40897 -1.5602975
296.60968 -1.5332947
294.02518 -1.5057533
291.66553 -1.4777273
289.32504 -1.4555179
287.04092 -1.4306831
285.00998 -1.4077561
282.43408 -1.3816328
280.35535 -1.361475
277.9452 -1.3375683
276.34338 -1.3206244
274.30844 -1.3001963
271.91974 -1.2790028
270.7986 -1.2552811
269.94382 -1.2300364
270.61804 -1.2106029
269.66626 -1.1907985
268.17383 -1.1637046
267.06058 -1.1380124
266.11432 -1.1106082
265.68088 -1.0810022
265.9201 -1.0636133
264.51624 -1.0424973
262.82413 -1.0092328
261.0407 -0.98581725
259.8264 -0.96410507
259.85187 -0.9310811
260.8295 -0.90095556
263.27472 -0.8822394
261.87042 -0.8494957
260.7794 -0.8198722
259.92816 -0.79485625
259.26266 -0.7649332
258.91626 -0.7409559
260.40817 -0.71409684
262.41742 -0.68757147
262.59164 -0.65782034
262.36456 -0.62992615
262.98288 -0.6003247
263.83438 -0.57081956
263.7008 -0.5433876
266.24973 -0.5221039
269.33862 -0.4892639
270.46295 -0.4547769
272.31857 -0.41898927
274.0774 -0.38757616
276.62027 -0.36133957
280.21008 -0.33378208
282.65643 -0.30111977
284.99698 -0.26642033
285.85007 -0.25040337
287.52405 -0.2302206
290.16534 -0.20770237
291.33115 -0.19282126
293.8456 -0.1635222
295.03976 -0.14581634
296.36276 -0.12895732
300.58554 -0.10544152
304.92157 -0.08161167
309.357 -0.05456406
313.002 -0.025097672
315.90146 4.5133734E-4
318.18207 0.02237821
320.08673 0.03477103
322.66376 0.059257343
325.14545 0.080407865
327.7905 0.101831995
330.2236 0.11930879
331.31046 0.1395454
333.5028 0.16288014
334.89236 0.18644182
336.46652 0.20980021
338.22006 0.23289785
340.1594 0.25582728
341.30768 0.279211
343.5992 0.30160066
344.73492 0.31945002
345.45224 0.3363731
346.7419 0.35353616
348.29578 0.3733489
350.79608 0.39268717
352.61728 0.41210455
354.15268 0.42874694
355.41116 0.44822332
357.41797 0.4672832
357.2786 0.48958716
356.44974 0.51311725
355.80035 0.53369415
353.8702 0.5507742
353.50327 0.5714318
353.457 0.59184
353.55804 0.61224467
354.28067 0.63441724
355.60394 0.6534461
357.09286 0.6679538
357.10727 0.68589437
356.34937 0.7051827
356.7328 0.7235364
357.64624 0.74307686
357.58807 0.7592826
358.1863 0.77713245
357.6258 0.7952174
356.2558 0.81869394
353.74033 0.83888537
352.78125 0.8591101
352.73566 0.8811849
352.70087 0.89933974
354.21857 0.9205973
354.00125 0.94124496
352.74237 0.96585715
351.36365 0.987782
349.7864 1.0052289
348.80676 1.0260329
347.34955 1.0500898
346.2535 1.0780499
346.11047 1.1038624
345.29514 1.1284868
344.38086 1.1552187
343.3198 1.1695257
342.46198 1.1850885
341.55457 1.1996698
340.77963 1.2138574
340.03577 1.2262533
339.40744 1.2403408
338.05188 1.2546571
337.48718 1.2696395
335.78302 1.286434
333.6016 1.3011161
331.90033 1.3173683
329.63364 1.3322568
327.59125 1.3487312
325.54077 1.3630666
323.38016 1.3805434
321.311 1.3982998
318.49353 1.4133538
315.5514 1.4327545
312.69052 1.4539397
308.87497 1.4785017
304.5524 1.5010552
300.11926 1.5235162
295.92944 1.546218
291.81924 1.5725294
287.9355 1.6003938
284.36304 1.6283278
278.50027 1.6623719
278.50027 1.6623719
