Mouse
29
229.55453 1.2362605
231.12398 1.256871
234.03783 1.2743416
234.82347 1.2931218
236.65814 1.3128525
237.61194 1.331278
238.64574 1.3495499
239.75851 1.3676583
240.94916 1.3855934
243.20262 1.404032
244.5483 1.4215201
245.96794 1.4388117
246.46689 1.4554347
248.0288 1.4723836
248.6644 1.4887875
249.36656 1.5051035
250.13472 1.5213236
250.96828 1.5374401
250.86673 1.5533766
250.82895 1.569322
250.85495 1.5852681
250.9447 1.6012069
251.09816 1.6171302
251.3152 1.63303
251.59564 1.6488985
249.9482 1.6654781
249.36415 1.6818268
247.85521 1.6987609
246.41821 1.7158973
243.08095 1.7345603
240.81407 1.7529804
239.6104 1.7709111
237.50833 1.7899286
237.43756 1.8072885
236.47055 1.8257158
233.65944 1.8465999
231.90904 1.8667203
230.25392 1.8871382
227.75269 1.9092952
226.65527 1.9345013
224.02403 1.9533696
222.78653 1.9750547
220.33154 1.9947151
217.96362 2.0148106
214.79704 2.0270145
211.66342 2.0395818
209.0294 2.0567641
205.97797 2.0701275
203.95361 2.0924337
202.03273 2.1151757
200.75766 2.1425421
198.5133 2.161919
196.34515 2.1817315
194.2558 2.201978
191.64276 2.2185082
189.70197 2.2396395
188.48604 2.2652886
186.73746 2.2872288
185.7553 2.3135529
184.90317 2.340138
182.76874 2.3670335
182.1828 2.3942463
180.98193 2.4179711
179.12032 2.4384043
177.33505 2.4592578
176.41885 2.4840062
175.6118 2.5089974
174.91539 2.5342035
175.16719 2.562733
176.93677 2.5892966
178.32843 2.620165
180.36102 2.645638
182.05634 2.675422
184.33551 2.6997156
185.40154 2.726141
187.90105 2.7493424
190.49901 2.771923
193.7951 2.800495
196.92198 2.8168619
199.79823 2.8374813
202.75702 2.8575072
205.79475 2.8769495
209.63815 2.9016068
213.60435 2.9253623
215.7243 2.9464579
219.27768 2.958943
222.69658 2.9754534
225.0376 2.9951894
228.58476 3.0107267
231.07822 3.029584
234.74287 3.044189
238.37497 3.0625226
241.08665 3.0800462
244.86975 3.097356
247.72432 3.1140234
251.63683 3.1343255
255.64986 -3.1291873
258.72958 -3.1138716
262.91208 -3.0952818
266.12198 -3.0807886
269.4632 -3.062943
273.78973 -3.049526
276.17514 -3.035769
277.61905 -3.0218215
281.2327 -3.0054438
282.79227 -2.9919095
284.40305 -2.9785264
287.22522 -2.9624789
289.92795 -2.950132
291.89926 -2.9339669
294.7017 -2.922084
296.5716 -2.9096541
298.48676 -2.8973818
301.41373 -2.8861089
303.4137 -2.874186
305.4562 -2.862421
307.54044 -2.8508139
309.66556 -2.8393645
311.19043 -2.824025
313.40884 -2.8128963
314.72287 -2.8008668
316.4288 -2.7859733
317.84363 -2.7741756
319.30225 -2.7624843
320.80414 -2.7509007
322.7414 -2.7365754
324.33838 -2.72524
325.97662 -2.7140172
327.6555 -2.702908
327.57437 -2.6892598
327.55432 -2.675607
328.4828 -2.66336
327.6973 -2.6483095
328.73492 -2.6361513
329.82077 -2.6240716
330.0918 -2.6105428
330.94226 -2.5944538
332.19257 -2.5826042
331.8079 -2.5675883
332.88538 -2.5517125
330.69672 -2.539958
329.13113 -2.5255644
327.0458 -2.5135062
324.20724 -2.4994519
322.04514 -2.4826927
322.00735 -2.4628088
322.9916 -2.4492817
325.55945 -2.4398236
326.64325 -2.4265184
325.62677 -2.4115074
324.6841 -2.3964057
322.44083 -2.3857138
320.2349 -2.3748734
319.47357 -2.3594234
318.78888 -2.3439033
318.1813 -2.3283203
316.2384 -2.3124866
316.536 -2.2946317
314.65753 -2.283002
313.5873 -2.2691784
312.57742 -2.255263
310.06384 -2.245268
308.36975 -2.2331116
306.7217 -2.2208226
303.72177 -2.207717
300.775 -2.1943521
298.45697 -2.183472
296.99976 -2.170517
296.4262 -2.155569
295.91916 -2.1405663
295.4789 -2.125516
294.24835 -2.11217
293.07062 -2.0987144
291.94638 -2.0851526
291.7539 -2.0698433
289.39426 -2.0546725
287.5552 -2.0423586
285.31857 -2.0267463
283.58008 -2.0140817
281.88757 -2.0012627
280.24197 -1.9882911
278.6441 -1.9751685
277.09473 -1.9618969
275.59473 -1.9484783
273.7903 -1.9315025
272.0659 -1.9143064
270.7449 -1.9003949
269.47684 -1.8863499
267.96725 -1.8686113
266.54297 -1.8506774
265.2053 -1.8325567
264.19843 -1.8179318
262.79507 -1.7957922
261.9317 -1.7809054
261.1267 -1.7659235
259.21906 -1.7477478
258.54492 -1.7325176
257.78708 -1.7133737
257.12424 -1.6941239
255.56258 -1.6751881
255.17677 -1.6595974
254.85318 -1.6439632
254.59204 -1.6282933
253.3944 -1.6127598
253.23392 -1.5930313
253.17657 -1.5772353
253.18242 -1.561436
253.25145 -1.5456415
253.47333 -1.5219758
253.7 -1.5062271
253.98947 -1.4905107
254.43929 -1.4709216
254.86919 -1.4553049
255.36104 -1.4397446
255.91449 -1.4242477
257.67862 -1.4056174
259.53094 -1.3872465
260.6928 -1.3646157
262.96106 -1.3430587
264.13486 -1.3246167
265.13803 -1.3099846
267.43265 -1.2928839
268.5576 -1.2785605
269.73718 -1.2643596
270.97067 -1.250285
272.25732 -1.2363408
273.59644 -1.2225304
275.3429 -1.2054605
276.79718 -1.1919628
277.37753 -1.1772307
279.3331 -1.1606987
280.45383 -1.1429261
282.13702 -1.1300263
283.409 -1.1125638
285.656 -1.0968654
287.09006 -1.0797783
289.48126 -1.0645461
291.93854 -1.049567
294.9721 -1.0319263
297.24677 -1.0128739
299.9239 -0.99873054
302.1081 -0.98759806
304.06357 -0.9720605
306.6688 -0.95406
308.19046 -0.94159514
310.56128 -0.93118155
312.9653 -0.92092687
315.2279 -0.9063785
317.55627 -0.89204043
318.54083 -0.87832415
319.58493 -0.8646949
321.44073 -0.8532074
322.59326 -0.83978856
323.7485 -0.82210296
325.0344 -0.8088988
324.2487 -0.7936884
324.9525 -0.7784381
325.76596 -0.7589171
326.7029 -0.73950064
327.7623 -0.72020245
330.23648 -0.7056638
330.73514 -0.6886134
331.32962 -0.67161936
330.4352 -0.6583765
331.79868 -0.64384824
331.8346 -0.6287799
330.31284 -0.6172053
330.48212 -0.6020806
328.5079 -0.5878121
328.82413 -0.5726294
327.83847 -0.55650467
327.45407 -0.54290575
326.26758 -0.53082496
326.86752 -0.5156247
325.78943 -0.50342935
324.7601 -0.49115485
323.3205 -0.47605908
323.29593 -0.46222675
322.43234 -0.4497395
321.61935 -0.43718714
321.7687 -0.42329296
320.14642 -0.41190115
318.17764 -0.39750051
316.65067 -0.38585293
315.16708 -0.3740941
313.72745 -0.3622257
312.33243 -0.3502496
310.98257 -0.33816776
309.67853 -0.32598236
307.46982 -0.31469938
305.3008 -0.3032546
304.13025 -0.29070213
302.73502 -0.27487835
301.67386 -0.26211643
300.6622 -0.24926654
297.75647 -0.2379047
296.83923 -0.22480856
294.01816 -0.21306239
292.21838 -0.20040679
291.44846 -0.18695652
288.76175 -0.1746327
285.96005 -0.15862818
284.36606 -0.1452935
280.84064 -0.13274689
278.3534 -0.11945371
273.92752 -0.10669518
270.5433 -0.093174666
267.13248 -0.07558251
262.8081 -0.057759885
259.56918 -0.03919545
257.4438 -0.023973843
254.37907 -0.008535891
252.37643 0.007245884
248.41675 0.019439021
246.52795 0.03581972
242.70908 0.05288082
239.96065 0.07018859
236.28961 0.088263474
232.59363 0.102627724
228.94717 0.11745267
225.22249 0.12835301
221.52544 0.13961855
217.70903 0.1467241
214.05975 0.15869911
211.7758 0.17958987
208.60646 0.20188332
205.54398 0.22485279
203.56262 0.2472959
200.45636 0.2666922
198.95935 0.2949121
197.30745 0.31873137
194.16124 0.3349697
191.41473 0.35664278
188.76073 0.37893605
187.5154 0.4046756
185.07036 0.42808816
182.72946 0.45211405
180.04002 0.47181383
178.37622 0.50198495
176.37204 0.52781135
175.86502 0.55605596
174.6659 0.58759993
175.275 0.61292183
174.39322 0.64488333
173.6913 0.67713636
173.93124 0.70587105
174.31433 0.73450303
175.56377 0.7590498
176.91747 0.7832353
178.37303 0.8070399
180.60406 0.8263585
182.99081 0.8529134
184.73436 0.8753126
187.19421 0.8931067
189.10004 0.9146103
191.68651 0.93147576
194.32603 0.9478876
196.44785 0.96803665
198.64769 0.9877473
200.923 1.0070189
203.61267 1.0325979
206.05649 1.0508833
208.56755 1.0687344
212.45505 1.0947059
216.02074 1.1135439
218.33087 1.1339626
221.13687 1.1498109
224.13802 1.1752177
228.01239 1.1917627
230.6579 1.2102636
233.38054 1.2283391
235.54704 1.2540389
237.19911 1.2740043
237.19911 1.2740043
