Stilus
22
127.45667 1.21461
134.32367 1.2116727
141.21225 1.2073046
145.6711 1.204235
150.12654 1.2013505
157.17778 1.1914157
162.70177 1.174731
168.56662 1.1528765
174.51483 1.1413971
180.32733 1.1294463
185.93292 1.117665
191.29268 1.1080568
196.21196 1.1034937
201.45438 1.1068853
208.1733 1.0961634
212.93315 1.0820532
221.44534 1.0769877
230.04329 1.0676157
235.33566 1.06471
242.34862 1.0572644
249.38928 1.0545617
254.38907 1.0520828
261.35916 1.0501344
270.0817 1.0449761
277.73126 1.0403026
283.87262 1.034675
290.3638 1.0245857
296.3138 1.0191073
304.3453 1.0062422
309.53235 0.9933665
314.66733 0.9784117
321.17487 0.96540546
325.0578 0.9549658
330.59924 0.9510175
336.9578 0.9499932
343.02338 0.949148
350.9877 0.9479493
357.48383 0.9464801
362.12378 0.9394647
366.05948 0.93291885
370.49197 0.92247796
373.8689 0.9150176
377.39108 0.9029806
380.47678 0.8927639
383.33926 0.8835453
386.363 0.87406415
389.02136 0.8659366
391.38266 0.854974
391.27612 0.8408966
390.22845 0.8221028
388.8591 0.80983293
385.75842 0.7985423
381.63528 0.7842659
376.17435 0.77341557
371.85156 0.7614348
367.9551 0.7462701
362.50656 0.7339914
355.72614 0.72453755
351.30167 0.7197444
343.49567 0.7069597
339.25494 0.69970286
334.79202 0.69013935
329.55267 0.67929673
324.84436 0.6711422
319.9457 0.6628997
314.44928 0.66008073
307.6158 0.6526329
301.30426 0.6469837
296.54752 0.6380621
291.7389 0.6213939
286.9089 0.60364074
283.06592 0.5949459
277.8846 0.5815106
274.36792 0.5617119
270.12082 0.5434032
265.9888 0.52306277
261.8768 0.5047978
262.72897 0.4827137
265.03522 0.46431476
270.76904 0.44870043
276.89587 0.43807435
281.01807 0.4273036
285.7492 0.419777
290.01932 0.41026628
293.80032 0.40387797
299.4539 0.39220947
306.4844 0.37922725
313.2309 0.3638223
320.36694 0.35202956
326.65918 0.3423921
332.8604 0.33191925
337.75333 0.3269304
341.5617 0.3231519
346.41733 0.31239313
350.69287 0.30546913
355.08835 0.29636762
359.48312 0.28905657
363.33502 0.2783337
369.6779 0.2668274
373.8147 0.25688803
376.90323 0.24301134
382.66537 0.21850884
382.56955 0.20751029
380.8889 0.19002794
378.0102 0.17473975
373.93497 0.15829842
368.07187 0.14377709
361.4385 0.13245165
354.74814 0.11793844
349.80505 0.11321636
345.46698 0.10655009
339.3858 0.09703329
332.8399 0.08946641
326.71347 0.08435888
320.50574 0.0773128
314.37354 0.07243822
308.1329 0.06091477
302.0082 0.05478455
295.87787 0.045776177
289.81406 0.03983246
285.48276 0.040437117
280.83795 0.041106287
275.61984 0.041884974
271.62042 0.04250207
264.82178 0.039817475
257.8385 0.037939463
252.529 0.030769564
246.50932 0.026553275
242.48555 0.022872034
238.27922 0.019081496
232.60165 0.016795572
225.9411 0.0040280307
217.6831 -0.006655837
210.51178 -0.020019457
205.81485 -0.026462499
199.69276 -0.046154156
192.11049 -0.06359793
184.34889 -0.08261822
176.4864 -0.093270585
170.08456 -0.09679201
164.64517 -0.11694088
158.95389 -0.13379045
153.35698 -0.14539145
149.22847 -0.15089513
144.1833 -0.15621778
139.25142 -0.16179849
134.71483 -0.16729769
141.2568 -0.18479341
148.20815 -0.20524128
155.87595 -0.22115754
160.58955 -0.23448144
164.58195 -0.2592819
168.74223 -0.28206047
172.30005 -0.30602783
178.2866 -0.3088327
183.81194 -0.3147571
189.02817 -0.31292567
196.16943 -0.3225664
202.18262 -0.3334806
208.88994 -0.3527468
212.3253 -0.367504
215.69415 -0.38690448
221.61678 -0.39985797
228.78394 -0.40794912
236.11491 -0.41826892
242.88307 -0.43756917
247.57753 -0.4565327
252.4156 -0.47717524
254.43106 -0.49227637
255.1779 -0.513044
252.34288 -0.5290026
248.74509 -0.54685795
244.47743 -0.55752
239.61562 -0.5702215
235.22633 -0.5822342
230.25537 -0.59651524
225.3164 -0.6114763
220.43233 -0.627097
215.01625 -0.6396696
207.75896 -0.64903617
201.95647 -0.6584307
193.84482 -0.6713937
190.0687 -0.6803911
180.60602 -0.69447345
173.92574 -0.7041102
166.74956 -0.70909345
159.61098 -0.71454024
153.1115 -0.72538865
147.25764 -0.73156416
142.21632 -0.74457955
136.64491 -0.7646941
129.94775 -0.77448845
131.92497 -0.80323493
136.89012 -0.8398361
141.58667 -0.8691964
148.24593 -0.89798874
156.23422 -0.91006404
160.95285 -0.9287868
169.09015 -0.95144904
173.72829 -0.96342313
179.22984 -0.97792155
184.48239 -0.9840578
189.13222 -0.98766035
199.50105 -0.99791044
205.5531 -1.0054613
212.40506 -1.0146549
218.10214 -1.0200783
223.4117 -1.0241636
227.47612 -1.0287466
236.26318 -1.0324898
244.6866 -1.0387313
252.59111 -1.0479692
260.04807 -1.0599943
267.10812 -1.0662684
275.31146 -1.0785102
280.1522 -1.0837741
285.24756 -1.0892477
290.14453 -1.0941721
294.16208 -1.0973893
300.94815 -1.1043874
307.57452 -1.1123464
316.5283 -1.1192613
321.11032 -1.1254423
326.05768 -1.1292872
332.4296 -1.1324241
339.002 -1.1382406
345.6452 -1.1464143
351.83463 -1.1543489
357.13544 -1.1639515
361.33795 -1.1719589
365.2993 -1.1794839
369.34445 -1.1979282
373.84097 -1.2115314
377.90625 -1.2264789
379.62714 -1.239285
379.6161 -1.2559108
378.07465 -1.2706114
375.60715 -1.2830893
371.53445 -1.2938619
367.1039 -1.3067765
362.69257 -1.3205329
357.7746 -1.3326646
351.08762 -1.3478693
343.95267 -1.3609942
336.0894 -1.3742545
328.36615 -1.3849326
321.09952 -1.3997844
315.3979 -1.4159358
308.58646 -1.4321308
300.8113 -1.4452109
294.25354 -1.4595343
287.86887 -1.4710193
283.59683 -1.4801524
279.4187 -1.486699
274.09094 -1.5025432
268.9479 -1.5094843
264.07883 -1.5151234
256.97433 -1.5221949
250.51796 -1.5249326
247.3478 -1.543675
249.25526 -1.5710855
251.32715 -1.5949695
257.032 -1.6107854
263.6154 -1.6238625
268.35928 -1.635157
274.79013 -1.6453747
280.7645 -1.6537191
287.49393 -1.6647322
292.34933 -1.6744239
296.99216 -1.6863712
303.43326 -1.6971904
308.00345 -1.7108549
312.74643 -1.7256463
318.43387 -1.7358931
324.8919 -1.7447151
332.26035 -1.7530081
340.08755 -1.7637426
346.00604 -1.7724947
350.9032 -1.7809641
355.4701 -1.7897426
361.253 -1.7980698
365.70496 -1.8008616
372.55038 -1.8097715
378.86163 -1.8220345
384.24927 -1.8345492
386.73254 -1.8461945
388.12225 -1.8585941
388.84598 -1.8735577
386.4516 -1.8863721
382.7533 -1.9066303
379.39026 -1.9209198
373.77048 -1.9384183
366.0632 -1.9517957
361.55072 -1.9574261
356.36273 -1.9663955
351.86533 -1.9741616
343.0599 -1.9858243
337.50507 -1.993088
330.43936 -2.0027168
324.77896 -2.0107653
319.6226 -2.0183735
312.64804 -2.0255518
304.6164 -2.0355942
296.8979 -2.0449376
290.35147 -2.0556662
284.59854 -2.0623605
276.90997 -2.0699434
268.60428 -2.0816894
261.00552 -2.0936623
255.10265 -2.1025028
249.45178 -2.1112049
243.15216 -2.1219945
236.70114 -2.1338394
229.41747 -2.148802
223.27516 -2.1572664
218.26999 -2.165823
213.92387 -2.1694558
209.4246 -2.1783917
204.73294 -2.1883612
198.70796 -2.1976194
192.80717 -2.2072766
186.2277 -2.214548
181.567 -2.2187111
174.1921 -2.2219396
164.49834 -2.2226603
159.18918 -2.2306798
150.30591 -2.2411819
142.30974 -2.2607777
137.79536 -2.276675
134.05478 -2.290755
135.88625 -2.334334
139.12338 -2.356214
143.84497 -2.3885207
146.95076 -2.408152
153.88998 -2.424185
161.26498 -2.4263222
167.07202 -2.4252782
175.06589 -2.4248114
183.03406 -2.4326556
190.30165 -2.4379003
196.34099 -2.4491222
202.74289 -2.4573488
210.68784 -2.4696958
218.21948 -2.485328
224.70555 -2.5062857
229.72667 -2.5223062
234.63571 -2.537142
238.71622 -2.548901
243.0844 -2.5609543
246.95613 -2.571206
250.67036 -2.5853834
250.10703 -2.615048
248.02992 -2.6379194
245.64961 -2.6645744
239.09543 -2.683372
233.38226 -2.686565
227.12321 -2.6789382
221.77083 -2.6809812
216.4349 -2.688599
205.8481 -2.7064228
199.69695 -2.7139268
193.46928 -2.7220826
183.64285 -2.7352107
175.24643 -2.7456312
167.03276 -2.739295
161.76926 -2.7374547
155.74222 -2.747076
149.52144 -2.759152
144.01598 -2.7808936
139.62064 -2.7996516
133.90807 -2.8318915
130.03429 -2.8721719
125.15567 -2.900943
123.02756 -2.9325614
128.89891 -2.9666703
134.80937 -2.9744134
140.91205 -2.9817173
146.8362 -2.9882197
152.96468 -2.9944103
157.49982 -2.998678
163.78706 -2.998038
171.622 -2.9987545
179.42445 -3.0094523
187.21124 -3.0214796
192.0621 -3.0391517
197.47623 -3.0667331
204.84592 -3.08893
209.7817 -3.1003242
213.88528 -3.1104002
217.87077 -3.1202497
224.81516 -3.1307032
230.80275 3.140097
234.81384 3.134997
241.84836 3.1227927
247.86139 3.116011
253.84445 3.1118689
260.89487 3.1126723
267.87808 3.1134264
275.05264 3.1141613
282.05447 3.1148424
289.80988 3.1155584
293.81287 3.1159132
298.60532 3.1163254
302.8169 3.1133761
306.83905 3.113746
312.61386 3.1089242
320.65982 3.1024752
327.04178 3.0946908
332.98822 3.086795
337.55246 3.078354
340.8239 3.0671866
344.2007 3.0533967
350.74557 3.0378618
357.22327 3.0232272
361.7955 3.0108457
366.41718 2.9987843
372.52753 2.9823914
376.3186 2.9704928
383.30713 2.957632
384.6634 2.942025
387.61008 2.9282317
389.71835 2.9180903
385.74966 2.9138248
379.38376 2.9044816
373.94733 2.8927524
368.02567 2.8797653
362.8237 2.8653066
359.5824 2.8509808
354.95 2.8349252
349.7255 2.8179467
343.81616 2.8052828
338.27957 2.7964182
330.97827 2.7884748
325.50357 2.7789874
320.9715 2.7736251
314.89047 2.762756
309.48788 2.7461202
303.93445 2.7305017
299.99414 2.7174716
295.5505 2.7106724
290.12283 2.7020543
282.99585 2.690179
279.36194 2.6838632
274.0042 2.6742074
270.71942 2.6639225
265.21976 2.6531582
261.84332 2.6383023
258.8397 2.6223166
257.27917 2.5932672
258.85733 2.5737078
261.42136 2.5585148
266.585 2.5483124
273.07153 2.538682
277.12012 2.5306344
283.36826 2.519076
289.61627 2.5056775
293.61743 2.498743
301.4228 2.490757
310.27103 2.479988
314.68796 2.4723325
318.94717 2.4654884
323.93378 2.4569044
330.01804 2.4405258
336.5815 2.4342961
344.926 2.4240887
349.59927 2.4175916
353.94086 2.412288
358.0349 2.403734
364.39188 2.389766
369.93253 2.380691
375.3371 2.3704646
380.41092 2.3568356
383.99026 2.343905
385.78244 2.3290672
387.4721 2.3148155
386.50275 2.3005462
384.87357 2.2869537
382.15167 2.2716508
379.1371 2.2611542
375.82523 2.2504146
371.21707 2.2435884
366.3408 2.2355971
362.98682 2.2282364
359.71072 2.2209506
355.90414 2.214974
347.9472 2.2035315
343.02618 2.1987042
334.8654 2.1942804
325.8642 2.1887267
317.7833 2.1799526
309.1046 2.167945
300.04153 2.16332
295.0285 2.1624718
284.6527 2.1585107
279.10016 2.154529
273.5608 2.1503925
268.44803 2.14171
263.42746 2.1348135
253.2806 2.1229587
243.1087 2.1152334
232.05602 2.1035237
222.05086 2.088587
215.80786 2.0679734
211.08275 2.0463378
205.81512 2.0254667
199.42155 2.0064778
192.01038 1.9845407
183.15656 1.9670149
175.44823 1.9545221
169.62088 1.943143
164.37082 1.9293001
156.70238 1.9255494
149.44939 1.9292759
142.22021 1.9333252
134.97862 1.9378507
130.4983 1.9346536
124.37178 1.9030128
121.77062 1.8672432
123.59689 1.8134998
129.8955 1.7838488
133.6121 1.770203
138.49301 1.7630856
142.44629 1.7576852
149.2796 1.7490362
153.96664 1.7435547
159.87727 1.7371072
166.52994 1.730405
172.6278 1.7202604
177.7423 1.7145783
185.39166 1.6977373
190.22894 1.6892036
195.70699 1.6807386
201.78192 1.6774158
207.0189 1.6747087
214.2177 1.6712048
220.68768 1.6604728
224.60396 1.6531538
229.51392 1.647023
233.44359 1.6414478
237.36969 1.6360601
244.22928 1.6260313
250.0456 1.609748
253.16313 1.5904278
252.6901 1.5701538
248.94815 1.5538591
242.802 1.5328051
236.22864 1.5147297
229.44502 1.503275
225.46605 1.4976407
220.72154 1.4960653
215.8112 1.490865
210.00703 1.4790999
204.2121 1.470367
199.29672 1.462842
193.48174 1.4595842
186.64995 1.4554958
173.73894 1.4367703
168.74927 1.4252787
164.18953 1.415053
158.82593 1.4033742
153.19058 1.3864719
146.45021 1.3632869
140.89824 1.3400866
136.5845 1.3177499
133.24704 1.2878186
131.32309 1.2515794
130.87297 1.2101624
131.01236 1.1714219
131.01236 1.1714219
