Stilus
31
30.710861 0.925243
44.905464 0.88094646
62.88423 0.862056
72.13287 0.86454695
80.0367 0.8636521
85.83938 0.8601755
91.875725 0.8629791
97.87981 0.85822606
105.69513 0.8341092
110.97669 0.8114141
115.458916 0.7932919
120.53926 0.7859254
126.741516 0.78033745
134.21704 0.78773075
140.60701 0.782535
148.66855 0.77730745
156.4438 0.77320933
162.38255 0.77361894
168.58856 0.7690809
173.7058 0.7655012
180.46936 0.75842553
189.42223 0.75722337
194.63144 0.7539357
199.65181 0.75110173
209.4677 0.7453222
218.12057 0.74105304
225.37926 0.7356207
231.21652 0.7198291
237.73978 0.70601475
242.21204 0.70110166
248.6108 0.7004309
254.90407 0.6992713
261.94318 0.70748234
269.31964 0.711538
278.85385 0.7075551
286.75623 0.70231164
291.8605 0.6964885
295.8937 0.6858714
301.59634 0.67897856
306.17892 0.67529315
312.11606 0.67088765
319.15103 0.6619738
324.8086 0.6531985
330.1308 0.64428294
337.64853 0.645602
344.5536 0.64455575
349.7577 0.64053994
356.86444 0.633173
361.17828 0.6286225
366.59702 0.62246084
370.8302 0.61016387
371.19446 0.5879008
370.78647 0.5677783
369.82156 0.5534835
364.29166 0.54184586
359.0328 0.5336381
350.90985 0.5251298
344.98456 0.5184262
338.96674 0.51139873
329.1326 0.50298315
322.66336 0.5034505
315.67142 0.49107838
308.89008 0.4772329
300.46225 0.45888853
295.23148 0.45179048
287.37753 0.44490537
278.2984 0.44141537
269.70877 0.42777362
261.91223 0.4079482
257.55038 0.39008602
254.31232 0.3773163
250.65338 0.3617359
248.03981 0.34756204
246.58302 0.33086848
249.25163 0.30560106
253.41164 0.28067148
257.50214 0.26218012
261.36832 0.2423632
264.73547 0.22670293
269.93817 0.21088861
275.19913 0.19568083
282.31454 0.17628802
287.70087 0.166666
291.83078 0.16353768
298.52496 0.15983854
306.38824 0.15570244
313.32755 0.1522269
319.31912 0.14689726
325.92017 0.1370114
331.62607 0.12888508
335.5997 0.12252919
340.3793 0.11636557
346.62506 0.10555901
350.69257 0.10146581
356.94553 0.09507261
363.17664 0.09015405
367.08783 0.08325368
373.69162 0.06899202
373.57047 0.053610317
368.76736 0.040021714
363.4069 0.026893133
358.3226 0.0133537
353.28052 0.0021813558
348.29694 -0.0070287134
342.34598 -0.015907794
336.42538 -0.022129009
330.44733 -0.028579177
325.4845 -0.0320864
319.544 -0.038287356
314.61798 -0.04272993
308.88602 -0.0460421
300.93497 -0.047997966
296.92908 -0.048646018
292.02237 -0.05289022
288.01706 -0.053626437
280.79556 -0.05500698
273.17075 -0.06301272
269.23993 -0.06767183
261.479 -0.081212066
253.53253 -0.08463939
246.34871 -0.08711375
240.4632 -0.09342453
234.5063 -0.09580488
227.76692 -0.09864875
219.83272 -0.10222141
211.87856 -0.10607311
203.9294 -0.110224344
195.9869 -0.11471057
188.04697 -0.119576745
180.02274 -0.12056955
172.72215 -0.11858346
166.6557 -0.1168825
159.71202 -0.110751204
152.59184 -0.10290607
146.47813 -0.09873287
140.41054 -0.09586261
134.4548 -0.10012283
128.38234 -0.11270502
121.65746 -0.1189638
113.85859 -0.13600753
106.71295 -0.14517723
100.66781 -0.1461267
92.578316 -0.12637289
86.47182 -0.12104959
80.32218 -0.1081462
74.32987 -0.11383963
68.16182 -0.12419217
61.441807 -0.13785766
53.5892 -0.13936211
47.158848 -0.12339181
40.914974 -0.10889248
34.77888 -0.076778956
28.501266 -0.050856594
23.58516 -0.01906594
18.64063 0.07736719
14.163552 0.25314355
10.521186 0.44684574
7.5258217 1.054501
9.260955 1.788195
14.020859 2.0345101
19.74843 2.101031
25.255983 2.1288602
32.009525 2.1773646
37.04137 2.2190597
41.16246 2.2691882
47.31428 2.243
53.79145 2.2368343
58.39182 2.2096653
63.74719 2.179567
69.82094 2.1540253
74.57546 2.1282222
79.11842 2.107437
83.451324 2.0768244
87.87813 2.0619633
93.59999 2.0655713
100.19145 2.064057
104.6722 2.0627112
110.19389 2.0462153
116.00796 2.0494666
120.72076 2.0478508
124.83457 2.0398405
130.54128 2.0434217
136.24632 2.0448103
140.93294 2.0375688
145.2904 2.030167
149.421 2.0239592
155.5829 2.0189593
159.82062 2.013153
166.34804 2.027123
172.4351 2.0348299
178.59709 2.031502
184.7095 2.0256712
189.99649 2.0193653
193.6092 2.0104036
198.13686 1.9996835
204.15134 1.9958467
209.1952 1.9912765
214.3502 1.985634
219.64465 1.9750429
226.11061 1.9628407
232.43585 1.9562482
237.0391 1.952918
242.97957 1.9475285
247.84215 1.9397782
253.24025 1.9315485
257.38223 1.9254842
263.45935 1.924592
267.96652 1.924767
273.01807 1.9268007
277.49747 1.9279568
284.1701 1.930471
289.3122 1.9287882
295.38712 1.9319261
300.27878 1.9321035
304.7673 1.9308107
309.41977 1.9286007
314.75067 1.9282562
320.77615 1.9253378
326.7931 1.9217833
332.4436 1.9155669
337.81915 1.9074162
343.4157 1.9010404
348.6487 1.8909382
354.51376 1.8792222
360.3665 1.8652388
364.4321 1.8526825
366.79102 1.8350967
365.92664 1.8238451
361.89612 1.8105385
357.99564 1.801507
352.19067 1.7907155
347.38312 1.7843325
340.29282 1.7708707
334.489 1.7567767
329.77103 1.7495823
323.16415 1.7406958
317.13818 1.7375845
311.18228 1.7287194
305.91605 1.719896
300.1686 1.7062975
295.6935 1.691719
289.1792 1.6771004
282.03394 1.6655567
274.63174 1.6498632
268.35007 1.6367679
263.01773 1.6296881
258.20087 1.6230396
252.92004 1.6122714
246.7887 1.594522
241.73125 1.5784932
240.20613 1.5577135
245.98772 1.5383093
251.125 1.5298982
255.6087 1.5258467
260.36517 1.5121294
264.8567 1.5085361
269.22638 1.5034586
273.5686 1.4968293
277.80405 1.4905794
286.12067 1.4788874
291.21805 1.4728974
295.49863 1.456479
299.86584 1.4479567
305.30438 1.4386547
310.6331 1.431919
315.88092 1.4271556
320.37463 1.4228452
327.99277 1.4164091
334.49997 1.4079945
341.48825 1.4009671
348.2802 1.3897102
354.9774 1.3807143
361.93436 1.3727697
366.98102 1.3641198
372.981 1.348044
373.5775 1.335299
373.06204 1.3225169
369.93875 1.3054354
364.27155 1.2897918
359.35138 1.277103
355.2407 1.2652353
350.36536 1.2514247
344.1043 1.2362131
340.5127 1.2291279
336.10324 1.2212007
332.41397 1.2163997
328.65158 1.2121603
323.68738 1.2097057
315.8358 1.2058622
310.21027 1.2023841
303.71146 1.1989051
297.48862 1.1971918
293.21085 1.1951243
286.62766 1.1943544
276.32767 1.194351
270.05365 1.1930757
263.1611 1.1867949
258.26193 1.1800056
252.95845 1.1790041
247.24965 1.1738094
241.27908 1.1688899
235.3226 1.1627347
229.53175 1.1555467
224.0634 1.1458036
219.70438 1.1418104
212.21281 1.1308109
207.18411 1.1247039
201.5648 1.1156751
195.30717 1.1113706
189.7803 1.1086304
184.37201 1.1062458
178.16197 1.1127901
167.65454 1.1207211
161.7289 1.1242319
155.25603 1.1255324
149.56451 1.1239127
144.20895 1.1214303
136.17642 1.1255425
131.12369 1.1174572
126.26667 1.1074914
121.4258 1.0946438
116.403656 1.0842068
108.07224 1.0724026
102.66688 1.0683854
96.66379 1.0696305
88.21965 1.0645365
82.78147 1.0574323
77.45925 1.0482383
72.78007 1.0431536
64.58746 1.040478
59.12719 1.0646148
50.37383 1.0589882
42.31 1.0603366
35.261547 1.0128179
29.283766 1.0057102
24.297234 1.0218594
18.236126 1.135707
13.449706 1.1256037
8.514455 1.0147251
4.581195 0.70279247
1.9956205 -0.5519776
10.07025 -1.6204042
18.23577 -1.7081486
22.51237 -1.7267034
29.555546 -1.7577413
37.74169 -1.7653159
42.651085 -1.7473377
46.61439 -1.7321897
54.51597 -1.7086349
60.47086 -1.694987
65.73032 -1.6973361
72.60337 -1.699166
80.54141 -1.6888748
87.5235 -1.6794164
92.77521 -1.6732455
99.63554 -1.6661692
107.698326 -1.6852385
115.6497 -1.678957
123.49979 -1.6639321
130.4684 -1.6589442
137.52626 -1.6616995
143.77802 -1.6647117
151.62532 -1.6651902
159.87692 -1.6791248
167.08662 -1.6876221
175.2634 -1.6936243
184.3743 -1.7039049
189.43442 -1.7056478
194.66028 -1.7113966
200.05194 -1.7211357
207.74908 -1.736484
213.0181 -1.7418772
222.40454 -1.7482824
227.63412 -1.7529887
232.76529 -1.7533652
241.19138 -1.759584
249.49976 -1.7652432
257.6995 -1.7668229
266.1385 -1.7720268
271.40225 -1.7755266
277.15762 -1.7822597
284.20822 -1.7874335
292.02063 -1.7957431
299.8339 -1.803605
304.65158 -1.8099658
310.16016 -1.8130577
315.11423 -1.8157032
321.38217 -1.8260872
328.19965 -1.8332508
334.33817 -1.8437974
341.09402 -1.8572581
345.75027 -1.8668935
350.32578 -1.8778201
355.9919 -1.890521
361.44757 -1.9029512
365.9539 -1.9174817
369.51028 -1.928051
372.08096 -1.9387288
372.74805 -1.9560581
368.97766 -1.9719169
366.08557 -1.9812293
363.22803 -1.9906822
357.18637 -2.0075147
352.55237 -2.0143886
347.15878 -2.0217843
339.41776 -2.027084
334.50107 -2.0309849
329.57556 -2.035002
323.96747 -2.040208
319.76294 -2.043407
313.7135 -2.0464313
309.60687 -2.0494785
304.80786 -2.0537715
299.7286 -2.0589242
294.23758 -2.0650678
289.67627 -2.072558
285.47296 -2.0766497
279.36987 -2.081523
270.95093 -2.0937788
266.9149 -2.1025188
262.55273 -2.1123202
258.07028 -2.122801
252.89775 -2.1437728
248.92682 -2.1599936
244.59872 -2.1768274
242.51291 -2.1968246
242.714 -2.2321968
244.68637 -2.250537
249.23459 -2.2617714
256.13425 -2.2698429
263.19543 -2.278183
268.82495 -2.2897363
274.29614 -2.3013868
280.325 -2.311974
285.78418 -2.3159392
292.51807 -2.32138
300.21957 -2.32933
308.21832 -2.3372033
315.41086 -2.3505938
319.60724 -2.3593862
324.24753 -2.3662713
330.83185 -2.3801134
334.54984 -2.3865612
337.53708 -2.3948572
344.13913 -2.4085698
348.76974 -2.4204607
356.1187 -2.4215646
361.3901 -2.4235446
365.98572 -2.429467
370.60745 -2.4349732
372.3988 -2.4485703
373.30667 -2.471937
371.7607 -2.4958155
370.17096 -2.5060847
366.24506 -2.52182
358.9706 -2.5225754
349.4264 -2.5226002
339.50647 -2.5270274
331.45807 -2.5394287
323.84894 -2.5531747
316.80707 -2.5581203
309.1196 -2.5502946
298.55225 -2.548924
288.13947 -2.5579052
281.8636 -2.5675712
275.77 -2.5749705
270.19534 -2.5801864
264.30203 -2.5797892
258.01532 -2.5825288
251.6088 -2.5855184
245.27478 -2.5885963
239.73557 -2.5940742
231.67659 -2.6080935
221.40608 -2.61752
211.42084 -2.6240509
202.58049 -2.6207395
193.36263 -2.6290376
185.60258 -2.6487374
176.26466 -2.6666036
167.65785 -2.6856184
159.3015 -2.696271
151.71358 -2.694251
145.57713 -2.6833477
138.06047 -2.6861725
128.13339 -2.7007751
122.463326 -2.706322
116.650024 -2.7115507
110.8665 -2.717352
105.81247 -2.7267613
98.304535 -2.7487237
91.05376 -2.7631638
83.66479 -2.7665284
77.43495 -2.7517724
70.80152 -2.7284234
65.31827 -2.7214665
59.36749 -2.6989257
53.743183 -2.6696851
48.109 -2.6275833
40.94132 -2.5906262
34.139454 -2.527994
27.348677 -2.4737542
18.15906 -2.5141659
12.5059 -2.6001737
7.0728884 -2.7723775
4.6596527 1.9465268
7.015696 2.611498
12.05252 3.0769856
17.200676 -3.0756295
23.128958 -2.9636908
29.923925 -2.89753
38.171642 -2.89724
45.681995 -2.8706625
52.89902 -2.8698318
57.572323 -2.8880935
61.92065 -2.8896167
66.9801 -2.8969831
71.78913 -2.8996704
75.99079 -2.910076
81.03476 -2.914868
90.08946 -2.9241555
95.14391 -2.9251368
100.95787 -2.9299333
106.27967 -2.931028
111.39502 -2.9315722
116.08942 -2.931937
121.356735 -2.932285
126.41195 -2.9327948
130.59093 -2.9378026
135.49301 -2.9452736
140.17715 -2.951915
145.1083 -2.958435
150.04057 -2.964521
154.13722 -2.969275
159.09193 -2.9746928
163.79816 -2.9795313
167.95738 -2.9835787
172.8855 -2.9881191
180.80455 -2.994891
188.7092 -3.0010777
195.63176 -3.006081
203.54715 -3.0113814
211.48488 -3.0162947
219.38553 -3.0208297
227.33804 -3.0250735
235.28265 -3.029025
243.95656 -3.0330434
248.16074 -3.0348895
252.16096 -3.0365884
256.1455 -3.0382278
264.08026 -3.0413442
272.79544 -3.044557
276.98978 -3.046031
280.97607 -3.047391
285.93967 -3.0490308
290.715 -3.0505555
295.38736 -3.0553951
300.50848 -3.0595047
304.6739 -3.0613194
309.3523 -3.0657756
314.4742 -3.0694802
319.46732 -3.0713165
324.30316 -3.0754542
329.06866 -3.079456
333.1875 -3.0856044
338.05734 -3.0978515
344.5002 -3.1131513
351.66623 -3.128344
358.82965 3.137901
365.6503 3.127015
372.75726 3.1118128
379.19324 3.096485
384.4452 3.0835292
383.26428 3.068188
382.75436 3.0523655
377.50815 3.0372827
372.78876 3.029991
367.9583 3.0257862
363.07092 3.0214484
358.1195 3.0197792
353.06918 3.0157948
348.2617 3.0105274
341.68716 3.0050392
336.72864 3.0030155
330.90872 2.9981518
324.79602 2.9947805
318.3528 2.9860773
311.67862 2.978815
305.3728 2.9687834
301.5586 2.9606984
297.75757 2.954842
294.2049 2.9456184
286.76163 2.9333107
281.19757 2.9210958
275.29395 2.9051006
268.4267 2.8843699
261.7753 2.8618114
257.36035 2.8459163
250.89168 2.8276024
247.16124 2.8065
249.0078 2.783454
251.17041 2.7611144
255.40454 2.739093
262.3952 2.7254503
269.57907 2.7201965
276.25925 2.7191873
282.2379 2.7240162
288.44754 2.7267163
293.61984 2.7263215
299.76614 2.7196329
309.2367 2.7104368
317.899 2.7022166
323.57776 2.696397
328.85446 2.6902497
336.4559 2.6912992
341.87518 2.6840415
348.3833 2.673418
353.79846 2.662105
359.21387 2.6454337
362.3817 2.630679
364.8575 2.6187012
366.56534 2.6000087
367.99084 2.5832715
369.54126 2.5665736
369.52158 2.5528924
368.28253 2.5352025
365.0486 2.5180044
360.32065 2.5043557
354.69324 2.4925592
348.751 2.4868126
341.95807 2.4850101
337.55057 2.4824612
332.24146 2.478203
327.07452 2.47361
321.50217 2.4708421
316.79858 2.4680443
311.15167 2.4650345
305.88876 2.4604468
297.73288 2.4520977
293.95233 2.4458835
285.38925 2.4381166
274.1738 2.4357858
269.14594 2.434647
259.2752 2.4376493
249.85544 2.4328191
244.97894 2.426384
240.63782 2.4213138
236.25113 2.4164417
223.98466 2.3913844
220.37401 2.3823204
213.28973 2.3699985
208.99374 2.363458
204.03592 2.3601627
193.65964 2.355778
188.48099 2.3529892
178.64137 2.3507018
169.68256 2.3474262
162.37212 2.3458827
154.41895 2.3511572
146.63872 2.3557196
138.40175 2.3644292
131.29085 2.3758204
123.71339 2.3728054
115.72475 2.3694136
110.58951 2.3652225
104.70362 2.3691163
99.321846 2.3769426
91.76915 2.384284
84.508415 2.388984
76.23192 2.3766432
68.25366 2.3657928
61.35043 2.3469293
54.127625 2.3422573
46.66325 2.3400645
39.770737 2.3373096
32.238605 2.3110268
24.535633 2.268036
19.474686 2.2178752
12.236384 2.0601377
9.824965 1.6474934
8.881554 1.074655
10.683103 0.3634926
16.271648 -0.07362384
23.016327 -0.27057153
29.769995 -0.34951562
36.97175 -0.392505
43.84485 -0.42713982
50.576008 -0.4320247
57.61256 -0.43791845
63.984047 -0.4386924
71.97493 -0.44769347
76.48792 -0.4486461
84.5068 -0.455375
88.985085 -0.45580038
93.84363 -0.45562476
101.8797 -0.46997488
110.430855 -0.4816391
114.95261 -0.48093867
123.39512 -0.4725255
131.20491 -0.46777326
138.99362 -0.47155008
146.45311 -0.46810636
154.65707 -0.47076896
159.13123 -0.47057405
163.9629 -0.47453895
172.96327 -0.4752018
179.01587 -0.4767058
187.2549 -0.48387998
192.25636 -0.4880078
199.52028 -0.48137638
206.98372 -0.47765124
215.32884 -0.4823119
220.2226 -0.4926112
229.75163 -0.5082997
234.42224 -0.5170936
244.94978 -0.52662665
253.19713 -0.525914
261.00067 -0.5261907
266.2124 -0.5279224
273.53198 -0.5376337
282.19305 -0.54736894
290.636 -0.56188667
296.92084 -0.5654368
303.92926 -0.56342167
308.94214 -0.5642113
314.76822 -0.56607705
319.56805 -0.575082
327.6915 -0.5809708
334.8919 -0.59188634
341.67398 -0.60047084
347.9044 -0.60610396
352.8421 -0.60537875
357.5527 -0.6107891
362.8361 -0.6208219
367.16022 -0.63251853
371.01184 -0.65100324
373.2403 -0.66315997
372.79312 -0.6822086
369.79626 -0.69659424
366.69104 -0.70369893
362.1631 -0.7143574
358.41025 -0.72347313
354.52667 -0.7331901
347.40152 -0.7439735
340.41876 -0.74773514
332.47913 -0.7493996
326.1108 -0.7508594
319.0399 -0.754519
310.62048 -0.76227134
306.3318 -0.76658124
298.5451 -0.7778839
293.70816 -0.7845043
290.03003 -0.7923134
285.132 -0.79983366
280.94824 -0.8101067
277.52927 -0.8219924
273.98868 -0.8305794
270.08206 -0.8424047
265.9576 -0.85276616
258.31113 -0.869167
254.3682 -0.87666893
246.97017 -0.8938049
242.49988 -0.91569966
240.1726 -0.9353952
244.27158 -0.96134585
247.31303 -0.97620404
252.4511 -0.9956232
257.8857 -1.0092255
261.74478 -1.0184746
268.09113 -1.0243013
275.13818 -1.0313686
281.4763 -1.0406874
288.85184 -1.0516095
292.36328 -1.0584599
297.14197 -1.0644032
303.14056 -1.0708526
309.5326 -1.0784402
313.08606 -1.0845186
317.12384 -1.0876843
324.2081 -1.0991126
331.29947 -1.1100008
336.00198 -1.1169369
342.55225 -1.1294711
346.84167 -1.1353053
350.2357 -1.1429459
357.13498 -1.1547973
363.13828 -1.1650844
368.19934 -1.1765176
369.56305 -1.1980183
367.19318 -1.2148868
365.37665 -1.2285107
359.55984 -1.2433873
354.18982 -1.2531035
348.8609 -1.2631079
341.6498 -1.2717199
334.26428 -1.2827302
326.8376 -1.2951016
319.77512 -1.3082242
315.13306 -1.3141325
305.26413 -1.3258444
300.4669 -1.3318365
294.9768 -1.335633
289.90134 -1.3385898
285.26126 -1.3419434
280.24393 -1.3450756
274.96317 -1.3480773
269.49802 -1.3537086
263.16504 -1.357354
251.44353 -1.3636819
246.13394 -1.3674552
239.99231 -1.3675627
233.82317 -1.3696307
226.6585 -1.3689363
220.45238 -1.3711988
216.0433 -1.3730354
211.78242 -1.3773154
206.54381 -1.3820934
200.43114 -1.3866379
194.16707 -1.3911021
187.91354 -1.3958583
181.85931 -1.3969269
177.33376 -1.4024138
173.21587 -1.4042495
168.1877 -1.4113052
156.80846 -1.4205544
150.77065 -1.4211918
145.451 -1.420945
140.50378 -1.4173652
135.61055 -1.4192371
130.31223 -1.4189817
124.657845 -1.4139206
118.51231 -1.4142507
112.499855 -1.4148029
106.25024 -1.4223166
100.544075 -1.4162126
93.509926 -1.4153003
85.32185 -1.4210398
70.4159 -1.4447187
60.860043 -1.460337
51.786545 -1.4645238
44.2842 -1.4691317
38.460075 -1.4976954
30.293997 -1.5472275
21.322735 -1.6311318
11.987193 -1.847787
5.2530575 2.901702
7.8056903 2.3514366
7.8056903 2.3514366
