Mouse
28
315.51578 1.435187
314.99994 1.4477692
315.52808 1.4607399
315.1138 1.4733572
312.75708 1.4854642
309.44955 1.4975173
308.18427 1.5102246
306.96915 1.5230345
305.80478 1.535944
304.69177 1.5489501
303.6307 1.5620493
301.62817 1.5785681
300.686 1.5918968
299.79758 1.605307
298.96338 1.6187943
297.18576 1.6325618
296.4623 1.6462371
295.79456 1.6599768
293.19354 1.6744772
291.76776 1.6922325
291.28842 1.7062799
289.87793 1.7208847
289.51636 1.7350625
286.08362 1.7476945
284.85104 1.762754
282.70508 1.7786683
280.63177 1.7948219
279.60413 1.8103601
278.64447 1.826009
277.75354 1.8417623
277.89124 1.8565949
275.22598 1.8746372
273.60077 1.8918688
273.0012 1.9080848
271.88486 1.9290917
270.52066 1.9468288
270.16605 1.9633194
269.8851 1.9798489
269.67804 1.9964081
268.64157 2.0145812
267.69446 2.032889
265.9514 2.0530586
264.31787 2.0734859
263.6626 2.092263
262.2437 2.1130884
260.40714 2.1308846
260.87576 2.1479485
260.592 2.1670945
258.43497 2.1821904
256.33777 2.197537
255.50508 2.2194006
256.3652 2.2365482
255.11807 2.2554817
256.13574 2.2725177
256.47525 2.291981
256.17447 2.3140192
256.72046 2.3334002
255.94824 2.3526723
256.68567 2.3719664
257.51813 2.3911428
257.77777 2.413076
257.40143 2.4324317
257.12177 2.451837
256.15625 2.4688523
256.8537 2.490738
256.8656 2.510204
255.34032 2.5251615
257.47806 2.5404816
256.90344 2.5577261
258.0953 2.5792017
260.7775 2.5991588
261.3293 2.6181953
263.3345 2.6356556
263.18335 2.6526337
265.7837 2.6747582
268.0429 2.69147
269.95703 2.711259
270.14297 2.7278054
271.32516 2.7457502
272.2264 2.7669477
273.59702 2.7845674
273.16672 2.799567
273.7453 2.8157837
273.44327 2.8308136
273.87115 2.8504303
274.67404 2.8664708
275.5472 2.882414
278.43143 2.8999832
280.425 2.9163933
281.51483 2.9318304
283.46158 2.951288
285.68616 2.9670234
287.82364 2.9859426
290.2009 3.0011628
291.6522 3.015703
293.1645 3.0300963
294.7369 3.044339
295.37192 3.0581465
297.0606 3.0721264
298.80667 3.0859458
300.60913 3.099602
303.46658 3.1131868
304.3792 3.1264167
306.3444 -3.1403491
307.37537 -3.1273396
308.458 -3.114419
308.59262 -3.1014612
308.77896 -3.0885172
309.01697 -3.0755906
311.38028 -3.0599911
312.7274 -3.0475032
314.12283 -3.0351245
315.56598 -3.0228572
317.05618 -3.010703
318.73676 -2.9955595
320.48965 -2.9805777
321.1552 -2.9682834
323.03738 -2.9535706
323.8089 -2.941435
325.6055 -2.9300058
326.46896 -2.9180264
327.6138 -2.903144
328.83066 -2.8883681
329.8555 -2.8766282
331.20004 -2.862058
332.6143 -2.8476083
334.0974 -2.8332844
335.33286 -2.821918
336.61133 -2.8106368
336.0489 -2.7974453
335.5451 -2.784212
335.46378 -2.7681627
337.31998 -2.7543612
338.8507 -2.7434304
340.82053 -2.729907
341.94113 -2.7153356
341.8032 -2.7022605
341.7237 -2.689177
341.70273 -2.6760895
341.7403 -2.663003
341.83636 -2.6499212
341.9909 -2.6368492
341.33524 -2.6223412
342.47498 -2.6107519
341.94897 -2.596222
340.8742 -2.5735626
341.6383 -2.554033
340.57162 -2.5377464
340.41003 -2.5230691
340.11038 -2.5042713
340.1162 -2.4895701
340.982 -2.4766862
341.75497 -2.4597557
341.86038 -2.4410248
343.59268 -2.4261472
343.98825 -2.4116488
345.1921 -2.3991497
344.96082 -2.378669
344.8744 -2.3581693
346.32367 -2.3418267
345.7668 -2.3233929
343.91547 -2.304695
343.50018 -2.2901978
341.98773 -2.2670922
340.9844 -2.2543297
339.41635 -2.239186
337.92682 -2.2239056
337.1132 -2.2108765
335.77133 -2.195375
334.76193 -2.1755939
333.88428 -2.155701
334.5195 -2.1366358
335.27588 -2.1176498
335.79526 -2.1028285
335.51932 -2.0895305
334.8198 -2.0735993
334.67456 -2.0602465
332.35315 -2.0469682
330.98633 -2.032157
329.6927 -2.017226
328.8925 -2.004943
327.73404 -1.989818
326.65106 -1.9745892
326.57007 -1.9581028
327.51007 -1.9405063
327.95978 -1.9269298
328.1352 -1.9105226
327.7708 -1.8979994
326.19818 -1.883484
324.99002 -1.8717725
323.82672 -1.8599752
322.70886 -1.8480945
321.63684 -1.8361329
321.5793 -1.8233138
320.3667 -1.8082011
320.42444 -1.7953335
319.55762 -1.78313
318.73865 -1.7708621
317.78275 -1.7554413
317.07275 -1.7430401
316.4117 -1.7305851
315.79996 -1.7180798
315.105 -1.7023833
314.48804 -1.6866212
313.9495 -1.6708012
312.57925 -1.6583874
311.18414 -1.6426618
310.81094 -1.623406
309.5538 -1.6042188
307.44638 -1.5914328
306.3899 -1.5784472
303.38544 -1.5653384
302.4338 -1.5520941
300.53607 -1.5386621
298.69324 -1.5250617
295.96948 -1.5077214
295.32986 -1.4906106
293.68597 -1.4764885
292.10132 -1.4622102
289.58444 -1.4473554
289.1135 -1.4331989
286.72388 -1.4179443
285.38797 -1.4030242
283.13293 -1.3873249
279.9687 -1.37067
276.88385 -1.3536391
276.79984 -1.3387487
275.80768 -1.3229663
273.9194 -1.3061223
273.07062 -1.2900676
272.29263 -1.2739168
271.5861 -1.2576778
270.9515 -1.2413584
269.44885 -1.2237087
268.96542 -1.2071936
267.62732 -1.1892371
266.3763 -1.1711059
263.89432 -1.1547347
262.81207 -1.1361986
262.7202 -1.1191825
261.81268 -1.1004342
260.99777 -1.0815623
259.02237 -1.0554488
257.06122 -1.0376244
257.41055 -1.0202919
255.61316 -1.0021023
256.1207 -0.9847366
254.49106 -0.96622133
255.15764 -0.94886726
255.09877 -0.9292703
255.92792 -0.912071
256.8323 -0.89498776
256.2753 -0.8730451
255.18408 -0.85396415
254.18655 -0.8347264
252.59924 -0.8182262
251.76341 -0.79305184
252.48125 -0.7734253
253.29576 -0.7539175
254.20602 -0.7345421
253.8003 -0.7149219
254.90106 -0.69574594
253.90968 -0.6786043
254.76042 -0.6510032
254.99278 -0.6258966
254.56126 -0.60307235
256.19797 -0.58457196
257.3861 -0.56303394
257.83618 -0.5437033
258.38223 -0.5244472
260.38306 -0.50678104
261.1115 -0.48780966
261.04178 -0.47068194
263.28458 -0.45363584
263.3673 -0.43665528
263.52594 -0.41969028
262.8406 -0.40424174
264.0702 -0.38584572
266.32175 -0.3662768
267.3937 -0.34479836
268.90756 -0.32702702
271.45807 -0.30833825
274.1016 -0.29000366
277.10583 -0.27550128
278.9436 -0.25877583
279.64862 -0.23966026
281.6509 -0.2233351
282.74866 -0.20797236
283.91263 -0.192732
286.1263 -0.17700209
287.42276 -0.16207695
287.79352 -0.14779906
288.22278 -0.1335608
289.58624 -0.1155279
290.04776 -0.09800595
289.60126 -0.08082284
290.2385 -0.06337281
290.9637 -0.046004504
291.77628 -0.028727742
292.6754 -0.011552031
294.66034 0.00549476
297.7089 0.018875528
300.80972 0.031982742
303.96115 0.044820335
306.16327 0.057579797
308.41452 0.070155
310.71387 0.08254603
312.1612 0.098245375
313.57275 0.11062758
315.03195 0.12289695
316.53815 0.13505137
318.09067 0.1470889
318.70145 0.15950464
320.51852 0.17441134
321.4239 0.18973173
322.40427 0.20496249
323.2421 0.2170784
324.12714 0.2291299
325.05902 0.24111404
326.0373 0.25302795
327.06155 0.26486892
328.40594 0.27956358
329.82062 0.29413527
331.30475 0.30857947
332.5414 0.32004014
334.14813 0.33424425
335.82162 0.3483096
336.62598 0.36328542
336.20734 0.3765206
336.77295 0.3886581
336.8599 0.4046446
336.62576 0.4179071
336.87012 0.43388245
337.20032 0.44983062
337.6161 0.46574354
338.11713 0.48161328
337.3473 0.49624154
337.52264 0.50948477
335.66525 0.52975523
333.76132 0.54356813
331.92184 0.5575369
332.3709 0.5709333
333.71405 0.5826382
335.10254 0.5942477
337.35834 0.6040721
341.03983 0.6144732
343.3615 0.62399197
344.10382 0.63682204
343.31204 0.65311855
341.99213 0.6671932
342.1471 0.68180317
340.3261 0.69377327
340.61398 0.70843464
340.9749 0.7230681
339.99612 0.737469
339.7721 0.75409967
338.94623 0.76863104
338.8986 0.78532135
338.94534 0.8020117
338.35693 0.8166737
337.10333 0.8293847
335.9878 0.8463908
337.14056 0.8651052
336.86676 0.8799197
337.44766 0.8966093
337.33127 0.9114251
336.49014 0.92446226
336.51312 0.93932104
336.0331 0.9566023
335.3915 0.9697859
333.9767 0.98135746
333.2016 1.0013323
331.91006 1.0131067
331.00333 1.0291219
330.18195 1.0452209
329.06403 1.0572609
328.87134 1.0708429
328.73938 1.0844382
327.77823 1.0966527
327.7618 1.110297
328.7085 1.1252545
328.40247 1.1416186
329.61987 1.1632221
330.44278 1.1807133
329.87183 1.1930814
328.64233 1.2111746
328.19623 1.2236553
327.47437 1.2390524
326.83044 1.2545139
326.26495 1.2700326
324.8188 1.2847354
324.6756 1.2974242
324.075 1.3160851
323.82294 1.3318062
322.67587 1.3468617
322.58087 1.3626637
322.5664 1.3784711
321.64816 1.3937302
320.9677 1.4059979
321.17435 1.4218663
320.4706 1.4372963
319.96274 1.4496868
318.51007 1.4617742
318.51007 1.4617742
