Stilus
38
332.14642 1.4396175
343.06473 1.4154443
358.895 1.3836597
364.60107 1.3730364
370.82672 1.3618995
375.61865 1.3536313
382.04517 1.3412651
384.36484 1.3298157
384.36484 1.3298157
379.19247 1.3301121
379.05798 1.313853
378.52982 1.2989124
377.7936 1.283106
374.4173 1.2669911
370.09348 1.2544683
366.95886 1.2427127
362.5515 1.2283597
357.7326 1.2164514
353.76514 1.206298
347.51462 1.1987107
342.65927 1.1931748
338.0644 1.1877778
332.4602 1.1809765
328.11325 1.1755275
323.48337 1.1695483
317.73785 1.1618639
311.57205 1.1532719
304.87982 1.1462457
300.77042 1.1438051
294.21512 1.1400605
288.81705 1.1360301
281.13983 1.1284323
276.87903 1.1251317
272.07413 1.1197321
268.32156 1.1139914
260.61667 1.1113291
253.49493 1.1100672
246.66867 1.1023965
238.80031 1.0933996
234.42433 1.0902562
230.35735 1.0859371
224.42604 1.0770234
215.99632 1.0811415
209.01256 1.0850005
202.04102 1.0847397
196.13402 1.0789771
190.24004 1.0697188
185.67079 1.0561897
179.63385 1.06144
174.60701 1.0532148
167.89801 1.0441308
160.70624 1.0324485
154.40732 1.021355
148.97278 1.0165716
143.56862 1.0243084
136.18227 1.032175
128.84663 1.0259476
121.65807 1.0203253
115.38786 1.0094581
109.80721 0.98809946
102.60575 0.9743796
97.65333 0.9546982
92.56194 0.9392479
85.96351 0.9114826
80.00092 0.89667344
75.017715 0.8824469
67.81212 0.8905136
61.12964 0.9227223
55.40232 0.9398826
49.206734 0.9482555
43.44074 0.9662981
37.008682 0.944271
31.71042 0.909459
25.224205 0.8992951
18.789938 0.93847996
10.094248 0.9540652
3.153394 0.42530516
4.9626546 -1.622136
9.769365 -1.911218
15.628101 -1.9991766
21.34579 -2.0204272
26.551886 -2.0098596
32.812965 -1.9872725
37.28621 -1.9929132
44.399967 -2.019668
50.667336 -2.0479221
55.785378 -2.0610993
62.973564 -2.0723016
69.91266 -2.1011183
75.222595 -2.129114
80.87749 -2.145223
86.112564 -2.1515002
91.86541 -2.1441274
96.27345 -2.122211
103.53699 -2.118703
109.88858 -2.1293595
115.94134 -2.1476111
123.501976 -2.1449797
128.25201 -2.140863
137.15865 -2.1339166
145.48715 -2.1220279
150.47548 -2.1096027
158.35388 -2.1092212
166.01741 -2.104061
172.02455 -2.090245
178.27316 -2.0767074
184.18666 -2.0651562
190.24365 -2.0599306
197.25609 -2.051355
201.36536 -2.0474298
209.30682 -2.0375648
217.76524 -2.0333335
224.48387 -2.0333612
233.21156 -2.0333948
237.81155 -2.0334115
241.90262 -2.0297325
248.45381 -2.0265903
255.35582 -2.0212238
260.45966 -2.0159986
267.89417 -2.0151634
274.73373 -2.008121
282.76657 -2.0019455
289.19824 -1.9924195
293.6467 -1.985635
298.73322 -1.9817928
303.8863 -1.9779909
309.80148 -1.9732715
316.4776 -1.9677274
323.1671 -1.9530097
328.85074 -1.9454714
336.10895 -1.9369932
342.3114 -1.9269389
349.1466 -1.9135848
355.14856 -1.9021374
359.36475 -1.8946476
363.0986 -1.8772688
366.91837 -1.8682901
370.6692 -1.8562268
374.1903 -1.8373668
375.27368 -1.8255037
374.50458 -1.806318
373.37085 -1.7933121
370.9392 -1.7823861
366.80948 -1.7727902
361.9013 -1.7614622
354.91916 -1.748101
347.36752 -1.7374278
341.76968 -1.7313055
335.66724 -1.7281445
331.24734 -1.7241588
324.71732 -1.7143112
318.11346 -1.7020159
311.67288 -1.691849
305.5468 -1.684407
300.172 -1.6791443
294.9655 -1.6742536
289.79996 -1.6691759
285.54788 -1.6639094
280.48953 -1.6587647
274.27585 -1.6498361
270.12167 -1.6435776
264.3224 -1.636969
259.88965 -1.6310549
254.8929 -1.6315677
248.79091 -1.6250175
242.91331 -1.6222134
236.92552 -1.6235139
231.83481 -1.6246727
226.02327 -1.6216344
220.76917 -1.6193626
214.64983 -1.6067646
208.84659 -1.5947099
204.79103 -1.5890055
199.54507 -1.5795221
194.53854 -1.5784973
188.54448 -1.5694276
184.53894 -1.5680902
178.77263 -1.5624161
173.78001 -1.5621753
165.80153 -1.5677843
160.06706 -1.5676764
153.82271 -1.5675498
147.79729 -1.5674174
141.78403 -1.5672741
136.57306 -1.5671397
130.61328 -1.5516785
125.90016 -1.5430276
120.52104 -1.5417879
114.69765 -1.5316017
110.73814 -1.5211712
105.80226 -1.5093992
101.80437 -1.5069848
95.9643 -1.4846523
91.34974 -1.4667424
85.35238 -1.4594015
80.1788 -1.4521809
75.209724 -1.4443033
70.15163 -1.4351283
65.5892 -1.4256266
60.607044 -1.4135976
54.701836 -1.3964623
46.545815 -1.4038903
42.55399 -1.3938478
38.44003 -1.4010997
34.349537 -1.4036008
29.935312 -1.3862505
25.140633 -1.4313011
18.402956 -1.4143351
11.997772 -1.4456015
5.9431987 -1.48667
0.5122096 2.9171205
6.703918 1.915066
12.170103 1.949049
18.413551 1.9182074
24.490353 1.9145006
31.504553 1.9270014
36.850925 1.9453776
42.513096 1.9629248
49.904316 1.9666245
56.30182 1.9743192
62.8291 1.999354
68.891045 2.0127184
77.04712 2.0310674
83.0674 2.035434
89.32691 2.050328
96.494026 2.0584004
102.47423 2.0618746
109.53974 2.049292
116.70869 2.0560033
121.566185 2.0579596
126.52241 2.055265
131.57448 2.0459695
137.1193 2.0434363
143.82999 2.0429778
149.75423 2.0452416
156.45323 2.0447807
161.57591 2.0424125
168.5427 2.0579796
175.66684 2.0704112
181.95882 2.0876575
187.50777 2.0982676
192.26323 2.1108403
198.98573 2.122933
205.21991 2.1371944
210.21211 2.1390316
216.87466 2.1507905
221.73195 2.1472125
227.91122 2.1466196
233.00226 2.1468716
238.4811 2.1477284
245.8821 2.1474621
251.82327 2.1470466
258.78876 2.1531062
263.35547 2.1638834
268.54602 2.173316
276.23245 2.1810503
282.9597 2.1827164
289.3996 2.1940336
294.77197 2.205499
302.65283 2.2129836
306.95447 2.2208092
312.53995 2.2243788
320.0785 2.2308326
324.26437 2.239873
328.13263 2.2498093
331.851 2.2588484
336.0894 2.264804
340.19165 2.2706187
346.13678 2.279254
351.07602 2.28472
356.5652 2.2904384
360.75256 2.297586
364.44632 2.3058727
369.15204 2.315881
372.7472 2.33018
375.09152 2.3405766
375.48224 2.358688
374.52127 2.379492
370.82272 2.3948936
367.35568 2.4051487
364.5976 2.413532
361.94028 2.4218063
359.24036 2.4304216
355.44574 2.4429033
350.39883 2.4522943
346.4435 2.4651687
342.80588 2.4784982
338.13376 2.4914985
331.87967 2.5027053
327.4648 2.5093632
321.81314 2.5109258
315.22247 2.5117173
307.35803 2.5133252
299.45236 2.5145552
292.602 2.518886
286.11475 2.525118
279.621 2.5284727
272.64938 2.53293
267.15103 2.5298197
261.4949 2.5275087
255.08882 2.5290215
246.92172 2.534127
240.84302 2.5468988
236.81403 2.5570164
230.76027 2.5654948
224.67343 2.574479
219.6826 2.5762305
212.48103 2.5770056
203.49957 2.5825374
195.99701 2.5959466
189.607 2.6109743
184.76945 2.623648
178.78668 2.6359792
172.64122 2.6419635
163.9272 2.6543143
156.94069 2.6667836
150.20384 2.6812255
143.04178 2.687695
134.36084 2.705696
128.58958 2.7104263
121.27045 2.7189045
113.56577 2.7196047
105.67528 2.706775
98.89228 2.7055447
92.85562 2.6989324
85.21943 2.695585
78.97001 2.6856794
72.488106 2.6725729
65.337975 2.6857026
59.759796 2.6957033
53.741302 2.7040398
48.2964 2.7138479
42.83091 2.7132344
37.500813 2.7359045
32.879612 2.7171774
27.170624 2.7337015
21.89327 2.690592
18.185453 2.589189
13.622276 2.3654807
10.637128 2.0284367
10.541748 1.5707964
13.544153 1.1621563
18.06894 0.91412306
22.500696 0.7558025
28.134922 0.7558003
37.67309 0.76781857
44.939606 0.7706988
52.864914 0.7626577
58.36433 0.76202893
64.42953 0.7532832
70.42458 0.73093957
78.850975 0.7233301
84.90528 0.72247136
90.432655 0.7156646
95.128075 0.6893213
100.408875 0.6818285
105.03337 0.66122866
111.51806 0.6557303
118.52257 0.6557701
124.50469 0.649328
131.21223 0.6412297
135.11588 0.6289481
138.85931 0.60947233
142.38976 0.5922651
149.32074 0.5772402
154.9217 0.5614731
159.8322 0.5422632
165.16583 0.52291805
171.5785 0.5081584
179.75043 0.505111
183.99966 0.4954692
188.93909 0.48737013
195.46988 0.48497182
203.92633 0.48048806
211.9621 0.47142398
220.00502 0.47317746
227.7159 0.47482345
233.09314 0.4731348
238.30429 0.4762103
242.78902 0.4759817
250.85638 0.47737238
257.78458 0.4752752
262.09644 0.46896282
268.33258 0.4572225
274.64532 0.44594505
281.14224 0.43492627
288.64835 0.43346044
293.27252 0.43412232
299.47296 0.4304073
304.6791 0.42437482
308.38873 0.41894633
315.30225 0.40575156
319.37802 0.40027574
324.5085 0.3935956
329.32233 0.38753313
333.47168 0.38537073
339.71808 0.3829892
345.25595 0.37809178
348.98624 0.3738497
354.57355 0.36767533
358.50107 0.36345884
362.61108 0.35620943
367.29514 0.34567925
370.84207 0.33224347
375.47403 0.3265847
379.84222 0.31776887
381.49747 0.29923716
383.31003 0.28552496
385.2519 0.27250296
385.68512 0.25683913
385.40402 0.24352324
382.67844 0.23392071
376.07257 0.22529234
369.9533 0.2171475
364.22754 0.20938694
359.3364 0.19865176
354.60297 0.1892409
350.78937 0.1769414
344.97598 0.16514736
339.42697 0.1559923
333.2109 0.14914073
328.75623 0.14503102
323.113 0.14758241
317.49854 0.1413803
311.1571 0.13457182
307.15286 0.13558413
301.49896 0.13814284
297.3326 0.13669822
291.253 0.13610634
286.8419 0.13190435
280.49008 0.12339393
273.89047 0.10514746
268.72668 0.09219659
263.7894 0.086713776
258.43506 0.080359235
254.08797 0.07385061
249.30396 0.07441776
245.10378 0.075695425
239.92358 0.06566586
233.82172 0.058831852
227.03452 0.0596714
221.04846 0.061289314
214.0655 0.063291244
207.89278 0.065173104
201.11777 0.06737185
194.9294 0.06951409
188.96382 0.07171235
183.9813 0.07365792
178.8492 0.06457384
174.13925 0.05261694
170.00266 0.050275307
164.92392 0.039694544
160.69997 0.034516223
155.04167 0.025094332
149.67426 0.012680056
145.53632 0.010641992
139.72844 0.01108435
135.55196 0.004054254
130.4406 -0.0034471392
125.56364 0.004376763
121.45897 0.012751706
115.69359 0.022025773
110.6497 0.039269622
104.66855 0.04345029
98.921455 0.045976374
93.63093 0.02721696
88.70366 0.00969175
84.09955 0.00653469
77.763664 0.00706712
72.42607 0.021385739
67.52727 0.044823837
63.09819 0.04039304
58.586746 0.043505378
53.596794 0.04755873
48.784714 0.07277637
43.993763 0.103527844
38.9229 0.11707375
34.125675 0.16323069
29.220882 0.19094208
24.324114 0.23001279
18.663359 0.3582968
13.686044 0.6741545
11.2681 1.0100594
9.5910015 1.4702286
10.090118 1.9017546
13.8575945 2.382016
18.000017 2.5828261
21.504 2.6818063
26.99598 2.780304
31.715012 2.835973
36.512817 2.8771744
41.35093 2.908724
45.87528 2.9497201
49.793262 2.989498
55.60154 3.0236092
61.884777 3.0193827
67.62762 3.029806
71.50879 3.0499392
75.51062 3.0680845
81.52512 3.0857964
86.40921 3.088953
93.28069 3.092834
99.36256 3.0778463
105.31201 3.086874
110.24177 3.1003404
116.38245 3.1196973
123.12387 3.137129
129.35454 3.125757
135.16776 3.1161125
139.29651 3.1089482
147.0369 3.0970662
153.18314 3.105382
158.13728 3.1178336
164.3329 3.1200054
168.60182 3.1303377
172.79349 -3.140409
176.85553 -3.1334002
180.88123 -3.123698
188.2035 -3.1030958
195.20328 -3.079991
202.34723 -3.0652242
206.5133 -3.0581472
211.36801 -3.0552979
215.66876 -3.0523357
220.737 -3.0498357
226.93639 -3.0514276
234.102 -3.0541947
238.55333 -3.0516245
242.89313 -3.0491054
249.34085 -3.0454664
253.8466 -3.0491545
259.1273 -3.0471709
264.10074 -3.0489542
270.02124 -3.0443358
276.21292 -3.0457613
282.38806 -3.0478632
288.15894 -3.0497458
295.9817 -3.049476
301.36853 -3.042517
309.00168 -3.021323
315.66562 -3.005839
322.3056 -2.9929967
328.27264 -2.9818828
333.34778 -2.9776437
339.7273 -2.967326
344.6802 -2.9610214
350.03757 -2.9541335
356.99277 -2.9393625
362.0042 -2.9271293
364.6404 -2.91181
365.6123 -2.900709
367.59375 -2.8903728
365.37097 -2.873051
362.73514 -2.8583586
362.93924 -2.8447514
359.65747 -2.8248773
354.59677 -2.811263
350.32422 -2.803014
344.9844 -2.797558
339.08047 -2.791313
332.57397 -2.7889624
328.12357 -2.7877364
319.35364 -2.7879536
313.4586 -2.7851994
307.4904 -2.7814384
302.86334 -2.7756789
298.90125 -2.7705946
294.06686 -2.7641914
286.32095 -2.7609737
281.7403 -2.761275
277.56845 -2.7599883
273.47183 -2.7579134
265.70306 -2.7501535
259.2453 -2.7398503
252.80905 -2.729009
244.7813 -2.7226777
240.40086 -2.7154505
236.52 -2.707989
229.2938 -2.6933477
223.00296 -2.679737
216.76602 -2.665363
209.71118 -2.647931
200.65173 -2.6394475
196.04573 -2.6380897
191.54509 -2.6371572
183.80626 -2.6378796
173.69199 -2.632981
167.19417 -2.6317894
161.69626 -2.6268902
155.98825 -2.626661
151.01334 -2.6309514
146.0492 -2.6355186
136.34596 -2.631227
131.59683 -2.6194415
127.12532 -2.601233
123.00043 -2.5905538
117.79772 -2.5812626
110.162796 -2.5720649
102.8704 -2.561238
95.07293 -2.5533628
90.34172 -2.546811
85.888535 -2.5399804
77.0364 -2.524029
71.0877 -2.5161314
65.926865 -2.5157878
59.84974 -2.5248623
53.580147 -2.5237043
49.96019 -2.4842706
45.693424 -2.4418647
40.99092 -2.4085443
33.938835 -2.4194841
28.61732 -2.3700175
22.00231 -2.3575666
14.650913 -2.1888423
7.1754837 -1.9565729
2.6628842 -0.6701519
7.46543 0.25890502
12.351852 0.20777948
17.16889 0.14896026
23.77971 0.20930883
28.019943 0.19923356
32.575386 0.14002408
38.25163 -0.0064942287
44.37544 -0.07776382
50.04614 -0.16762702
55.77229 -0.23887205
62.219692 -0.3008159
67.69832 -0.322142
72.94803 -0.31257868
77.51706 -0.29358724
83.222664 -0.30423597
88.85786 -0.31951967
95.17824 -0.35660186
100.94884 -0.36808226
110.35557 -0.39251307
118.01454 -0.4115467
123.02365 -0.4213436
130.99013 -0.42833358
137.61899 -0.43428466
142.95528 -0.44320443
149.98016 -0.45608908
158.51012 -0.4728399
166.8141 -0.4933236
171.4552 -0.5078914
177.82541 -0.52014905
184.33072 -0.5186773
190.15381 -0.5223783
196.19255 -0.5269416
205.20282 -0.54209197
213.68845 -0.5526099
221.81155 -0.5671843
229.07716 -0.57799375
236.15927 -0.5837059
245.01303 -0.59403545
253.79993 -0.60300946
263.29626 -0.6151245
268.73407 -0.6231289
275.9617 -0.623532
281.33218 -0.621565
286.1827 -0.6193668
293.60028 -0.6255569
301.89276 -0.63046193
308.77893 -0.6339495
313.85977 -0.6386991
318.7972 -0.6432297
326.89548 -0.64720076
333.23755 -0.651579
338.19876 -0.65566397
345.2023 -0.6719324
348.60327 -0.6795589
352.41254 -0.69282895
355.6119 -0.70359755
362.94733 -0.71248525
367.13953 -0.7235516
369.1997 -0.73312336
371.814 -0.74165636
374.92722 -0.7506758
378.35284 -0.7603317
380.6107 -0.77032423
379.64902 -0.7846089
378.63364 -0.8004645
375.29114 -0.8077594
371.78723 -0.81766665
368.46976 -0.82732046
365.76392 -0.83540165
361.77817 -0.847663
357.13446 -0.85481644
352.58694 -0.8653635
346.4258 -0.87292725
342.20453 -0.87855303
336.88065 -0.8884544
332.80267 -0.89784414
324.6985 -0.90546405
317.8767 -0.91252756
310.20703 -0.91381884
303.8373 -0.9184249
297.84836 -0.9282955
292.7913 -0.9400675
285.69687 -0.94441605
278.66125 -0.9438225
271.46765 -0.94278586
264.91782 -0.94347394
257.11844 -0.9455204
251.1521 -0.9515547
245.74287 -0.96119756
240.0769 -0.9659438
233.00609 -0.9658613
226.39677 -0.9617024
219.7713 -0.95727897
213.79077 -0.9547824
208.91933 -0.9621995
203.0393 -0.97730744
194.21696 -0.9838579
187.23642 -0.9898607
179.36876 -0.9957015
173.01595 -0.9993571
166.49335 -0.9956263
160.12965 -1.0069703
154.26042 -1.0211129
147.22743 -1.0236498
140.70903 -1.0287391
133.16924 -1.038349
125.31726 -1.0476305
118.28664 -1.0523616
111.329544 -1.0682431
103.43081 -1.0704019
97.046394 -1.0679709
88.68005 -1.0692959
79.74264 -1.0650306
75.43978 -1.051275
69.72127 -1.0833199
64.33293 -1.1091217
56.761467 -1.1408921
50.96395 -1.1535592
45.189697 -1.1252222
40.123417 -1.0922362
35.765545 -1.0279075
31.411219 -1.011303
25.947313 -0.9315152
20.90019 -0.85158557
15.762313 -0.65665036
12.046146 -0.3062481
9.911995 0.22280191
10.07731 0.95935637
15.283903 1.3400403
21.302174 1.4533135
27.162489 1.5455145
34.17467 1.5854088
39.39754 1.6294056
45.3513 1.6700609
51.43376 1.6778005
57.483433 1.6972634
63.579327 1.7047205
69.54815 1.6931663
73.98125 1.6858001
78.822716 1.6914619
86.01456 1.7047275
92.9114 1.713642
98.91719 1.7075292
103.12322 1.7019194
108.08137 1.695872
114.76142 1.6885566
120.707306 1.6827309
126.69332 1.6774216
132.66959 1.6726015
138.62729 1.668212
143.65112 1.6508367
150.3128 1.6406201
155.11728 1.6384541
161.25597 1.6358747
168.5165 1.6330671
174.38145 1.6194984
180.50856 1.6040002
185.27875 1.605842
191.1356 1.6047677
197.76515 1.6036284
202.0127 1.6029378
209.19678 1.5922819
214.38956 1.5789084
219.13913 1.5776327
225.98389 1.561512
232.0288 1.5530461
238.69377 1.547781
242.9811 1.5440755
249.05418 1.5367031
254.2704 1.5374027
260.11325 1.5275424
267.975 1.516728
272.31628 1.5139176
279.3613 1.5117725
286.51526 1.5035707
292.56494 1.4916391
297.09515 1.4828476
301.88834 1.4744204
306.1512 1.4690717
311.72043 1.4607922
317.02118 1.4538059
323.9374 1.4376875
330.0191 1.4204262
330.0191 1.4204262
