Finger
13
296.54105 1.5320545
296.8491 1.5109981
297.20987 1.4933296
297.93405 1.46661
298.52417 1.4491602
299.2033 1.4318209
297.46817 1.4140309
297.71063 1.398857
298.65637 1.3814889
298.91208 1.3604174
297.1572 1.342317
297.12476 1.3268101
296.5095 1.3109851
296.17615 1.2896445
294.67468 1.2713345
294.05634 1.2529994
292.35284 1.233034
292.63986 1.2152355
291.34317 1.1933796
291.37854 1.1750801
291.17105 1.1568499
292.12848 1.1311158
292.49496 1.1127576
295.09326 1.0952094
296.87207 1.0765605
298.15732 1.0617002
298.22406 1.0425446
300.12933 1.0238773
301.25317 1.006663
302.9317 0.9905616
303.54065 0.97566056
304.51044 0.95944375
304.73297 0.9427461
305.7217 0.920687
305.8044 0.90021485
307.07718 0.87841207
308.1581 0.8591665
308.49844 0.8407999
308.95358 0.8234224
308.77353 0.8024334
308.72806 0.78315437
308.83054 0.75932866
309.0937 0.7364781
309.51636 0.7137516
310.104 0.6909059
310.36472 0.66633266
310.0495 0.6460914
309.6622 0.63073856
309.60837 0.6112517
308.76642 0.5928872
308.48236 0.57451624
307.0763 0.5551461
306.79474 0.5373867
308.27347 0.51908636
309.9199 0.5002441
310.8595 0.48398843
310.75302 0.4693172
307.789 0.44995624
306.47134 0.4332728
305.72034 0.41999033
305.56146 0.4024485
305.48468 0.38479662
305.60416 0.36094496
305.75885 0.34326962
305.58105 0.32953537
306.01968 0.31418473
305.35837 0.2953683
304.92734 0.27903095
304.16846 0.25759795
304.89874 0.24041235
305.49777 0.22010678
307.3823 0.20214222
308.3801 0.18494508
309.1788 0.16224082
310.9887 0.14109187
312.30768 0.124352425
312.9348 0.10801205
311.48688 0.08599357
310.94556 0.073222086
310.51236 0.050762895
310.30664 0.035385776
311.96832 0.02166981
313.11987 0.008463197
313.11823 -0.007818402
312.23898 -0.02876021
311.4357 -0.045655873
310.03812 -0.06781609
309.14517 -0.08166531
306.9068 -0.10113144
305.50333 -0.11874028
304.89612 -0.13263917
304.61832 -0.15162137
303.6863 -0.1693909
301.85165 -0.186287
301.41373 -0.20104803
300.51895 -0.2185724
300.34232 -0.23280191
300.0064 -0.25058168
299.3578 -0.2684053
299.71918 -0.28809202
300.96097 -0.30422002
301.4612 -0.32016158
300.40994 -0.3406665
300.12976 -0.36227554
302.5851 -0.37867486
303.27322 -0.3930271
305.41 -0.41770914
305.18796 -0.43586728
304.96545 -0.45175353
305.52893 -0.47173238
305.72882 -0.48715878
306.6983 -0.50668037
306.7797 -0.52554953
307.38242 -0.54784995
306.91092 -0.5645696
307.21936 -0.5817699
307.31418 -0.60124344
307.50986 -0.6249583
307.2523 -0.6456281
306.04138 -0.6659688
304.47278 -0.6869578
303.88568 -0.7090446
304.2365 -0.7264399
304.63553 -0.7474132
304.32806 -0.7664742
304.97986 -0.7864039
305.18716 -0.80536604
304.8238 -0.8257174
303.77667 -0.8492054
303.91553 -0.86878586
304.22693 -0.8934029
304.76187 -0.91237277
305.0565 -0.93283546
305.8161 -0.95154566
305.80173 -0.97454065
305.82938 -0.9980726
306.0281 -1.0215207
305.52982 -1.0433435
306.03452 -1.0602394
308.44693 -1.0867134
308.2504 -1.1037325
307.38766 -1.1241517
306.66217 -1.1446174
306.38687 -1.1627374
306.15875 -1.1792778
305.1309 -1.1963713
303.55682 -1.2120149
301.60565 -1.2296828
300.9951 -1.2536488
300.3601 -1.273974
298.6658 -1.2931222
298.05933 -1.3131987
296.7524 -1.3304831
296.4195 -1.3500097
296.5395 -1.3640319
295.74252 -1.3772986
295.4169 -1.397718
294.6657 -1.4177734
294.8042 -1.4383358
295.15338 -1.4563028
295.5408 -1.4762251
296.03418 -1.496584
295.64917 -1.5168672
296.41245 -1.5346261
298.04547 -1.5550164
299.98138 -1.5716807
301.27432 -1.5906963
301.4531 -1.6105723
301.74915 -1.6303244
302.1096 -1.6477855
302.70407 -1.6700373
303.1518 -1.6839049
304.62244 -1.7031314
305.87952 -1.7257669
306.85876 -1.7450104
307.95514 -1.7641946
308.18216 -1.783841
308.3071 -1.800409
307.78745 -1.8174555
308.57202 -1.8429139
309.342 -1.8631221
310.245 -1.8832947
309.99493 -1.8989499
310.9782 -1.9198835
309.97443 -1.936606
309.65854 -1.9516883
310.18152 -1.9746609
310.0602 -1.9958268
310.314 -2.0184934
310.28232 -2.0421233
309.9333 -2.0608432
309.80167 -2.086812
309.87698 -2.1126986
309.9659 -2.1323771
310.0437 -2.148396
309.69815 -2.1715155
308.31277 -2.1973214
306.38553 -2.2111394
306.06754 -2.2322855
305.4159 -2.2507508
305.51486 -2.2716856
304.33783 -2.2922924
303.29056 -2.313086
302.53964 -2.3334692
300.3467 -2.3544202
300.96936 -2.3798957
300.4936 -2.4021065
300.24005 -2.4278913
300.19388 -2.4539554
299.55914 -2.477824
298.30133 -2.4999251
298.35593 -2.5167668
298.29926 -2.54024
298.28482 -2.5645015
297.6052 -2.5866666
297.06805 -2.609135
295.14838 -2.62875
293.93115 -2.6432161
294.16705 -2.661775
296.2643 -2.685149
297.39148 -2.708478
297.67307 -2.7311656
297.1644 -2.751672
297.03442 -2.7736485
297.86752 -2.7927089
298.00833 -2.8138661
297.66776 -2.827947
297.4023 -2.8418834
296.84866 -2.8691843
296.77094 -2.8831775
296.4302 -2.904533
297.29404 -2.9217288
297.25095 -2.9518526
296.7048 -2.9658537
296.8632 -2.9829118
296.89777 -2.9991834
296.55927 -3.0135705
295.9375 -3.0310838
296.3526 -3.050766
296.80087 -3.0743346
296.5558 -3.0879889
296.36734 -3.1015544
297.15408 -3.1284978
297.13953 3.1330175
297.24515 3.1135898
297.47284 3.0934799
297.82013 3.073433
298.45032 3.0474453
300.86252 3.0273454
301.69507 3.0110004
303.3747 2.9950898
304.27304 2.9762795
304.51178 2.9532382
305.29373 2.9402437
306.76614 2.917945
306.8146 2.9030597
307.26196 2.8840563
307.8134 2.86519
307.9822 2.851695
308.467 2.8249671
309.1596 2.7984486
309.9183 2.7823792
308.22662 2.7626429
306.81567 2.739761
306.47733 2.71805
306.3309 2.7033923
305.34033 2.679978
304.5169 2.6566184
303.1572 2.6355917
300.6452 2.6115692
299.90533 2.5898213
299.60767 2.566595
299.6117 2.5423145
298.5176 2.5186224
296.85886 2.4978957
294.53973 2.4747467
293.29144 2.4581933
292.65994 2.4342527
292.68448 2.408527
293.31467 2.3859453
294.60388 2.3617873
295.18527 2.340688
294.8097 2.3186808
293.00305 2.2966962
291.98917 2.276963
292.63132 2.2530067
293.26273 2.2295148
293.385 2.2004185
293.74542 2.1786866
293.13376 2.1635075
293.49747 2.1342185
293.64536 2.1091075
292.85135 2.0843081
290.93173 2.0633385
288.91614 2.0367413
288.04224 2.02274
286.49228 2.0013406
285.97513 1.9801706
286.3299 1.9560509
286.93222 1.932756
287.44562 1.9071543
287.82117 1.8918936
288.5553 1.8656908
289.68222 1.8421859
290.85635 1.8170788
291.903 1.8007104
292.09598 1.773761
292.7226 1.7491218
293.89175 1.7267909
294.27164 1.7124927
294.464 1.6914967
293.9519 1.6761645
293.30093 1.6525377
293.00073 1.6388937
293.7529 1.6250412
294.50684 1.6064122
293.3588 1.5868882
294.3229 1.5663991
296.40234 1.5470123
297.69708 1.5203075
297.92627 1.5068703
298.37045 1.4867685
298.82367 1.4703593
299.26065 1.4567837
299.86578 1.4403403
300.70392 1.4205824
301.83392 1.3975916
302.77423 1.380659
302.74857 1.3643284
302.74857 1.3643284
