Stilus
9
232.18747 1.654774
231.4897 1.6989043
231.87997 1.7180408
232.66585 1.7392935
234.59729 1.7609206
233.83852 1.7828146
232.50447 1.8148913
231.56183 1.8337934
231.73251 1.8559271
232.89128 1.8724377
233.70657 1.8970691
230.54007 1.916622
225.71266 1.9481887
221.22023 1.971998
216.90895 1.9955543
214.11685 2.0143318
213.45642 2.03865
210.03816 2.0724125
206.53616 2.1005642
203.31212 2.1271384
199.36534 2.1574373
196.04633 2.1811137
192.18799 2.2130814
189.29024 2.2445853
187.15147 2.2743924
183.633 2.2999766
180.95135 2.3266265
178.21628 2.3568501
176.73161 2.3898993
176.27106 2.418984
174.639 2.4540758
173.50269 2.489877
173.21178 2.5228026
173.39313 2.5619442
174.8595 2.6030495
175.48668 2.6320665
178.93236 2.668768
181.77739 2.6937745
184.63498 2.7397232
187.64883 2.776498
190.206 2.809908
193.8046 2.8397262
198.02237 2.8708448
201.97583 2.8984764
205.94087 2.9225905
211.34052 2.951822
216.48277 2.9841053
221.87903 3.0116835
227.24255 3.0368834
232.75655 3.0609713
238.38875 3.0838823
244.19885 3.097452
250.10066 3.1105962
255.97803 3.129925
261.97653 -3.1292572
266.13916 -3.1039765
268.48438 -3.078239
270.51334 -3.0622778
275.37555 -3.0390131
277.97876 -3.019275
279.5099 -3.005382
281.29904 -2.9918773
282.68762 -2.9782739
285.115 -2.9546945
289.9769 -2.9368563
295.40515 -2.9139075
297.4532 -2.9009733
300.42468 -2.8894057
302.41534 -2.877414
306.51636 -2.8539352
308.26718 -2.8375945
310.95447 -2.8212054
314.64392 -2.8042285
317.16263 -2.7842612
319.67276 -2.76379
321.40833 -2.7423377
320.71838 -2.7238092
319.91516 -2.6993582
319.25104 -2.6768134
320.15506 -2.6508763
321.18402 -2.6383197
324.44025 -2.619074
324.0716 -2.5934074
324.15692 -2.5701716
325.5804 -2.556196
326.78702 -2.5290658
327.6438 -2.5044835
327.5867 -2.4844997
325.00873 -2.4697618
322.88885 -2.4534028
321.6302 -2.4339023
320.14697 -2.414575
321.6906 -2.4009511
322.83206 -2.3735754
322.09567 -2.346022
320.34915 -2.317784
317.94382 -2.2991865
315.48883 -2.2807558
312.37576 -2.2640903
308.46402 -2.2486846
304.242 -2.2312603
300.01022 -2.2128844
296.99594 -2.1946158
294.72568 -2.1718857
293.0498 -2.1512237
291.0769 -2.134422
289.21906 -2.110853
286.72275 -2.0877578
284.45074 -2.0601773
282.65747 -2.038883
279.65558 -2.0171828
277.044 -1.9970628
274.83707 -1.9697632
273.304 -1.9562399
271.34164 -1.927607
270.18527 -1.9048399
268.9909 -1.8798107
266.94504 -1.8548232
265.27576 -1.8324047
263.36472 -1.8037682
261.84424 -1.7778807
261.05026 -1.7628675
258.65637 -1.7332534
255.82147 -1.7073736
253.76437 -1.6799937
252.11807 -1.6536254
249.83316 -1.6263351
249.37366 -1.6016138
246.45235 -1.5703492
243.82141 -1.5482651
243.4701 -1.5292459
242.86319 -1.5003456
242.28906 -1.4786665
241.2123 -1.4499248
241.96683 -1.4211632
243.91786 -1.3974494
245.42387 -1.3653431
246.70993 -1.3416709
247.65288 -1.3258791
251.17267 -1.3006777
253.08398 -1.2772874
255.59618 -1.2564619
258.04486 -1.2424481
260.3136 -1.2177579
264.20544 -1.1981442
266.92743 -1.1746737
269.70816 -1.1507062
272.6346 -1.1272874
275.6954 -1.1044645
277.98508 -1.088358
281.7763 -1.0632654
284.88394 -1.0370482
288.1894 -1.0113795
289.4921 -0.9978346
291.93674 -0.97378737
294.77368 -0.9480637
298.069 -0.926226
301.42834 -0.9061492
304.37265 -0.88445294
307.96112 -0.86439556
310.49878 -0.8451185
312.86108 -0.82245725
315.5023 -0.799753
317.7229 -0.779237
318.61945 -0.76372796
318.8434 -0.74198556
319.84637 -0.7181676
321.56262 -0.7005356
323.49655 -0.68748564
326.34006 -0.6689207
327.7932 -0.6396887
328.3125 -0.6159423
326.9952 -0.59944075
326.14957 -0.57914704
325.69278 -0.55878514
324.52747 -0.5351798
322.84622 -0.5138805
320.7542 -0.48911113
317.0688 -0.46680334
316.0686 -0.4533216
315.67633 -0.43739817
313.87906 -0.4092845
313.15643 -0.39591247
312.1954 -0.37975037
311.37576 -0.36413214
310.08023 -0.35135934
310.0232 -0.33651683
309.63315 -0.3177588
308.47165 -0.29516977
306.2422 -0.2701984
304.94736 -0.25441778
302.21942 -0.2294319
295.6368 -0.20703933
290.34824 -0.18627462
285.83328 -0.16076878
281.18646 -0.14146195
277.4316 -0.121594615
271.8166 -0.10197632
267.30826 -0.092426956
262.16632 -0.06933422
257.6754 -0.046146017
252.4581 -0.019403705
248.41862 0.005327179
246.26648 0.024550218
240.69275 0.047022913
237.04555 0.07214979
233.58197 0.0989338
229.54132 0.12800921
225.38353 0.16177675
220.76584 0.19276632
216.4626 0.21081975
211.28085 0.23059408
208.15068 0.25387633
203.69347 0.28246102
199.01707 0.32195663
196.18604 0.34324622
191.48608 0.38136408
187.90439 0.4179495
185.74763 0.44687063
182.60774 0.47343898
182.29105 0.5147398
182.96915 0.56365746
183.90268 0.592296
184.69806 0.6179581
185.20502 0.6510954
183.96156 0.68235344
183.1998 0.72142875
183.66556 0.7487013
186.375 0.7946881
191.25958 0.8352085
193.2081 0.8564722
193.24022 0.89029896
195.0091 0.93308055
196.49756 0.9575231
198.81909 0.9856157
200.7371 1.0095419
203.44072 1.03513
207.1577 1.0747739
210.6176 1.1048946
215.58145 1.127924
221.8265 1.154867
225.03604 1.175669
227.80522 1.1948464
230.2214 1.2165874
232.53694 1.2566985
235.74062 1.2964373
239.56589 1.3299313
242.89595 1.3695799
244.52501 1.3916541
246.0973 1.4150279
247.31851 1.4371793
247.93633 1.4578855
251.00063 1.4873129
253.64346 1.5228587
253.47734 1.539358
252.36996 1.5591464
251.36014 1.5779891
250.42711 1.5948942
246.39185 1.6344715
243.84586 1.6598843
240.5529 1.6906815
237.3856 1.7177861
234.4264 1.741381
234.4264 1.741381
