Mouse
39
231.5833 1.513282
235.83665 1.4973233
239.9787 1.4902352
244.31512 1.475233
247.71066 1.4603139
251.15985 1.4458014
254.6605 1.4316849
259.0491 1.422357
261.64432 1.4083672
266.08685 1.3996719
270.72925 1.3876286
275.40955 1.3759929
279.14713 1.3640146
283.9 1.3531178
286.7377 1.3410031
291.55893 1.3307691
296.4097 1.3208691
299.356 1.3095744
303.303 1.2993879
306.3201 1.2885579
309.37244 1.2779404
312.45898 1.2675314
314.9383 1.2533275
316.20978 1.2413095
318.46902 1.2304409
320.76535 1.2197264
322.51904 1.2051687
323.9707 1.1936377
325.84528 1.1793711
325.55313 1.1656694
325.3222 1.1519457
323.33795 1.135612
321.00577 1.1218839
318.73495 1.1079574
316.52682 1.0938339
313.44418 1.085141
310.86154 1.0734445
307.35208 1.0672352
304.83594 1.0551566
301.8625 1.0457404
299.94037 1.0304003
297.77127 1.0102412
295.47144 0.9973105
293.22177 0.98417914
291.58923 0.96801656
290.0337 0.95167625
289.15125 0.9323812
288.37708 0.9129754
287.08643 0.8961867
288.05606 0.8810051
288.3307 0.8636816
289.44135 0.8486858
292.10065 0.83840954
295.46725 0.8258261
298.19357 0.8159651
300.94833 0.8062838
304.43063 0.7944299
307.95477 0.7828457
312.2369 0.7692921
315.84805 0.75827986
319.49667 0.7475178
323.18143 0.737
326.90115 0.7267204
331.40927 0.7146911
335.20178 0.704915
339.794 0.69347304
344.42957 0.68233764
347.54312 0.6750797
350.67465 0.667951
353.8237 0.6609488
357.7839 0.65237
360.36984 0.6434265
362.9842 0.63461107
368.64465 0.62335324
372.13922 0.613328
374.2797 0.6028066
377.02042 0.5946065
377.29782 0.5813699
376.79877 0.569583
378.0505 0.55496633
379.898 0.5427064
381.29697 0.5283049
382.77444 0.5140115
382.97278 0.49879074
382.84174 0.48711628
383.65228 0.47424233
382.73633 0.46375132
381.86267 0.45321113
379.7 0.44137195
377.5912 0.42939883
373.70956 0.419462
368.94846 0.41039628
365.1393 0.40002507
361.37027 0.38943636
358.94183 0.38018453
355.6127 0.37182644
352.89056 0.3596552
348.34164 0.34925076
343.83136 0.33857217
339.36136 0.327611
333.67233 0.31444275
329.59482 0.30571672
325.54306 0.29677278
322.47702 0.28672457
319.44418 0.27648446
314.51627 0.26772112
310.3266 0.25473997
307.4016 0.2437869
303.31152 0.23017666
299.27914 0.216197
296.48804 0.2044666
294.72006 0.19186571
291.83844 0.17635353
289.18994 0.16394933
287.42685 0.14735396
286.86685 0.13356088
286.36163 0.11971649
285.9115 0.105825834
287.5083 0.091255724
287.17142 0.07738427
288.8859 0.06304371
289.6603 0.049043905
292.45676 0.031464126
295.35782 0.017607955
297.31442 0.0040374147
300.32507 -0.009322106
302.3885 -0.022488274
304.50357 -0.03547376
306.66934 -0.048277967
308.9471 -0.064131364
311.30142 -0.07974885
312.64133 -0.09224791
315.02417 -0.10430683
316.57678 -0.11968667
318.2035 -0.13491282
319.75537 -0.14688836
321.35263 -0.15874653
317.72977 -0.16695225
315.4675 -0.18103631
314.24973 -0.19470334
313.0911 -0.20847413
311.017 -0.22305356
309.98178 -0.23706557
307.32266 -0.25593793
304.5047 -0.27197227
300.8079 -0.28924704
297.2667 -0.29630938
292.78656 -0.3045625
288.327 -0.31307155
284.83777 -0.32073677
280.41937 -0.32974246
276.96777 -0.3378349
273.87558 -0.3495658
269.5335 -0.35940507
265.21838 -0.36956552
261.86044 -0.37864423
257.59924 -0.3894266
253.36902 -0.4005703
249.17131 -0.412091
245.5114 -0.41861662
241.86224 -0.42533946
237.31673 -0.43403322
233.69366 -0.4412313
230.51862 -0.45256442
227.37401 -0.46421257
222.48549 -0.4803064
219.41718 -0.4927718
216.87 -0.50962293
217.1215 -0.5302
217.4647 -0.5507208
219.58437 -0.5662443
221.75592 -0.58146745
223.97787 -0.5963919
226.24872 -0.61102
228.56702 -0.6253544
232.53929 -0.63426596
237.5391 -0.63446033
240.72981 -0.6453808
244.74167 -0.653522
247.98087 -0.663877
251.24596 -0.67396396
254.53595 -0.68379116
257.84988 -0.69336665
261.1869 -0.70269823
265.85675 -0.71748996
269.999 -0.723782
273.40717 -0.7323225
277.51053 -0.7433116
280.96283 -0.7513846
285.15918 -0.7568471
287.9204 -0.7669473
290.71042 -0.77685475
293.52844 -0.7865728
296.37366 -0.7961052
299.2453 -0.80545545
302.14258 -0.8146272
305.74527 -0.8212245
309.42392 -0.8322343
311.0632 -0.8456461
314.068 -0.8540934
316.56033 -0.86923313
318.35138 -0.8821416
320.8214 -0.8924718
323.32513 -0.90264314
323.24054 -0.9181074
322.43008 -0.9317308
321.09537 -0.94794524
319.0246 -0.962504
317.58276 -0.97463965
315.35428 -0.985136
313.161 -0.9957805
310.47012 -1.0092957
308.3589 -1.0202761
306.28534 -1.0314064
302.5244 -1.0393559
299.64966 -1.0491725
297.18982 -1.0637599
294.3887 -1.0739887
291.61896 -1.0844127
289.31555 -1.0996913
287.08078 -1.1152114
284.91623 -1.1309711
283.23624 -1.1437498
281.60303 -1.1566789
280.01743 -1.1697567
277.73013 -1.1896476
276.26712 -1.2030877
276.73132 -1.2191746
278.2113 -1.2363873
281.03568 -1.2511427
285.47928 -1.259972
288.69287 -1.2708056
291.6558 -1.2846856
293.44232 -1.3006488
296.52304 -1.3139995
300.14447 -1.320607
302.096 -1.3358948
305.09326 -1.3516976
308.57584 -1.3608416
312.08365 -1.3697809
315.6158 -1.3785206
319.35577 -1.3839878
322.9261 -1.392374
327.50415 -1.4010935
331.28198 -1.4061079
335.06793 -1.4110092
338.70883 -1.4187179
342.36942 -1.426262
345.9138 -1.43651
349.61908 -1.4437108
353.1082 -1.4563836
356.86206 -1.463231
361.33838 -1.4784746
365.1446 -1.4849385
368.88763 -1.4939711
372.6602 -1.5028214
375.34955 -1.516655
377.15247 -1.5275323
378.00012 -1.5382191
377.891 -1.5487988
377.8242 -1.5593833
377.79968 -1.5699705
377.81757 -1.5805578
376.878 -1.5911969
375.01425 -1.6046362
374.17188 -1.6154109
373.4299 -1.6289068
372.6859 -1.6397777
371.98615 -1.6506907
370.33496 -1.6618885
366.6398 -1.6710296
361.98184 -1.680658
359.4643 -1.6926339
355.8754 -1.7023675
352.04443 -1.7066742
349.64124 -1.7191716
345.00253 -1.7270476
340.71872 -1.7409285
338.46854 -1.754077
334.9109 -1.7621255
328.84134 -1.7781161
324.59012 -1.7903317
320.38864 -1.8028696
316.96884 -1.8119127
313.32925 -1.8180603
308.73386 -1.8251647
305.6425 -1.8379577
302.05515 -1.844647
299.04187 -1.857923
295.78775 -1.8682377
292.8705 -1.8820347
289.69205 -1.8928355
286.54813 -1.9038746
283.7791 -1.9184743
282.36197 -1.9354137
281.95493 -1.9511979
282.54114 -1.9656577
283.18616 -1.9800546
283.8896 -1.9943832
285.98108 -2.0103223
288.14417 -2.0260262
289.9251 -2.038418
291.75 -2.0506568
293.61807 -2.0627418
296.40457 -2.073043
299.22195 -2.0831516
301.20306 -2.0947266
303.73535 -2.1089807
306.32834 -2.122996
308.44537 -2.1340373
310.30603 -2.1493826
311.68048 -2.1618822
313.92712 -2.1724622
316.20837 -2.182891
317.71158 -2.195004
320.06586 -2.205145
322.45258 -2.2151368
322.4955 -2.2306416
321.8361 -2.248081
320.63562 -2.2631907
319.50888 -2.2784104
317.70752 -2.295817
316.0671 -2.308946
314.48175 -2.3222098
311.57083 -2.330974
308.68427 -2.339903
305.82278 -2.349
302.98712 -2.3582678
299.47986 -2.370098
295.98212 -2.3774307
292.50067 -2.3849382
289.0361 -2.392626
286.32758 -2.4028578
282.90405 -2.410931
279.49942 -2.4192016
276.11438 -2.4276755
272.74966 -2.436359
270.17398 -2.4476328
266.85806 -2.4567587
263.56485 -2.4661136
260.29535 -2.4757042
256.2587 -2.4831574
251.44185 -2.4884396
247.4305 -2.4963665
242.63208 -2.5021024
237.47417 -2.5173502
233.52266 -2.526243
230.4128 -2.5379138
227.33519 -2.5499024
225.12862 -2.56465
223.81883 -2.5820668
222.57774 -2.599683
221.40648 -2.6174915
222.05757 -2.6398497
224.63274 -2.6562207
225.47415 -2.6781213
227.75491 -2.6977565
230.53548 -2.7130427
233.77235 -2.724044
237.95544 -2.7364068
241.25029 -2.7467523
244.57025 -2.7568178
248.28232 -2.762865
252.0032 -2.7687337
255.73251 -2.7744317
259.11777 -2.783575
262.8679 -2.7889075
266.28638 -2.7976205
269.39697 -2.809617
272.54547 -2.821338
276.68344 -2.8338883
279.9072 -2.8450263
284.12445 -2.8569012
287.41785 -2.8674886
291.00504 -2.8745174
294.35052 -2.8846576
298.22095 -2.888066
301.8487 -2.894597
305.489 -2.9009724
308.91074 -2.9103463
312.90146 -2.9264526
316.19144 -2.9384227
318.35477 -2.9526308
318.6122 -2.9655516
317.7747 -2.9810436
318.1489 -2.9939573
317.58517 -3.0064158
317.07086 -3.0189164
315.61237 -3.0311077
314.2012 -3.04341
312.838 -3.0558217
310.52612 -3.0681043
308.26178 -3.080569
305.0472 -3.0930579
302.88058 -3.105929
298.76538 -3.1188319
295.70123 -3.132125
292.69043 3.1374912
290.75412 3.1202657
287.90594 3.1026797
285.0935 3.08825
283.3393 3.0737758
281.64517 3.0591245
280.11115 3.040746
277.56213 3.025319
277.0631 3.0105603
276.62463 2.9957514
277.2342 2.9814758
277.9 2.9672658
278.6216 2.9531264
281.5595 2.937013
284.569 2.921236
286.44284 2.908372
289.33347 2.8965187
292.26392 2.8849013
295.23306 2.8735163
298.2397 2.8623593
300.32465 2.8504739
304.36102 2.8407135
308.42563 2.8312094
313.46686 2.8229558
318.52875 2.8149643
323.61038 2.807223
327.76883 2.798699
330.0733 2.788304
334.283 2.7801821
337.58182 2.7711935
341.83652 2.7634623
346.4886 2.7532475
349.86667 2.7448304
354.5826 2.735094
358.41678 2.7244868
361.87698 2.7166197
364.45154 2.7077518
367.05435 2.699009
369.68484 2.6903899
372.3424 2.681893
375.02646 2.6735175
377.73642 2.6652615
379.58716 2.6558964
381.47086 2.6466234
383.38705 2.637442
385.3352 2.6283529
384.71768 2.615466
383.30643 2.6012008
381.4479 2.5890615
379.64615 2.576805
377.35727 2.5666544
375.10773 2.556381
372.89822 2.5459847
369.3381 2.5361483
366.3926 2.523893
363.7244 2.5152824
360.279 2.5048985
356.8732 2.4943156
354.29984 2.485256
350.35196 2.476547
346.43124 2.4676404
340.98972 2.4548287
337.13812 2.4454255
334.07874 2.437747
331.03943 2.4299273
328.02072 2.4219632
323.5326 2.4097395
319.8944 2.4037092
315.53314 2.3953938
311.92346 2.3890426
308.3267 2.3825426
305.43713 2.3735294
302.57285 2.3643448
299.02917 2.352618
294.8325 2.3381763
292.06967 2.328319
288.65692 2.315734
285.96033 2.3054507
283.29456 2.294973
280.6605 2.2842972
278.059 2.2734206
275.491 2.2623398
272.9575 2.251052
273.609 2.2304895
275.5735 2.2158582
277.00763 2.1985216
278.52414 2.1813684
280.68228 2.1673594
282.34558 2.1506095
284.08713 2.1340604
285.90552 2.1177173
288.30682 2.1045763
290.75708 2.0916548
294.23337 2.0848897
297.7228 2.078283
301.22498 2.0718296
305.61984 2.063971
308.68222 2.0549827
310.8588 2.040451
313.9985 2.024724
314.979 2.0091338
317.35822 1.9952244
317.565 1.981152
317.83463 1.967101
318.16684 1.9530765
317.62878 1.9402174
317.1434 1.9273168
316.3755 1.9114027
315.0618 1.8994359
313.79364 1.8873706
312.5715 1.8752091
310.15103 1.860795
307.79602 1.8461573
304.8017 1.8353122
301.84393 1.8242533
298.92383 1.812977
295.06906 1.8022546
290.49445 1.7953614
285.93405 1.788248
281.5989 1.7843775
277.06174 1.7768556
272.54077 1.7690839
266.68256 1.7543951
262.2115 1.7459313
258.58298 1.73272
254.1622 1.723608
247.5038 1.7073312
241.03574 1.6942784
235.49808 1.6758224
232.12419 1.6600394
227.81248 1.6441152
224.55917 1.6273282
221.37099 1.6100527
219.23146 1.5876194
218.20067 1.5693665
217.24324 1.5509462
216.36015 1.5323694
216.55072 1.5139105
216.81493 1.4954904
220.13953 1.478396
224.31287 1.4711633
228.60608 1.4598455
232.80806 1.45321
237.14566 1.4426255
237.14566 1.4426255
