Mouse
30
301.4726 1.5261842
301.73694 1.5096292
303.0808 1.4933639
303.4164 1.4802197
303.9095 1.4638342
304.48386 1.4475061
304.01093 1.4340436
303.59323 1.4205416
303.3957 1.403753
302.3007 1.3863425
302.2777 1.3694745
302.12585 1.3558401
302.25836 1.3389722
303.44617 1.3229349
303.48605 1.3093487
303.58197 1.2957686
304.01993 1.2790463
303.28696 1.2645175
302.61832 1.2499216
302.01443 1.235264
301.82025 1.2174388
300.42804 1.2014909
300.41595 1.1835654
301.02817 1.1700066
300.78036 1.155167
301.50793 1.1416903
302.29 1.1282808
303.56772 1.1119852
303.57904 1.0972534
303.65622 1.0825261
303.79922 1.0678092
304.00793 1.0531095
305.1443 1.0400965
304.622 1.0237863
304.71622 1.0046499
304.92194 0.9855323
305.49673 0.971001
305.31915 0.9546396
305.22336 0.93826354
305.20947 0.9218816
306.06485 0.90751946
306.983 0.8932403
307.19388 0.8769726
307.48596 0.86073154
307.112 0.84236324
307.5765 0.826165
308.08987 0.805431
306.6199 0.7916889
306.6365 0.77324015
306.0298 0.7570385
305.50372 0.7407767
304.31058 0.726641
304.6951 0.7081064
303.6437 0.6938155
303.43332 0.6773575
304.0953 0.65886265
304.0596 0.6424197
304.91708 0.62405586
305.05524 0.60766774
305.27527 0.5912989
307.50586 0.57864773
308.71677 0.5607133
309.17038 0.54459566
309.20102 0.5257366
310.70154 0.5081393
310.94437 0.48939556
310.4053 0.47214866
311.29684 0.45632136
309.55508 0.4447215
308.76343 0.43163303
306.7053 0.41682538
305.10776 0.40483746
304.09854 0.38842857
303.53653 0.37498412
303.0296 0.36149225
302.578 0.34795764
301.23755 0.33547452
300.57816 0.31867117
300.30276 0.30497816
299.7981 0.28806752
299.37946 0.2711047
300.0152 0.25326142
300.00937 0.2395182
300.0602 0.22577704
298.98062 0.20947728
299.15533 0.19570303
298.40332 0.18255384
298.52252 0.16547404
298.87823 0.15172192
298.2999 0.13846625
298.76636 0.124743596
299.2889 0.11106629
298.77603 0.09443369
299.42215 0.08081881
299.12582 0.067489766
299.88123 0.053956218
300.6913 0.040493138
300.55597 0.027194986
300.47382 0.013887206
300.4449 5.745062E-4
300.4692 -0.012738397
300.57446 -0.029372627
300.71854 -0.042668756
300.9157 -0.055949807
301.23666 -0.07252284
301.5529 -0.08575303
301.92178 -0.098953195
302.45667 -0.11540436
302.08182 -0.13222805
300.6564 -0.14629363
299.291 -0.16049038
297.98648 -0.17481434
296.93338 -0.1925689
296.74597 -0.20644467
297.59164 -0.21960087
297.51556 -0.2334553
297.743 -0.25057057
297.79462 -0.26441628
297.90326 -0.2782545
298.06894 -0.29208001
298.2915 -0.30588755
298.57083 -0.31967184
298.29187 -0.33769277
298.10992 -0.35574153
298.9564 -0.37258503
298.58292 -0.3875014
298.27606 -0.40245178
298.95038 -0.4160735
298.7711 -0.43102553
299.5612 -0.44455224
299.50916 -0.45948163
299.52393 -0.4744129
298.72318 -0.49091282
298.87854 -0.5058709
299.10068 -0.52081007
298.53 -0.5374336
299.41885 -0.55519897
299.0194 -0.5718559
299.53537 -0.58669937
300.6841 -0.6042306
300.52936 -0.62085587
301.2619 -0.635518
300.46927 -0.65413475
300.56403 -0.67076993
299.96967 -0.6895054
300.24115 -0.7061418
299.8463 -0.72494954
298.88162 -0.741338
298.6859 -0.76025987
298.5973 -0.7791998
299.3147 -0.7957518
300.15497 -0.8169301
301.05804 -0.8332898
302.70248 -0.8470664
302.34286 -0.86355144
302.06558 -0.8800713
302.6527 -0.89867955
301.75888 -0.9131794
301.7297 -0.92974967
300.97272 -0.94437593
300.2804 -0.95907277
299.65326 -0.9738344
298.54303 -0.9914525
298.90524 -1.0081466
297.64313 -1.0213064
297.2931 -1.0362943
297.38477 -1.0559027
297.18924 -1.0709317
297.94608 -1.0875412
298.78464 -1.104062
299.7043 -1.1204859
299.7973 -1.1354023
299.95694 -1.1503061
300.18317 -1.1651908
299.55136 -1.1787784
299.90463 -1.1936525
299.03506 -1.2104301
298.2502 -1.2273009
297.55066 -1.2442558
296.2918 -1.2570429
296.03705 -1.2709382
296.79904 -1.2858049
296.3965 -1.3029431
296.33087 -1.3168539
298.26562 -1.332362
298.3211 -1.3461832
298.43356 -1.3599967
298.40875 -1.3770833
298.64844 -1.3908714
297.9586 -1.4040798
298.3093 -1.4178596
298.57935 -1.434921
298.9362 -1.4519469
299.48276 -1.4656054
301.08087 -1.4795153
300.7426 -1.4927607
301.45517 -1.5062484
301.2236 -1.5195003
302.00806 -1.5362048
301.8765 -1.5527588
301.83084 -1.5660094
302.84827 -1.5825357
302.92163 -1.59574
303.04776 -1.6089355
303.22662 -1.6221176
303.5242 -1.63857
303.8213 -1.6517057
304.17072 -1.6648135
304.57227 -1.6778891
305.02576 -1.690928
305.5309 -1.703926
306.08755 -1.7168789
306.69534 -1.7297826
306.36877 -1.7431912
306.09738 -1.756626
305.88135 -1.7700824
306.69827 -1.7828667
306.59033 -1.796308
306.53778 -1.8097565
306.54068 -1.823207
306.8633 -1.8397993
307.27023 -1.8563521
306.50958 -1.8707123
306.7636 -1.8841331
306.12585 -1.8985777
305.55225 -1.9130796
305.04312 -1.9276329
304.59882 -1.9422318
304.2196 -1.9568702
303.90573 -1.971542
303.65744 -1.986241
303.47482 -2.0009608
302.4557 -2.0171182
301.51602 -2.0333805
301.11877 -2.0526872
300.35474 -2.069118
300.54303 -2.0839899
300.79767 -2.0988398
301.97522 -2.1119506
302.35437 -2.1266978
302.7991 -2.1414049
303.30914 -2.1560655
303.05923 -2.1725366
303.70715 -2.187122
302.21475 -2.202874
303.60007 -2.2200541
303.67 -2.2365198
303.82224 -2.2529736
303.9373 -2.2740417
304.2768 -2.2904456
303.28546 -2.3065782
304.4711 -2.325366
305.0658 -2.3416557
305.7411 -2.3578777
305.80292 -2.376377
304.50458 -2.3904014
304.0078 -2.4067538
304.34613 -2.425318
303.25925 -2.4395974
303.00806 -2.4560711
302.22 -2.4751632
302.14673 -2.4917078
302.1562 -2.508256
302.24835 -2.5247986
302.4232 -2.5413265
302.6805 -2.5578308
303.02014 -2.5743027
304.2943 -2.5924535
304.80606 -2.6087852
305.39883 -2.6250577
306.07214 -2.6412628
305.9408 -2.6558712
304.98404 -2.6690009
304.9768 -2.6836646
304.60764 -2.7012916
303.83432 -2.7146041
303.11514 -2.7279823
303.3717 -2.7427058
302.76703 -2.7561634
302.21744 -2.7696722
302.65985 -2.7843869
303.16757 -2.799055
302.79376 -2.8126078
304.3777 -2.8282294
305.0793 -2.8427236
305.8447 -2.8571484
306.6734 -2.871498
306.59756 -2.8849423
307.54785 -2.8991735
306.61224 -2.9118383
306.7027 -2.9252803
306.84857 -2.9387121
306.0677 -2.9515135
305.3372 -2.964378
304.49554 -2.9805424
304.86884 -2.9940193
304.30643 -3.0070214
304.78827 -3.0204673
305.32504 -3.0338683
304.828 -3.0501766
304.4889 -3.063259
304.20203 -3.076368
303.96753 -3.0894997
303.7855 -3.1026495
303.65607 -3.1158125
303.56833 -3.1322787
302.55743 3.137717
302.5994 3.124498
302.69418 3.1112847
302.8418 3.0980823
302.10223 3.0814025
301.37192 3.0679538
301.6926 3.054731
301.0709 3.0412066
301.613 3.0247116
301.11407 3.0111306
300.81607 2.9942172
301.4294 2.9810905
302.09448 2.9680195
301.8283 2.9543934
300.6385 2.9400823
301.46454 2.9270818
301.36713 2.9134064
301.32608 2.8997247
301.3415 2.8860419
301.6808 2.8691676
302.1058 2.852336
302.61615 2.8355565
303.2114 2.8188381
303.55957 2.8052962
303.3693 2.7875614
304.7791 2.775251
303.4491 2.7594018
303.11798 2.7446964
302.85257 2.729962
301.74283 2.7138343
302.04507 2.6960244
301.99734 2.6812177
302.0158 2.6664095
302.10052 2.6516066
302.25134 2.636815
300.7338 2.6187396
301.03152 2.6039093
300.54456 2.587365
299.2991 2.5689664
298.98663 2.5522845
298.50845 2.5309107
298.38623 2.514162
299.14798 2.499412
299.97443 2.48474
301.6487 2.4722142
301.81946 2.455653
300.66357 2.4395044
300.9977 2.4229207
300.00204 2.4066148
299.77017 2.3877668
298.94775 2.3712919
298.91586 2.3523684
297.54822 2.3380911
298.38565 2.3215475
297.8919 2.3048587
297.4814 2.2881188
297.15448 2.2713377
296.9114 2.2545242
297.53876 2.235609
297.4742 2.218804
296.68698 2.2039852
297.5972 2.1851954
297.78464 2.1684113
298.05585 2.1516526
299.25613 2.1331427
299.70288 2.1165135
300.23224 2.0999386
299.97278 2.0850616
300.65802 2.0685692
299.189 2.0522888
299.1426 2.0373409
298.26364 2.0238547
298.3445 2.008865
297.58084 1.9952668
297.78952 1.9802599
297.14224 1.966571
296.55084 1.9528247
296.9489 1.937814
297.07034 1.9196872
296.01938 1.8994831
295.39514 1.8823692
296.1056 1.8674397
295.92133 1.8535247
295.7944 1.8395951
295.4744 1.8223811
295.47595 1.808427
295.535 1.7944756
295.65155 1.7805324
295.82553 1.766603
295.87756 1.7493687
295.03046 1.73269
295.40125 1.7187799
295.82898 1.7049075
296.3135 1.691078
296.8545 1.677296
296.456 1.6638793
297.10782 1.6501611
297.81534 1.6365057
297.57944 1.6230925
298.39642 1.6095302
299.26797 1.5960445
300.19366 1.5826396
301.17294 1.5693194
301.2054 1.556039
302.2906 1.5428566
302.2906 1.5428566
