Mouse
46
130.12363 1.8860825
134.59032 1.867498
138.82814 1.843189
142.42622 1.8288703
146.05206 1.81526
149.93625 1.808803
153.82639 1.8026721
158.69673 1.7954317
162.3842 1.783941
166.09216 1.7729619
169.81926 1.7624635
173.56427 1.7524171
177.32607 1.742796
180.94423 1.7281219
184.7452 1.7193835
188.55971 1.7109979
193.51192 1.7073872
198.33621 1.6989595
202.30405 1.6964322
207.14568 1.6886182
211.11845 1.686391
215.09225 1.6842461
218.95811 1.6776402
222.83319 1.6712638
226.71703 1.6651057
230.60916 1.6591551
235.42575 1.6488187
240.3366 1.643049
245.19049 1.6334411
249.12317 1.6284297
253.01112 1.6196272
255.84583 1.6034384
256.74637 1.5877393
255.70978 1.5721645
253.7358 1.5564102
249.79807 1.5441711
245.86176 1.5356061
240.94502 1.5265803
236.99605 1.521619
233.10953 1.5122061
229.24435 1.5024748
225.40164 1.4924108
221.41415 1.4909961
217.5986 1.4803686
213.70956 1.4740182
207.84024 1.4664397
201.98352 1.4584213
197.2558 1.4455034
192.5626 1.4319533
188.7458 1.4237732
184.27638 1.4036927
178.9027 1.3815774
175.17076 1.3716753
170.90817 1.3486799
167.23703 1.3375779
163.58745 1.3259792
159.96085 1.3138528
155.1302 1.305662
150.31062 1.2969453
146.46367 1.2895594
140.42361 1.284542
136.30414 1.2832938
132.47316 1.2747318
130.85521 1.238797
135.02423 1.2180305
139.82175 1.2077795
144.63297 1.1982096
149.83182 1.1830623
155.06273 1.168934
159.92195 1.1614524
164.38766 1.1599758
170.07787 1.1424152
175.81712 1.1259962
179.811 1.1056794
184.29991 1.093582
190.11958 1.0916448
195.05392 1.0874509
199.5252 1.0878923
203.53448 1.0926667
207.54822 1.0972567
212.47786 1.0932764
218.76045 1.087541
224.58212 1.0860577
229.99133 1.0787735
236.29073 1.0738496
240.84386 1.0651885
245.41438 1.0568495
250.8687 1.0508033
256.33176 1.0450147
262.3112 1.0361812
268.65305 1.0328523
274.14108 1.027798
279.63583 1.0229423
285.13696 1.0182738
291.17395 1.010867
297.5358 1.0084016
303.59305 1.001494
309.66418 0.9948572
315.74847 0.98847574
323.2321 0.9814797
327.95343 0.9764244
333.24796 0.96903485
339.3809 0.96356213
343.31244 0.9573179
349.23413 0.94821566
353.7864 0.94003093
358.36176 0.9320547
360.7608 0.92315286
363.98074 0.916046
366.43033 0.90738726
368.907 0.8988441
372.04016 0.8883261
374.5759 0.88003916
377.13696 0.87186414
378.85742 0.8583641
379.9833 0.8469569
379.67728 0.83208543
378.08963 0.82105076
376.5484 0.80992436
375.05414 0.79870796
372.90247 0.78930324
370.07373 0.7816902
367.9826 0.7720609
365.20337 0.7642134
362.447 0.75624603
359.714 0.7481571
356.3314 0.73787236
353.65292 0.7295036
350.34024 0.7188636
347.068 0.7080218
344.48007 0.69920087
341.14886 0.6921135
337.97995 0.68072355
333.28928 0.6728418
329.2377 0.6671262
324.584 0.65883684
319.95325 0.65030694
315.1468 0.6459683
311.14822 0.6395722
307.16275 0.63300985
303.19083 0.62627524
298.4193 0.6213075
293.8969 0.6114352
289.40405 0.60125536
284.11215 0.59271604
279.67664 0.58188224
275.8165 0.5737516
271.9751 0.5653908
267.30484 0.55876803
262.64673 0.5519101
259.71393 0.54081386
258.54196 0.52555853
261.0255 0.5112419
264.03995 0.5005267
267.084 0.49005464
270.15674 0.47981966
273.2571 0.46981588
276.82962 0.4632743
279.53714 0.45047885
282.7742 0.43322855
286.40958 0.42736554
289.64673 0.4184996
292.90616 0.40983027
297.1079 0.40003753
300.41284 0.39178595
305.03995 0.38552704
309.67868 0.37945545
314.89722 0.3694477
318.27512 0.36197948
322.95596 0.35649687
326.3638 0.34934804
329.788 0.34234732
335.11713 0.33352593
339.52405 0.32592174
343.9501 0.31851283
347.75116 0.31491077
351.90274 0.3051059
356.37985 0.29821494
360.5874 0.28883898
363.86487 0.28043878
367.86392 0.26883996
370.94452 0.25817862
374.31296 0.25028408
375.28537 0.23863742
376.3084 0.22705251
378.35864 0.2149667
378.50482 0.20407826
377.71445 0.19370782
376.9649 0.18329501
376.25638 0.17284186
374.6023 0.16278191
370.8583 0.1507886
366.17834 0.13892965
361.80954 0.13224883
357.33353 0.1226285
353.00537 0.115579866
347.59402 0.105807684
343.3091 0.0983485
339.0438 0.0907012
334.7988 0.082859516
328.50687 0.07223644
323.3797 0.06718379
318.20065 0.05883184
313.09634 0.05339403
308.05096 0.05101867
303.0576 0.05186004
299.01218 0.049213625
293.97 0.046652745
288.9298 0.044002507
284.89087 0.0411134
279.81866 0.034706347
274.7882 0.031700753
269.76035 0.028583089
265.73486 0.02525166
261.71243 0.021817788
255.69351 0.018419707
251.67749 0.0147397695
246.66502 0.01098489
240.6512 0.0029483947
236.65033 -0.0012274075
231.65373 -0.0055706976
227.67393 -0.014453042
222.69147 -0.019267606
218.71414 -0.024191314
214.77393 -0.03395136
209.814 -0.0395237
205.81718 -0.04029163
201.86404 -0.046039645
196.9192 -0.052281115
191.04588 -0.06437699
186.12526 -0.07146685
182.21141 -0.07850857
177.31067 -0.0863427
172.42143 -0.09462165
168.53941 -0.102770865
164.6691 -0.11130374
158.95053 -0.12800197
154.9841 -0.13129658
151.15703 -0.1413199
147.19798 -0.14514741
143.39326 -0.15608285
138.45622 -0.16169657
133.69446 -0.17510007
128.95847 -0.1894908
124.05154 -0.19708283
128.37114 -0.20625983
132.70082 -0.21483868
136.52374 -0.23878166
140.88683 -0.24585958
146.9983 -0.27057457
151.38979 -0.2762427
155.39656 -0.29574323
160.10632 -0.30638605
166.41347 -0.3259715
170.89836 -0.3480684
175.10417 -0.36369905
179.35077 -0.37859303
183.6353 -0.39279506
188.48306 -0.39937627
192.55817 -0.39608338
196.63527 -0.39292702
201.48294 -0.39908043
206.33788 -0.40494448
211.60068 -0.41487196
217.29692 -0.42851064
222.6061 -0.43738866
228.36502 -0.44980332
234.1574 -0.46160552
238.63551 -0.47101414
242.24747 -0.48198187
246.36221 -0.49620256
250.03853 -0.5064628
252.87129 -0.51837736
254.01558 -0.53400683
252.14174 -0.552324
249.27863 -0.5641583
246.45123 -0.57626593
243.66081 -0.5886527
240.34431 -0.59789354
237.04892 -0.6073922
233.7755 -0.61715776
228.90869 -0.6323274
225.69444 -0.6428023
222.50569 -0.6535787
219.34352 -0.6646671
214.17964 -0.67171615
209.18169 -0.67239046
204.18382 -0.6730978
199.81158 -0.6777515
196.07623 -0.6865706
191.7173 -0.6917277
187.36371 -0.6971246
183.66377 -0.7069328
179.32657 -0.7129403
174.99615 -0.7192454
171.33847 -0.73023534
167.02846 -0.73728895
160.63837 -0.73978055
155.60855 -0.75194854
150.6033 -0.7649273
145.62517 -0.77879596
141.38008 -0.7886007
137.14943 -0.7990114
132.24713 -0.81556076
128.1258 -0.83862674
129.1884 -0.8766046
132.28745 -0.8959505
136.22728 -0.9188839
141.04544 -0.9092445
144.82555 -0.9207643
142.90807 -0.8926798
139.81557 -0.87473154
142.90807 -0.8926798
146.04465 -0.9098624
150.82614 -0.9342845
155.45653 -0.9482297
159.29643 -0.95777243
163.15018 -0.9668652
167.01677 -0.9755376
171.45123 -0.97896063
177.0058 -0.9728132
182.56664 -0.96704
187.82195 -0.97338796
192.25507 -0.97649014
196.13422 -0.9836853
199.4767 -0.9947938
204.2233 -1.0040227
209.83553 -1.0153549
213.76521 -1.0212474
219.93103 -1.0277417
223.8756 -1.0331504
229.0497 -1.0465658
233.01585 -1.0514431
237.85835 -1.0582263
242.32523 -1.0591289
247.17953 -1.0655057
250.68715 -1.0732297
256.03622 -1.0756861
260.5062 -1.0762261
264.97623 -1.0767479
270.80103 -1.0757499
274.7978 -1.0794629
279.26825 -1.0799062
283.73874 -1.0803355
288.6241 -1.0854392
292.63034 -1.0887936
296.6397 -1.0920573
301.1114 -1.0922815
305.583 -1.092499
309.13962 -1.0984546
313.6004 -1.1057086
318.0772 -1.1127589
323.4696 -1.1209611
327.97943 -1.1275898
332.50323 -1.1340386
336.13202 -1.1390723
339.35638 -1.146681
343.00595 -1.1514798
347.57874 -1.1573366
352.1632 -1.1630412
355.44754 -1.1700865
360.05673 -1.1755034
364.67624 -1.1807832
368.9314 -1.1884428
373.20767 -1.1959275
376.57138 -1.202288
380.30557 -1.2060769
383.34326 -1.2146729
384.45453 -1.2295834
384.08026 -1.240269
383.74997 -1.250974
384.41644 -1.2624878
383.22162 -1.2724336
382.06494 -1.2824407
380.94672 -1.2925075
379.86734 -1.3026326
378.82715 -1.3128142
377.82642 -1.323051
375.89362 -1.3327152
372.79666 -1.344484
368.23108 -1.3499858
363.89175 -1.352941
359.77017 -1.3532518
355.43445 -1.3563172
351.10217 -1.3594582
346.3657 -1.3683274
342.04718 -1.3717035
335.38574 -1.3798563
331.69812 -1.3899801
327.23148 -1.3968002
322.94815 -1.4007554
317.5196 -1.4074026
313.25034 -1.4116251
307.69574 -1.4218853
303.3042 -1.4297104
297.8092 -1.4406476
293.58713 -1.4456341
289.25452 -1.4541982
284.83795 -1.4665127
279.47012 -1.4788857
274.06958 -1.4953785
269.86835 -1.5053468
265.69473 -1.5156293
262.50665 -1.5302142
258.37613 -1.5450553
256.30423 -1.5604563
256.29407 -1.5760632
256.34634 -1.5916674
257.46036 -1.60712
261.5822 -1.618026
264.79578 -1.6325808
268.9874 -1.6427944
274.28622 -1.656029
277.6409 -1.6694643
281.9289 -1.6786561
286.3582 -1.69104
291.82138 -1.7025931
295.34262 -1.7146846
298.906 -1.7264895
300.53818 -1.7391224
305.80466 -1.7428309
309.91693 -1.7438005
314.0295 -1.7447447
317.9699 -1.7425674
322.25546 -1.7465607
326.54602 -1.7504492
331.21207 -1.7601738
335.90854 -1.7696275
339.65585 -1.7794275
344.4114 -1.7883843
348.97083 -1.7943039
353.09302 -1.7945546
357.66476 -1.8002517
362.98953 -1.8024842
366.84183 -1.811219
370.72156 -1.8197716
372.69406 -1.8295124
376.89532 -1.8403009
379.9027 -1.8490483
381.97964 -1.8583983
383.13345 -1.8684099
384.3254 -1.8783603
385.55524 -1.8882483
386.82248 -1.8980725
386.23993 -1.9095439
383.4867 -1.9203886
380.42755 -1.9289293
377.3966 -1.9376079
374.02884 -1.9439391
371.04807 -1.9528883
367.71732 -1.9594676
363.48013 -1.9672266
358.87314 -1.9726064
354.27676 -1.9781259
348.77573 -1.9849411
344.20435 -1.9907866
339.23297 -1.9941049
334.26547 -1.9975218
330.21112 -1.9997786
326.57782 -2.0048733
322.04837 -2.011403
317.53308 -2.0181186
313.9314 -2.0236301
309.44308 -2.0306997
304.97067 -2.0379767
300.51492 -2.0454702
296.0765 -2.0531886
292.53885 -2.059532
288.13376 -2.0676794
284.14264 -2.0712962
280.63986 -2.0781357
274.91733 -2.08556
271.44284 -2.0928152
267.4793 -2.0970314
261.79764 -2.1052399
257.50748 -2.1151304
253.57066 -2.1199255
248.26352 -2.123566
243.48956 -2.1308525
239.57283 -2.1361856
235.12427 -2.1381176
230.37755 -2.1461198
224.26085 -2.1531947
218.71384 -2.1644654
214.01901 -2.1736617
209.02322 -2.17269
205.73865 -2.1836984
201.31732 -2.1870017
195.86087 -2.20054
190.64673 -2.2075076
186.84259 -2.2159328
180.85703 -2.2270458
176.46967 -2.2318966
172.08665 -2.2369947
168.3324 -2.2470098
162.41585 -2.260526
156.53122 -2.2750611
151.43553 -2.2863743
145.03798 -2.2881768
140.0521 -2.290812
135.16304 -2.2831988
130.17537 -2.2858434
126.513245 -2.3006055
129.21455 -2.3236794
131.98181 -2.3457968
135.51228 -2.361722
141.9032 -2.3764236
146.90875 -2.3901792
151.94025 -2.403026
156.24916 -2.4107962
161.23071 -2.4134998
165.55151 -2.4205606
169.22673 -2.4317265
172.92213 -2.4424162
176.63647 -2.4526577
180.36858 -2.4624763
184.11736 -2.471896
188.49712 -2.4767501
192.88112 -2.4813836
197.26907 -2.485811
201.66072 -2.4900458
205.45421 -2.497982
209.85564 -2.5017965
213.66743 -2.509219
218.3022 -2.5190616
222.95724 -2.5284944
226.80898 -2.5350363
230.93463 -2.5473785
235.09425 -2.559286
238.98888 -2.564996
242.35199 -2.5739942
245.73416 -2.5827453
250.51021 -2.5899434
253.9255 -2.5981994
257.35767 -2.6062357
255.34024 -2.6197097
253.36992 -2.6333957
250.0934 -2.6489165
245.10344 -2.661101
242.38745 -2.6738284
237.91649 -2.6831496
232.1326 -2.6948392
225.47539 -2.705258
221.07854 -2.7159212
215.28699 -2.719022
209.09247 -2.7266629
203.30867 -2.7302525
196.60995 -2.7320366
192.14452 -2.7332947
187.2858 -2.7395165
182.43474 -2.7460692
177.77353 -2.7655227
172.59868 -2.778567
169.33571 -2.796456
163.2904 -2.8091486
156.9629 -2.8288643
152.54309 -2.8332722
147.83049 -2.844398
142.17809 -2.8542752
137.77753 -2.8599691
133.11314 -2.8732677
128.02745 -2.870445
123.64087 -2.8773649
121.68419 -2.906954
125.14263 -2.9299312
128.30103 -2.9669704
131.76953 -2.9946687
135.58919 -3.0062835
140.41846 -3.0181437
145.26617 -3.0292137
149.24162 -3.0322194
153.11525 -3.041563
157.99745 -3.051021
161.98146 -3.0532546
165.88313 -3.0613868
169.87057 -3.0632734
173.8586 -3.0650735
177.77522 -3.0724022
182.69905 -3.0797548
186.69157 -3.0810788
190.6278 -3.087584
194.6221 -3.0886936
198.5673 -3.0947878
203.56197 -3.095937
207.55788 -3.0968165
211.55396 -3.097663
216.54924 -3.098677
221.54474 -3.0996451
226.54044 -3.1005707
230.499 -3.105617
234.46323 -3.1104932
238.46133 -3.1110146
242.43149 -3.115642
247.38707 -3.1242485
251.36029 -3.13248
257.35 -3.1404638
262.3554 3.1350768
266.39148 3.123913
272.4325 3.1169622
277.51974 3.1065989
282.59256 3.1001449
287.6767 3.0939188
293.8839 3.081296
298.00235 3.0754056
302.13083 3.0696762
306.26895 3.0641012
311.41293 3.0589411
315.48254 3.056829
319.64178 3.0516539
323.71606 3.049687
328.78717 3.048054
333.85913 3.0464706
338.9319 3.0449347
344.1049 3.040552
349.1806 3.0391471
353.3677 3.0346744
357.56168 3.0303068
361.87903 3.0232954
364.3563 3.0130417
365.88095 3.0025494
368.43445 2.9925497
372.84314 2.9861858
376.60748 2.974302
380.24725 2.9652429
382.93478 2.9558754
386.63654 2.9471402
388.40854 2.9375334
389.23883 2.92747
390.10837 2.9174504
386.89407 2.907592
383.71793 2.8975697
380.33078 2.8899257
376.51917 2.8763294
374.70154 2.8639283
371.41525 2.8557978
367.86533 2.8501241
362.41568 2.8427238
358.8938 2.8367794
355.38483 2.830717
351.8892 2.8245344
348.0908 2.8209517
343.3492 2.816362
338.94043 2.8088527
333.27527 2.802972
329.17047 2.801801
323.5197 2.7956197
319.7596 2.7913775
315.06778 2.7859328
310.74045 2.777313
306.43686 2.7684505
302.71564 2.7636335
298.82953 2.7512383
292.7586 2.7389808
288.5646 2.7290032
285.31238 2.7201705
280.2666 2.708157
276.16534 2.6972668
273.43616 2.6843743
269.4091 2.6728504
266.30597 2.6627145
263.23087 2.6523407
258.0415 2.632749
255.54935 2.6182885
250.88182 2.6028836
247.97844 2.5911465
252.6343 2.5838633
256.56052 2.5888078
259.97327 2.5968866
264.61835 2.5898325
267.58224 2.579061
270.57648 2.5685267
273.60007 2.558224
275.82364 2.5461202
278.9087 2.536258
281.20407 2.5245607
283.53732 2.5130544
285.90747 2.5017374
288.31366 2.4906077
293.73788 2.4832559
298.39142 2.4741018
303.06918 2.4652295
307.13843 2.4591491
311.85492 2.4507515
316.718 2.4470534
320.0557 2.4394505
324.93143 2.436015
329.7058 2.4284043
335.25082 2.4229796
340.8054 2.4177315
344.9571 2.4128833
349.8602 2.4100637
354.02435 2.4054296
358.87146 2.3988469
363.73373 2.3924398
367.19696 2.3863175
371.36423 2.3783605
375.5545 2.3705807
379.0558 2.36112
383.30118 2.3499968
386.87454 2.3409147
390.4792 2.3319995
394.11432 2.3232484
397.1026 2.3128045
398.7214 2.3023276
399.06595 2.2881725
397.20682 2.278929
394.61685 2.2712295
388.33783 2.2680244
384.24036 2.263386
380.15128 2.2586474
375.44064 2.25174
372.1538 2.2450805
368.88376 2.2383025
365.63098 2.2314036
362.3959 2.224381
358.38132 2.2189133
353.77936 2.2110586
346.9956 2.2040787
343.83243 2.196422
337.32416 2.1848087
332.82162 2.1759918
328.9082 2.1694498
325.0092 2.1627505
321.1251 2.1558888
315.58337 2.1523223
310.04578 2.1486282
303.4312 2.139265
299.6012 2.1316075
294.0891 2.1273236
290.28738 2.119263
282.90363 2.1103797
276.0505 2.1041465
271.44028 2.097076
265.9762 2.0916264
258.28732 2.086394
253.8213 2.0873091
244.89 2.089239
239.92986 2.0866396
234.9714 2.0839305
230.01474 2.0811048
225.06001 2.0781543
220.10733 2.0750713
211.9682 2.063965
206.9801 2.049548
202.48633 2.0388396
195.80893 2.0161493
189.23943 1.9918702
183.56848 1.9759175
175.34245 1.9527116
171.08746 1.9375508
165.5921 1.9180249
159.87355 1.9110225
155.10892 1.9013953
149.7307 1.8996011
145.9507 1.9084511
140.90356 1.9135102
137.14276 1.9233117
132.10732 1.929275
128.01158 1.9329228
128.01158 1.9329228
