Stilus
18
261.40353 1.5497807
259.975 1.5135444
259.35126 1.482818
259.8753 1.4623327
261.4705 1.4432743
262.15283 1.424367
263.76932 1.4095247
265.61676 1.391227
266.7153 1.3697997
267.75784 1.3515097
269.07278 1.3305655
270.36038 1.3118379
272.86743 1.2921828
275.6372 1.2710171
281.28436 1.252521
286.27765 1.2322699
289.4191 1.2140125
292.46176 1.1976618
295.05386 1.1847237
297.37827 1.1659276
297.99942 1.1384199
298.30817 1.1148982
299.22583 1.0920248
299.59875 1.0737398
300.76233 1.0598189
303.85583 1.0419437
301.9035 1.0208745
299.22946 1.0034729
294.8031 0.98478943
291.9218 0.9688778
288.97015 0.9533916
286.09988 0.94194037
283.08322 0.9297725
278.89627 0.9185236
275.55255 0.90178704
271.49118 0.88807374
267.0664 0.8745259
264.3589 0.85597116
259.92273 0.8307019
256.7941 0.81951785
251.01128 0.80661106
244.83752 0.7902476
239.8932 0.77558875
235.64572 0.76179844
231.67154 0.74991155
224.71243 0.73618835
219.64839 0.71889126
213.25475 0.6969875
209.91235 0.67944086
205.80782 0.6622906
198.65733 0.6466863
192.47136 0.6286957
185.13733 0.6107748
178.11014 0.5942958
171.09213 0.56699264
163.8836 0.55193233
157.39275 0.5329071
151.42508 0.5143149
147.19467 0.49481618
143.82632 0.46832994
140.22458 0.43202296
138.51624 0.40444592
141.56282 0.35135466
146.37074 0.3161959
150.54994 0.29323104
155.32652 0.26724535
159.77115 0.24994245
162.98903 0.22157046
167.99185 0.18973875
171.43475 0.16892248
176.9383 0.14539137
182.30003 0.12501283
186.84502 0.107430704
191.7592 0.102048166
195.94203 0.094738625
201.49847 0.07809499
207.4989 0.06529699
214.28986 0.0632249
219.45206 0.061735727
225.6251 0.06004459
232.18697 0.058345713
237.20149 0.057110906
244.16888 0.055479538
249.07576 0.047134757
252.98943 0.038482793
259.84778 0.018210003
265.96936 -9.456951E-4
269.01364 -0.015846537
273.20853 -0.0406043
277.50726 -0.06221188
282.74475 -0.075164065
288.59332 -0.08128228
293.73703 -0.08668294
298.3828 -0.09816782
303.82504 -0.11278813
306.5263 -0.12538706
311.92566 -0.13900381
314.67557 -0.15065663
320.42 -0.16430184
325.35184 -0.17113198
330.2503 -0.18026018
335.87906 -0.19181184
340.0141 -0.20497724
343.39423 -0.22313662
344.95377 -0.23982309
346.16702 -0.2537595
347.78522 -0.2711199
349.08255 -0.28418332
350.51306 -0.29783696
351.781 -0.3093628
353.6558 -0.32553953
355.27753 -0.3388025
356.9749 -0.3520474
358.7308 -0.3651388
360.25876 -0.37607735
361.6652 -0.39307955
362.14536 -0.40752664
361.93622 -0.4274981
359.9588 -0.44838732
359.0184 -0.4620914
356.24774 -0.47625226
352.88916 -0.48990795
349.1031 -0.4998379
345.20544 -0.50932646
342.3612 -0.5298273
339.25287 -0.54306465
334.65308 -0.5548912
330.64154 -0.56959015
326.89005 -0.57434464
322.55902 -0.58200794
317.56503 -0.5923919
312.83133 -0.6026113
309.08374 -0.6149294
304.19827 -0.63037884
301.54477 -0.64094293
297.02756 -0.65536714
292.5413 -0.66844976
288.53946 -0.6794508
284.6686 -0.69048375
280.83408 -0.7018174
276.27963 -0.7158373
270.55176 -0.7294367
266.00916 -0.73971075
260.42734 -0.75022763
255.36272 -0.7620951
249.68222 -0.76851493
246.23582 -0.7808114
241.17216 -0.79134387
236.80336 -0.8026988
231.37431 -0.8146313
226.57042 -0.8308234
221.66898 -0.84852827
218.3465 -0.8715334
214.08534 -0.89124984
210.21613 -0.9127459
206.73012 -0.9348794
204.26564 -0.9514088
201.96405 -0.96757644
198.62549 -0.9924269
196.60603 -1.0158885
196.10966 -1.049909
197.38925 -1.0824224
199.2933 -1.1254715
201.72194 -1.1493922
203.8546 -1.1748583
206.07288 -1.2002848
207.94717 -1.2344704
210.90746 -1.2643007
214.25694 -1.293572
219.44896 -1.3107331
224.64136 -1.3433819
227.83678 -1.3655189
231.03888 -1.3851241
234.20361 -1.4097775
236.43701 -1.4352075
238.3528 -1.4553088
241.22415 -1.4771031
243.42513 -1.4968767
242.5926 -1.5184839
243.38142 -1.5391995
245.75844 -1.5687643
245.31549 -1.5923785
244.67522 -1.6128533
243.74022 -1.633583
243.03479 -1.6506292
242.47818 -1.6710136
242.91269 -1.6874588
241.89351 -1.7129312
240.05252 -1.7332423
236.63187 -1.7589316
230.97162 -1.7856529
227.54193 -1.8024918
224.07808 -1.8161662
220.09515 -1.834776
216.93295 -1.8663218
215.59282 -1.8925416
212.18283 -1.9178673
208.49962 -1.9485615
205.41257 -1.9663705
202.0145 -1.9895489
198.47214 -2.0197797
196.57436 -2.0485785
196.89557 -2.0758238
197.6204 -2.0977027
200.27567 -2.1248236
202.88087 -2.1452444
206.69707 -2.1731699
209.56122 -2.192768
212.6583 -2.2128043
215.65984 -2.2311943
220.37273 -2.258259
224.3854 -2.2694368
228.43718 -2.2802823
232.89078 -2.2893336
237.36272 -2.298045
240.95052 -2.3084774
246.45958 -2.3209307
250.42331 -2.3377652
254.64728 -2.3492532
258.3552 -2.3637006
262.41577 -2.3709009
266.5428 -2.379313
272.2551 -2.3898263
276.91302 -2.4036186
281.38562 -2.4179797
286.0086 -2.4321718
291.1761 -2.44731
294.7122 -2.4545116
300.0898 -2.4675384
304.80023 -2.4798243
309.5458 -2.4917114
313.92087 -2.506222
316.74335 -2.5157676
320.85318 -2.5258818
324.8125 -2.5475302
327.16315 -2.5601473
330.74734 -2.5785437
335.3724 -2.5915291
339.0995 -2.6016939
342.06226 -2.6102684
345.86734 -2.6200569
349.67935 -2.6312287
353.50638 -2.6381347
358.0226 -2.6513643
361.9831 -2.6692367
364.10147 -2.684497
366.02148 -2.6995754
369.2403 -2.717823
370.49866 -2.731938
369.67365 -2.7456532
367.96515 -2.7642112
366.15353 -2.7768965
364.40366 -2.7896893
362.7158 -2.8025894
361.08444 -2.815644
359.2727 -2.8309085
357.7137 -2.8447824
356.0082 -2.86087
354.38766 -2.8771915
353.11676 -2.8908293
351.98642 -2.903689
348.91882 -2.9193347
344.88358 -2.9322572
340.22482 -2.943675
333.87207 -2.9606848
328.77185 -2.976985
323.89853 -2.9931922
319.0853 -3.0100174
314.36298 -3.0279512
309.19974 -3.0390356
302.80057 -3.0435197
297.44388 -3.04756
290.93304 -3.0463524
285.4489 -3.055069
280.2126 -3.0642288
275.70798 -3.078308
270.64526 -3.0984516
263.4657 -3.120035
257.6498 3.1403744
252.45995 3.124528
247.47371 3.1191816
242.53285 3.1114113
235.77094 3.1095896
230.33582 3.108834
225.52771 3.099268
218.91788 3.09342
212.80927 3.0836556
206.17918 3.0720847
201.06248 3.0642369
195.47124 3.0529044
189.59462 3.0383754
182.9797 3.0249104
176.94395 3.0139039
171.39821 2.993458
166.76637 2.9771042
159.85336 2.9445286
155.0889 2.9204135
151.12657 2.891409
146.19667 2.8572075
141.37611 2.8361292
137.45587 2.8058004
134.18996 2.7686913
134.56639 2.7344363
136.25005 2.7028587
138.83781 2.6766214
142.39645 2.6527321
146.98608 2.6293085
152.53407 2.6180568
158.51364 2.6033516
165.89613 2.5877507
170.97705 2.5732217
176.22197 2.558441
181.2285 2.5488408
187.71939 2.5335655
194.9523 2.5232344
201.07938 2.5082088
206.27106 2.49051
212.7737 2.4662979
218.15085 2.4447286
222.15268 2.4337838
226.07544 2.410426
230.83301 2.3877344
236.37091 2.3691356
242.01273 2.3454967
245.42601 2.3363228
248.84772 2.320191
252.45726 2.3004432
258.29266 2.2804174
263.63812 2.2631304
268.46054 2.2483246
272.93903 2.2351916
275.663 2.2239463
278.43192 2.2118556
282.31683 2.2006502
286.6125 2.1854968
291.14728 2.1703823
295.19833 2.161032
298.38727 2.1399195
299.7917 2.1123576
301.3887 2.0939713
302.97086 2.0751884
302.83813 2.0563102
301.07526 2.0340748
299.92383 2.0109415
298.89557 1.9900593
297.74402 1.9699738
295.11838 1.9483253
292.88916 1.928642
292.2712 1.9047415
291.85886 1.89008
290.276 1.8705388
286.9941 1.8524021
283.07523 1.831
277.25046 1.80691
272.55872 1.7809792
267.06372 1.7547892
263.69095 1.7302309
260.69186 1.7049885
259.9624 1.6822944
257.57123 1.6590096
255.9768 1.6407641
253.8888 1.6208509
253.44101 1.5972881
258.13583 1.5705063
259.4233 1.5465994
261.83118 1.5098984
261.83118 1.5098984
