Mouse
31
304.38016 2.0209577
304.47333 2.0062704
303.31125 1.9899328
301.7055 1.9778221
300.14444 1.9655837
298.62885 1.953219
297.15933 1.9407303
295.73663 1.9281194
292.47977 1.9176986
290.19955 1.9059074
287.96033 1.8939312
285.76306 1.8817688
283.60873 1.8694199
281.49826 1.856884
280.39572 1.8431978
278.3795 1.8303249
275.44037 1.8181521
273.28537 1.8013082
271.42267 1.7878022
268.42996 1.7712157
267.47946 1.7528958
265.63272 1.7350649
263.7278 1.7132387
262.1979 1.6986785
259.73065 1.6843852
257.3174 1.6698209
254.95985 1.654984
253.65703 1.6396013
251.41629 1.6242754
250.19922 1.6045324
250.0805 1.5845488
249.06175 1.5645292
248.11917 1.5483823
248.24104 1.5322723
248.42726 1.5161823
248.67767 1.5001204
248.99211 1.4840951
249.47482 1.464127
251.91745 1.4491837
254.41524 1.4345306
256.96658 1.4201655
258.5835 1.4054515
260.43646 1.3871458
262.37546 1.3691046
265.15955 1.3558358
267.98935 1.342845
269.8924 1.3292445
273.78043 1.3176793
276.73895 1.3054954
278.77597 1.2925891
281.8169 1.28089
283.94077 1.2683969
286.1083 1.2560911
288.3185 1.2439722
290.5704 1.2320395
291.92404 1.2191156
293.68393 1.2031318
295.1453 1.1904845
296.65338 1.1779639
299.1268 1.1668897
300.72134 1.1546583
302.3604 1.1425579
304.04327 1.1305895
303.9713 1.1158806
305.74997 1.1041284
305.7962 1.0895033
306.3849 1.0720152
305.70383 1.0558298
305.10324 1.0395763
305.43777 1.0249674
303.61185 1.0096822
303.24133 0.9932489
301.5646 0.97767186
299.39105 0.96466434
297.2689 0.9514689
294.60898 0.9408233
290.5837 0.9306863
287.99054 0.91960526
285.43338 0.90832424
282.29022 0.89960873
279.79892 0.88791883
277.34653 0.87602055
275.58463 0.8611525
272.47284 0.8464114
269.49023 0.83657527
265.7996 0.8239713
262.15237 0.8110146
259.26706 0.80038804
255.70264 0.7867697
252.17308 0.7783767
247.94467 0.7725529
244.44627 0.76368964
240.28378 0.7515377
236.158 0.73895913
232.73596 0.7291489
230.09035 0.7161842
227.48433 0.7029202
224.14847 0.6921888
220.83922 0.68113446
216.93842 0.6661314
211.50021 0.6563098
207.48407 0.64691806
203.48695 0.6371565
198.11362 0.6258788
193.34474 0.61820143
189.40826 0.60711116
184.66908 0.59858924
180.22446 0.58192205
174.14592 0.5705606
170.31764 0.5571371
165.66617 0.54621845
161.89682 0.531523
158.1641 0.51613045
153.99373 0.494299
151.24646 0.47415307
147.66447 0.45623618
144.13222 0.4374348
140.65346 0.41769615
137.23227 0.3969649
135.73593 0.36978412
134.34206 0.34201843
137.79391 0.32544482
141.28175 0.30968538
144.803 0.29468882
148.08162 0.273918
149.96025 0.24282216
153.17058 0.21752895
157.65027 0.19829561
161.38457 0.18733771
165.13737 0.17687666
168.90746 0.16688155
172.69366 0.1573238
176.3501 0.1425685
180.17418 0.1339201
185.00333 0.124954484
188.9728 0.122316435
192.82658 0.11463809
196.80086 0.11231315
200.66876 0.10512708
204.54663 0.09821313
208.26057 0.08199349
212.16937 0.07575199
216.95416 0.060219076
221.88872 0.0543643
226.78401 0.044360198
231.70103 0.034779772
235.63878 0.025706941
240.61406 0.021018129
245.57994 0.012447937
249.56091 2.279394E-4
253.56836 -0.0076631573
258.57767 -0.011382185
262.60745 -0.018824322
266.62717 -0.022291832
270.70868 -0.03304195
274.82056 -0.04347156
278.96143 -0.053592607
283.06845 -0.05989099
286.40274 -0.07669144
289.72476 -0.089664094
293.9891 -0.09860935
298.06873 -0.10062682
300.4842 -0.11320303
303.9386 -0.12516466
308.29175 -0.13319992
310.82727 -0.14510055
315.2281 -0.15268278
320.9576 -0.16571097
326.56384 -0.17526649
332.19888 -0.18449864
336.87997 -0.19399266
341.1926 -0.19748446
344.9352 -0.20714916
348.70935 -0.21660551
351.53946 -0.22649561
352.69592 -0.24031049
353.66928 -0.25129572
354.6851 -0.2622193
353.81747 -0.27460375
354.92303 -0.28545174
355.11377 -0.29705316
356.60934 -0.31046045
357.8516 -0.32110408
360.07974 -0.3307686
362.34113 -0.34031332
365.57474 -0.34880152
367.31363 -0.36159453
369.67957 -0.37075818
371.52042 -0.38330227
372.11133 -0.39427698
369.0742 -0.40948805
365.71274 -0.4224567
362.90097 -0.43200266
360.55136 -0.44420412
358.69812 -0.45906612
356.46948 -0.47158322
354.7641 -0.48675045
351.7072 -0.49458343
349.64 -0.50756615
346.76532 -0.52213573
342.94672 -0.53193456
339.6787 -0.54447514
336.7878 -0.55316705
332.54385 -0.56106657
329.7026 -0.5700901
326.34235 -0.5767054
322.71597 -0.5877512
319.39493 -0.59469557
315.83444 -0.60618794
312.55545 -0.6134794
308.48062 -0.62281096
303.62735 -0.63433826
299.6147 -0.6442285
296.42615 -0.6523329
293.8722 -0.6632999
290.73077 -0.6717714
286.83405 -0.6826206
283.6125 -0.69647825
280.55582 -0.70562476
276.76877 -0.71734077
272.276 -0.7318277
268.577 -0.7442682
264.92075 -0.75705415
261.309 -0.7701957
258.4529 -0.780972
254.91672 -0.78923225
251.3984 -0.79772425
247.20773 -0.8093767
243.05177 -0.8214293
239.67386 -0.8367032
237.0128 -0.84923345
233.63153 -0.8592602
228.98926 -0.8762538
224.41583 -0.8939453
220.52884 -0.9087802
217.49106 -0.9269142
214.52681 -0.9455557
210.24779 -0.9659123
207.99915 -0.98173165
204.42151 -0.9993516
200.90958 -1.0175935
198.32812 -1.0390456
196.33023 -1.0566071
193.91995 -1.0790588
193.39626 -1.1067355
193.02144 -1.134541
194.63353 -1.1665137
195.51025 -1.1960664
196.89702 -1.2205511
197.45306 -1.2430567
200.317 -1.2636651
203.26357 -1.2836844
207.51932 -1.2997513
211.37599 -1.3048178
214.73032 -1.3187013
218.12476 -1.332155
220.14218 -1.353033
221.2733 -1.3726373
222.48854 -1.3920348
223.78659 -1.4112144
227.14642 -1.4314001
228.61055 -1.449944
231.14703 -1.4686886
234.75948 -1.4873765
238.51874 -1.5013081
241.27031 -1.5187112
245.09267 -1.53586
246.98523 -1.552329
246.9435 -1.5725744
247.02705 -1.5968657
247.16367 -1.6130444
247.3649 -1.6292012
246.63336 -1.6456293
244.97296 -1.6625232
241.28789 -1.6764231
237.65086 -1.6907513
233.07326 -1.7060981
230.68158 -1.7250348
228.54918 -1.748671
227.52658 -1.7718571
226.40689 -1.7909338
224.39906 -1.8112499
222.74576 -1.8362612
219.99008 -1.858579
217.04315 -1.8770646
214.1724 -1.8960524
211.72101 -1.9199941
209.03079 -1.9400284
203.65486 -1.9661742
200.76233 -1.9830424
197.51418 -1.9957957
194.7256 -2.0136235
192.44778 -2.0366168
190.74622 -2.0647755
189.19853 -2.093418
190.36993 -2.1142483
192.46877 -2.1320376
195.17586 -2.1537273
197.406 -2.1706445
201.32663 -2.1814365
203.64658 -2.1975293
206.81955 -2.2103586
209.23154 -2.2256985
212.31398 -2.2443771
216.87642 -2.2631252
220.75475 -2.2840486
223.3924 -2.29759
226.74557 -2.3140697
230.15852 -2.330065
234.34425 -2.3426037
238.5655 -2.3547006
243.5583 -2.3750548
249.38258 -2.3973083
252.33943 -2.4080472
255.98747 -2.4156072
259.64972 -2.422954
263.97968 -2.4272275
268.31427 -2.4313626
274.82446 -2.4373207
279.8154 -2.438406
283.51904 -2.4448388
288.77884 -2.4555166
292.51257 -2.4615345
295.63342 -2.470043
298.7752 -2.478373
301.93732 -2.486529
305.11908 -2.4945157
308.31992 -2.502337
310.94983 -2.5125926
314.1931 -2.520083
317.45367 -2.5274196
320.73096 -2.5346067
324.2882 -2.5459344
327.88617 -2.557015
331.2293 -2.5636792
334.35382 -2.576859
337.5353 -2.5897925
340.25995 -2.6050045
343.19885 -2.613467
346.53583 -2.6257231
348.96265 -2.642763
351.53757 -2.6532025
355.0749 -2.6584883
359.51016 -2.664949
363.508 -2.6737041
364.41483 -2.6872141
363.5801 -2.698307
363.69864 -2.7106009
365.70026 -2.7251086
365.54617 -2.7398314
365.84998 -2.7520323
366.20816 -2.7642112
368.48932 -2.778303
368.9642 -2.790363
369.49265 -2.8023903
368.18103 -2.8126357
366.90833 -2.8229532
365.67496 -2.8333414
363.52545 -2.8429918
361.4102 -2.852756
359.3298 -2.8626342
355.35718 -2.8711307
353.34302 -2.8812838
351.36572 -2.891552
348.45456 -2.9012542
346.55035 -2.9117782
343.70895 -2.9217846
341.8807 -2.9325655
337.93542 -2.9451973
334.22925 -2.9551837
332.52634 -2.9664474
329.87946 -2.9773312
327.2723 -2.98839
322.72604 -2.9987478
318.34875 -3.0062869
313.99005 -3.0140357
309.65076 -3.022002
305.33163 -3.0301943
299.8393 -3.0449133
294.49728 -3.0567937
289.27255 -3.0656636
285.13736 -3.0715933
280.95044 -3.0812497
277.74084 -3.0949743
273.6198 -3.1052456
268.52887 -3.1157336
263.48547 -3.122831
258.45584 -3.1302052
253.44084 -3.1378715
248.4391 3.1413636
244.44774 3.1331782
240.45851 3.1288795
236.47389 3.1244361
232.49408 3.1198404
227.54854 3.110575
223.62257 3.101081
218.71873 3.0910182
213.90147 3.0758286
209.05663 3.0647106
203.33408 3.0477328
197.46036 3.0398428
193.69902 3.0274732
189.84444 3.0198407
186.00137 3.011892
181.32112 2.9973876
177.36357 2.9941468
172.57333 2.9841583
168.62396 2.9804392
164.84431 2.9705577
160.90411 2.9663265
157.14876 2.955622
152.43181 2.9431095
148.51244 2.9377985
144.59749 2.9322
140.6873 2.92629
135.80695 2.9184241
132.62488 2.8896859
130.79823 2.8543453
131.03722 2.8229032
131.40521 2.7916062
133.75972 2.7660754
137.11993 2.7442842
140.54211 2.7235448
143.1168 2.7008374
146.65822 2.6819863
149.36186 2.6609533
152.61197 2.6349292
155.45657 2.6155515
159.21356 2.6001313
164.38419 2.5834708
168.21526 2.5695963
172.63167 2.5515134
177.92386 2.5375452
183.24875 2.5243864
187.79625 2.5088372
190.98628 2.495044
194.21147 2.4817064
198.25314 2.47195
202.94244 2.4587498
207.79732 2.4529262
212.79233 2.4539871
217.65262 2.4485333
222.5191 2.4433181
227.39139 2.4383261
232.16411 2.4274704
236.2152 2.4142475
239.56876 2.3986576
243.02164 2.3893187
245.7722 2.3774352
248.55669 2.3658166
251.374 2.3544567
254.223 2.34335
257.1027 2.332491
260.01202 2.3218734
262.95 2.3114922
265.91568 2.3013413
268.90817 2.2914155
271.92657 2.2817092
276.3793 2.2726457
279.44583 2.2634041
283.16833 2.2571018
286.27393 2.2482474
289.56943 2.234733
292.1216 2.223599
294.70935 2.2126591
297.9229 2.2046208
300.57053 2.1940584
302.10504 2.1782663
303.15738 2.1599
303.2352 2.1361172
302.81396 2.1214244
302.45828 2.1066937
302.1684 2.0919316
304.17847 2.0768306
305.31888 2.056155
307.483 2.034184
308.41794 2.0182338
308.41794 2.0182338
