Finger
40
128.53217 1.1927602
135.70065 1.1856946
141.03032 1.1764203
147.81714 1.1717839
154.46211 1.1555226
161.06413 1.139677
165.61938 1.1250031
171.40143 1.1087693
177.13293 1.0946122
184.17754 1.0856273
191.049 1.0791261
198.12819 1.0742766
203.7588 1.0704511
209.38835 1.0654162
213.4911 1.0520561
219.46161 1.0412383
226.04779 1.035244
232.7773 1.027881
238.95528 1.0214972
244.66559 1.0186086
250.97377 1.0157816
256.75174 1.0133351
261.63306 1.0145552
266.3377 1.015886
271.4389 1.0188746
275.4641 1.0236074
280.24014 1.0256428
285.24463 1.0321748
291.32675 1.0306716
296.81818 1.0284989
302.23892 1.0156479
306.09586 1.004718
309.5482 0.9961426
313.06796 0.9862362
317.32642 0.97529423
321.77106 0.9659732
326.51367 0.95335764
331.0948 0.9475242
336.34286 0.93859804
342.86084 0.9367097
348.46497 0.9347894
355.4384 0.93132484
361.7232 0.92704374
368.6655 0.9188449
371.5007 0.91008604
376.45273 0.8975872
379.2643 0.8883448
381.8404 0.8745899
382.44388 0.8559702
381.00806 0.84044546
379.66467 0.8248073
376.84497 0.812408
373.25827 0.8032646
370.3812 0.79196036
367.44095 0.7840316
364.2917 0.7753249
361.15906 0.76643413
357.10898 0.75458103
352.8572 0.7416761
347.90512 0.7260049
345.19876 0.7171291
341.2701 0.708336
337.8017 0.700862
333.0719 0.6932978
327.42166 0.681998
320.3799 0.67355615
315.65323 0.6634768
311.5533 0.65439737
307.19788 0.64385605
302.3617 0.6356683
296.7474 0.62617606
291.4101 0.6183267
285.28644 0.6122158
279.03458 0.600539
274.08328 0.59188336
270.1983 0.58371836
266.77924 0.5726478
263.3283 0.5591791
260.31146 0.5477888
256.82007 0.5327868
254.82338 0.51139283
257.4361 0.49351922
261.41483 0.47946417
264.46823 0.4665381
268.60446 0.45672455
272.32602 0.44594964
277.1516 0.4277137
281.6641 0.42236647
285.3368 0.41658935
290.58914 0.40860546
296.55786 0.3999074
301.2441 0.38975257
304.81653 0.38140878
312.0161 0.37217188
316.18958 0.36702448
320.63837 0.36169583
327.3056 0.3482395
331.21582 0.34322578
334.73666 0.33630544
340.97577 0.32527322
346.6015 0.32132316
350.6097 0.3175203
356.95334 0.30874583
361.1854 0.30211192
364.83224 0.29613328
368.71136 0.2850904
372.76978 0.27707955
376.34903 0.26779404
380.28674 0.25920975
383.90002 0.2492676
384.98053 0.23046328
385.99384 0.21594654
384.95456 0.20327327
383.9821 0.19059618
383.2399 0.18028294
382.50604 0.16943334
381.73178 0.15713467
379.11066 0.14279248
377.22995 0.13029349
371.10565 0.11817851
367.19955 0.108414315
362.1007 0.09902707
357.04004 0.091221556
352.61804 0.08667844
347.46384 0.08219519
342.3899 0.080487914
336.01477 0.07456102
330.96576 0.0684468
325.8446 0.06305935
320.87442 0.05779783
316.7584 0.052231073
310.6743 0.046814132
305.60352 0.041045807
299.50302 0.029357245
294.42804 0.022230899
290.2781 0.01601989
285.3775 0.009701957
280.3819 0.009087855
275.3935 0.009252474
271.3704 0.0057072383
266.3823 0.005814109
261.78482 0.0020992851
257.27682 -0.0017477137
252.29048 -0.005742827
247.40463 -0.0058562397
242.40503 -0.005977026
236.42613 -0.01035462
231.45573 -0.018322458
226.87457 -0.019600336
221.7897 -0.024556085
216.79747 -0.02512166
211.54474 -0.030470831
206.80681 -0.036003463
200.83301 -0.03707487
195.60081 -0.038067076
190.44946 -0.044348713
185.71774 -0.0508659
180.61937 -0.052302994
175.79277 -0.058212742
171.85751 -0.06543295
166.968 -0.074576244
162.97142 -0.07640862
158.82335 -0.07840826
154.53455 -0.08707771
150.52226 -0.08940495
146.0339 -0.09903419
141.95012 -0.11869564
137.7583 -0.13348366
135.53914 -0.17225218
136.20451 -0.20568964
140.50403 -0.22922048
144.9742 -0.25394866
151.62038 -0.27529162
156.77507 -0.29256597
161.66269 -0.30281585
168.09052 -0.30957833
172.75752 -0.31430078
177.66376 -0.31944275
183.03777 -0.33630535
188.78444 -0.35093352
195.68033 -0.36525983
201.32469 -0.37848392
206.8151 -0.39290068
214.12787 -0.40411955
219.54315 -0.4133488
224.86986 -0.42090186
231.1742 -0.43292218
237.65892 -0.43979034
243.54391 -0.45155564
249.73494 -0.45774195
253.70673 -0.46982285
256.19754 -0.4886237
256.42792 -0.50591505
253.74785 -0.53403157
251.68604 -0.55255085
248.32294 -0.56685966
243.2102 -0.58521956
238.86523 -0.59732205
234.36708 -0.6052424
229.84114 -0.613604
225.88417 -0.62054825
221.75168 -0.6283508
216.45264 -0.6404863
211.24397 -0.65302277
206.64268 -0.658639
199.6505 -0.6613007
194.12006 -0.6663933
189.34167 -0.66851723
183.62857 -0.67316395
177.33104 -0.6736624
172.32574 -0.6745216
167.13574 -0.6764056
160.78645 -0.68419176
154.73857 -0.6973587
150.18636 -0.71419233
146.05833 -0.72974306
140.36623 -0.7373891
136.4571 -0.753638
131.56752 -0.76777714
127.30571 -0.7894128
123.27123 -0.81113505
122.98303 -0.855296
125.439064 -0.8853964
128.66074 -0.9057027
135.23189 -0.9295143
139.93823 -0.94121075
145.68495 -0.94550234
150.64949 -0.94787765
156.16649 -0.9535567
161.71964 -0.9560838
169.18376 -0.9547954
173.92291 -0.95638585
180.78964 -0.9596631
186.41399 -0.96356493
192.99902 -0.9690671
197.84882 -0.9790515
202.0214 -0.9928691
205.79022 -1.0047677
209.78687 -1.0112187
214.67688 -1.0145035
221.05653 -1.017625
226.01924 -1.0171903
232.88092 -1.0237038
239.31398 -1.0293053
244.16849 -1.0294136
249.77608 -1.0311663
255.31873 -1.0314308
262.1657 -1.0381886
266.5885 -1.0426964
272.31653 -1.0473448
277.60873 -1.0517131
281.40216 -1.0569118
285.9881 -1.0619459
293.14984 -1.0677625
299.77597 -1.0761033
305.42532 -1.0860544
310.31464 -1.090709
315.64438 -1.0994817
320.10373 -1.1065685
324.49463 -1.1133326
328.16968 -1.1188382
332.30588 -1.124872
335.93173 -1.1300254
340.61462 -1.136501
345.67938 -1.1401088
349.36432 -1.1449496
353.9198 -1.1507804
357.60913 -1.155383
362.00803 -1.1607364
366.2973 -1.1687859
370.06354 -1.173109
374.565 -1.1781521
378.71234 -1.1826832
381.96277 -1.1995984
382.5707 -1.2117136
382.8567 -1.2248056
382.98682 -1.2395527
382.58823 -1.2507961
382.98096 -1.2645767
381.65292 -1.2757813
380.48083 -1.2860937
379.29645 -1.296966
376.7677 -1.311427
373.32373 -1.3217354
368.56766 -1.3355908
363.32877 -1.3473231
357.82037 -1.3570403
351.96936 -1.3635901
346.77783 -1.3703059
341.90747 -1.3797638
336.07736 -1.3915303
331.15808 -1.4018594
325.5449 -1.4121326
321.12918 -1.4193773
315.74377 -1.4263705
311.49808 -1.4308667
305.02963 -1.441099
299.81738 -1.4455491
293.6169 -1.449746
289.1971 -1.4539633
284.41928 -1.4617223
278.13046 -1.4709606
274.01807 -1.4740573
269.35425 -1.4798261
264.7277 -1.4909534
260.02225 -1.4996774
255.61958 -1.5170598
253.37814 -1.539257
258.74725 -1.5601518
263.1355 -1.579831
267.8085 -1.5968188
273.18408 -1.6082982
279.08267 -1.6209189
284.70572 -1.6353358
289.52176 -1.6450322
294.73807 -1.6539128
300.05347 -1.6649796
305.28683 -1.6723881
312.3982 -1.6748881
316.97452 -1.676548
321.44897 -1.6891396
326.03836 -1.7029018
328.62155 -1.7153116
332.60034 -1.7271327
336.352 -1.7378007
338.31503 -1.7489771
343.9096 -1.7614322
348.42242 -1.7677133
354.58563 -1.7786758
360.74155 -1.7920687
366.2091 -1.8054659
369.60373 -1.8160965
372.0324 -1.8266162
373.36234 -1.8374339
374.85788 -1.8516699
377.0412 -1.8619958
378.46738 -1.8743155
379.07956 -1.8879932
378.81403 -1.9024537
377.7101 -1.9161677
374.485 -1.9313016
370.40994 -1.9477079
366.6465 -1.956973
362.2796 -1.9655502
357.14255 -1.9745893
352.94772 -1.9827591
346.76736 -1.9905605
341.2871 -1.9977384
335.8891 -2.0050616
330.74713 -2.0148733
325.46457 -2.0233784
318.82202 -2.030824
314.266 -2.0372183
309.59952 -2.0448217
304.28366 -2.0538054
298.63126 -2.0608673
292.393 -2.0644803
286.5375 -2.0706172
282.15485 -2.079119
277.31186 -2.0847352
271.73297 -2.0931172
265.26465 -2.1018102
258.72897 -2.1122003
252.37216 -2.1181219
247.82692 -2.1245923
242.63268 -2.1233113
235.74791 -2.1225748
229.09454 -2.1251466
222.37923 -2.1278994
216.90265 -2.1328197
210.95139 -2.139374
203.5741 -2.1393068
197.45416 -2.1471305
191.33466 -2.155441
183.77463 -2.1696947
176.30585 -2.1780293
171.67401 -2.1845675
164.50485 -2.183561
159.47978 -2.190485
154.24396 -2.198769
149.63959 -2.204559
143.05748 -2.2125196
138.3197 -2.2270348
133.3663 -2.2367697
128.69173 -2.2456012
122.53466 -2.2464986
123.05964 -2.3018544
126.28286 -2.332585
131.19524 -2.350845
134.74792 -2.375984
140.56393 -2.3763149
146.92017 -2.3754342
152.27824 -2.3864672
158.09085 -2.3959274
162.28247 -2.4062567
166.65996 -2.4178293
171.05421 -2.43264
175.51297 -2.4468427
179.92876 -2.4544642
185.20381 -2.4622576
189.66588 -2.4677007
194.51514 -2.474444
201.57195 -2.4782648
208.0542 -2.4889352
215.5458 -2.4892457
222.08176 -2.4869046
229.44243 -2.4998486
233.03777 -2.5113285
238.74817 -2.5132344
245.53458 -2.5143418
250.26952 -2.5219803
253.56572 -2.53968
252.49352 -2.5691032
250.9664 -2.5861166
249.48163 -2.603542
247.201 -2.627363
244.7784 -2.6451638
240.86725 -2.6598995
236.35635 -2.6690311
230.54092 -2.6804388
223.80083 -2.6939304
219.12936 -2.7040548
212.81007 -2.7121408
206.14812 -2.7245924
199.2321 -2.7414432
192.50185 -2.7547534
185.85687 -2.7634492
179.21791 -2.7666318
171.87471 -2.7637932
165.90602 -2.7689493
159.7896 -2.777472
153.49054 -2.7984953
144.64285 -2.8222134
139.48297 -2.8308377
133.59088 -2.840253
127.75806 -2.8525002
123.546844 -2.8802226
123.79841 -2.924573
127.595375 -2.9489312
133.00348 -2.9721217
137.51082 -2.9850888
143.36406 -2.9969704
149.49263 -3.0044742
155.42467 -3.0097387
162.14279 -3.0152318
168.22377 -3.024492
174.36986 -3.0299032
180.77057 -3.0394316
186.58035 -3.05222
194.45038 -3.0609856
201.33238 -3.0698152
207.19371 -3.0804644
213.07814 -3.0915768
218.96013 -3.1020222
225.86954 -3.1120665
233.83243 -3.1183014
241.0278 -3.1231434
246.98784 -3.1307995
251.95625 -3.1318762
256.7381 -3.1389813
262.73853 3.1365278
268.75885 3.1291854
274.7965 3.1185606
281.03195 3.1147451
286.0853 3.1082308
292.16653 3.099439
298.98166 3.096292
306.28693 3.0908413
311.6496 3.0827992
316.6522 3.0770545
321.32156 3.074528
325.78305 3.0668976
330.12323 3.0584304
334.93167 3.0518224
340.4083 3.046218
347.9371 3.0378768
353.8309 3.028249
358.45682 3.020519
363.04642 3.0106528
369.68393 2.996942
376.06265 2.9779108
380.03607 2.9636085
383.48935 2.9440339
387.04147 2.9253497
387.9637 2.914783
389.1245 2.9021995
389.57883 2.8892708
387.88858 2.8745272
384.53082 2.8661647
380.60123 2.8556142
376.511 2.8493714
373.00537 2.8409386
368.68015 2.833386
365.04144 2.828418
360.31805 2.8241699
355.66205 2.816903
350.46033 2.8119028
345.72937 2.8048167
339.4105 2.797616
334.51672 2.7923706
329.08582 2.7863543
324.21408 2.780774
318.25723 2.7770646
313.86026 2.7717135
309.8762 2.7667236
304.60138 2.7571406
300.36603 2.7478702
296.22253 2.7375407
291.63403 2.7308037
287.0735 2.7238734
283.32175 2.7179885
277.69897 2.7048726
273.4111 2.6934884
268.91095 2.6854281
264.6904 2.677589
260.21033 2.660309
255.87338 2.6408784
254.62845 2.6196408
254.70367 2.5998058
256.4714 2.581092
259.0954 2.565158
262.19165 2.5540755
269.43912 2.5457287
275.47705 2.5342782
281.24088 2.5235388
287.37296 2.5162997
293.53394 2.5104702
298.31973 2.5055768
303.56363 2.4987853
311.30072 2.4924192
316.72647 2.4855678
320.74432 2.4755104
324.63327 2.4653125
329.79657 2.45454
335.07236 2.4434557
341.3938 2.4368608
345.99603 2.4262147
349.96347 2.413264
354.86148 2.402087
360.93457 2.3919096
366.41696 2.3818924
370.2136 2.3692217
374.81808 2.356693
376.56363 2.3454268
379.33408 2.3302224
382.14923 2.3161154
383.45746 2.3024201
382.61664 2.285032
380.709 2.2747052
377.7637 2.2650504
374.5883 2.2548046
370.4942 2.2454655
365.60843 2.2396762
361.85208 2.2327569
357.31204 2.2250085
351.91895 2.2189386
346.61212 2.2116807
342.8586 2.2032378
338.6087 2.1966352
332.83685 2.1884694
326.22318 2.1830978
321.14432 2.1789596
314.19095 2.1749995
307.2373 2.170857
300.20547 2.1598787
293.91623 2.1525574
288.81174 2.1426585
282.8136 2.1362305
277.2833 2.1271098
270.179 2.1189106
261.93338 2.1112783
252.25095 2.1010373
244.90392 2.0902236
236.68275 2.0823076
230.27153 2.0760798
223.71165 2.0676415
216.00623 2.060465
209.6391 2.0538712
203.17554 2.0440404
198.15858 2.0299945
192.56195 2.0192995
186.48692 2.011902
179.35768 2.0060205
171.52872 2.0015678
165.1258 1.9927483
160.12122 1.9855788
152.49556 1.9710894
144.95073 1.9499125
139.00266 1.931441
133.13646 1.9114324
126.94126 1.9052824
121.38246 1.88447
116.49012 1.8800694
119.739 1.845316
124.04432 1.8189069
129.62921 1.8000882
134.29108 1.784377
139.96455 1.7755936
145.06065 1.7683021
150.74876 1.760757
157.60713 1.7523965
165.48346 1.7436637
170.26147 1.7340722
177.3594 1.7262809
183.80759 1.7109034
189.56927 1.7002363
194.737 1.6967828
200.69394 1.6930244
206.45268 1.6895986
210.37946 1.6778165
214.9787 1.6671147
220.0496 1.659418
225.44138 1.6417391
230.63046 1.634533
236.54297 1.627828
240.54552 1.6189606
247.57895 1.6131667
252.11772 1.6052378
256.3336 1.596125
263.1488 1.5802848
258.56375 1.5619335
251.83403 1.5498257
245.4884 1.5382433
240.65059 1.531359
234.67313 1.5197029
230.05139 1.5208491
223.6706 1.519423
219.07985 1.5183455
212.93166 1.5130368
206.21866 1.5053668
202.00494 1.499044
197.42804 1.4973775
193.33098 1.4958187
187.2425 1.4880248
183.41748 1.4764208
176.73743 1.4671285
172.60233 1.4582717
167.55563 1.4542989
162.91238 1.4355108
157.38776 1.4211116
151.67274 1.3987411
147.23091 1.3900491
141.13995 1.3749479
136.64265 1.3609467
131.78387 1.3530874
128.30159 1.3252378
123.56947 1.2892408
122.09396 1.246325
124.52299 1.1869112
127.16643 1.152465
129.8642 1.1255964
134.58585 1.076205
137.29665 1.0407523
149.81 1.0433334
149.81 1.0433334
