Finger
27
316.8923 1.967179
315.0649 1.9374264
314.30197 1.9201223
312.88815 1.9074985
312.35587 1.8926306
310.71243 1.8763702
309.0385 1.858704
306.76007 1.844766
303.8217 1.8323685
300.6297 1.8180392
296.5183 1.804161
291.98975 1.7809238
289.15317 1.7679894
285.68372 1.755383
281.63586 1.7409053
276.33813 1.7272955
271.60797 1.7202781
265.42966 1.7104726
260.6359 1.7033877
255.52304 1.6942321
250.97456 1.6844565
246.28496 1.6784688
241.00818 1.6683362
235.63187 1.6514171
230.0725 1.6347876
226.6159 1.6170889
225.45715 1.5979664
225.38301 1.5797693
227.26059 1.5603554
229.46268 1.5425009
231.64792 1.5217391
235.9237 1.5020306
238.24597 1.484752
240.70305 1.4652274
245.1369 1.4503144
249.73059 1.4328057
252.95013 1.4141947
257.26587 1.39109
260.5836 1.3700486
263.463 1.3549403
268.83963 1.3421926
275.6349 1.3288162
280.63843 1.3191625
286.85953 1.3092415
292.71786 1.3004948
300.31354 1.2936727
304.00473 1.2809316
307.1471 1.2696089
308.35995 1.2571945
309.62296 1.2448511
311.90918 1.2333652
313.87082 1.2159817
315.39566 1.203154
317.77933 1.1906765
321.26767 1.1740975
322.15564 1.1597357
321.41345 1.1438603
318.42493 1.1179277
314.72614 1.0952795
311.2751 1.0749894
307.43716 1.0543506
304.80988 1.0332773
302.20813 1.0126826
299.07605 1.0011641
295.4389 0.98921925
292.43454 0.97833866
288.4916 0.9617789
285.98898 0.9445787
287.07 0.9227527
289.72208 0.90024024
291.76367 0.88324744
294.34238 0.85901487
298.39206 0.84090775
302.47037 0.825962
306.2848 0.81624746
310.72318 0.8022028
313.66537 0.7925501
316.49817 0.783512
321.3342 0.76862866
324.22858 0.7600318
328.74506 0.7470528
332.42627 0.7368453
337.55713 0.723139
341.1975 0.7137604
345.2204 0.69703186
348.42776 0.6884746
352.15915 0.6761446
355.02286 0.66253006
357.6737 0.6532382
360.18106 0.6409808
364.1692 0.6234705
367.21594 0.611726
371.34976 0.60230464
373.77576 0.5885334
376.30002 0.57454914
378.14908 0.56198615
380.24637 0.54659766
380.38107 0.53186387
378.8329 0.51289576
376.57132 0.49658972
374.2168 0.48485124
372.75406 0.47215796
370.614 0.46002865
368.15637 0.4463672
366.34467 0.4359194
364.1575 0.4228416
362.13602 0.41026017
359.29825 0.39892235
356.62592 0.38729855
353.72333 0.3754132
351.08652 0.3639481
348.22192 0.35015938
344.41467 0.3365432
341.01373 0.32560363
336.58154 0.31316695
333.46225 0.3036004
327.2821 0.29283637
323.12518 0.28212476
317.77902 0.2658333
313.47122 0.2546625
309.4003 0.24392588
304.34518 0.23117973
300.5066 0.22013786
296.8222 0.20871332
291.4443 0.18641064
287.59735 0.1659669
286.35968 0.14995572
285.77155 0.13565749
285.1829 0.119588554
286.56836 0.10361275
287.23502 0.087253235
291.68747 0.06740308
295.25003 0.049261697
299.19354 0.03565167
301.18427 0.020072872
305.12253 0.005075908
309.88483 -0.010336685
311.21936 -0.02637127
311.35977 -0.039965212
311.57162 -0.05437438
313.70984 -0.07322944
317.29263 -0.086553745
320.69415 -0.09971518
324.11243 -0.11494474
326.92404 -0.1316536
327.50848 -0.14450605
327.60257 -0.16605692
327.71213 -0.18537647
325.70935 -0.20178053
322.9314 -0.21658266
318.3904 -0.23497804
312.3128 -0.24955033
308.7822 -0.26002043
305.37024 -0.26887283
301.57794 -0.27325654
295.84174 -0.27869496
291.96255 -0.28249887
287.37277 -0.2899667
282.9478 -0.29914194
279.11316 -0.31465578
275.9369 -0.3260398
271.79474 -0.33809164
268.7046 -0.35006514
263.1744 -0.3667756
259.01816 -0.38124564
254.23395 -0.3973103
249.51817 -0.4139858
245.58301 -0.4254998
241.678 -0.44196317
238.84438 -0.4568866
235.88638 -0.4868773
233.41373 -0.5207709
233.25386 -0.54475373
233.58981 -0.5652708
234.98557 -0.5823406
238.39876 -0.6037361
241.82611 -0.6168877
247.54457 -0.63527334
253.46768 -0.6485054
259.36963 -0.66410995
263.27594 -0.6768086
268.53323 -0.69065833
273.17798 -0.703959
276.71564 -0.713387
281.4937 -0.73278403
284.78183 -0.74552405
288.19745 -0.75827295
293.12897 -0.77587247
297.20316 -0.78974694
300.90854 -0.79725266
304.42673 -0.8084773
307.97122 -0.81941026
311.4389 -0.82976204
315.16953 -0.8464082
316.19812 -0.87172186
317.37524 -0.8920614
318.81088 -0.9116394
318.31235 -0.92923874
316.20935 -0.944801
315.2323 -0.9600696
312.51154 -0.9783213
310.58597 -0.993464
307.35254 -1.0098213
302.8411 -1.0275807
298.7682 -1.0388309
295.19025 -1.0513289
290.50906 -1.0658336
286.88223 -1.0817343
284.12772 -1.1002748
281.44467 -1.1193779
280.21188 -1.136946
278.46973 -1.150653
277.71188 -1.1729592
276.67575 -1.193829
276.7057 -1.2188758
279.13455 -1.240187
282.08826 -1.2623974
286.80432 -1.28303
290.5645 -1.3003325
296.0635 -1.3194214
301.15552 -1.3340055
305.34366 -1.3507324
308.8654 -1.3622737
313.06717 -1.3733171
317.3205 -1.3824105
320.8409 -1.3964419
324.21613 -1.411143
327.64944 -1.4254946
332.47437 -1.4420667
338.26782 -1.4539047
342.14548 -1.4607978
346.55103 -1.4668581
351.39792 -1.4718722
355.45294 -1.4790461
360.157 -1.4885795
365.83804 -1.5004929
371.5613 -1.5112804
375.46082 -1.5239402
379.2516 -1.5375779
382.00122 -1.5505887
381.16922 -1.5613457
376.3915 -1.574157
372.44498 -1.586955
368.55704 -1.6013615
365.51663 -1.6146846
362.733 -1.6266624
360.05496 -1.6409453
357.0405 -1.6544806
351.17023 -1.6713014
347.50598 -1.6810503
342.16058 -1.6974189
337.73358 -1.7110474
333.49664 -1.7272923
330.41568 -1.744778
326.43286 -1.7593968
322.1391 -1.7721277
317.65503 -1.784652
312.62747 -1.7972622
308.22528 -1.8072102
304.4223 -1.8143361
300.07895 -1.8248053
296.02545 -1.8353463
292.03836 -1.8532621
287.64627 -1.8576964
283.69885 -1.8682786
281.3131 -1.8858248
281.815 -1.9047911
280.7567 -1.9258603
281.80182 -1.9455405
282.78802 -1.9636445
283.75668 -1.9807298
284.51068 -2.0018592
286.85803 -2.021215
288.77658 -2.0347645
293.6938 -2.0526967
296.9936 -2.0735264
300.3109 -2.093263
303.30002 -2.1036816
306.79547 -2.1226938
310.0702 -2.1396148
312.66534 -2.152469
316.00095 -2.1683311
318.26535 -2.1835697
319.2824 -2.2034805
318.42633 -2.2259762
317.108 -2.2461689
316.36713 -2.2639174
314.65057 -2.281398
312.20233 -2.296689
309.83896 -2.312186
307.02725 -2.3250582
303.9234 -2.3392582
299.64325 -2.3531604
294.85138 -2.3646033
290.50934 -2.3749545
287.06116 -2.387508
282.94513 -2.3978977
277.00977 -2.4065094
272.0294 -2.4106488
268.3704 -2.4186928
261.9919 -2.423252
253.89809 -2.4312894
248.36115 -2.4386785
242.04106 -2.4489615
238.09767 -2.4624627
234.36504 -2.4755137
231.62624 -2.490707
227.59248 -2.5143473
224.68816 -2.5324047
221.87453 -2.5508242
219.66154 -2.5660183
216.98335 -2.5853293
215.74763 -2.612681
215.69571 -2.6365223
219.48856 -2.6552415
224.06203 -2.6721122
227.136 -2.688774
230.64572 -2.7052598
233.79593 -2.7190504
238.46996 -2.7347
244.04167 -2.752448
249.51949 -2.762344
254.72182 -2.7746763
258.97894 -2.7851064
262.66095 -2.7943702
267.05856 -2.8062727
270.96072 -2.8162944
276.4668 -2.8276222
281.64566 -2.8402452
285.91235 -2.850646
289.36884 -2.8597224
292.9684 -2.8689547
296.51834 -2.8837783
302.06833 -2.9056492
305.76117 -2.9176674
310.20822 -2.92588
313.78192 -2.9430141
316.03467 -2.9606235
318.11606 -2.9786146
317.43268 -2.9967203
316.85355 -3.0098383
315.2433 -3.0251522
313.709 -3.040579
311.17267 -3.0590165
308.7405 -3.0779202
304.64096 -3.0967557
301.42694 -3.116209
299.34097 -3.1327355
297.13263 3.1363802
293.40457 3.1206958
290.32178 3.1059458
286.81903 3.0846436
284.24338 3.0630155
282.75113 3.0419502
281.01498 3.0263517
279.52292 3.011298
278.23877 2.9925969
278.38077 2.967179
279.91736 2.9528873
285.12817 2.9328716
288.34097 2.917769
292.23535 2.9057379
295.3056 2.8918264
302.2957 2.878941
306.92554 2.863469
312.2409 2.8483262
316.48822 2.839139
320.5536 2.8300078
324.5839 2.8207192
328.89838 2.809369
335.84793 2.7951496
340.10837 2.7865028
344.29614 2.772412
346.69006 2.762672
350.7977 2.748894
354.38724 2.7378147
356.60822 2.7248876
360.27017 2.7090554
362.77084 2.6994438
364.68503 2.68977
366.89758 2.6774988
370.07883 2.6606097
372.87518 2.6520977
374.4201 2.638844
375.6872 2.6230483
375.9555 2.6111383
376.47012 2.5934458
377.55 2.5826843
377.031 2.5661414
375.06467 2.5499392
371.96756 2.5345397
368.57623 2.5241654
364.77695 2.513369
361.84647 2.5040412
358.78613 2.4949553
354.76093 2.4820554
350.81146 2.4732966
346.90756 2.4643807
343.02652 2.4552498
339.29028 2.4496815
334.84894 2.4428957
331.71432 2.4349303
327.66388 2.4283683
322.5376 2.4220169
316.5343 2.4103296
312.0088 2.4015844
308.3796 2.390785
304.56696 2.3790395
301.1577 2.368168
297.4253 2.3558416
292.9234 2.3442612
289.86465 2.3343847
284.9412 2.3161607
281.71512 2.3036685
278.673 2.2914574
277.8744 2.274395
276.1921 2.2592275
275.17203 2.2431374
273.80673 2.2243662
271.99536 2.1982725
272.17395 2.1789427
274.56357 2.1553319
276.77805 2.138462
280.63284 2.1159506
285.5174 2.1007192
288.41516 2.0868626
292.88147 2.0685036
297.01218 2.059058
299.8776 2.0446095
303.53723 2.0295913
305.86584 2.0146139
308.04156 1.9863119
308.04156 1.9863119
