Finger
55
25.762611 1.1515642
25.762611 1.1515642
16.347244 0.8743323
28.43 0.85621476
44.13385 0.85049975
50.963757 0.84465986
57.520115 0.8476897
65.578316 0.8508465
73.303345 0.834316
78.49804 0.8220853
85.55762 0.8190764
91.887825 0.81677127
98.71631 0.8217763
105.12382 0.82629687
110.89408 0.8241799
115.57623 0.81344527
121.37859 0.80386883
127.0813 0.8016317
133.42943 0.7964853
139.08023 0.79517597
145.4044 0.7955916
151.82663 0.80376077
157.2037 0.79718393
164.46313 0.786827
169.13081 0.77594316
173.48096 0.76751125
178.6306 0.7630249
184.28633 0.7619199
189.94374 0.7597824
197.5581 0.76077926
206.75153 0.7584668
215.94408 0.75635093
223.09938 0.7460774
227.95345 0.73693347
235.41733 0.7324787
241.4918 0.73084337
247.4442 0.73221356
254.9069 0.73098594
261.62915 0.7296985
268.04318 0.72775394
273.74283 0.724413
279.98163 0.72137815
285.12753 0.7113643
289.81815 0.7076799
295.38913 0.7043552
300.44543 0.6993328
305.39703 0.6942564
311.47284 0.69262797
316.5282 0.6896343
322.01675 0.6871433
327.86993 0.68430597
333.74573 0.68396866
339.0088 0.6798215
345.74225 0.6751821
351.8585 0.66956574
357.00177 0.6653084
363.1452 0.65556884
367.03888 0.65085363
370.7291 0.6432949
374.1333 0.6364909
379.98157 0.6251626
383.63492 0.61830646
385.56223 0.6056496
385.53635 0.5912014
384.3218 0.5770182
381.74155 0.5665498
378.93918 0.55481553
375.47003 0.5448769
373.05087 0.5340809
369.72153 0.5228733
365.6947 0.5103187
359.37195 0.50039065
353.21194 0.49196762
347.05426 0.48446897
339.6664 0.47331497
333.75546 0.46491125
327.60657 0.45866996
322.69095 0.451642
314.79797 0.4412648
308.47412 0.4302408
302.74402 0.42071012
297.08554 0.41086984
292.13654 0.4063132
285.93048 0.40081307
279.89502 0.3947953
273.40912 0.38500115
268.19464 0.37675163
262.0014 0.3689049
256.967 0.3565508
252.90816 0.34269404
250.22633 0.32404345
250.35449 0.30630356
253.87724 0.29172194
258.8302 0.27617994
262.4439 0.2679988
267.59186 0.25885478
271.99442 0.24698661
277.98883 0.23785318
284.33505 0.22522876
288.6645 0.21470262
293.2174 0.20783392
298.2965 0.19817801
303.40024 0.1906889
310.06818 0.18653938
315.97873 0.17979518
321.31415 0.17123547
326.0185 0.16487214
330.8823 0.15630972
334.51758 0.145906
338.92743 0.14064927
342.86703 0.1331397
347.1451 0.12568453
351.40744 0.115560144
355.92108 0.109158725
361.50302 0.10397807
365.87234 0.099986814
370.1336 0.09340752
376.69666 0.08644925
381.6539 0.085323624
385.75742 0.08441381
385.00543 0.07156266
381.85632 0.05449705
379.32443 0.0396551
375.18744 0.028855631
370.3628 0.017672405
366.06485 0.011055302
361.17804 -8.870239E-4
356.5627 -0.006865772
351.3444 -0.015500341
345.39435 -0.023787789
340.47845 -0.030672928
334.59262 -0.039428923
328.6902 -0.046985306
324.0447 -0.05307353
318.9069 -0.060271468
313.05417 -0.06779761
305.4711 -0.07601169
299.36618 -0.08169964
293.38354 -0.08336947
287.42563 -0.085101746
280.70276 -0.08714505
273.7326 -0.089369915
268.52713 -0.09110714
263.53375 -0.092838354
257.57025 -0.09499423
252.99785 -0.09671639
248.65628 -0.09841049
243.60425 -0.09737994
238.58913 -0.09836799
233.50601 -0.10051649
228.91771 -0.10253821
223.69276 -0.104941994
217.66832 -0.10441144
211.56923 -0.10148007
205.78554 -0.09946156
199.80095 -0.10245102
194.57886 -0.10521065
189.60942 -0.107978724
184.65334 -0.110888645
178.70276 -0.11459708
172.90787 -0.114087716
164.96141 -0.11808857
156.32051 -0.12464925
151.9585 -0.12325658
146.95491 -0.12578219
141.88794 -0.123199955
136.13225 -0.12294586
130.83362 -0.120384164
124.95566 -0.11580945
119.514015 -0.1063292
113.91246 -0.10338705
108.33378 -0.09653563
102.46242 -0.08485204
96.42951 -0.0798474
90.36215 -0.071384124
85.28601 -0.06389614
80.01543 -0.05559959
75.24348 -0.049140096
70.92769 -0.037803326
62.90975 -0.023032688
54.891163 0.005835444
47.703613 0.032472156
41.75552 0.061060637
36.091732 0.09844296
32.03039 0.14242268
26.298904 0.21246505
21.019926 0.31662866
17.221046 0.45345733
12.918556 0.6236182
12.652095 0.2121508
17.5381 -0.08270598
23.804352 -0.22037876
29.455978 -0.29072344
34.833794 -0.30444273
40.18811 -0.3147218
48.41268 -0.3193531
54.736423 -0.3196643
60.39691 -0.32761404
65.87347 -0.337333
69.74952 -0.31234238
75.631386 -0.31499794
80.09392 -0.32309583
86.64637 -0.3314329
91.99746 -0.3255897
97.31596 -0.33676922
102.74711 -0.3391375
108.47729 -0.34990326
114.13965 -0.35262161
121.10213 -0.37109184
128.54831 -0.3904963
135.65256 -0.39666858
142.35484 -0.41469795
147.98029 -0.42434296
153.17456 -0.4322154
161.76326 -0.4471074
169.28752 -0.45169306
175.08846 -0.4578298
182.7306 -0.47101465
189.41148 -0.48247212
194.91814 -0.4807992
201.90607 -0.47799882
208.74776 -0.47325334
214.58311 -0.4750795
219.89725 -0.47794572
229.7929 -0.48989373
234.93645 -0.49266317
242.19215 -0.4959419
247.85938 -0.502423
255.27872 -0.5065562
263.04974 -0.5086936
267.9406 -0.508058
274.02087 -0.5114032
280.84625 -0.5182334
286.78137 -0.52644795
292.39877 -0.53403366
297.64743 -0.54074293
306.4566 -0.55055034
312.37967 -0.5539277
317.98975 -0.5569481
324.03067 -0.5635207
330.22565 -0.577604
335.05722 -0.5860272
341.29907 -0.5949979
346.05023 -0.6023708
351.99442 -0.60799915
359.42822 -0.6147031
365.29395 -0.6191534
371.269 -0.6248245
376.34433 -0.6343864
379.0907 -0.64416677
378.73444 -0.6598336
378.05252 -0.67507255
374.79886 -0.68548083
372.62723 -0.69723135
368.5805 -0.706463
364.97208 -0.71493113
361.12946 -0.72051805
357.3867 -0.7260056
353.96454 -0.7346214
350.80185 -0.7427953
345.88986 -0.7528485
342.13535 -0.7582345
336.03925 -0.7640436
331.6033 -0.7684831
325.94507 -0.7725204
320.84903 -0.7767155
314.6295 -0.78102964
307.55368 -0.7855176
302.3004 -0.78785217
295.57257 -0.7926825
291.88828 -0.7995019
287.89893 -0.8088209
283.4267 -0.8151644
278.5564 -0.82329494
274.44632 -0.8341595
268.95117 -0.84068435
263.54953 -0.84718376
257.15234 -0.8624857
252.06934 -0.86906505
247.0338 -0.8793826
244.12958 -0.89388245
241.03914 -0.9100002
242.82542 -0.9383445
246.14525 -0.9542711
250.44217 -0.9663784
254.23885 -0.97665584
257.98447 -0.98643214
264.59985 -0.993899
270.23056 -1.003022
276.15002 -1.0166357
280.61044 -1.0264429
284.54816 -1.0347991
288.94058 -1.0398011
294.5176 -1.0469738
298.67764 -1.0550009
303.02667 -1.0631198
308.4811 -1.0729296
313.94318 -1.0823622
318.64648 -1.0866511
322.37054 -1.0927167
327.70526 -1.1011337
331.9798 -1.107658
337.35684 -1.1156015
341.84555 -1.1220188
346.09552 -1.1279237
350.8882 -1.1343921
354.60385 -1.1392736
358.2893 -1.144005
361.56427 -1.1511469
364.78976 -1.1637436
367.39737 -1.1756732
367.78424 -1.1881316
367.06998 -1.2004441
365.493 -1.2117207
363.136 -1.2213062
357.42615 -1.2326583
352.72177 -1.2417768
348.8449 -1.251301
344.8185 -1.25995
339.3478 -1.2729504
334.5903 -1.2829015
329.126 -1.2919348
324.18378 -1.3004086
317.04254 -1.3111463
310.7675 -1.3157554
305.0585 -1.3227118
300.45825 -1.3236201
295.25668 -1.3257757
290.8388 -1.3298048
285.74423 -1.3290222
280.6526 -1.3282135
274.36456 -1.3300418
267.88004 -1.3348106
262.3241 -1.3414718
255.8036 -1.3475643
251.68073 -1.3479286
245.57677 -1.3472905
240.08919 -1.3540207
234.73524 -1.3585948
228.74863 -1.3618878
222.80664 -1.3735914
218.4818 -1.3790251
213.20265 -1.3837445
208.26888 -1.3851047
202.9819 -1.385218
196.75243 -1.3885876
190.63661 -1.3890507
184.56358 -1.3885057
179.3354 -1.393292
173.44167 -1.3942484
167.15057 -1.3996702
161.88034 -1.4003052
155.62825 -1.4064095
147.49031 -1.4164642
141.12431 -1.4309042
134.8825 -1.4408504
128.68806 -1.4502083
121.42455 -1.4661263
113.35943 -1.4693015
106.27308 -1.4719566
101.00693 -1.4767219
95.88205 -1.4905243
89.81373 -1.4984516
83.75991 -1.5051674
77.66715 -1.5233238
71.66708 -1.5220009
65.49228 -1.5173962
60.85447 -1.5297543
54.838585 -1.5434738
48.849457 -1.540123
43.63327 -1.5364548
37.650543 -1.5309952
31.669794 -1.5234737
26.669676 -1.5145929
20.689688 -1.498323
14.707786 -1.4687592
8.942523 -1.3108773
5.0476513 -0.5505872
5.9745445 0.40418553
4.1551123 -0.57113934
8.617348 -1.2768294
15.13433 -1.4716445
22.047663 -1.5027939
29.037254 -1.5535972
37.03907 -1.5573131
45.028282 -1.5818864
52.059464 -1.5995772
59.10923 -1.6266948
66.07787 -1.6237228
70.13026 -1.6320955
77.187836 -1.6420224
85.23854 -1.6470315
92.295135 -1.6520452
98.636665 -1.667138
105.40234 -1.6609366
112.47652 -1.6641681
119.6379 -1.675338
126.68749 -1.6774265
133.05682 -1.6874065
139.92685 -1.6888418
147.068 -1.6953691
154.07176 -1.6910096
160.39331 -1.6862501
165.07617 -1.6890515
172.35277 -1.7003586
179.06087 -1.710695
183.70972 -1.709877
190.07953 -1.7147875
195.87787 -1.7166299
201.17734 -1.7217798
206.05493 -1.7191741
210.61531 -1.7255301
215.39824 -1.7267594
219.95988 -1.7326941
227.63211 -1.7427577
234.85948 -1.7551644
242.3256 -1.7628167
247.35243 -1.7637861
252.92041 -1.7707996
257.9331 -1.7715571
262.51517 -1.775772
267.04477 -1.7829835
273.33765 -1.7892098
277.87457 -1.7929703
283.32858 -1.7965506
291.02628 -1.8028044
296.34946 -1.8068868
302.27682 -1.8092937
309.516 -1.8194877
316.18842 -1.8272971
320.99866 -1.8330243
325.75085 -1.838921
332.5774 -1.8444759
338.22705 -1.85025
345.38022 -1.8593576
352.2021 -1.8657157
358.0915 -1.8718209
363.48166 -1.8735286
369.90918 -1.8817
375.25967 -1.8911182
379.69772 -1.9011269
382.01715 -1.9106382
383.64038 -1.9224099
380.15436 -1.9398562
376.68665 -1.9468154
371.48346 -1.9552499
365.94833 -1.961377
360.95383 -1.9700822
355.75977 -1.9787412
350.16974 -1.9862283
344.86536 -1.9930233
339.52005 -2.0001073
332.24503 -2.0101545
326.61688 -2.018269
321.6601 -2.0291376
316.30704 -2.0375047
312.04147 -2.044404
307.40543 -2.0521488
302.1032 -2.0613384
296.81567 -2.0708773
291.39328 -2.0850058
286.1789 -2.095329
280.31546 -2.103334
275.3568 -2.1139803
270.8897 -2.123967
266.6489 -2.1338174
261.60437 -2.1460357
257.43405 -2.1565754
253.92056 -2.165784
249.40944 -2.1732087
245.3074 -2.1847544
241.91296 -2.194679
243.51453 -2.2245798
245.9724 -2.2375126
250.65158 -2.2482698
255.68417 -2.2614517
261.82477 -2.271798
268.0129 -2.2817016
273.7923 -2.283786
281.4964 -2.28828
289.008 -2.2969484
296.51096 -2.3054414
301.5279 -2.3127248
306.41037 -2.318028
312.70972 -2.324443
320.37744 -2.3318145
325.72714 -2.3373315
330.06082 -2.3448448
333.91705 -2.3513136
337.537 -2.3579142
340.81827 -2.3674636
345.82693 -2.3775337
349.58237 -2.3838496
353.89886 -2.3914754
358.34793 -2.3992054
362.09625 -2.4086618
364.82297 -2.419027
366.88745 -2.4307616
368.1176 -2.447838
366.67227 -2.4617193
364.5782 -2.4732642
362.66122 -2.4844832
359.63043 -2.4954858
355.90735 -2.5094883
349.44333 -2.5154216
345.26904 -2.5222986
340.82797 -2.5305285
335.61267 -2.5378208
330.4305 -2.545322
324.11798 -2.5590591
317.05127 -2.562787
310.22614 -2.5671253
305.32376 -2.5723588
300.11923 -2.580995
295.1454 -2.590377
287.55707 -2.5985706
281.63208 -2.6024845
273.21198 -2.6095936
266.902 -2.6054342
261.03586 -2.6049147
255.31743 -2.6052415
248.53639 -2.6118412
242.72714 -2.612086
236.26027 -2.610758
231.59167 -2.6089141
225.07047 -2.6034408
219.0619 -2.6070466
213.9347 -2.609786
207.76988 -2.6139734
200.45105 -2.6099415
192.89777 -2.6049592
186.85683 -2.6044226
181.81679 -2.6054428
175.5754 -2.6124308
169.24838 -2.6179235
162.5619 -2.6278296
157.47467 -2.6333585
149.63821 -2.6347458
142.24823 -2.6380239
136.67653 -2.6343088
131.67885 -2.630574
124.795746 -2.643195
120.04727 -2.6595352
113.98297 -2.6713383
108.07882 -2.6771395
102.15585 -2.6891303
96.1426 -2.693319
91.77643 -2.6855478
86.6938 -2.7143588
81.81508 -2.7138107
73.802086 -2.7390234
66.113365 -2.7426844
58.899757 -2.7278466
53.835186 -2.7117934
46.080833 -2.7417972
40.69173 -2.772332
35.95275 -2.7848432
30.550745 -2.7927754
24.227833 -2.7856214
19.738848 -2.782078
15.384614 -2.7093353
10.509713 -2.5968914
5.2408814 -2.601309
2.3248806 1.4580503
5.493391 3.132504
10.040034 -3.0227938
16.198717 -2.9898846
21.618954 -2.9468489
25.756119 -2.938197
32.045918 -2.91472
38.150215 -2.9184244
43.967587 -2.925143
51.421383 -2.9221737
56.36293 -2.9371834
63.17936 -2.943393
67.53752 -2.941262
73.393456 -2.9574375
79.40501 -2.9489205
85.32065 -2.9596503
91.45911 -2.9719846
96.622055 -2.9811285
101.435455 -2.9888043
106.24116 -2.9957662
110.3543 -2.9920876
116.43544 -2.9912755
121.35754 -2.9974158
126.08373 -3.0028558
132.4882 -3.0096025
137.09648 -3.0067122
142.04799 -3.0114412
149.20805 -3.0058334
154.44041 -3.0088935
158.62502 -3.012414
163.08298 -3.0159643
167.43639 -3.0132322
173.11719 -3.0174665
178.19662 -3.0153716
183.67194 -3.0081835
190.83372 -3.0132184
196.54192 -3.0169666
201.4951 -3.0200455
207.44743 -3.0235496
213.02791 -3.0313761
217.99207 -3.0338957
224.21118 -3.036894
229.14421 -3.0391562
233.92053 -3.041255
238.117 -3.043029
242.84802 -3.0449553
249.2934 -3.0474613
255.02014 -3.049581
260.74377 -3.0516064
264.89737 -3.055879
269.8568 -3.0583692
276.8354 -3.0604718
281.92682 -3.0672724
286.3902 -3.0693061
290.62067 -3.071223
297.59744 -3.0728753
302.56097 -3.0740044
308.7272 -3.0785997
314.61905 -3.084553
319.11313 -3.0869253
326.02917 -3.091155
330.42526 -3.0963678
335.9026 -3.0985947
342.33633 -3.1023242
346.82727 -3.102833
351.14227 -3.108694
355.6809 -3.1150415
359.95688 -3.1289
363.79483 3.1380296
365.08228 3.1270583
365.16843 3.1154578
364.33517 3.1016774
362.57407 3.0876887
359.88818 3.0733774
355.74304 3.0599055
351.11954 3.0473995
346.0317 3.0416582
341.5139 3.034448
337.52484 3.0272188
333.18362 3.0166593
328.60336 3.0002873
323.99335 2.9912958
318.38757 2.9822745
313.68903 2.975437
308.4174 2.964726
303.34238 2.9558969
298.2308 2.9475567
293.7788 2.93288
289.44028 2.9204032
284.96652 2.9105377
280.16653 2.9056234
276.39438 2.8986177
272.41086 2.8949914
267.821 2.8868217
263.0079 2.870702
258.76184 2.8616576
254.44545 2.8567774
250.42274 2.8479052
246.42043 2.8387437
240.92252 2.8316052
244.01953 2.8146355
251.16357 2.8037558
257.34296 2.796801
262.33612 2.7863576
267.03204 2.7739532
274.30316 2.7636118
279.8484 2.7599185
284.9006 2.755664
291.1389 2.7505689
296.5786 2.7462103
302.32578 2.7389832
307.0591 2.7278364
310.01035 2.7143753
313.6985 2.7040358
317.39337 2.6941085
321.65088 2.6845646
325.5855 2.6758723
331.18326 2.664047
334.388 2.6521618
338.8646 2.640037
342.9664 2.6290529
347.00272 2.61576
349.85236 2.6068327
352.00623 2.597215
352.8569 2.5824804
354.01706 2.5674226
354.92725 2.5526447
355.55643 2.538209
356.05615 2.5232909
350.97217 2.509424
346.34183 2.499596
341.88916 2.4926472
337.166 2.486586
331.81696 2.477972
327.2944 2.4710238
322.91077 2.4681523
316.98785 2.4612904
311.85043 2.4561932
307.4793 2.4524844
303.1799 2.4444969
298.55005 2.4369078
293.1508 2.4336
287.05734 2.4371326
280.27603 2.4365723
273.2258 2.4289122
267.28552 2.4207554
262.7439 2.4156823
256.87442 2.4136035
252.10562 2.409403
246.81725 2.401625
239.3555 2.4000955
232.92737 2.390691
227.92126 2.3821523
221.18736 2.378158
215.17696 2.3771362
210.23329 2.3676066
204.35165 2.363507
198.17766 2.3575642
191.78525 2.355776
184.91078 2.3490353
177.68732 2.3478105
171.3543 2.341325
163.70369 2.3461292
157.05553 2.3467398
150.56038 2.346342
143.9606 2.3372486
137.48582 2.327441
131.26831 2.3160114
126.11233 2.3067064
120.04932 2.307216
112.793106 2.318062
106.39945 2.3224273
100.7324 2.3205395
90.52397 2.308733
84.088974 2.2989287
77.83349 2.2667246
72.83816 2.2485905
63.807247 2.2419174
58.4756 2.2464166
51.214718 2.2446985
44.950768 2.2132573
37.916405 2.1486142
31.078678 2.102086
24.619991 2.0333486
18.055292 1.9518579
12.19952 1.8710625
7.560637 1.6368917
3.2006977 1.414131
7.327584 1.5025915
12.326952 1.6113169
17.758976 1.7629493
25.79925 1.8856723
33.785217 1.9740604
41.799194 1.9963094
46.895924 2.0173914
53.15763 2.0446548
59.590115 2.066858
66.23484 2.065745
71.4856 2.0544724
76.472534 2.03821
81.84598 2.0324206
88.14945 2.0461106
93.56432 2.0416708
98.02191 2.0388012
103.79199 2.044339
108.3043 2.042548
112.86737 2.0340588
119.71117 2.0313525
124.043594 2.0250735
131.32661 2.0384066
136.61847 2.0402517
142.5707 2.0387998
149.21263 2.0379386
154.23294 2.0303843
161.19772 2.0228403
165.76366 2.021412
172.12415 2.0178235
177.88052 2.0203187
183.41856 2.0231755
188.47011 2.0173829
194.23872 2.022319
200.25822 2.0223792
205.63132 2.020503
212.32793 2.0209491
217.94612 2.0237627
223.5023 2.0216038
229.33395 2.0141468
233.60878 2.0054746
238.93811 2.0033114
245.30217 1.9968263
250.98872 1.9909219
255.43979 1.9895616
261.6156 1.9811594
267.73706 1.9752879
272.29272 1.9681363
278.4644 1.962731
282.992 1.9561273
288.00443 1.9542167
291.6191 1.9478377
295.52783 1.9426057
300.9275 1.9356182
304.85892 1.9306977
310.82407 1.926912
315.10602 1.921862
320.943 1.9152093
325.64178 1.9100381
330.36658 1.9049958
335.29617 1.8998953
339.5544 1.8956156
343.8188 1.8914418
349.05203 1.8819549
354.46466 1.8740942
360.04428 1.8677971
364.05875 1.8615593
368.08698 1.8554578
371.88135 1.8371297
373.01718 1.8224512
372.90347 1.8102129
371.85446 1.7983683
367.93875 1.7883062
362.9806 1.7772486
357.34656 1.766913
352.52792 1.7577517
346.59122 1.746031
341.0753 1.7346845
335.90848 1.7275348
329.5836 1.7121779
324.20215 1.7037216
318.3832 1.698187
311.9177 1.6886548
305.1853 1.6748017
300.87866 1.669231
296.52316 1.6609385
290.23447 1.6500264
283.9986 1.6269052
279.71802 1.6158112
275.5058 1.6060231
270.88498 1.6021409
266.61298 1.5921888
261.57788 1.5803418
256.8498 1.5727406
251.57986 1.5617291
245.93097 1.5464274
242.2486 1.5244151
240.91928 1.5027797
242.0851 1.4828566
248.64429 1.4609612
256.2288 1.4496657
262.38226 1.4398959
267.4945 1.4378577
273.7759 1.4372454
278.89212 1.4324819
283.86823 1.4313697
289.10938 1.4269354
294.32993 1.422646
301.00055 1.4142061
306.20956 1.4089799
310.51688 1.4060143
315.91397 1.3979535
321.43793 1.3918108
328.83044 1.3835617
333.53265 1.3770827
339.15976 1.3691882
344.5555 1.3620285
349.30038 1.3561343
354.66763 1.3464535
358.12338 1.3357698
362.2254 1.3242893
365.38306 1.3126284
366.55234 1.3008121
365.27686 1.2841611
361.72162 1.2700238
357.86578 1.2579017
352.79562 1.2472795
347.68738 1.2386898
342.0265 1.232976
336.3868 1.2270803
330.74808 1.2209716
324.92722 1.2144281
320.17535 1.2115339
314.14548 1.2084298
308.1792 1.2045535
302.2358 1.2005472
296.27994 1.1963571
290.14267 1.191739
284.7562 1.1841929
279.57513 1.180503
272.42334 1.1768326
265.71524 1.1712196
261.44644 1.1684697
257.36707 1.1659408
251.55968 1.1594642
245.38692 1.158291
239.08797 1.15588
232.45343 1.1564542
226.31122 1.1502942
220.93192 1.1493101
214.49045 1.1501462
208.53685 1.1530744
202.23212 1.1501052
195.2234 1.1452136
188.3775 1.1356996
179.93318 1.1310467
173.40443 1.1273055
166.07149 1.124955
158.80956 1.1184415
150.3841 1.11194
143.6349 1.0979209
136.1471 1.0927348
128.54803 1.0883964
120.95289 1.0835128
116.85183 1.0765507
108.87539 1.0767652
101.53987 1.0825058
94.14995 1.076729
87.26674 1.0732989
80.270645 1.0570185
74.07565 1.0407107
68.1798 1.03746
63.309597 1.0122925
55.872974 0.98996764
49.96471 0.9597337
43.33082 0.9369292
37.597374 0.95649534
31.810158 0.931602
24.01746 0.96452296
17.627438 0.98940754
12.290317 0.9153991
12.290317 0.9153991
