Finger
24
12.550161 1.5309943
19.061165 1.3997154
24.529924 1.3566595
28.752901 1.3513309
35.291634 1.334135
39.33827 1.3532797
43.68891 1.3283935
49.173855 1.2930453
56.33222 1.2406927
61.837112 1.2100747
66.29532 1.2089174
71.086525 1.2058016
76.14511 1.2158017
81.44101 1.2137487
88.10215 1.2056421
94.20747 1.1849347
98.798874 1.1928891
104.31948 1.1932962
109.148834 1.1911525
115.64163 1.1809883
122.61218 1.157377
129.42912 1.1282179
136.77371 1.1064075
143.93231 1.0989777
148.40599 1.0992486
152.93388 1.1005085
158.22939 1.102562
164.03639 1.0999949
169.7785 1.0857309
175.54709 1.0692849
183.33087 1.0518584
189.05786 1.0427142
195.19518 1.0344572
202.04582 1.0258511
207.55635 1.0228529
213.7833 1.0132605
219.80846 1.0028113
223.24393 0.98809767
228.31615 0.9764211
235.58694 0.96129316
242.09268 0.9587953
250.08797 0.9532059
257.43143 0.94838244
262.76575 0.9396066
267.02292 0.9320802
274.03955 0.92078644
278.98083 0.91070944
283.4425 0.9006506
286.26938 0.88958067
291.26926 0.883489
296.59576 0.87549084
300.90973 0.86565053
305.09335 0.85577685
310.07687 0.84957707
316.34192 0.84078765
323.00742 0.83411497
327.8501 0.8269291
331.87207 0.8187366
337.11346 0.8129807
342.32504 0.8012123
345.81522 0.78879833
348.84702 0.78008616
353.2836 0.7677359
358.8728 0.7566315
363.26114 0.7452874
367.47116 0.7347656
370.1551 0.7246223
374.03842 0.7084111
377.22522 0.694282
381.6448 0.6846789
385.57687 0.67638105
389.04544 0.6659743
392.53632 0.6557901
395.40265 0.642311
397.96408 0.6297154
399.37778 0.6133027
400.42743 0.59780973
401.8283 0.5811414
403.62924 0.56059533
403.9566 0.54780245
403.30386 0.5349725
402.99435 0.52329934
402.28656 0.5112951
400.63235 0.4987437
399.34683 0.48625225
398.3291 0.4759527
397.13632 0.46451
395.2339 0.45480993
392.635 0.44108087
390.8603 0.4313629
388.39178 0.41734025
386.0806 0.4036264
384.52615 0.3940535
381.44904 0.38127583
378.94147 0.37173852
376.3255 0.3610689
373.53964 0.35168883
369.98782 0.3379199
366.7587 0.32918382
360.29556 0.3174433
355.22272 0.30734748
350.6766 0.29719624
346.8563 0.28786078
341.14655 0.2775584
338.2055 0.2660249
334.97818 0.2556052
328.86154 0.24163938
323.0601 0.23018496
316.3192 0.22220132
309.57904 0.21385378
304.64328 0.2039551
298.23087 0.19403592
293.18808 0.18389662
289.32504 0.1702208
283.04642 0.1615033
276.53693 0.15147868
269.87772 0.13649628
263.2945 0.120796815
258.3294 0.10915161
252.58871 0.097270966
246.55351 0.08744825
242.19759 0.08074387
236.2637 0.07429181
231.93268 0.06704311
227.81316 0.059467208
221.68073 0.047571685
215.57607 0.03500235
211.51454 0.02622179
206.71208 0.018215407
200.66109 0.0087249335
196.46024 0.0027973154
191.47849 -0.011717148
186.41661 -0.023325028
180.59312 -0.03569524
173.68471 -0.04744527
167.75504 -0.05631795
161.77612 -0.058401678
155.85805 -0.06704602
150.9525 -0.07586507
146.0352 -0.083892815
141.14772 -0.09393005
135.4844 -0.10528063
129.5583 -0.111677736
123.61531 -0.1170709
118.43676 -0.122214824
111.718254 -0.1296048
107.53639 -0.13467497
101.81773 -0.14228915
96.041725 -0.16144225
90.90088 -0.17065975
85.23862 -0.18211931
80.10496 -0.19393463
75.220665 -0.20670402
70.33652 -0.22128826
64.70474 -0.24091402
58.898045 -0.26521084
52.84322 -0.27675644
48.727444 -0.30083308
44.156685 -0.30926615
39.939445 -0.3167493
34.510567 -0.3379172
29.309036 -0.3355608
25.067652 -0.34766558
19.69059 -0.3386047
13.509157 -0.3511596
9.58341 -0.4824855
14.953915 -0.64105463
20.915464 -0.68244123
26.556625 -0.70441484
32.216427 -0.7187064
37.21779 -0.74477893
42.354202 -0.76811886
48.30581 -0.7918837
53.307434 -0.80484873
59.889576 -0.829289
65.55367 -0.82820904
73.84242 -0.82342744
79.62639 -0.8051452
86.15584 -0.8016206
91.46899 -0.8084161
98.38514 -0.81937754
104.12508 -0.83121073
110.76431 -0.8523254
114.89108 -0.8776795
119.51395 -0.89054215
125.15888 -0.9141549
130.56543 -0.9456921
136.75377 -0.9711954
141.00272 -0.98969036
144.57074 -1.0058143
148.60147 -1.022917
155.9671 -1.0254761
162.21721 -1.039681
170.2824 -1.0402611
177.23259 -1.0454204
182.31026 -1.0520557
187.6042 -1.0512325
195.07434 -1.0510896
200.55264 -1.0523747
207.14632 -1.0538801
211.75139 -1.060804
217.01816 -1.0650245
221.94629 -1.0709999
228.84518 -1.0750252
235.1924 -1.0834976
239.94151 -1.092853
245.28583 -1.1041067
251.35385 -1.1162325
255.70741 -1.1278031
260.63232 -1.1420009
267.3129 -1.1574801
272.33328 -1.1726242
279.04565 -1.187453
285.20233 -1.1999041
290.3706 -1.2133646
296.31125 -1.2252115
302.5799 -1.2361573
307.87875 -1.2482203
313.2299 -1.2576586
318.34863 -1.2665112
324.248 -1.275441
327.81332 -1.2875623
333.93176 -1.2998075
339.88785 -1.3077172
344.7462 -1.3201727
349.06894 -1.3295541
354.02054 -1.3410201
357.87097 -1.3499259
362.13382 -1.3579118
367.24152 -1.3705707
372.36893 -1.3843117
376.35486 -1.4008666
378.53857 -1.4146185
381.71475 -1.4297423
385.66202 -1.4432379
388.60406 -1.4559003
389.94662 -1.4688773
390.6871 -1.4819462
392.65173 -1.495092
394.59097 -1.5127176
395.53705 -1.526055
398.31082 -1.541415
399.1994 -1.5532823
403.64566 -1.5633732
406.03033 -1.574228
407.1968 -1.5886428
407.31717 -1.600953
406.46265 -1.611093
404.74673 -1.625816
402.1727 -1.6388832
398.7544 -1.6542293
395.3863 -1.6721996
393.34824 -1.6849378
391.46606 -1.6968789
389.15228 -1.7105933
386.92636 -1.7244207
383.61 -1.7363248
378.5773 -1.7519015
375.18472 -1.7617487
369.93927 -1.7733108
365.74014 -1.7812501
361.8368 -1.7999554
358.80753 -1.8136797
354.13724 -1.8288835
351.04575 -1.8400526
346.90332 -1.8487327
343.2068 -1.8554453
337.07785 -1.8669595
333.5463 -1.873327
328.98935 -1.8808393
323.19882 -1.8924154
319.2685 -1.8972073
313.77005 -1.9031454
308.89066 -1.9086028
304.1683 -1.9140618
299.7528 -1.9193317
295.72052 -1.9242909
291.03522 -1.9302378
285.04062 -1.9419093
280.2116 -1.9486244
275.86853 -1.9580432
271.31937 -1.965651
265.80685 -1.9743096
260.48672 -1.9830457
255.31856 -1.9876329
250.01944 -1.9970373
244.18082 -2.003412
237.8732 -2.0064096
233.57478 -2.010262
226.67438 -2.014841
218.58946 -2.0223308
209.63383 -2.032483
201.59933 -2.0412648
196.91216 -2.042522
192.22992 -2.048579
185.60263 -2.0500214
178.39323 -2.0572374
170.4033 -2.0688083
163.62563 -2.0717535
158.95985 -2.0793743
154.4883 -2.0821285
148.9801 -2.0874588
143.19615 -2.1009505
137.11281 -2.1116562
131.37993 -2.1274402
125.62997 -2.1466744
120.42786 -2.1649427
114.986465 -2.1759896
109.75139 -2.186898
104.68611 -2.1978197
98.8002 -2.218635
94.23428 -2.2285569
89.04763 -2.2370863
82.25185 -2.2185478
75.91067 -2.1993608
67.610634 -2.1971765
61.659657 -2.207052
55.184864 -2.2221863
50.147926 -2.2295532
43.98068 -2.2237957
36.778584 -2.2026684
29.808165 -2.1664305
22.30064 -2.07243
16.095478 -1.9522921
10.059693 -1.8461316
4.6959496 -1.5160109
1.5291127 0.2016188
5.2637196 1.2821906
10.64767 1.4296268
16.358906 1.4790884
21.353643 1.5005802
25.935152 1.5129994
31.061907 1.5225469
36.052288 1.5846478
40.359108 1.6327019
45.405388 1.6478598
50.226425 1.6878252
54.899 1.7533504
58.79223 1.8505952
63.520878 1.9283504
69.77825 1.971488
74.64118 1.9875877
80.13176 1.9878577
86.48133 1.9900792
90.88827 1.9835035
95.49625 1.9738133
99.549774 1.9565157
104.89807 1.955181
109.50464 1.9589782
116.35513 1.9697242
120.3705 1.957921
127.123215 1.968179
132.9518 1.9752572
139.13092 1.9923456
145.57867 2.009147
151.00314 2.0171444
156.01346 2.0247438
163.48192 2.0348272
168.86139 2.045406
172.69711 2.0601244
178.85173 2.0797427
183.45038 2.0908337
187.8529 2.108843
193.58601 2.1219378
199.35747 2.127015
206.7331 2.132621
213.62163 2.1399477
220.30042 2.151625
226.94508 2.1640303
233.21144 2.1730528
241.53853 2.1794262
247.12405 2.1834567
253.23999 2.190492
259.86148 2.1996176
266.64105 2.208997
272.76663 2.220754
278.7926 2.231358
284.36475 2.2394202
288.75803 2.2474203
292.96503 2.254396
300.21616 2.268118
306.60193 2.2815301
311.44232 2.294569
315.21515 2.3032825
320.12592 2.315587
326.86404 2.333269
333.69653 2.3469114
338.2376 2.3595603
342.51172 2.3718803
346.09662 2.38187
349.0585 2.3928976
353.3862 2.4089208
357.11777 2.4182827
362.40332 2.4310882
365.81665 2.4454052
369.66373 2.4583678
373.09613 2.4726803
376.7716 2.4870715
381.9017 2.503152
386.1963 2.5152805
390.35294 2.534806
393.2005 2.546637
395.3272 2.5670903
396.43085 2.581521
396.80917 2.5991654
397.23892 2.6157403
397.82315 2.6298418
397.55655 2.6466382
397.0707 2.660831
395.3295 2.6749294
394.3409 2.6856492
392.21838 2.7027671
389.2061 2.7195582
387.38596 2.7301474
384.98056 2.7395177
382.26166 2.748176
379.0378 2.762026
376.44626 2.7722545
372.78778 2.7829106
369.41348 2.7937891
365.50656 2.807398
360.39975 2.81694
356.6407 2.8283715
352.95807 2.8404913
348.33194 2.8567157
345.3008 2.8662188
342.1257 2.8766646
336.8587 2.8880866
331.77295 2.9058535
328.51703 2.9177234
324.6824 2.9283276
318.41376 2.9458067
311.83353 2.9585538
305.74408 2.9716027
300.16708 2.9819002
294.44455 2.9915435
290.3449 3.0035245
284.27734 3.0191004
278.30167 3.030162
272.70016 3.0433304
268.31836 3.0533721
263.2031 3.0626895
256.94815 3.076325
251.78448 3.0869088
245.69212 3.093717
238.83252 3.100724
232.61827 3.1005588
227.55869 3.107508
221.50536 3.1156178
216.4669 3.1242588
211.75066 3.1295593
207.65813 -3.140432
200.68155 -3.130439
194.75359 -3.1147215
188.82976 -3.1032908
181.88176 -3.096315
174.95 -3.087593
167.1385 -3.0730867
160.35004 -3.0527298
153.60713 -3.0358176
145.86522 -3.016253
138.22867 -2.9947248
130.50229 -2.9766088
123.161644 -2.943584
116.23676 -2.8962812
110.07259 -2.8615263
103.98034 -2.824469
98.030334 -2.7827964
92.28745 -2.7359018
86.35207 -2.6933846
80.79898 -2.6600642
74.84129 -2.617992
70.698296 -2.5534892
65.76 -2.498791
61.062332 -2.4398408
57.34558 -2.3836935
52.422665 -2.3190343
48.37908 -2.2572622
44.563457 -2.1848888
40.309402 -2.118021
37.35802 -2.0338535
37.35802 -2.0338535
