Mouse
40
18.087849 1.480463
22.07449 1.4968103
26.423212 1.3945965
30.537884 1.3853173
35.83616 1.3561915
40.185444 1.3287584
44.079277 1.3505101
48.201233 1.3483982
52.32337 1.346619
56.44565 1.3450997
60.56804 1.3437871
64.69052 1.3426418
69.04711 1.3275292
73.17021 1.3274328
77.540436 1.3148301
81.92166 1.3035737
86.31222 1.2934614
90.34344 1.2599633
95.08333 1.2427897
100.18985 1.2178533
103.49452 1.1882617
108.33291 1.1763531
112.79477 1.1736114
117.65017 1.1632487
122.115524 1.1611952
126.984665 1.1520691
131.8636 1.1436175
136.75128 1.1357697
142.5512 1.1314666
147.45082 1.1245912
152.35698 1.1181583
156.82088 1.103586
162.20343 1.0926752
167.13724 1.0877503
172.07486 1.0831078
176.54575 1.0837168
181.48636 1.0794249
186.43016 1.0753605
190.1087 1.0618509
195.55685 1.0539554
200.15149 1.0439872
203.90617 1.0319612
209.39651 1.0253675
214.04446 1.0166624
217.86267 1.0058801
222.54501 0.9979153
227.24089 0.99027926
231.94948 0.98295283
236.67003 0.9759183
241.40181 0.9691592
246.14423 0.96266025
250.89662 0.9564073
256.47278 0.9526538
261.24014 0.9468306
265.8003 0.93596005
270.39075 0.9254575
274.40167 0.9181956
277.6371 0.908936
280.89578 0.8998905
284.95535 0.89325905
288.25272 0.8846221
292.34012 0.87837064
296.4386 0.8722918
299.7865 0.86421883
303.15344 0.8563247
308.04245 0.8528962
312.18466 0.84745985
317.08264 0.84426594
321.23904 0.8390941
324.66382 0.8319851
328.10468 0.8250249
331.5611 0.8182094
334.30795 0.8094758
337.07993 0.80088514
339.87634 0.7924352
343.40356 0.78618556
346.24133 0.7780101
349.10187 0.76996803
351.9846 0.76205724
355.57452 0.756325
358.49448 0.7486679
361.43512 0.74113494
364.39594 0.73372394
367.37643 0.72643286
370.3762 0.71925944
373.39465 0.71220165
376.43143 0.7052574
378.20316 0.6943747
380.6516 0.68563145
383.90875 0.6753689
385.8017 0.66484076
388.34644 0.6564596
390.91812 0.6481882
394.11423 0.6420605
396.73172 0.634004
399.3746 0.6260536
402.04242 0.61820817
403.0224 0.6043674
403.24896 0.59197724
402.70105 0.580963
403.04446 0.56858134
403.4495 0.5562227
402.543 0.54305047
402.56992 0.52856565
401.4358 0.51870483
400.3409 0.5087891
399.28558 0.49882
397.38757 0.48998067
396.40762 0.47988996
395.4683 0.46975023
394.5698 0.4595633
393.2791 0.4470406
392.4724 0.43674868
391.29492 0.42408872
390.58145 0.41370106
388.59842 0.40191948
387.05118 0.39240834
385.53925 0.3828217
383.69955 0.37073365
382.26855 0.36098054
379.93536 0.35206044
376.69116 0.34392375
374.4167 0.3347665
369.01172 0.32553026
363.6392 0.31602025
359.25415 0.30538678
355.20224 0.2971859
350.2163 0.28960955
345.93573 0.27823424
341.70105 0.26657546
336.8003 0.258247
333.86194 0.248193
329.9862 0.23867588
326.14105 0.22893344
321.35156 0.21963544
315.4051 0.20761722
311.6624 0.1970424
307.1601 0.19001387
300.5256 0.18071412
296.05994 0.17317429
291.61163 0.16540399
286.03833 0.15448862
279.51068 0.14365122
274.142 0.13543162
268.66782 0.123192094
264.4566 0.117545314
260.2541 0.11171598
256.06067 0.10569551
250.98352 0.10383512
245.80756 0.09785079
241.54755 0.0871079
236.39763 0.080519676
231.18703 0.06932454
227.1285 0.06615222
222.95564 0.053911716
218.86093 0.045771517
213.78198 0.037496038
209.69167 0.02391405
204.64162 0.009842238
200.63171 7.027364E-5
195.6342 -0.005039533
188.64217 -0.010527538
184.65585 -0.01617079
179.67593 -0.022185653
175.67693 -0.022690758
171.678 -0.023219395
167.6791 -0.023773246
162.70813 -0.030648017
156.74605 -0.038197815
151.79256 -0.046038948
147.84755 -0.05404073
142.8551 -0.055931263
138.92264 -0.06472796
134.08253 -0.082025826
130.18465 -0.092199035
125.413994 -0.11175031
120.56668 -0.12461784
116.87264 -0.14585343
112.0842 -0.16116454
107.152 -0.16865246
102.22639 -0.17686248
97.49815 -0.19598308
92.59898 -0.20649801
88.68776 -0.21574558
83.81051 -0.22851734
77.740906 -0.23347226
72.64544 -0.23600397
66.57933 -0.24247201
61.73727 -0.26191878
56.649815 -0.2677225
51.564644 -0.27467117
46.48251 -0.28313977
41.704994 -0.31663984
36.051712 -0.3684845
31.964046 -0.38437596
27.88682 -0.40492082
24.261513 -0.4699165
20.263157 -0.515317
15.798678 -0.5299371
11.898434 -0.6275061
8.218711 -0.81587577
4.306959 -1.1822374
3.0907252 -2.44379
7.433952 -3.0085795
11.368295 3.1403525
15.368293 3.1406753
19.368292 3.1408646
24.36829 3.141014
29.36829 3.1411126
33.382847 -3.1120553
38.484295 -3.0639272
42.66065 -3.0244515
46.753067 -3.013208
50.722733 -3.0233047
55.941235 -2.998348
61.033405 -2.9938262
65.29905 -2.972549
70.39617 -2.9704955
75.493546 -2.9687195
80.770676 -2.954975
85.869415 -2.954335
89.98597 -2.9516916
93.9171 -2.9597313
98.838776 -2.9688807
103.93632 -2.9676697
107.87819 -2.9740863
111.824196 -2.98005
115.7739 -2.9856071
120.7157 -2.9920418
127.64182 -3.000213
131.60312 -3.0044959
136.42981 -3.0167658
140.2821 -3.0273893
144.14938 -3.0374436
148.03046 -3.0469716
151.92429 -3.0560122
156.75372 -3.0714514
163.6732 -3.0805435
167.66592 -3.081999
171.60371 -3.0892045
175.59836 -3.0903974
179.54597 -3.0970998
183.46597 -3.1089602
187.43462 -3.1149888
191.39157 -3.125991
196.37833 -3.1314797
200.37071 -3.1366723
204.36829 3.1415236
208.37076 3.136726
213.38959 3.1274674
217.40535 3.123128
222.4496 3.1145537
227.47646 3.1107533
231.50705 3.1069686
236.58032 3.0992515
241.71887 3.0877268
245.95747 3.0723624
251.16696 3.0618236
257.49054 3.048195
262.6597 3.042389
266.9497 3.03269
271.26404 3.0232987
275.60153 3.0142024
281.08896 3.0023468
285.47687 2.9938846
289.88458 2.985679
295.62964 2.971597
301.0725 2.9645855
306.71396 2.9546182
312.38477 2.9450119
317.10458 2.9351044
321.64163 2.928525
326.19223 2.922129
330.23584 2.9093287
334.82495 2.9033592
337.72968 2.8932474
341.89133 2.881228
345.8338 2.8722847
350.76495 2.864326
355.71777 2.8565886
357.81976 2.8466463
359.9567 2.836821
363.07907 2.8279648
366.22943 2.8192601
369.40707 2.8107045
371.66846 2.8014002
374.90134 2.793122
378.15952 2.784986
380.50815 2.7760525
383.81772 2.768182
386.5966 2.7570832
389.03827 2.7485163
391.50815 2.7400568
393.0887 2.7306902
395.6167 2.7224307
397.26147 2.7132332
398.9396 2.7041123
398.84763 2.6929033
399.70215 2.682801
399.70544 2.6716123
399.7588 2.6604252
399.86215 2.6492426
400.49893 2.63588
400.7119 2.6247292
400.97467 2.6135917
401.28708 2.60247
400.79697 2.5900624
399.52396 2.5762885
400.00253 2.5651655
398.8674 2.5512915
397.2422 2.5394123
395.09802 2.529506
392.41116 2.5215633
390.33786 2.5114386
387.50357 2.499665
383.51053 2.4918587
380.9441 2.483416
378.4052 2.4748595
373.70856 2.4649305
371.2306 2.4560828
368.14294 2.4492044
365.07297 2.4422097
361.2611 2.4333
358.23267 2.4260361
355.88583 2.4165416
354.91528 2.4027405
352.64847 2.3930054
349.72845 2.385221
346.83 2.377306
343.95364 2.369258
341.0999 2.3610747
338.26944 2.352754
334.7649 2.3421564
330.57498 2.333421
326.41095 2.3244617
322.9522 2.3175492
319.50925 2.3104873
315.4147 2.3009145
311.26105 2.295625
307.11633 2.2901924
300.1598 2.2839372
296.0353 2.278138
291.92105 2.2721748
287.17792 2.2633674
282.45782 2.254265
277.76193 2.2448542
274.49536 2.2357426
270.46017 2.2286665
263.83224 2.214624
259.8393 2.2069318
255.27577 2.1958308
250.74486 2.184327
245.42456 2.1747074
242.34529 2.1634645
236.5285 2.149508
232.14005 2.1361883
226.94324 2.124667
220.40575 2.1110594
216.64647 2.0999742
210.68199 2.089072
205.6189 2.075176
200.59752 2.060581
195.193 2.052138
188.91325 2.0456238
181.2991 2.036226
174.16603 2.0183241
169.26454 2.012572
162.13379 2.0060916
155.92075 1.996352
149.21764 1.99464
143.02382 1.9835246
136.84929 1.9714047
129.77138 1.9610522
124.93714 1.9510251
118.82424 1.9353824
112.407196 1.9096824
106.700645 1.8987433
100.05823 1.8896732
95.33271 1.8729441
90.63666 1.8544757
85.72015 1.8227327
81.12103 1.7992079
76.57218 1.7728721
69.944145 1.7340543
64.69598 1.716112
59.35671 1.6782917
55.187256 1.6500331
49.1297 1.6394092
45.139942 1.6454844
41.152176 1.6527375
36.17127 1.6640519
31.196468 1.6789774
27.223278 1.6948423
23.425001 1.7583741
18.536173 1.8086969
14.413199 1.8066721
10.290334 1.8030248
6.167787 1.7945014
2.110843 1.2668679
3.296926 -0.6464409
9.632364 -0.8114018
14.610268 -0.85098505
20.258352 -0.83268297
24.48261 -0.76674473
28.78186 -0.7203505
34.534447 -0.6901292
39.5297 -0.6842335
45.161247 -0.696884
50.15483 -0.6915647
55.028942 -0.7127872
59.923805 -0.73054963
64.83472 -0.7456254
70.449905 -0.76887834
76.80561 -0.7794525
81.05255 -0.7972124
84.70168 -0.8384691
89.021286 -0.85180527
93.47679 -0.8789882
99.39954 -0.90200233
105.18516 -0.90909934
108.9682 -0.9244152
113.3688 -0.93158364
118.96816 -0.9246573
125.368805 -0.9231967
131.76968 -0.9218779
136.16779 -0.92792803
141.16777 -0.9279056
147.77335 -0.935999
152.18205 -0.94100404
157.40636 -0.9494446
161.82452 -0.9537848
167.31787 -0.96965945
172.01859 -0.981305
175.90492 -0.98922145
182.32831 -1.0057297
187.09552 -1.0155259
190.50621 -1.0265951
194.80112 -1.0398843
200.86882 -1.0575298
205.23923 -1.0694923
211.46512 -1.0748336
216.81532 -1.077695
221.698 -1.0843976
226.59023 -1.0908109
231.92879 -1.1027571
235.50551 -1.1104196
239.09566 -1.1178524
244.50473 -1.1285914
248.12589 -1.1354902
251.7585 -1.1421901
256.31464 -1.1502975
260.88705 -1.1581211
264.55612 -1.1641852
267.84616 -1.1735207
271.15897 -1.182629
274.86557 -1.188137
279.51016 -1.1948164
283.23456 -1.200002
286.9664 -1.2050529
291.99457 -1.2079788
296.6744 -1.2139603
301.3645 -1.2197559
305.12366 -1.2242639
309.8311 -1.2297449
314.54755 -1.2350618
318.0028 -1.2421751
321.47382 -1.249135
324.96005 -1.255946
329.11298 -1.2664292
333.01266 -1.2795237
337.24432 -1.2894621
340.54526 -1.2983654
343.8727 -1.3070971
347.22586 -1.3156607
351.33157 -1.3275151
354.7439 -1.3357034
358.40598 -1.3410164
361.85663 -1.3489159
365.11823 -1.3593421
368.4188 -1.3695825
371.5686 -1.3822824
373.79285 -1.3942983
377.22168 -1.4039897
379.5419 -1.415695
381.77173 -1.429849
384.07715 -1.4438359
386.4568 -1.4576532
387.02036 -1.4682144
388.6228 -1.4789802
390.26984 -1.4896564
391.96103 -1.5002418
392.69754 -1.5105821
393.4759 -1.5208826
394.2958 -1.5311413
396.15665 -1.5414307
398.05902 -1.5516229
399.00238 -1.5616943
399.98602 -1.571717
400.00967 -1.581717
400.07336 -1.5917147
400.177 -1.6017083
400.32062 -1.6116956
399.5054 -1.6218022
397.73303 -1.6321026
396.00327 -1.6424942
393.31998 -1.6531845
390.68228 -1.6640204
389.19067 -1.6772906
387.6498 -1.6880994
387.14642 -1.6986629
384.70557 -1.7099702
383.30325 -1.7210289
380.96118 -1.7325894
377.51392 -1.7421392
375.26627 -1.7540056
372.09116 -1.7665346
368.5667 -1.7739682
365.27353 -1.7842221
361.79874 -1.7919664
358.34607 -1.7998605
354.9162 -1.8079076
350.78464 -1.819569
346.19177 -1.8259248
342.83862 -1.8345141
338.81952 -1.8469093
335.24994 -1.853032
331.97906 -1.8621739
328.4417 -1.8685889
324.57095 -1.8819454
320.12683 -1.889701
316.64972 -1.8966604
313.18826 -1.903774
308.8005 -1.912127
304.43497 -1.9207201
300.0925 -1.9295626
296.70755 -1.937452
292.97693 -1.9423466
288.32382 -1.9486426
285.36328 -1.9603283
281.66705 -1.9657214
277.97922 -1.9712576
274.3001 -1.9769425
270.63013 -1.9827819
266.05603 -1.9903072
262.40793 -1.9965161
258.77023 -2.0029
255.14337 -2.0094652
251.52785 -2.0162199
247.0251 -2.0249405
243.43689 -2.0321488
238.51817 -2.0377264
234.04607 -2.0377893
230.02594 -2.0417361
226.00954 -2.0458233
222.45995 -2.054047
218.45549 -2.058502
211.33984 -2.0656629
206.47017 -2.0729015
200.73955 -2.0829198
197.26245 -2.0928566
193.80554 -2.103149
190.36992 -2.1138139
186.10707 -2.1276968
180.80795 -2.1329231
177.43626 -2.1449387
172.70505 -2.155801
167.16898 -2.1706338
163.88281 -2.1844127
160.04361 -2.193696
155.62967 -2.1982532
151.00993 -2.2123315
146.6105 -2.217729
142.21562 -2.2234607
138.44008 -2.2352693
133.44122 -2.236055
129.68785 -2.2490273
124.69099 -2.2504196
120.32656 -2.2583845
115.970345 -2.2669485
111.62331 -2.27618
107.286545 -2.2861588
102.961365 -2.2969773
97.97931 -2.3011916
92.93877 -2.3210554
87.96884 -2.327112
83.04611 -2.3168676
78.76101 -2.3326921
73.83384 -2.3215423
68.86464 -2.329314
63.941204 -2.3161783
58.289318 -2.312296
52.6385 -2.3075798
47.73835 -2.2877452
42.753403 -2.2963274
37.772438 -2.3071737
32.123573 -2.2985446
27.144571 -2.3140452
23.605177 -2.3976183
20.287462 -2.5095422
15.287898 -2.513287
10.288755 -2.5206716
5.913446 -2.4019418
5.913446 -2.4019418
