Finger
16
139.82861 0.40820456
141.76216 0.45149592
143.549 0.47979504
145.79405 0.5085951
150.14668 0.532751
154.88905 0.54643387
159.94731 0.56217724
165.39488 0.5827419
169.18301 0.6032052
173.25604 0.616874
177.65842 0.6322134
181.93378 0.64559287
187.79347 0.6537854
194.01044 0.6617038
201.65413 0.66995156
207.52141 0.67666095
214.30774 0.6834388
222.20317 0.6870822
225.92816 0.69666797
230.82886 0.7084762
234.27512 0.7190266
239.48405 0.73266166
242.92915 0.7421469
247.5561 0.75653166
251.3668 0.7710524
255.39667 0.78162163
258.40646 0.7932891
261.9973 0.80669224
265.61823 0.8196753
268.56436 0.8298695
273.00217 0.84464073
276.00977 0.8542761
279.0409 0.86369824
282.18338 0.8731759
285.73923 0.8835621
287.93915 0.89753866
291.8737 0.91372263
294.56287 0.9313521
297.64575 0.9514511
299.93436 0.9740506
301.08582 0.9931079
301.1002 1.0123101
301.68756 1.0328537
302.30783 1.049923
304.23425 1.0723518
303.9158 1.0962908
302.65768 1.1172376
301.2334 1.137034
300.0824 1.1535323
299.3524 1.1674901
298.41125 1.1837229
296.5683 1.1992644
293.502 1.2171099
289.5903 1.2341658
287.76163 1.2528235
286.4445 1.267104
284.15866 1.2829705
281.92548 1.2958727
277.4972 1.3131882
274.08984 1.33246
271.9684 1.3496103
269.73474 1.3705255
266.68927 1.3900539
264.25317 1.4038522
261.62347 1.4184757
258.5549 1.440099
255.74895 1.4662021
255.27567 1.4856693
253.90224 1.5049542
253.61792 1.5250062
252.42398 1.5470543
250.35547 1.5678765
249.41064 1.5918852
250.32808 1.6117568
250.81816 1.6316166
251.33928 1.6593521
253.55902 1.6774664
255.26744 1.6933751
257.05908 1.7160703
260.0893 1.7405759
261.78165 1.7550834
264.71164 1.776968
266.99063 1.7943529
270.2616 1.8134334
273.4413 1.8294768
276.7475 1.8458874
280.31552 1.8672577
281.75714 1.8806386
285.29282 1.8960062
288.11966 1.9137825
292.14645 1.9315969
295.1464 1.9485646
298.63266 1.9684165
300.28772 1.981341
302.93832 2.0009995
303.30753 2.018197
304.1075 2.0347044
305.37482 2.0474377
305.12796 2.0634668
305.3158 2.0800364
305.18753 2.09906
304.77444 2.1160626
304.28796 2.1329172
303.74347 2.1521068
301.32242 2.1713903
299.85297 2.1889849
297.8872 2.2077236
295.2552 2.223315
292.54153 2.2390933
288.48676 2.2546973
285.9441 2.266509
282.2724 2.2820816
277.5977 2.2966862
273.25098 2.315856
268.71115 2.3315542
263.3139 2.3471572
258.74188 2.3579054
254.51924 2.3690567
250.49223 2.3798997
246.77989 2.3898616
241.48602 2.4012692
237.24109 2.4147105
233.16687 2.422185
226.43488 2.437003
222.42406 2.449774
216.48308 2.462944
209.61833 2.47325
200.92744 2.4862316
192.57193 2.502202
186.26338 2.5118911
181.54338 2.5269248
176.40363 2.5410166
170.70937 2.558975
165.59267 2.5818808
162.0304 2.6058204
157.1936 2.6334002
153.05505 2.6555688
145.71483 2.681383
141.19966 2.698771
138.19919 2.7243323
133.92906 2.760977
133.42992 2.791656
134.88792 2.8287199
137.85754 2.8717172
143.20691 2.9008179
147.90567 2.906007
152.81831 2.9137168
159.65756 2.9236395
166.28906 2.938602
171.96527 2.9513118
177.87009 2.963413
182.57634 2.9736073
186.41388 2.9825284
192.8305 2.9971972
199.58118 3.0082731
204.63889 3.0165102
209.35612 3.0289547
216.25627 3.0441763
220.58836 3.0564759
227.31844 3.072206
234.10878 3.0870454
240.17393 3.1009145
246.26646 3.1170428
250.78107 3.1265833
255.75539 3.134695
259.95517 -3.139863
266.76645 -3.125736
272.8573 -3.1114237
279.4063 -3.0988438
284.16635 -3.0852323
290.394 -3.0719407
297.06174 -3.05327
302.41806 -3.0415373
309.57135 -3.0308795
314.28607 -3.0238442
319.78152 -3.0092933
324.40408 -2.9987173
331.271 -2.9780715
336.273 -2.9617107
339.1272 -2.9508545
341.7027 -2.937082
344.1425 -2.9214544
346.27628 -2.9105952
348.57547 -2.895546
351.1109 -2.8790138
353.67755 -2.863349
356.24908 -2.8486638
358.69534 -2.8359616
359.9842 -2.8248112
360.3408 -2.8131034
361.55774 -2.797058
362.74985 -2.778318
364.62192 -2.7650433
365.0399 -2.7476482
365.9609 -2.7346852
366.3184 -2.7166996
367.42807 -2.7057805
368.3273 -2.6942568
367.59164 -2.6751177
366.9974 -2.6603441
364.22083 -2.645662
361.66794 -2.6355326
357.6112 -2.6228116
353.2445 -2.6091857
349.97458 -2.5970097
345.80344 -2.583683
341.5054 -2.574999
337.21317 -2.5633461
332.97183 -2.5514023
328.37802 -2.5383115
324.86307 -2.5270782
321.3609 -2.5155354
317.91388 -2.5037658
313.1236 -2.4923787
308.35736 -2.476483
302.11148 -2.4601626
297.33502 -2.4470642
292.13876 -2.432155
286.24185 -2.4189937
282.72092 -2.4116433
276.69717 -2.3930964
273.75778 -2.383077
269.27902 -2.3671954
264.5027 -2.3493743
259.0582 -2.3321698
254.08537 -2.3171678
249.36768 -2.297893
244.03595 -2.279301
238.67131 -2.2642298
233.45174 -2.2454524
229.26776 -2.2294536
225.50996 -2.2150276
221.01201 -2.2028909
217.42986 -2.1880207
212.9099 -2.1658697
210.15125 -2.1461904
207.49965 -2.1261785
206.26839 -2.1070764
206.12236 -2.0766368
206.1845 -2.048745
208.39366 -2.0146601
211.57713 -1.9836699
214.24025 -1.9615582
217.81851 -1.9316403
220.5147 -1.9053693
224.27193 -1.8719292
227.03275 -1.8366407
227.99344 -1.8141242
229.32552 -1.7936027
230.9099 -1.7737589
233.02844 -1.750621
235.65025 -1.7193772
239.98485 -1.6906285
242.42278 -1.6687146
243.91743 -1.6442368
245.5869 -1.6225278
247.34785 -1.5979264
248.26126 -1.5772854
247.28154 -1.5566596
246.40392 -1.5363364
245.73271 -1.5086515
243.32613 -1.4874638
241.5051 -1.4693017
239.52194 -1.4495763
236.81418 -1.4298908
233.42194 -1.4062768
229.82187 -1.3828233
226.64803 -1.3619293
221.45761 -1.334077
219.00728 -1.3123028
216.04868 -1.2882786
212.70027 -1.2661144
209.25745 -1.2488936
206.52036 -1.2280143
203.51688 -1.1975988
200.92973 -1.1764275
199.97873 -1.1472441
199.73344 -1.1146262
200.89781 -1.0760908
202.77649 -1.0541701
204.4355 -1.0304819
206.74316 -1.0031002
209.8926 -0.97998804
214.70276 -0.9553891
218.37009 -0.93973386
221.35315 -0.9215177
226.1202 -0.90132034
231.0277 -0.8816909
236.28206 -0.8615929
241.88036 -0.8474253
246.42496 -0.82678056
251.2038 -0.8063389
254.83618 -0.7915882
259.22406 -0.77459574
262.51135 -0.7624132
267.70087 -0.7491441
273.02924 -0.7311441
277.9594 -0.7196375
281.77075 -0.70831215
285.56494 -0.69698554
292.13342 -0.6818309
297.6735 -0.671948
303.21252 -0.65749985
306.46332 -0.6493354
311.16968 -0.63790274
315.20312 -0.62844986
319.48932 -0.6149001
324.17136 -0.6047362
327.8674 -0.5969661
332.23096 -0.5851899
335.85727 -0.57454985
339.79227 -0.5597003
343.26343 -0.54962593
349.06238 -0.5328206
352.03864 -0.5245599
355.56247 -0.51237446
360.06223 -0.5021899
361.99292 -0.48111534
364.1668 -0.46263355
366.60464 -0.4387422
367.75723 -0.42473555
367.96286 -0.40745932
369.61792 -0.39012668
369.82846 -0.36942115
369.7642 -0.3522035
368.401 -0.34199342
366.11774 -0.3240199
364.55777 -0.3110272
363.35278 -0.30053958
361.62256 -0.28469622
359.9325 -0.26818484
357.91705 -0.25585258
354.5635 -0.24149148
351.20786 -0.22858237
345.99362 -0.21432468
341.27118 -0.20290634
336.3856 -0.19078794
331.50015 -0.17768441
326.56168 -0.16180202
319.8028 -0.1437517
311.94766 -0.121922664
306.5443 -0.11101608
297.91522 -0.09072039
293.64035 -0.081681885
290.33685 -0.06875803
284.62582 -0.03943501
281.493 -0.024734624
273.667 -0.0025708363
269.66742 0.0085324785
263.51462 0.027711969
257.63846 0.039939564
250.04929 0.053156644
242.29692 0.06716179
237.46727 0.07695201
233.52257 0.08264166
229.71286 0.09276066
222.10522 0.10942131
218.21338 0.116074994
213.75894 0.12792028
208.94485 0.13570043
203.9094 0.14531499
199.51637 0.15732373
195.47864 0.16576177
191.6814 0.17445323
185.18803 0.19301355
177.7685 0.21266429
170.43098 0.2340073
166.77832 0.2454032
159.28699 0.26369166
153.05319 0.2866185
147.9085 0.31107238
143.90948 0.34205207
143.30031 0.37516502
143.30031 0.37516502
