Mouse
62
12.62494 1.9749438
17.09123 1.9905043
21.598005 2.1032696
26.061367 2.0914683
30.5273 2.083119
36.8607 2.1112125
43.214653 2.131057
47.66788 2.122007
52.124355 2.1145036
56.583294 2.108183
61.413982 2.0804915
65.8817 2.0773668
71.22734 2.0678608
76.57853 2.0596826
81.049324 2.0582902
86.87266 2.061841
91.3432 2.0604997
95.81389 2.0592837
101.63742 2.0622618
106.991135 2.0566883
112.347855 2.0516462
116.36079 2.0433655
120.381165 2.0356376
124.853294 2.0355947
129.77809 2.025213
134.25005 2.0255206
138.28545 2.0193124
142.75708 2.0197864
148.1301 2.0172987
154.4075 2.012202
158.87857 2.012828
163.34967 2.0134199
167.82086 2.0139802
172.77107 2.0067987
178.14821 2.0051222
183.5258 2.0035436
187.99585 2.0042787
193.37367 2.002804
198.33655 1.9968275
202.39363 1.9931593
208.28201 1.9857299
214.18127 1.9787096
218.25081 1.9756451
226.78609 1.9739097
231.25018 1.9750797
239.39555 1.9696155
244.77985 1.9692125
252.39546 1.9694079
256.8583 1.9705395
261.8553 1.966626
266.85614 1.9628593
272.24097 1.9626306
276.32034 1.9604472
280.401 1.9583273
286.7122 1.9568774
291.7223 1.9535989
296.73538 1.9504311
302.68155 1.9461536
306.7701 1.9444063
311.79147 1.9415394
316.45694 1.9358149
321.48563 1.9331686
326.1657 1.9277344
331.201 1.9252886
336.83435 1.9191054
341.53836 1.9141088
346.2507 1.909248
350.02628 1.9054537
354.7527 1.9008244
358.53918 1.8972089
362.33023 1.8936691
367.07532 1.8893472
371.21356 1.8800119
374.42825 1.8716727
375.17892 1.85991
375.01962 1.8489262
372.01288 1.840063
369.0358 1.8310561
365.1206 1.822584
363.1737 1.8126031
361.26334 1.8025156
358.41464 1.792935
357.55466 1.7820226
354.77765 1.7721802
349.88235 1.760465
345.39548 1.7541184
340.92282 1.7476051
335.31116 1.7384845
331.70352 1.728104
327.14316 1.7179432
321.4917 1.7048386
318.004 1.6936336
313.56335 1.6825359
308.16745 1.6714458
302.8108 1.659962
298.65308 1.6544845
294.58423 1.6522368
290.5169 1.6499262
286.4512 1.6475499
282.38715 1.6451052
276.33002 1.6431084
272.26913 1.6405065
267.2124 1.6380767
262.0945 1.6317456
256.98755 1.6251626
252.8457 1.6141746
248.70538 1.5988033
245.62573 1.5828661
242.61006 1.5665284
244.65967 1.5502135
248.6811 1.5465242
252.73563 1.5389972
256.84503 1.5278177
260.98553 1.5169917
263.22644 1.5022258
268.51355 1.4886395
271.95502 1.4712205
277.34976 1.4586614
281.67172 1.4496666
286.147 1.437479
290.38098 1.4324837
294.62198 1.427632
298.72403 1.4262291
303.96262 1.4220878
308.3721 1.4143884
313.62488 1.4105725
317.89554 1.4063692
323.49796 1.396701
328.77066 1.3933439
334.22812 1.3871497
337.9251 1.3771329
341.65524 1.3673338
347.58414 1.3561519
353.33286 1.348105
359.1037 1.3403162
364.66113 1.3354392
369.49545 1.3274364
374.35284 1.3196409
375.3669 1.3093188
375.45758 1.2983384
372.15543 1.2902702
369.16394 1.2794613
366.2163 1.2684771
363.31354 1.2573161
359.82346 1.2512443
356.66818 1.2423975
352.2672 1.2351326
347.55017 1.2303938
344.1211 1.2237736
338.4849 1.217745
333.79776 1.2125658
328.1854 1.2061555
324.45154 1.2017591
320.7241 1.1972603
317.00327 1.1926558
313.28934 1.187942
308.27917 1.1848919
304.1975 1.1829882
300.11694 1.1810327
295.11362 1.1777292
287.8826 1.1748334
282.88556 1.1712776
278.42276 1.172307
270.27646 1.1676418
265.28705 1.1637148
258.06894 1.1600918
254.00322 1.157414
249.43246 1.1493614
245.37445 1.1464117
241.31865 1.1433629
236.35681 1.1384438
232.30714 1.1351376
226.93034 1.1338295
222.8844 1.1302997
217.93875 1.1246678
213.90038 1.1208165
208.52853 1.1190238
204.49504 1.114884
198.22911 1.1106163
194.20311 1.1060827
190.18126 1.101357
185.7092 1.1012175
182.15117 1.0912803
176.33138 1.0932931
172.32185 1.0877795
167.85057 1.0872635
162.49492 1.0838552
158.02402 1.0831959
152.6708 1.0794257
146.84714 1.0813725
142.37654 1.080563
137.90602 1.0797008
130.32018 1.0746695
123.61571 1.0729072
119.14629 1.0716223
109.33259 1.064338
103.99228 1.0578328
96.80298 1.0634176
92.33533 1.0613002
86.13 1.0475943
79.94337 1.0317638
74.63056 1.0203725
70.17632 1.0148494
64.88063 1.0003618
58.21503 0.98807967
53.524204 0.95226574
49.110447 0.9382175
44.708298 0.92139894
38.917103 0.9051024
34.547596 0.87912244
30.88046 0.8214122
25.205397 0.77340347
21.03111 0.70368826
17.008917 0.6002773
14.190476 0.40626812
10.163387 0.15886755
7.4309654 -0.32775313
8.137251 -0.90357125
10.5896015 -1.3773853
14.392194 -1.5683366
18.417429 -1.6231946
23.579262 -1.6968591
27.838413 -1.7500917
31.953773 -1.758561
36.070904 -1.7650974
40.988186 -1.741542
45.100975 -1.7483221
50.19909 -1.7503403
54.139503 -1.7371458
60.22226 -1.7370245
65.15859 -1.7243272
69.11425 -1.7154763
73.07474 -1.7075843
77.03931 -1.7005041
81.99985 -1.6926172
86.96492 -1.6856303
92.04753 -1.6901988
97.13186 -1.694289
101.1026 -1.6894155
107.3047 -1.7013062
112.26407 -1.69551
117.48192 -1.7071079
121.58153 -1.7107859
125.68267 -1.7142237
131.76407 -1.7152264
136.01752 -1.7255448
140.12434 -1.7281963
146.36734 -1.735266
150.47745 -1.7374696
155.74416 -1.7448071
159.85715 -1.746636
165.13354 -1.753264
169.2488 -1.7547858
173.55157 -1.7618986
178.6505 -1.7620783
182.76779 -1.763289
189.04135 -1.7676015
193.15977 -1.7686293
197.27838 -1.7696143
201.598 -1.7754208
205.51616 -1.7714658
209.63531 -1.772337
213.75461 -1.7731746
217.87404 -1.7739805
221.79323 -1.7703413
226.11331 -1.7755044
231.41739 -1.7795742
236.72513 -1.7834616
243.01308 -1.7862949
248.32666 -1.7898571
252.66801 -1.7941432
257.01385 -1.7982844
263.311 -1.8005452
270.58276 -1.8018509
277.11465 -1.8074307
281.2376 -1.8075532
287.3051 -1.8060384
291.66287 -1.8095101
296.7576 -1.8088005
302.08917 -1.8113321
306.69495 -1.8177253
311.06393 -1.8208168
315.94244 -1.8299512
320.58316 -1.8357992
325.2345 -1.8414801
329.89606 -1.8470007
335.52805 -1.8515393
339.92657 -1.8539321
344.32697 -1.8562639
349.30206 -1.8640271
354.0026 -1.868874
358.05713 -1.8770921
363.08646 -1.8842744
366.23633 -1.8929801
368.46783 -1.9024181
371.67438 -1.910842
373.96704 -1.9200339
375.7073 -1.9325391
377.14148 -1.942459
378.6125 -1.9523027
376.04132 -1.9636676
373.12704 -1.9727236
369.44913 -1.976959
365.77795 -1.9812796
362.11377 -1.9856876
358.45676 -1.9901857
354.3969 -1.9922045
350.75067 -1.9968693
347.11224 -2.001632
342.57553 -2.0077276
338.05185 -2.0139863
333.5418 -2.0204148
329.94394 -2.0256839
326.35544 -2.031069
323.22696 -2.0393379
318.7738 -2.046421
314.33713 -2.0537047
310.80005 -2.059681
306.39478 -2.067345
302.88385 -2.0736365
297.6406 -2.0833514
292.42642 -2.0934136
288.46344 -2.0973313
283.6429 -2.103142
279.6913 -2.10732
276.26093 -2.1147213
270.0954 -2.119881
264.4653 -2.1284964
261.08 -2.1366048
256.3297 -2.1437688
251.59305 -2.1512032
248.25778 -2.1600385
243.55302 -2.168034
240.25598 -2.1773968
236.16522 -2.1894667
236.89694 -2.2081194
239.29874 -2.2215538
243.3211 -2.229654
248.1456 -2.2349982
252.97688 -2.2401383
257.03424 -2.2475147
261.1051 -2.2546616
266.59683 -2.2620897
272.1027 -2.2692177
275.45123 -2.278005
278.8205 -2.2865803
284.2851 -2.29789
288.37207 -2.308539
291.8115 -2.3163774
295.26843 -2.3240328
300.84647 -2.3340344
305.0394 -2.3436127
308.55554 -2.3506315
313.5058 -2.361997
317.06055 -2.3686225
322.7639 -2.3771675
327.76324 -2.3833213
332.0921 -2.3914888
336.38437 -2.3952453
340.6813 -2.3989072
346.39536 -2.4022887
350.77368 -2.4097862
355.17123 -2.4170985
359.49393 -2.420307
362.5074 -2.4275935
365.53976 -2.4347594
367.94736 -2.4438863
370.3852 -2.4528937
372.22485 -2.463872
371.3005 -2.4756417
369.63474 -2.4858227
367.20938 -2.4944563
363.20755 -2.4999228
360.02176 -2.507161
356.04587 -2.5128798
350.6864 -2.5193803
347.5527 -2.5270555
342.7987 -2.5315433
338.30783 -2.54027
333.84338 -2.5492308
329.9582 -2.5559042
326.08804 -2.562736
321.39304 -2.5680478
315.8649 -2.5718136
312.03146 -2.57915
306.51718 -2.5832307
301.859 -2.589204
295.5048 -2.5918486
290.00726 -2.596403
286.23282 -2.6047282
279.38443 -2.6109538
272.54742 -2.6174922
265.72266 -2.6243668
259.8933 -2.624887
253.57198 -2.6288612
246.76949 -2.6365778
240.4608 -2.6410758
234.15724 -2.645816
229.21288 -2.6490269
222.91873 -2.6542306
217.56503 -2.6515908
211.7417 -2.6529787
206.803 -2.6567085
200.56505 -2.651587
195.62532 -2.655495
191.15434 -2.6549697
185.80035 -2.6518998
181.32977 -2.6512575
176.85925 -2.6505828
171.03566 -2.6522665
165.68338 -2.6487367
161.21321 -2.6479266
155.86368 -2.644025
149.64072 -2.6366324
145.1725 -2.63536
140.2212 -2.6402395
136.23688 -2.632565
130.89795 -2.6272922
125.06908 -2.6285098
119.2404 -2.6298463
113.41197 -2.6313205
108.074326 -2.6248724
102.24511 -2.6262238
96.4161 -2.6277387
91.949875 -2.6252978
86.61735 -2.6168814
81.29176 -2.6073616
75.97458 -2.596508
71.51818 -2.5914214
66.54157 -2.598424
61.56876 -2.6065586
56.60073 -2.6161215
50.27783 -2.6350625
45.3298 -2.650124
40.394573 -2.6688712
35.92264 -2.6677415
31.920767 -2.638432
27.45269 -2.6319969
22.98619 -2.6230605
18.522413 -2.6098151
13.223669 -2.548408
9.453278 -2.3990314
4.505011 -2.289045
1.1071533 -0.3619968
4.714941 0.8713642
9.652012 0.7540751
13.934354 0.865281
18.927279 0.8816535
23.085857 0.8029347
28.742012 0.7994834
34.3984 0.7971672
39.346924 0.7777156
44.29736 0.7945371
49.25781 0.8079738
54.196514 0.79286784
59.145523 0.7802873
65.51649 0.7699909
70.47936 0.76104116
74.76668 0.74351287
80.418915 0.74645835
84.618004 0.76511157
88.84375 0.7819958
94.50664 0.7971641
99.46648 0.80368716
105.12244 0.802703
111.476204 0.79537296
117.1279 0.78281736
123.4956 0.7772246
128.44157 0.7830447
133.39478 0.7778312
138.34103 0.78321314
143.294 0.7783539
148.24051 0.78335905
152.49251 0.77414167
158.14902 0.7745443
163.10745 0.7705387
168.06836 0.76676947
173.72426 0.76737607
178.68701 0.76391864
183.6518 0.76064813
188.61844 0.7575498
194.27315 0.7583606
200.65462 0.75569534
207.03741 0.75319433
213.42143 0.750843
217.7141 0.7450243
222.68892 0.74274874
226.99135 0.7373211
231.3002 0.7320954
235.61516 0.72706103
241.34726 0.7225779
245.67299 0.7179169
251.31726 0.7194347
257.8128 0.71285146
262.90915 0.70616865
267.89954 0.7049998
272.24414 0.7010735
276.5928 0.6972706
283.12305 0.6917854
288.25412 0.6860635
293.39432 0.68054193
297.7632 0.6773099
301.8343 0.6834843
306.83038 0.68283296
312.6034 0.6801855
317.60007 0.6796081
323.37564 0.6771064
327.90756 0.66992956
332.28616 0.66717297
337.455 0.66266066
344.21475 0.6547301
348.00043 0.65001005
354.9973 0.638614
358.80856 0.6342066
362.62665 0.6298919
365.8666 0.6234517
369.93744 0.61556053
372.0693 0.604964
374.80347 0.5966997
378.11893 0.5907554
376.74146 0.5804588
374.56277 0.57152873
372.4143 0.5624948
369.44617 0.5547794
365.64664 0.5483618
363.5775 0.538973
359.81607 0.532285
356.9365 0.52405065
353.58948 0.5132226
348.0503 0.50243646
344.78815 0.4911235
340.68408 0.48095033
337.07068 0.47317448
332.58466 0.46657953
326.7739 0.45842022
320.98572 0.44996604
315.64963 0.44406673
309.41956 0.43933535
304.10413 0.4330257
297.47754 0.4248219
292.19128 0.41799137
286.91913 0.41090944
278.51035 0.40449065
272.345 0.3982138
267.11545 0.39021742
261.90363 0.38190228
257.28043 0.36821356
252.47235 0.36283028
249.2013 0.3506722
245.96805 0.33819255
244.67001 0.32276943
243.43079 0.30718556
244.16763 0.28909248
248.00426 0.28449443
252.80717 0.27894327
256.92795 0.27839833
261.73904 0.2731485
265.59293 0.26908568
269.45108 0.2651391
273.77145 0.25330293
276.91956 0.23919483
282.0713 0.22382183
286.519 0.21314205
290.2227 0.20685892
294.72043 0.1967329
298.453 0.19082715
303.17874 0.18446055
307.91635 0.17828964
312.66534 0.17230594
317.4252 0.1665015
322.19543 0.16086875
326.9756 0.15540053
330.92798 0.15352972
335.87003 0.15125313
339.53278 0.14365475
344.34235 0.1387018
348.1691 0.1342688
351.749 0.1242943
355.47885 0.11731642
359.22565 0.11048377
362.98886 0.103792496
366.768 0.09723882
369.3902 0.08567257
372.0611 0.07427089
374.7797 0.06303316
375.5476 0.052235264
374.3609 0.041704234
372.21646 0.03119097
370.1136 0.020557055
369.05304 0.009776285
365.0356 -0.0010741141
363.06198 -0.012097651
359.11148 -0.02058584
354.18787 -0.029344825
349.29224 -0.038350046
344.37955 -0.04471003
339.5339 -0.054195166
335.59616 -0.05781621
330.72797 -0.064727016
326.80344 -0.06857225
322.88385 -0.072510906
318.8945 -0.07341964
314.90543 -0.07435139
309.99652 -0.07876646
305.0123 -0.080056325
300.02856 -0.08138905
296.042 -0.08248753
292.0558 -0.083616
288.06995 -0.0847757
283.17615 -0.08978949
278.28967 -0.09497949
273.31262 -0.09671444
269.43146 -0.101842225
264.45786 -0.10376439
258.59872 -0.11001385
254.73674 -0.115639776
249.7708 -0.11794954
244.80626 -0.120353
240.83566 -0.1223471
235.87383 -0.12493412
231.90553 -0.12708344
227.93837 -0.12930758
222.98103 -0.13219903
217.8931 -0.13067442
212.93674 -0.13373408
206.85706 -0.13281047
202.89297 -0.13542111
198.93033 -0.13813579
194.96921 -0.1409608
190.86887 -0.13871787
184.92836 -0.14320417
179.83704 -0.1416684
175.87802 -0.14487961
171.9209 -0.14823867
166.82823 -0.14673683
161.88362 -0.15125276
156.9425 -0.15605316
152.00525 -0.16116552
147.07224 -0.16662098
143.12917 -0.171256
139.0176 -0.16907147
135.07631 -0.17405435
130.15472 -0.18070714
126.04041 -0.1786061
120.94233 -0.17781396
117.00754 -0.18386073
113.077324 -0.19032809
109.152176 -0.19726089
104.053154 -0.1972543
100.13379 -0.205083
95.034935 -0.20549546
91.12275 -0.21445283
85.04791 -0.21797772
80.173515 -0.23146485
76.05081 -0.23073222
72.16261 -0.24340896
67.0694 -0.24690594
63.198265 -0.26237565
59.34423 -0.27985933
53.98903 -0.26983702
50.14511 -0.29110286
46.327625 -0.31588617
41.26876 -0.33049273
37.507694 -0.36510685
33.060184 -0.35179818
29.337563 -0.39879775
23.9535 -0.40290976
19.89228 -0.43551424
15.863022 -0.4847589
11.898238 -0.5671494
6.6817446 -0.717266
3.5465937 -1.2745395
4.2019 -2.8039114
8.985188 3.073884
13.45726 2.8701708
16.787481 2.6712525
20.555807 2.5415204
25.341509 2.478061
30.19674 2.434878
35.18817 2.4438546
40.826305 2.4317236
45.816498 2.4389613
50.70308 2.4169905
55.60983 2.3988895
60.53184 2.3837278
66.18674 2.3813748
71.155106 2.3895578
78.27827 2.4046016
82.59319 2.4192193
87.49449 2.4075902
93.22328 2.4196231
98.794975 2.401707
102.9814 2.3861136
107.91116 2.3781915
111.420876 2.358458
117.07771 2.3583488
122.03097 2.3640559
128.40196 2.369173
134.75853 2.3633134
140.41525 2.3630266
144.67409 2.3726013
149.61363 2.367333
154.57233 2.3715506
160.94756 2.3753364
165.22186 2.3834028
170.18997 2.386765
175.89178 2.3938184
180.92815 2.404506
185.90686 2.4070191
191.63156 2.41289
196.61389 2.415054
201.51593 2.4101062
205.83202 2.4158564
211.47908 2.4142613
216.46193 2.4161954
222.10886 2.4146683
227.75627 2.4132168
232.07558 2.4182587
237.05998 2.4199407
244.20866 2.4238756
249.29692 2.4310224
256.45544 2.4344604
260.79788 2.4385943
264.5023 2.4454873
269.62668 2.4516864
274.76105 2.4576542
278.49878 2.4639463
282.87048 2.4673038
287.71402 2.4629538
292.71097 2.463554
297.55902 2.4594088
301.92636 2.46262
306.2967 2.4657395
312.07526 2.4682624
316.4508 2.471204
320.21094 2.476518
324.59387 2.4792745
329.59302 2.47956
333.3669 2.4845698
337.9443 2.4912632
342.33975 2.4936879
346.9371 2.5000875
351.5483 2.5063193
355.3648 2.5107336
359.1881 2.515054
363.25024 2.523125
367.3355 2.5310168
371.44318 2.5387347
374.7449 2.5447867
377.50397 2.5529327
377.81104 2.5661476
377.6518 2.5815787
375.5423 2.590603
371.75165 2.5969539
367.97632 2.6034355
363.3551 2.6086562
357.88034 2.6126046
354.1435 2.6195056
350.4239 2.6265535
345.84857 2.6323462
339.92712 2.6394522
335.7849 2.649638
332.14273 2.6574085
327.17413 2.6666663
322.68448 2.673439
319.10587 2.6817973
316.45026 2.6917226
311.11444 2.6977096
306.64316 2.6979978
299.9905 2.7058985
295.09988 2.7093942
291.04987 2.7067575
285.74365 2.7135563
280.8613 2.7173626
275.0705 2.71982
270.19513 2.7238896
264.52713 2.7350323
260.20178 2.7445927
255.90099 2.7544754
254.05557 2.7727005
251.70308 2.786091
250.33891 2.801071
246.19083 2.8123162
243.97568 2.8265054
246.59073 2.8469565
251.09642 2.85655
255.62442 2.8658044
259.47556 2.8700023
263.06854 2.8777432
266.67688 2.8852754
270.54813 2.8890235
274.17838 2.896201
277.8224 2.9031901
281.71085 2.9065433
285.1496 2.9166315
288.83176 2.9230957
292.5257 2.9293969
296.43716 2.9322388
301.12695 2.9389381
305.8298 2.9454315
309.5632 2.9511185
315.27246 2.9578362
320.18958 2.9606895
325.91827 2.9670198
329.68808 2.9721143
333.63147 2.9741364
338.39972 2.979513
342.18982 2.9842834
345.98755 2.988949
349.64648 2.9963422
354.17886 3.0067668
357.8826 3.013807
361.6037 3.0207026
365.2291 3.0301776
368.78607 3.042163
372.5754 3.0485702
376.29446 3.0574958
380.11945 3.0636227
379.82883 3.074122
378.58176 3.0844858
377.3756 3.0949168
374.2121 3.1052206
372.08865 3.1157682
368.00735 3.1263535
363.97394 3.1344275
359.9682 3.1371257
355.9648 -3.1404912
351.97272 -3.1347964
346.00662 -3.1260083
342.0445 -3.1199794
335.09625 -3.113561
329.1287 -3.1100128
324.16483 -3.1064425
319.20523 -3.1027613
313.20984 -3.1020174
309.213 -3.1015058
305.2585 -3.0977073
299.31082 -3.0934901
294.36728 -3.0892801
289.42917 -3.0849264
285.49484 -3.0806358
281.50238 -3.07977
277.64267 -3.0716903
273.65256 -3.0706694
269.7365 -3.0659204
265.82675 -3.0610318
261.83994 -3.0598023
255.86044 -3.0578866
250.8783 -3.0562203
244.9007 -3.054131
240.91623 -3.0526807
236.9323 -3.0511818
232.04752 -3.0449443
228.06651 -3.043252
224.08618 -3.0414994
220.10657 -3.0396833
212.25752 -3.0311623
206.29512 -3.027957
198.46921 -3.01838
194.6281 -3.010755
188.681 -3.0066063
184.71817 -3.0036922
179.76695 -2.9998686
173.82918 -2.9949932
169.8731 -2.9915535
161.96738 -2.9841704
154.07141 -2.97603
147.17165 -2.9681911
141.26541 -2.960863
137.33244 -2.9556277
132.42188 -2.9486463
127.322914 -2.9488244
123.20562 -2.9505708
119.08872 -2.952438
114.790405 -2.9629984
109.519966 -2.9728594
103.43725 -2.9726486
97.35453 -2.9724116
91.44578 -2.9613638
86.34755 -2.9623775
79.281845 -2.95905
73.20008 -2.9576044
65.15392 -2.9502296
60.2527 -2.9344459
55.36914 -2.915872
50.508373 -2.893715
45.41658 -2.8880494
40.32661 -2.8809536
36.476276 -2.8526907
31.402048 -2.837852
26.672882 -2.7817562
21.656694 -2.7436686
16.690783 -2.6827793
13.223669 -2.548408
9.498392 -2.2497241
7.648702 -1.8305619
7.667193 -1.3021063
10.204894 -0.81011605
14.985481 -0.5158604
18.57008 -0.40940604
22.296436 -0.33793208
27.354511 -0.31181854
32.729065 -0.32311162
37.79325 -0.306194
41.909393 -0.30017528
46.64797 -0.33626407
51.08703 -0.34738526
55.5314 -0.35672733
60.57123 -0.3433707
65.95299 -0.3464022
71.68336 -0.362086
76.499275 -0.3802385
81.33742 -0.39623627
86.721954 -0.39525953
92.10657 -0.394397
96.185684 -0.38801578
101.57071 -0.38761765
106.41543 -0.39951
112.19158 -0.40680936
117.57497 -0.40560478
121.64679 -0.40018386
126.110245 -0.40243292
131.49416 -0.401535
135.95796 -0.4035768
140.42229 -0.40548876
144.88708 -0.40728292
148.9575 -0.40281007
153.81798 -0.4105587
158.18446 -0.42617545
162.58742 -0.44094983
167.024 -0.45494223
171.49161 -0.46820807
175.98784 -0.48079818
180.92361 -0.48527485
185.86284 -0.48951367
192.16003 -0.49565056
198.86493 -0.4945712
202.86282 -0.48955083
207.3335 -0.48899218
212.6878 -0.48625073
217.15881 -0.4857853
222.5149 -0.4832421
228.33655 -0.48470142
233.27498 -0.48809084
239.09814 -0.4893664
244.5145 -0.4961156
250.33986 -0.49714717
255.76839 -0.5034346
260.82486 -0.5146774
265.91302 -0.5254913
269.66092 -0.53460294
273.4306 -0.5434641
277.22116 -0.5520837
281.03174 -0.56047004
286.01483 -0.56191987
291.53372 -0.5662202
297.0578 -0.57036066
302.29364 -0.5789244
306.192 -0.57451063
310.63705 -0.5729179
315.0829 -0.57137
318.99106 -0.56722575
324.21817 -0.5752608
329.20673 -0.57629645
333.07108 -0.5830942
337.50763 -0.5921981
342.79663 -0.5994153
346.46146 -0.6097028
349.5822 -0.61744547
352.7236 -0.6250506
355.07898 -0.63418597
359.06595 -0.6398595
362.26587 -0.64706874
366.27838 -0.6524901
370.9136 -0.6599273
374.16458 -0.66673476
375.87125 -0.67674315
375.29993 -0.69172776
373.5175 -0.7026826
370.47406 -0.7096604
367.3547 -0.7205941
364.27997 -0.7317137
361.31375 -0.73911065
358.36758 -0.7466296
354.75803 -0.7522185
350.4342 -0.7598837
344.74545 -0.76356596
340.4755 -0.7674466
334.79675 -0.7713667
329.11224 -0.77971894
324.86462 -0.7839979
319.2089 -0.7884035
314.2728 -0.79520077
310.04764 -0.799896
305.8601 -0.8093437
301.70062 -0.8190528
296.83386 -0.8267564
293.3978 -0.83447874
289.97964 -0.8423836
285.92142 -0.8531052
281.13724 -0.86182463
275.49722 -0.8633924
269.9741 -0.8702475
263.19037 -0.8832328
257.85883 -0.8962924
253.02083 -0.90123487
248.97728 -0.90884644
243.36447 -0.91170865
239.34163 -0.9198035
237.7434 -0.9357369
235.87085 -0.961248
235.26228 -0.9800563
238.59482 -0.989394
242.4906 -0.99500704
247.7426 -0.98467225
252.73454 -0.98353773
256.6222 -0.98893034
259.97327 -0.99738646
264.18747 -1.007654
268.42862 -1.017598
272.69553 -1.0272318
276.98697 -1.036568
279.43652 -1.050017
283.296 -1.0618608
287.19412 -1.0733846
290.24567 -1.0829885
294.67178 -1.0909413
299.116 -1.0986583
303.1346 -1.1017215
308.04962 -1.1061634
312.97113 -1.1033211
316.5471 -1.1090155
321.01923 -1.1089894
325.94376 -1.1130778
330.4158 -1.1129975
334.90823 -1.119596
338.51242 -1.1247486
343.03 -1.1310368
347.5608 -1.1371613
350.4642 -1.1535136
353.72476 -1.160681
357.0032 -1.1677172
360.29895 -1.174625
363.99243 -1.1788657
367.31534 -1.1855414
370.28577 -1.1946064
373.28613 -1.2035264
373.743 -1.2154369
373.58395 -1.2323576
371.95377 -1.2450379
370.69302 -1.2552612
366.58032 -1.2544683
362.1572 -1.2562809
358.0442 -1.2554808
353.9314 -1.254662
349.84824 -1.2628632
345.4309 -1.264871
339.46622 -1.271671
335.05527 -1.2738571
328.82785 -1.2839483
324.4264 -1.2863728
318.24237 -1.2970444
312.09604 -1.3081377
308.17575 -1.3181447
303.80423 -1.3212277
299.4357 -1.3244005
294.58923 -1.3202608
290.71582 -1.3168496
286.59286 -1.3167205
281.5022 -1.3156943
276.16013 -1.3181334
271.78876 -1.3215793
266.45087 -1.3242252
262.08548 -1.3279003
257.72372 -1.3316998
251.18839 -1.3376465
245.86284 -1.3408624
241.74022 -1.3411189
235.44316 -1.3435887
231.32072 -1.3439054
226.00047 -1.3475515
220.46786 -1.3558003
216.13608 -1.3608924
209.85223 -1.3642563
205.33292 -1.3745613
199.67073 -1.3893279
195.37944 -1.3957014
191.09642 -1.402361
186.66412 -1.4146132
181.41785 -1.4212164
176.32483 -1.4225986
171.0888 -1.4298451
165.86235 -1.4375489
158.66219 -1.4441812
151.46965 -1.4514438
145.39354 -1.453359
138.44418 -1.4474348
133.4836 -1.4428257
127.53496 -1.4368216
123.57195 -1.4324977
119.47309 -1.4361724
115.51054 -1.4315245
109.57179 -1.4239228
105.616486 -1.4183803
98.703354 -1.4076126
94.75873 -1.4007546
87.69069 -1.3984854
83.75273 -1.3902965
76.687416 -1.386738
72.75867 -1.376676
63.951275 -1.3495249
57.879093 -1.3436298
50.837284 -1.3317835
46.71426 -1.3323101
41.620068 -1.3272773
35.318317 -1.3412727
28.835154 -1.3952693
23.588207 -1.4417555
19.498615 -1.466219
15.392131 -1.5684965
10.57616 -1.7576389
7.5217595 -2.125962
5.5108385 -2.692587
5.5108385 -2.692587
