Stilus
16
11.807967 1.35773
18.660646 1.3460501
30.615498 1.340139
38.69429 1.3293706
45.17977 1.3195025
51.574753 1.3107722
56.652454 1.3123
61.040825 1.3143843
66.14848 1.3190172
73.92532 1.3459879
79.17598 1.3352596
84.30406 1.3009763
91.54137 1.2816924
99.39812 1.2632349
106.87152 1.244776
113.58733 1.2347784
118.70957 1.2320241
123.402695 1.2044806
130.81111 1.1852598
137.22299 1.1865797
142.5142 1.1882423
149.5673 1.1784465
157.05215 1.1636128
163.60614 1.1477556
167.37437 1.1307887
171.84877 1.1100651
178.61179 1.087955
184.99124 1.080274
191.477 1.0806211
197.99123 1.0752656
204.54088 1.0648463
210.31491 1.0569794
214.30238 1.043237
218.17426 1.0310808
222.48183 1.016438
227.8514 1.0045469
233.60626 0.99597657
241.33629 0.9843189
249.35194 0.9709717
256.9152 0.95777804
264.25122 0.94479483
271.5971 0.93257546
278.9902 0.9209854
284.8722 0.9012854
290.77774 0.88552153
295.2961 0.8682717
299.27237 0.8578097
304.14627 0.8444045
307.99362 0.83045334
310.8708 0.8203796
316.78818 0.8085733
321.56253 0.8003013
325.52786 0.7949385
331.86765 0.7883867
336.98346 0.78364086
341.81985 0.7782714
346.35965 0.7734972
351.6948 0.768148
357.41522 0.76048857
361.51315 0.75543875
364.64252 0.74552023
367.75946 0.73110414
370.7601 0.717399
374.14456 0.7011569
378.83508 0.68392426
381.82095 0.6717138
384.69476 0.6559057
386.68335 0.632601
388.7748 0.62189716
392.25858 0.6073987
395.08994 0.59211963
397.31683 0.56852514
398.41785 0.5504101
397.54254 0.5370704
395.71793 0.52677083
395.32132 0.5148732
393.6312 0.5019846
392.26022 0.4901985
388.93948 0.47807318
385.07742 0.4656977
382.75256 0.4534623
381.75128 0.44273472
379.3891 0.428626
377.69263 0.41868842
374.6662 0.40519527
371.56198 0.39415482
369.67383 0.38168734
367.84186 0.36908054
365.8106 0.35444784
363.76968 0.33896315
361.979 0.32464075
359.96768 0.3076065
357.7469 0.297113
352.9539 0.28135112
347.03625 0.26834688
339.95804 0.25886545
334.29108 0.25323313
329.18082 0.24473096
324.10318 0.2327348
319.10547 0.22042154
312.44485 0.20881285
305.5552 0.19687086
298.72208 0.18439023
291.94214 0.17133217
285.60532 0.17161351
279.28165 0.16100614
274.07687 0.15335594
266.68073 0.142679
262.01895 0.13315056
253.35349 0.113885485
245.60815 0.09701462
238.47108 0.078910716
231.24855 0.06724175
224.14386 0.060441878
218.14864 0.057516467
211.95016 0.041573443
206.56256 0.02329245
200.62166 0.012701038
194.6533 0.0028232825
188.06404 -0.0077041136
183.88867 -0.013313117
179.85013 -0.019168949
171.90738 -0.031683635
166.01611 -0.044854984
158.36111 -0.053342804
154.09245 -0.054821964
146.14902 -0.057804868
142.13205 -0.059440456
134.86284 -0.06264844
130.15251 -0.06491887
122.472855 -0.068995886
114.13015 -0.059016284
110.11598 -0.058562174
102.03954 -0.046322502
96.04506 -0.046312876
90.27736 -0.038195234
82.282455 -0.04190852
77.06174 -0.044749543
73.03572 -0.047218103
68.0962 -0.050646015
64.056 -0.053843405
58.785828 -0.0586758
53.36415 -0.06464506
46.398262 -0.07436714
42.10677 -0.06495431
34.04543 -0.042569302
28.009897 -0.016053801
23.754068 0.023137491
16.917013 0.13412556
10.48058 0.3452782
5.37944 0.34728497
1.2242438 -3.0067744
7.6414857 -2.712844
13.408544 -2.6644297
19.48602 -2.7144535
25.887632 -2.7399335
31.990627 -2.775856
39.254776 -2.7987072
45.03372 -2.838543
51.25252 -2.8406334
57.36336 -2.8509748
65.302376 -2.8713033
73.27636 -2.8872697
79.58378 -2.8948922
84.42979 -2.9093206
90.25093 -2.9131987
97.29388 -2.9194772
101.202194 -2.9281905
109.02605 -2.9437158
116.12439 -2.955957
121.83774 -2.9730814
128.48434 -2.9818754
134.40862 -2.9889717
142.18256 -3.0044742
150.0144 -3.0168264
154.30255 -3.0218296
161.48804 -3.0396307
169.09326 -3.0597706
173.22913 -3.0697167
177.11179 -3.081218
181.05316 -3.089415
188.14215 -3.106046
194.06505 -3.122658
200.76112 3.1400702
208.05858 3.120826
214.07681 3.1156847
220.11584 3.1083603
226.92073 3.1039348
233.20775 3.096374
239.81267 3.0866683
248.03328 3.0723503
252.45174 3.0650725
260.85397 3.04829
267.32062 3.0317724
273.83994 3.01606
280.31763 3.0045736
287.65994 2.9975698
294.09845 2.9939058
302.24158 2.9878368
307.7287 2.9836512
315.2533 2.9722233
319.88724 2.962
324.7351 2.9490647
329.79065 2.936204
333.9451 2.9243011
339.52625 2.9150648
344.5645 2.9035387
349.90384 2.8895638
354.31284 2.875325
355.6589 2.8642964
357.02484 2.8511574
359.43723 2.8386662
361.60236 2.8289192
363.80035 2.819298
365.34317 2.8068826
366.14767 2.792556
368.2466 2.777217
370.69272 2.7659504
373.3964 2.7566226
376.0638 2.7463202
378.59 2.7372766
381.04547 2.722472
382.54895 2.7074866
384.26813 2.6979346
386.54886 2.6856773
390.1091 2.6730437
392.20023 2.6626167
392.8655 2.6485147
393.13345 2.636643
394.26184 2.621207
393.63977 2.605574
391.43793 2.590327
390.53854 2.5740592
389.47916 2.5593789
387.16925 2.5461142
384.8803 2.535417
380.61902 2.524093
377.01816 2.5147567
373.9155 2.5079913
371.26678 2.499383
367.74466 2.485359
363.64548 2.4696462
360.69565 2.4567766
356.26074 2.4421015
352.61966 2.4333808
347.33484 2.4241009
344.27252 2.4163122
340.7679 2.4102356
335.4443 2.3967931
332.3226 2.3839672
328.17987 2.3752258
323.73288 2.3672323
317.5057 2.356799
312.42776 2.345016
307.74026 2.3293128
303.62225 2.3148901
299.46356 2.2996795
294.75372 2.2867804
290.85834 2.271247
286.53992 2.2531757
281.87805 2.2383077
276.14655 2.2235272
270.93503 2.2103987
265.4095 2.1990738
259.04425 2.191469
251.90018 2.1867595
244.47417 2.179241
237.42192 2.1733077
230.46297 2.167727
226.02505 2.1480415
220.12857 2.1401334
213.0041 2.128324
205.01315 2.1129172
197.17232 2.0956705
191.10423 2.082548
183.94635 2.068457
175.90991 2.053176
170.69879 2.0244875
164.62471 2.0007603
156.99182 1.9826638
148.47691 1.9693774
140.50787 1.9625049
132.87198 1.9455458
127.58068 1.927427
120.27958 1.9168158
112.97441 1.9025899
105.404976 1.8958712
98.118195 1.8993167
91.877045 1.9087433
83.93754 1.8978628
76.33218 1.8723269
70.443855 1.8509158
65.10241 1.8426024
60.755634 1.831749
56.511833 1.8316466
51.42702 1.8060075
45.71537 1.779864
39.489132 1.69343
33.204193 1.5959094
28.743841 1.5534216
23.001972 1.418234
17.53963 1.1427131
15.575905 0.78789747
14.552158 0.42255408
16.277336 -0.015089373
19.500631 -0.32546365
24.553186 -0.522231
28.943506 -0.62508523
34.906845 -0.68325955
41.930202 -0.7342273
50.37283 -0.76786673
58.86167 -0.7945283
65.40585 -0.806694
70.32218 -0.83034736
76.461105 -0.8221323
81.71055 -0.828438
89.42718 -0.84690493
97.34457 -0.8637928
106.00809 -0.88404983
110.38429 -0.89304316
116.65594 -0.8945405
125.35203 -0.89714646
134.12326 -0.9110779
141.83064 -0.9334842
148.07031 -0.95610344
153.19917 -0.9652971
160.20638 -0.9788744
165.54822 -1.000415
169.99321 -1.0101784
176.96597 -1.0215473
183.46606 -1.0304435
188.61665 -1.0344706
193.41673 -1.0431935
200.29897 -1.0516521
206.90013 -1.0642785
213.05612 -1.0802387
219.85068 -1.0838664
226.57692 -1.0920844
233.0768 -1.1017057
239.76201 -1.1111445
246.53104 -1.1201957
253.80405 -1.1274893
260.79614 -1.1380737
267.4032 -1.1494572
274.48932 -1.1609977
277.87344 -1.1692533
285.14557 -1.180965
288.57382 -1.1886777
293.9814 -1.2069528
299.496 -1.2246052
304.39655 -1.240838
310.17535 -1.2540331
314.60587 -1.261947
319.89597 -1.2745651
323.86783 -1.284741
328.1911 -1.294171
331.93253 -1.3012568
337.46765 -1.3088505
341.18088 -1.3163072
346.41666 -1.324344
351.28983 -1.3362057
356.36658 -1.3432282
359.94946 -1.3562226
365.76825 -1.3736187
369.36136 -1.3838309
372.98935 -1.3938166
377.72052 -1.406775
381.11407 -1.4221854
384.64056 -1.4360158
387.60657 -1.4526507
389.94437 -1.4681367
391.53186 -1.4794896
393.1563 -1.4906899
394.7252 -1.5055808
395.4347 -1.5183634
395.45404 -1.5310184
396.0305 -1.5436676
396.1956 -1.5541207
398.14273 -1.5664135
398.14914 -1.5779619
398.21933 -1.5908948
395.64752 -1.6067749
392.743 -1.6200941
390.14435 -1.6329259
387.49722 -1.6462684
385.92267 -1.659539
386.14258 -1.6724322
383.0452 -1.6884236
381.86807 -1.7006248
377.45868 -1.717528
374.16028 -1.730296
369.41498 -1.7474478
365.21948 -1.7641194
361.151 -1.772661
358.83755 -1.7874295
355.62857 -1.798845
350.49246 -1.8110394
345.6469 -1.8234177
341.3607 -1.8357439
338.02902 -1.8445517
333.78058 -1.8543555
329.50793 -1.8640947
323.33337 -1.8726617
317.9898 -1.8820274
312.59836 -1.8909447
306.29126 -1.9012251
300.95044 -1.9108366
297.29572 -1.9187605
292.24167 -1.9286869
287.00848 -1.9392425
281.41574 -1.9469267
274.39554 -1.9540557
268.05978 -1.9626477
263.075 -1.9663725
256.63278 -1.9768783
249.30927 -1.9895439
242.05122 -2.00293
236.11603 -2.0192435
232.30118 -2.02716
225.36801 -2.0423195
218.30241 -2.0588934
210.38872 -2.078973
206.89888 -2.0883925
201.21828 -2.0987859
193.31796 -2.1107001
189.37466 -2.1170428
184.80716 -2.1257668
180.68237 -2.1334345
175.92924 -2.143795
172.58089 -2.1563644
164.84042 -2.1730573
156.71152 -2.187497
148.49309 -2.2021499
144.08612 -2.2073362
135.73491 -2.2231312
131.15593 -2.2306573
124.88936 -2.2428799
116.218475 -2.2573004
107.52096 -2.2756875
102.44056 -2.2924252
94.6168 -2.3094158
85.504 -2.3150547
77.505165 -2.354077
68.564804 -2.4028058
63.502235 -2.4204764
54.41129 -2.444222
46.049507 -2.4335039
36.83617 -2.433704
28.193108 -2.4637554
20.452324 -2.5312746
13.057153 -2.6894085
7.7649736 3.105506
7.2996993 1.7331244
12.380346 1.0188212
12.380346 1.0188212
