Mouse
54
16.205732 1.7128571
20.173388 1.6847801
24.151718 1.665942
28.136192 1.6524354
32.124523 1.6422813
36.11544 1.6343706
40.108162 1.6280345
44.102207 1.6228459
48.09724 1.6185192
52.093037 1.6148561
56.08943 1.611715
60.086304 1.6089917
64.12716 1.6221929
68.17787 1.6338272
72.23676 1.6441553
76.30255 1.6533837
81.370094 1.6605624
85.354744 1.6563612
89.42797 1.6636801
93.50556 1.6703609
97.486565 1.6662823
101.56554 1.6723285
106.642265 1.6769052
110.72715 1.6820596
114.70328 1.6781876
118.68101 1.674575
122.66019 1.6711968
126.64068 1.668031
131.44621 1.6491935
135.36195 1.6395142
139.28966 1.6303799
143.22835 1.6217473
147.17714 1.6135774
151.17358 1.6124457
155.1702 1.6113724
159.13058 1.6040736
164.1279 1.6030601
168.12587 1.6022927
173.09576 1.5956086
177.09456 1.5950483
182.07228 1.5888916
187.04697 1.577717
192.0427 1.5723296
196.04375 1.5671974
201.04971 1.5623131
206.06024 1.5576661
210.07516 1.5531564
215.0744 1.5535663
220.07367 1.5539578
225.09166 1.5498898
229.0908 1.5502548
233.11232 1.5463184
238.1369 1.5426342
243.19835 1.5349927
247.23306 1.5315297
252.36252 1.5204287
256.58688 1.5056435
261.7852 1.4954513
268.006 1.4859744
272.1661 1.4798975
276.2411 1.4776068
281.31296 1.4757214
285.39047 1.4735638
290.56494 1.4683837
294.7527 1.4630213
300.05634 1.4548734
304.51236 1.443345
308.8711 1.435357
313.10782 1.4307528
318.34064 1.4267241
322.58942 1.4223688
327.6824 1.4216071
332.7756 1.4208688
338.02048 1.4172277
343.26968 1.4136981
347.86215 1.4041398
352.31186 1.3976259
357.13867 1.3857647
361.82043 1.376932
364.57077 1.3672224
368.33237 1.3582335
372.12314 1.3494269
374.9686 1.3401906
377.84555 1.3310943
379.78415 1.321488
380.7908 1.3113081
381.1412 1.2979553
379.35867 1.2856699
376.38528 1.2750317
373.7582 1.2616744
370.5694 1.2532493
367.10748 1.2386448
364.32788 1.2272803
360.31125 1.2173799
356.91214 1.2108723
352.59503 1.2032233
347.93365 1.1980593
343.28183 1.1927551
338.6399 1.1873053
334.00833 1.1817042
328.4647 1.1747746
324.77792 1.1700237
321.09866 1.1651638
317.42722 1.1601913
312.84915 1.1538117
306.55386 1.1518499
299.75867 1.1453978
295.70343 1.1428957
292.0688 1.1372126
288.44382 1.1313865
283.49603 1.1270759
278.5537 1.1226124
274.0561 1.1147064
270.4707 1.1081927
266.00558 1.099804
261.98895 1.0962772
256.20166 1.0890487
251.3115 1.0833567
247.31096 1.0793539
242.4353 1.073258
238.44522 1.0689372
233.58572 1.0623931
229.60736 1.0577172
224.27058 1.0545433
219.4344 1.0472587
215.4732 1.0419972
207.91795 1.0374702
203.45691 1.0359398
196.76628 1.0335141
192.30655 1.0318034
186.99081 1.0272582
181.67915 1.0224471
174.99591 1.019204
169.69185 1.0138011
164.39307 1.0080496
159.94347 1.0052832
154.11443 1.004334
148.82544 0.9976439
141.07602 1.0043585
135.24713 1.003237
128.03763 1.0043882
123.58993 1.0006764
116.92189 0.9945792
111.64444 0.9851991
106.942245 0.96715003
102.27809 0.9474479
98.458405 0.93197775
93.458466 0.93222827
87.65744 0.9257099
82.65744 0.925614
76.25735 0.9280956
70.45938 0.91964585
64.66735 0.9096816
59.51151 0.8846188
53.88539 0.89501804
48.11421 0.8786633
43.120808 0.87302643
35.96178 0.8510582
28.909672 0.8671072
23.175655 0.82619977
16.794094 0.7995842
11.851936 0.745827
6.2035475 0.70974463
1.7060953 0.02490181
5.4627304 -2.004259
10.4052 -2.1046166
15.946279 -2.1930392
20.94542 -2.1981134
25.368258 -2.1693852
30.364044 -2.1767783
36.184486 -2.1662207
41.753235 -2.191807
48.960987 -2.1869464
53.385544 -2.1742203
59.206062 -2.1680193
65.86057 -2.154454
71.14329 -2.1391816
75.06409 -2.1217248
80.37643 -2.1103616
87.579765 -2.1143482
92.03833 -2.1104698
96.498146 -2.1069498
103.700226 -2.1105537
109.02059 -2.1027205
115.87929 -2.1180232
123.08475 -2.1204114
129.76945 -2.115973
135.60034 -2.1157684
142.80511 -2.1179407
150.01048 -2.119904
154.46678 -2.1174328
159.44406 -2.1204658
164.75485 -2.1149628
169.21289 -2.112837
173.67163 -2.1108205
177.62062 -2.1040704
182.0822 -2.1023617
186.54427 -2.1007347
191.8711 -2.0965562
195.83607 -2.090722
199.80745 -2.0851197
203.78485 -2.0797358
207.76793 -2.074558
212.72032 -2.077832
217.5824 -2.0706909
223.40869 -2.0717483
228.35909 -2.074859
234.18628 -2.075764
239.13937 -2.0786512
244.96732 -2.0794263
249.9228 -2.0821164
255.75134 -2.0827796
260.21835 -2.0819492
262.75476 -2.067863
266.27756 -2.0607
269.3507 -2.050436
272.90558 -2.0436723
276.47266 -2.0370827
280.0514 -2.0306613
283.6414 -2.0244024
287.24225 -2.0183
290.85352 -2.0123491
295.38168 -2.0051153
299.4321 -2.0025237
303.98053 -1.9956409
307.62936 -1.9902815
312.20248 -1.9837584
315.47498 -1.9757665
318.7672 -1.9679393
322.4596 -1.9631412
327.08527 -1.9572964
331.7218 -1.9516146
336.36874 -1.9460896
340.0935 -1.9417785
344.75812 -1.9365207
348.49652 -1.932416
352.8297 -1.9247514
357.18314 -1.9172732
360.6132 -1.9108981
364.3865 -1.9072362
367.51602 -1.8985062
371.31094 -1.886522
372.95068 -1.8738289
374.64996 -1.8612489
376.408 -1.8487843
376.2945 -1.8378329
376.22614 -1.8268763
375.23294 -1.8165637
375.02097 -1.8029826
374.1208 -1.7925775
373.05283 -1.7795025
372.24463 -1.7689899
370.49533 -1.7589362
365.65445 -1.747549
361.54108 -1.7467716
357.60352 -1.7487298
353.48978 -1.7479484
349.37628 -1.7471486
344.91934 -1.7406204
340.64133 -1.7368181
336.36838 -1.7329192
331.94464 -1.7259451
326.5485 -1.7192345
322.29965 -1.7149328
317.91925 -1.7074014
313.55737 -1.6996601
309.337 -1.6949099
305.1238 -1.6900284
300.91812 -1.6850104
296.72018 -1.6798503
292.5304 -1.6745423
287.16388 -1.6624907
280.925 -1.6538122
275.70547 -1.6444721
271.64362 -1.6418847
266.51923 -1.6357319
261.40533 -1.6293383
255.3039 -1.6228929
251.25848 -1.6197473
246.2167 -1.6166843
242.17642 -1.6133171
237.13974 -1.6100003
233.10513 -1.6063862
229.07368 -1.6026449
224.0201 -1.5944322
218.99962 -1.5904069
212.96988 -1.58157
208.96153 -1.576991
204.95773 -1.5722328
200.95773 -1.5722615
195.95879 -1.5671958
190.95882 -1.5671015
186.95885 -1.5670224
181.95888 -1.5669187
177.95892 -1.5668316
173.95895 -1.5667404
169.95898 -1.5666449
164.95903 -1.5665191
159.95908 -1.5663854
154.95912 -1.566243
149.95918 -1.5660913
144.95923 -1.5659289
139.96791 -1.5586106
135.96822 -1.5582521
131.98526 -1.5502958
128.01115 -1.5418451
123.04753 -1.5325451
119.09427 -1.52287
115.15292 -1.5125315
111.15996 -1.510436
106.169495 -1.5075952
102.17779 -1.5051227
98.18677 -1.5024492
94.272964 -1.4889683
89.29063 -1.4843912
84.31039 -1.4792734
79.33263 -1.4735131
74.35786 -1.4669818
69.38671 -1.4595143
65.412964 -1.4527234
61.442616 -1.4450544
57.35088 -1.4536065
53.380363 -1.444845
49.414604 -1.4346763
44.466034 -1.4194168
40.51627 -1.4045283
36.577423 -1.3864284
32.65345 -1.3639693
28.750435 -1.3353947
23.655891 -1.3272043
18.842134 -1.2631577
13.785487 -1.222452
7.465063 -1.199922
3.4140706 -1.0476943
2.1609142 1.2381845
6.0835347 1.454555
10.046796 1.6001067
14.228692 1.7327574
19.325356 1.7421051
23.642904 1.7966447
28.009008 1.8342656
32.0954 1.9303986
36.546307 1.9431078
41.38525 1.9754775
45.850372 1.9812256
50.316734 1.9859533
54.784042 1.9899102
60.099808 2.023627
64.5717 2.0243762
69.488205 2.0379603
74.85462 2.0317338
78.886894 2.0205338
83.35863 2.02128
87.39902 2.0116532
91.87005 2.0127625
95.91682 2.0043492
100.38702 2.0056899
104.85738 2.006916
109.75507 2.016296
115.1294 2.0132582
120.5047 2.0104911
126.30746 2.0151334
130.77878 2.0157936
135.68419 2.0230606
140.15604 2.023424
145.96542 2.0269265
152.22249 2.0360491
157.14577 2.0416906
162.50967 2.0386994
168.32584 2.0412092
173.25327 2.0461798
177.7251 2.0458844
183.58784 2.0601375
188.5301 2.0642097
193.07825 2.0750966
196.7784 2.087983
201.37366 2.0978827
206.84787 2.1048687
211.81866 2.1074467
216.45036 2.116243
221.0981 2.12467
226.60773 2.130398
232.12445 2.1358542
237.1094 2.1375065
240.95517 2.147056
245.65627 2.154055
251.20052 2.1585763
255.09259 2.1672778
260.08716 2.1681814
264.82248 2.174298
269.81854 2.175039
274.81476 2.175753
280.3816 2.1793737
285.952 2.1828537
290.94955 2.183394
294.8935 2.190592
301.0589 2.1963933
305.83667 2.201251
310.62143 2.2059593
316.8122 2.2111728
322.4107 2.2137084
327.2129 2.2179954
332.0209 2.2221587
335.25113 2.2298388
339.90503 2.2378652
343.95636 2.2434042
347.2397 2.2506206
351.17578 2.2599032
353.73264 2.268631
357.83978 2.2736046
360.43814 2.2820725
364.47318 2.2906737
368.53455 2.2990859
371.20895 2.307128
373.90698 2.3150544
377.31204 2.3248024
380.0615 2.3324745
382.83298 2.340036
384.91345 2.349309
384.2041 2.3621795
382.8389 2.3732839
380.1076 2.3845713
377.37177 2.392276
374.65866 2.4000928
371.96878 2.408023
369.30264 2.4160686
365.90778 2.4224339
362.63354 2.4328077
357.86935 2.4397767
353.12302 2.4469333
349.0306 2.4520698
344.94757 2.457328
340.87433 2.4627125
337.59354 2.470074
332.14035 2.4762397
328.10315 2.4820676
323.28406 2.4861596
319.26645 2.492274
314.26654 2.4921815
307.8655 2.4927082
303.06116 2.4972425
296.06195 2.5006
292.0739 2.507482
286.70364 2.515332
281.1197 2.5185208
273.56503 2.5256667
268.23804 2.5344205
262.9324 2.5435283
258.20602 2.5497892
253.77496 2.5617447
249.92043 2.5707493
245.24092 2.5778637
240.04774 2.5887923
234.02808 2.5980008
229.39929 2.6061604
224.7864 2.6146555
220.19041 2.6235058
215.72505 2.6223779
210.39293 2.6188388
205.92877 2.6175559
201.10602 2.6094203
197.15524 2.6034966
192.18372 2.6062336
187.2137 2.6091163
181.89241 2.6046343
177.94778 2.5979648
172.63632 2.5928988
167.65944 2.595722
163.20284 2.5934715
155.66884 2.586488
151.21594 2.583787
144.85847 2.5889442
140.21722 2.6019938
136.4674 2.619611
130.14249 2.6270978
125.676346 2.6252892
120.7184 2.6305435
115.38119 2.6244678
109.062065 2.6336837
103.23437 2.6355195
97.89393 2.6286302
92.55866 2.6209462
86.237015 2.6323428
81.28476 2.6405761
74.98618 2.6553366
69.1645 2.6599007
64.23486 2.6724412
58.42019 2.6795485
52.609116 2.6882265
45.90132 2.6897292
41.429527 2.6910012
37.40275 2.6684928
32.48623 2.6945958
28.459 2.665522
23.987274 2.663206
19.140533 2.5892642
14.69131 2.5623012
9.706917 2.5953586
4.484415 2.3959332
2.6609552 0.8750478
5.800022 0.18071944
12.705637 0.0033434408
17.73144 -0.054027513
21.793657 -0.08994182
25.875143 -0.11454999
31.27817 -0.19163981
35.39609 -0.19785006
39.728554 -0.22742343
43.672092 -0.30123544
47.81365 -0.36254886
53.198032 -0.36436656
58.020863 -0.3881123
64.59916 -0.43047717
69.49418 -0.44568884
74.40317 -0.45889598
79.32352 -0.4704665
83.795555 -0.47010255
88.2676 -0.46977553
93.19635 -0.47904924
99.960945 -0.5003841
107.54447 -0.49363202
112.01468 -0.49243507
118.72026 -0.4908087
124.07411 -0.48603094
131.2498 -0.4916238
135.72025 -0.49070206
144.66145 -0.4890295
151.3676 -0.48790476
158.0739 -0.48687547
162.54486 -0.48623645
169.3147 -0.49854508
173.30905 -0.49257702
178.25378 -0.49679437
183.20154 -0.50078404
187.765 -0.5118006
192.72282 -0.5152076
199.04724 -0.52031785
204.51189 -0.5275645
209.9867 -0.5344337
213.75896 -0.5457716
218.93538 -0.5581792
222.46278 -0.5748635
226.32758 -0.58489174
230.76752 -0.58254784
235.20866 -0.58029246
239.106 -0.5746181
244.09439 -0.5760279
250.18051 -0.58407974
255.45273 -0.5939322
260.18262 -0.60022056
265.74478 -0.6041399
271.31088 -0.60789853
276.6395 -0.616541
281.98798 -0.62485623
287.57352 -0.62800074
295.36682 -0.62976414
300.36636 -0.6299928
305.15054 -0.63479275
309.13965 -0.6413748
313.93985 -0.64586675
321.549 -0.6514088
326.97336 -0.65800637
332.41147 -0.6643884
337.8627 -0.6705648
342.70117 -0.67426944
346.76587 -0.67967945
350.84048 -0.68496394
354.15408 -0.6919246
357.36493 -0.70269835
362.02707 -0.7135606
366.06912 -0.72209907
370.06226 -0.7342663
372.75424 -0.7422322
376.8829 -0.7502159
379.62137 -0.7579241
382.38208 -0.7655214
385.8635 -0.7748645
386.5502 -0.7876883
385.91016 -0.804184
383.9146 -0.8171787
381.247 -0.8285374
379.29745 -0.8380914
376.63364 -0.8459863
374.74817 -0.8557463
371.48907 -0.86590916
368.26904 -0.87625074
364.94864 -0.8829184
361.64478 -0.8897082
356.17154 -0.89531094
352.1146 -0.90062475
348.0678 -0.9060623
342.01752 -0.91445947
335.99225 -0.9231584
331.39236 -0.9315502
327.4071 -0.93771076
323.4346 -0.9440229
317.85004 -0.94683415
311.68723 -0.9523552
306.35294 -0.95997596
301.60526 -0.96513534
296.86588 -0.97045964
291.57596 -0.9787971
287.69266 -0.9864555
282.98883 -0.99239695
278.29532 -0.99853903
271.3884 -1.0040505
265.86905 -1.0086658
258.45175 -1.0179976
252.09738 -1.0210872
247.1198 -1.0229821
240.25313 -1.0299091
235.27998 -1.0320859
230.30801 -1.0343568
224.82988 -1.0405563
219.86264 -1.0431265
213.5307 -1.0475209
207.20314 -1.0521836
200.88037 -1.0571401
194.07806 -1.0669196
186.89343 -1.0701616
181.94577 -1.0740744
175.17886 -1.0855658
170.7078 -1.0850005
165.7717 -1.0897375
160.83955 -1.0947652
155.4608 -1.1058438
149.20403 -1.1147811
144.29465 -1.1212398
138.06058 -1.1315958
132.26079 -1.1360507
126.46386 -1.140914
120.67021 -1.1462444
116.20162 -1.1477487
111.328 -1.1575699
105.03148 -1.1520693
98.330505 -1.1551328
91.630585 -1.1586443
87.56765 -1.1508095
82.18695 -1.1482233
76.806885 -1.1452748
71.84923 -1.1292244
66.04924 -1.1379367
60.67211 -1.1332921
55.296543 -1.1277442
49.923042 -1.1210018
44.119175 -1.1329631
38.744083 -1.1249993
33.855732 -1.1540115
27.712648 -1.2129887
23.270334 -1.2332927
18.842134 -1.2631577
14.441037 -1.3112938
10.318542 -1.3054905
5.9991555 -1.4529126
2.346794 -2.155048
5.674747 2.7734058
10.574172 2.644505
14.603203 2.7149928
18.67335 2.7548854
22.428764 2.8221965
26.256521 2.8700495
31.102238 2.9131818
35.010067 2.939055
38.93662 2.9597213
42.87675 2.9765956
46.827034 2.9906263
50.7851 3.0024722
55.741104 3.0149114
60.704327 3.025318
67.773315 3.022645
71.86559 3.0154333
76.82843 3.023622
82.789734 3.0321522
86.76691 3.0371873
90.85118 3.0308287
94.938805 3.0250173
99.90656 3.0308383
103.882996 3.0350943
107.86117 3.0390363
112.83606 3.0435727
116.81751 3.0469236
123.70274 3.0603209
128.68687 3.0634751
132.67505 3.0658278
137.66122 3.068577
141.65086 3.0706372
146.57362 3.079861
151.50804 3.0884848
156.45302 3.096564
161.40758 3.1041477
165.37132 3.1110961
169.3695 3.1118162
174.34131 3.1184034
178.32039 3.1245298
183.3058 3.13045
188.29732 3.1360562
192.29443 3.1413717
196.29443 3.1413763
202.2967 -3.1368594
206.30373 -3.132104
210.30354 -3.1322844
214.31483 -3.1277924
218.3303 -3.1234653
223.34946 -3.1193945
227.3725 -3.1153882
231.39905 -3.111521
235.39728 -3.112032
239.4267 -3.1083508
243.49811 -3.1006877
247.58334 -3.093277
251.62828 -3.0900753
256.73053 -3.0832982
261.78125 -3.0805974
265.9015 -3.0740068
271.10568 -3.0642116
277.33118 -3.0550988
281.4938 -3.049248
285.6658 -3.043568
290.7401 -3.041828
295.91818 -3.0367858
301.10355 -3.031917
305.3024 -3.0268397
309.50885 -3.0219002
313.72266 -3.0170932
317.81625 -3.015534
323.1623 -3.0082693
328.38644 -3.004257
332.48596 -3.0029247
337.7169 -2.999106
343.09967 -2.99252
347.3551 -2.9885364
351.6159 -2.9846492
355.88193 -2.9808552
360.31796 -2.9744134
361.98935 -2.9639769
365.66476 -2.9546592
369.7661 -2.940223
372.7529 -2.928153
374.81845 -2.915681
378.65198 -2.90716
381.5418 -2.8981805
383.49368 -2.888686
384.51407 -2.878614
385.57324 -2.8685963
382.27243 -2.8607368
379.28165 -2.8502138
376.33362 -2.8395245
373.4292 -2.8286676
370.5695 -2.817642
367.1026 -2.8115911
364.31403 -2.800243
360.88678 -2.7939212
357.47424 -2.787479
353.72513 -2.7835577
349.9816 -2.7795525
345.31024 -2.7744238
341.57986 -2.7702203
336.9256 -2.764835
333.2094 -2.7604182
328.57355 -2.7547572
324.87262 -2.750112
321.56613 -2.7424912
316.96503 -2.7363615
313.29297 -2.731328
309.629 -2.7261753
305.06094 -2.7195606
300.50662 -2.7127452
296.8735 -2.7071426
293.2499 -2.7014012
288.73444 -2.6940222
284.23517 -2.686409
280.64795 -2.680143
276.6225 -2.6769416
272.15036 -2.6769252
268.12787 -2.6735742
262.31253 -2.675182
257.3922 -2.6786041
253.36829 -2.6750846
248.89618 -2.675033
244.42406 -2.67498
239.95193 -2.6749246
234.5872 -2.672949
230.56862 -2.6689827
226.55379 -2.6648757
222.54291 -2.6606205
218.53621 -2.6562092
215.00632 -2.6475294
211.01291 -2.6427126
205.27542 -2.6330059
199.93556 -2.6295655
195.09323 -2.6214771
190.7706 -2.6084511
185.44986 -2.6040359
180.65102 -2.5946186
175.67494 -2.5973616
170.36406 -2.5922093
164.53336 -2.5918918
159.55602 -2.594827
154.9248 -2.606814
150.46432 -2.6047015
146.00453 -2.6024601
141.03271 -2.6061537
136.06294 -2.610117
130.74153 -2.6039221
126.28208 -2.601303
120.96855 -2.5942202
115.99262 -2.5983577
112.058105 -2.5875452
106.75787 -2.578835
99.244026 -2.5667708
93.41674 -2.5646238
89.52886 -2.5496132
84.27125 -2.5361998
79.84646 -2.5282872
76.01438 -2.5087562
70.21037 -2.5010917
65.8127 -2.4891365
61.425774 -2.4754713
55.64563 -2.4623334
51.28597 -2.4436765
46.94747 -2.4215622
41.223484 -2.3962903
36.94848 -2.3626423
31.291763 -2.363808
26.345282 -2.3383963
21.423662 -2.3012753
16.549099 -2.2421596
11.780157 -2.1345055
5.4627304 -2.004259
2.5963128 -0.8540717
7.363512 0.42594698
13.173149 0.476528
18.122673 0.52239776
23.093954 0.54855645
28.62368 0.59494334
33.618664 0.6021624
38.614944 0.6075136
43.612076 0.6116386
48.6098 0.61491543
53.03515 0.60220814
59.42325 0.6100171
65.24135 0.6038018
70.237686 0.60662717
76.627205 0.6123145
81.05272 0.6041418
86.04907 0.6064282
91.30536 0.5932161
95.741745 0.5871808
100.18132 0.5816802
104.081825 0.5685923
109.376656 0.55938625
113.82911 0.5556306
118.28305 0.5521577
122.73832 0.54893696
127.19477 0.5459418
132.697 0.5560527
138.8565 0.54547805
143.31415 0.5429273
147.26057 0.53470796
152.23198 0.53827417
157.55252 0.53290397
163.38332 0.5331722
168.70784 0.528318
173.17087 0.52664906
177.1352 0.52017903
181.97807 0.5112907
187.31857 0.5075416
193.05905 0.49696305
199.28983 0.491431
203.29083 0.48648292
209.07109 0.47729388
213.9763 0.47071066
218.89038 0.46442276
223.36252 0.46440724
227.38852 0.4604603
232.75688 0.4586124
237.22896 0.45870733
242.59804 0.45697322
247.9678 0.4553142
253.77814 0.45726725
258.25018 0.45737773
263.61978 0.45580897
267.65295 0.4525852
272.5899 0.4478633
276.20084 0.44159186
281.15128 0.43720695
285.19952 0.434445
289.74268 0.42718148
294.30066 0.42014256
297.95724 0.4146667
302.9384 0.41103834
309.36798 0.40199742
313.053 0.39699817
318.0524 0.39381933
322.67535 0.3878734
327.3094 0.38209563
332.323 0.37927777
337.33917 0.37654367
341.0621 0.37223116
345.7245 0.36697122
351.3316 0.36084384
355.07678 0.35686648
358.14105 0.3477321
361.5682 0.341362
364.68213 0.33252218
367.50705 0.3212531
371.636 0.31189847
374.84238 0.30354562
377.78455 0.2928026
378.57056 0.2811611
379.40762 0.2695694
381.26245 0.257361
380.02054 0.2446368
379.8139 0.23122634
378.9172 0.22095071
376.87454 0.20858742
372.14572 0.2002976
367.82962 0.19713262
363.1372 0.18848813
358.4727 0.179618
354.18192 0.17607968
349.39343 0.16399556
344.96503 0.15730874
339.41492 0.14797693
335.02475 0.1408805
329.3996 0.12798277
324.18802 0.123832464
319.9751 0.1191739
314.77585 0.114753745
309.47458 0.106973514
305.3912 0.1051162
301.30893 0.103208564
297.22775 0.101248525
292.05496 0.09616597
287.9781 0.09404321
282.81647 0.08866288
278.74435 0.0863601
273.59494 0.08065352
268.5313 0.07844179
264.3922 0.07208602
260.40277 0.073192365
256.41364 0.07433313
252.3514 0.071558505
246.2959 0.06925048
241.17514 0.062412117
237.12173 0.059255224
232.07234 0.05622969
228.02377 0.05283697
223.97794 0.049321637
219.93497 0.045677017
215.89502 0.04189595
210.82323 0.03341089
206.8255 0.03405693
200.76889 0.025118485
196.77019 0.025629047
192.74796 0.02097442
187.74908 0.021532957
183.73076 0.016560208
178.73146 0.017023457
173.73221 0.017513368
168.71793 0.012106184
163.70888 0.006367935
158.70557 2.6766842E-4
153.70557 2.763756E-4
149.70862 -0.006395931
145.71872 -0.013433953
140.71918 -0.013911271
134.73802 -0.02195191
129.73927 -0.022797843
125.74036 -0.023523016
120.7418 -0.02449703
116.743034 -0.025336295
111.74471 -0.026469843
106.746544 -0.027709544
99.78408 -0.03967124
92.83803 -0.053425077
88.843994 -0.05582928
83.85225 -0.05915658
78.93072 -0.075549684
73.945946 -0.08065329
69.959694 -0.08525972
64.97925 -0.09181236
60.002056 -0.09945245
54.03499 -0.1104776
50.061314 -0.11928715
43.119106 -0.13860765
39.16137 -0.15272042
35.213184 -0.17000203
30.297075 -0.19792655
26.386894 -0.22773923
22.508303 -0.2678731
18.680983 -0.32457736
14.032942 -0.43845177
9.74001 -0.6581501
7.0159287 -1.0143585
5.964791 -1.6201783
7.9701357 -2.2973318
11.039862 -2.5715866
14.568253 -2.720302
14.568253 -2.720302
