Mouse
15
248.68239 -1.4994956
243.11415 -1.4772214
239.54501 -1.4590348
235.06602 -1.439751
232.80656 -1.4167722
230.6724 -1.3933556
229.64694 -1.3703858
229.50021 -1.352437
225.78087 -1.3260171
225.81769 -1.3077575
222.6628 -1.2758937
221.00485 -1.2546289
218.50508 -1.231536
216.1245 -1.2079217
214.79346 -1.1855524
212.2572 -1.1653713
211.13396 -1.1423557
209.66473 -1.1127331
207.4993 -1.0804595
204.56233 -1.0560089
203.1233 -1.0291699
203.52052 -1.007261
204.5692 -0.98137355
206.81946 -0.96529585
209.27281 -0.93234783
212.29054 -0.91343343
215.38206 -0.89505565
218.54427 -0.87720376
223.08434 -0.85307294
225.73514 -0.83972406
228.42522 -0.82668734
236.01448 -0.792392
243.97258 -0.7655144
249.22856 -0.75127226
253.57942 -0.7406954
258.7034 -0.72789735
263.0229 -0.72345644
266.68973 -0.71633804
270.3697 -0.70941305
276.48877 -0.69056445
280.2149 -0.6842229
284.10706 -0.6730988
288.0334 -0.66227674
291.19815 -0.65383
295.98322 -0.64149994
302.4307 -0.62567025
305.68195 -0.61800677
312.23663 -0.6031608
317.47043 -0.5880587
320.25827 -0.57853186
326.45123 -0.5625667
331.542 -0.5529142
334.43384 -0.5440882
337.3513 -0.53541416
339.79196 -0.5243457
343.63608 -0.5145419
348.78397 -0.4996726
353.1225 -0.48655972
355.74173 -0.47633234
356.60776 -0.46250635
357.54163 -0.44874996
358.1225 -0.43253562
359.71194 -0.41525364
359.56516 -0.40028524
360.8019 -0.38683468
362.672 -0.36990514
363.11795 -0.35764298
362.67752 -0.3463463
363.84708 -0.33062068
364.1553 -0.31585044
363.58798 -0.30192408
362.41864 -0.2913862
361.01404 -0.2781197
359.9364 -0.2674335
358.39755 -0.25128672
356.21536 -0.23838878
353.34387 -0.22872494
349.52985 -0.21952496
345.74606 -0.21012282
340.81528 -0.19822253
337.10275 -0.18834144
330.11996 -0.17389007
325.6691 -0.16694218
321.07678 -0.15672725
315.52966 -0.14667876
309.88126 -0.13307461
304.41263 -0.12222983
298.872 -0.107664324
293.49127 -0.0959446
288.15237 -0.08378887
282.85767 -0.07117614
278.60797 -0.05787603
274.40906 -0.044166405
271.2629 -0.029922755
267.19046 -0.019147523
263.15 -0.008040074
259.14297 0.003412321
254.17116 0.015282728
249.21095 0.023613825
244.23853 0.028190432
238.30714 0.037289426
232.35182 0.042552974
228.40097 0.04767231
223.45773 0.053208664
219.46349 0.054178
213.53055 0.060375944
209.60185 0.06628974
202.7646 0.07841886
195.87056 0.086308315
187.9941 0.0952762
184.11252 0.10274993
179.24779 0.11116057
175.63867 0.13066328
171.80972 0.13946755
165.34178 0.16332333
161.74149 0.17954609
158.1857 0.1965028
154.46797 0.20790812
150.99258 0.22633778
146.60109 0.24728759
142.01491 0.26273343
138.02945 0.29313496
133.8628 0.31823388
132.34981 0.35403928
133.78918 0.3820865
135.33153 0.40951556
137.39893 0.44290316
140.94717 0.46246436
143.66093 0.48427904
147.80011 0.5079207
152.01736 0.53026253
154.93108 0.5492717
158.7428 0.5641863
162.58818 0.57839835
166.46489 0.5919511
172.33403 0.6111312
175.46901 0.62653166
181.44376 0.6436253
186.85696 0.6553957
192.29462 0.6665019
196.97621 0.6801764
201.05537 0.6893878
205.15094 0.69823223
208.50244 0.7098441
212.54268 0.724621
216.69801 0.7323244
220.86574 0.7397375
223.58162 0.7529527
227.74957 0.7659699
234.08188 0.77555877
238.31485 0.7816679
242.56358 0.7933939
245.43059 0.80482596
249.01512 0.8130675
252.67049 0.8266681
255.62755 0.837267
258.61267 0.8476224
260.97186 0.8606386
265.81927 0.8859674
268.9293 0.8953758
273.20648 0.91711
275.79263 0.9288086
278.63748 0.945303
281.5566 0.96145976
284.5477 0.97728086
288.2042 1.0023729
291.0523 1.0126667
294.26642 1.027431
296.17554 1.0430845
297.6674 1.061462
297.90564 1.081027
297.3666 1.0990294
297.36392 1.1140689
296.52478 1.1276634
296.6502 1.1427363
295.52612 1.1595341
293.56308 1.1751467
291.86826 1.1985999
291.37384 1.2126366
289.65894 1.2288036
288.02063 1.2451589
286.76602 1.2583749
285.56192 1.2717047
284.12885 1.2885219
282.77692 1.3055047
280.7862 1.3183186
279.5791 1.3356365
276.50412 1.3515371
274.68277 1.3649592
272.53653 1.3857615
269.68906 1.4026213
268.06027 1.4167088
266.2139 1.4384053
263.50067 1.4599761
261.9989 1.478522
259.51913 1.5008351
258.21887 1.5198815
257.04688 1.5352254
255.90355 1.55852
255.89102 1.5780593
255.95132 1.5936875
256.07413 1.6093045
256.25928 1.6249028
256.57828 1.6443627
256.99414 1.663767
257.3963 1.6792408
258.85226 1.6941853
260.64835 1.7165594
262.40793 1.7348592
265.6059 1.7596328
267.36514 1.773626
270.81113 1.797459
272.94876 1.8144864
276.84326 1.8258936
278.84375 1.8388698
280.8905 1.8516589
284.22983 1.8666112
287.32733 1.877899
291.41302 1.8987229
292.72586 1.9116597
296.30988 1.925307
298.6556 1.9367055
301.03955 1.9479249
303.4608 1.9589666
304.99725 1.971106
306.57822 1.983122
308.20294 1.9950131
308.96466 2.0081446
309.77936 2.0212092
310.64667 2.0342033
311.1389 2.0514524
310.36746 2.06735
309.67487 2.0833225
309.06165 2.0993629
308.71722 2.1226819
307.9981 2.143316
306.5821 2.1658616
304.16916 2.1832447
302.65817 2.1989536
300.2303 2.2214794
298.28607 2.2349377
296.24802 2.253316
293.79333 2.2645452
290.5088 2.2830458
288.15448 2.2947447
283.62357 2.3137345
279.9222 2.3308659
274.891 2.3484113
271.35074 2.361339
266.47296 2.3800106
263.72858 2.3909879
260.27863 2.3996058
254.6939 2.4061172
248.45566 2.4159229
243.559 2.420034
240.17743 2.4297876
233.35738 2.444104
227.21996 2.455863
220.49348 2.4718187
215.0474 2.481386
207.01779 2.5000608
202.4428 2.5139372
195.37344 2.5380652
192.29924 2.5522404
185.96092 2.5745676
182.13994 2.5871942
178.69638 2.6080391
173.97226 2.631889
171.17406 2.6494374
167.5412 2.6648386
164.84618 2.683615
160.8819 2.7059965
157.91904 2.7320325
154.51833 2.7506254
152.10564 2.772435
148.38213 2.7627077
145.07497 2.7832265
143.39772 2.815885
144.08075 2.8466344
147.35873 2.867513
152.17813 2.876406
156.27367 2.9033208
161.88574 2.9180717
167.53067 2.9318316
172.22469 2.943556
175.95863 2.953601
179.53488 2.968709
185.44832 2.9742746
189.23312 2.9830058
196.98767 2.9944322
202.64972 3.0085366
207.60658 3.0117316
214.19432 3.0298529
218.95493 3.0414767
226.73212 3.0537803
230.63295 3.0596206
237.39053 3.0746305
242.25671 3.084249
249.09644 3.0978837
253.01454 3.1064718
257.92566 3.1187768
261.88733 3.1267602
267.86 3.1382914
271.8608 -3.1374886
275.87613 -3.1302984
281.92487 -3.1198983
287.00333 -3.1098256
291.11075 -3.0999618
296.35318 -3.083806
300.60107 -3.0712898
305.89136 -3.0593934
310.32327 -3.0443933
315.60074 -3.03647
320.01816 -3.025351
324.34885 -3.0175943
329.95746 -3.004431
334.1964 -3.0001392
337.7489 -2.9896665
342.3246 -2.9798846
345.9468 -2.969869
349.60303 -2.9600618
352.6969 -2.9443526
353.7107 -2.9304905
354.5704 -2.9194596
355.7054 -2.905748
356.6613 -2.8948429
357.91537 -2.881296
358.96567 -2.870528
360.61853 -2.8544967
361.77158 -2.8438923
363.57675 -2.828115
364.83008 -2.817685
365.84103 -2.8012664
366.25656 -2.79006
365.7832 -2.7779102
366.29437 -2.766733
365.92493 -2.7545593
365.60983 -2.742363
364.43286 -2.72905
362.4105 -2.7145128
358.6586 -2.6974318
355.92358 -2.6875286
351.88776 -2.6723874
349.24286 -2.6621006
346.16608 -2.6542068
342.23178 -2.6447828
337.94193 -2.6311173
334.9524 -2.6226776
330.7677 -2.6084304
327.8439 -2.5996022
322.39395 -2.5857444
319.53748 -2.5764804
314.48672 -2.5662634
310.30362 -2.5574958
307.53323 -2.5476105
302.32913 -2.5319107
296.6174 -2.518397
291.7663 -2.5063946
285.9739 -2.4869802
281.2379 -2.4739904
271.91574 -2.4466653
263.31616 -2.4191194
259.27176 -2.4052846
253.07266 -2.3828537
248.7527 -2.366258
242.40689 -2.3402674
237.5898 -2.3191035
232.13681 -2.2999349
228.83606 -2.2836397
226.24034 -2.270264
222.27887 -2.2559476
218.53154 -2.2346861
215.48659 -2.2164102
212.51569 -2.1976168
210.19435 -2.1822038
207.92407 -2.1664505
205.16057 -2.1462753
203.33354 -2.122967
201.2642 -2.1060455
200.12314 -2.0863032
199.94121 -2.0639641
198.07689 -2.0235975
197.76086 -1.9964346
198.1292 -1.9625949
198.14159 -1.9354148
199.24413 -1.9065965
201.82715 -1.8656756
205.21397 -1.8151933
207.20818 -1.7929575
211.0683 -1.7646273
216.0779 -1.7365686
218.42183 -1.7162386
222.10449 -1.7047185
226.68839 -1.6886573
232.22353 -1.6685125
238.92563 -1.6531572
243.6193 -1.6351044
248.49124 -1.6257793
251.3013 -1.6092293
254.15837 -1.5891162
255.11926 -1.5655277
255.17169 -1.5498515
254.28746 -1.5340418
252.46861 -1.5179172
248.72118 -1.5010065
246.04327 -1.4839377
246.04327 -1.4839377
