Stilus
12
225.71945 1.5154587
230.10541 1.5088432
237.18974 1.4946404
243.71046 1.480237
249.3062 1.4661057
257.39764 1.4381924
261.58316 1.4133638
264.4191 1.3950621
269.01392 1.3800069
275.5312 1.3634582
282.74252 1.3458612
289.70535 1.3267697
296.08868 1.3105291
299.27176 1.299488
302.82062 1.2883617
306.33084 1.2760506
308.66296 1.2647499
310.25058 1.2489494
314.15292 1.2301958
316.48105 1.2119184
318.52707 1.1951681
316.26666 1.1742808
311.02795 1.1567391
305.7948 1.1311744
301.96262 1.1030964
301.18326 1.0793705
300.19952 1.0509942
296.96048 1.0179813
294.05505 1.0030984
291.64005 0.9896923
287.2416 0.9627001
285.8133 0.9384804
286.82944 0.9187906
288.35522 0.8927776
289.57788 0.86756516
290.84784 0.85028696
293.31934 0.8347134
296.62335 0.8141794
299.29712 0.7994067
302.6955 0.7870089
306.24753 0.77543974
309.80734 0.7642372
312.16718 0.75262153
314.53665 0.7381291
318.00928 0.7271094
321.91678 0.7163609
325.728 0.70621836
330.0532 0.6982872
333.26324 0.69097155
337.00064 0.6856595
341.43753 0.6779465
348.08804 0.67410207
354.42047 0.66028214
360.5995 0.64704317
365.35703 0.62781966
367.28464 0.6106613
370.23517 0.5887895
372.99265 0.57994044
376.76205 0.5655278
378.79034 0.5466198
378.5063 0.52855307
376.97717 0.50954384
374.2236 0.4962159
370.81998 0.47898725
368.09967 0.47057602
365.61234 0.4617525
361.01938 0.4435017
356.8608 0.4251385
354.21796 0.41539004
350.91006 0.40082934
346.97104 0.38686615
342.59738 0.37250844
337.01028 0.3606131
331.1175 0.34730014
324.77472 0.3290275
318.2314 0.3069998
315.0769 0.296152
310.69983 0.28283605
307.69656 0.2628453
306.4673 0.24749993
304.33633 0.23275436
302.4859 0.21731961
300.62933 0.20430118
298.83817 0.19177312
295.9659 0.17875123
289.50275 0.16916025
284.6391 0.15155256
281.59128 0.13174525
280.65414 0.103541255
280.9349 0.07477771
283.31622 0.05294239
286.9595 0.024686098
288.91635 0.010468322
290.91077 -0.0034186044
294.26953 -0.030538136
296.61697 -0.057320487
300.67535 -0.07300528
304.0937 -0.088825904
306.6627 -0.10768514
307.6544 -0.12848134
308.2674 -0.14305194
308.93542 -0.1573552
309.75763 -0.17328545
310.04263 -0.19206005
308.11282 -0.20844135
304.80228 -0.23392367
299.3933 -0.25638476
294.49796 -0.27564356
290.31995 -0.28772894
287.09973 -0.3075475
281.78452 -0.32937452
276.78125 -0.3432319
271.2217 -0.35147518
265.60062 -0.35924712
259.57425 -0.36798027
255.41843 -0.37749192
251.24905 -0.3893697
245.92152 -0.39827502
241.12245 -0.41465396
236.26472 -0.43307593
232.60919 -0.44981477
230.15166 -0.46954355
229.98456 -0.50316155
230.26065 -0.53358275
231.53624 -0.55931306
235.08025 -0.5751886
238.53252 -0.58965456
242.14247 -0.6043586
245.06157 -0.6213987
247.99841 -0.6377515
250.5357 -0.65129447
255.96564 -0.6786376
259.0149 -0.69310707
262.32147 -0.7081477
266.16373 -0.7205073
269.70557 -0.7298376
273.16852 -0.73836815
280.0476 -0.75465655
285.77167 -0.7695729
290.67877 -0.7868443
294.01443 -0.7980939
297.66257 -0.809974
301.44818 -0.8173295
308.64215 -0.83024323
311.18 -0.8453148
313.6555 -0.86166435
317.12216 -0.8792124
317.7837 -0.8991721
318.11288 -0.9248515
316.71585 -0.94798064
315.20844 -0.9601778
311.54626 -0.98294
309.07455 -1.0010153
304.4366 -1.02121
301.9278 -1.0326116
299.0335 -1.042386
294.20953 -1.0641433
289.89047 -1.0842519
285.13153 -1.0951487
281.3336 -1.1121053
279.69318 -1.1324719
278.76907 -1.1550455
280.4816 -1.1771324
283.41452 -1.1966184
285.83862 -1.2231607
289.48407 -1.2423369
294.76837 -1.2724955
297.8089 -1.2853264
300.84476 -1.2987307
307.46646 -1.3189074
311.57465 -1.3355197
314.9469 -1.3568882
319.61456 -1.3792012
325.7096 -1.3959577
333.11105 -1.4090396
338.62827 -1.4236183
343.01196 -1.437258
345.2524 -1.4556514
348.59106 -1.4740387
353.04498 -1.4923055
357.47592 -1.5036924
362.33853 -1.5136805
368.06128 -1.5275122
372.08844 -1.5420039
373.2187 -1.5528319
375.15802 -1.5683162
374.19492 -1.5848978
368.78558 -1.6035002
361.09686 -1.6235781
355.42004 -1.6469241
352.13464 -1.6704501
347.98013 -1.6924181
340.90793 -1.7097657
336.67252 -1.720453
332.91245 -1.7313291
328.49167 -1.7427409
324.4437 -1.7636949
319.19452 -1.7885733
312.03415 -1.8133631
308.49454 -1.8236263
302.53534 -1.8424604
296.87177 -1.8582363
292.58502 -1.8804964
290.41495 -1.9037871
288.4509 -1.9356438
287.32062 -1.9634005
286.84924 -1.9922763
286.67892 -2.010003
289.056 -2.0366924
291.19623 -2.0511036
293.57794 -2.0664496
295.97433 -2.0812235
298.57938 -2.0965953
301.75055 -2.1144326
305.7847 -2.1358821
308.39072 -2.1490726
309.83234 -2.1664135
312.28058 -2.1834528
313.11118 -2.1981761
315.28622 -2.2141707
316.39236 -2.2332156
317.13406 -2.2562203
316.96243 -2.2741473
312.3375 -2.299526
308.75876 -2.3110042
304.33017 -2.324379
300.5727 -2.3361745
295.04788 -2.350711
286.09375 -2.3671513
280.42667 -2.3826654
275.57745 -2.400198
271.9338 -2.4094396
268.52377 -2.4180458
263.07172 -2.4301207
256.3999 -2.4485714
253.85826 -2.4607172
249.97769 -2.480113
245.29495 -2.505037
241.50539 -2.52658
238.90909 -2.542136
235.59613 -2.5630352
232.3794 -2.5845876
229.24757 -2.606926
229.4227 -2.6384685
231.67043 -2.6729302
236.63889 -2.697652
243.35832 -2.7164578
251.2602 -2.7349849
255.56284 -2.7422233
260.45602 -2.7501392
265.5118 -2.7611434
270.37082 -2.7762568
274.32544 -2.7895057
278.02502 -2.8015316
282.36563 -2.8181696
288.57693 -2.8367934
294.39536 -2.8536491
300.56857 -2.8666534
304.7321 -2.8806167
307.91815 -2.8961112
312.01486 -2.9100158
318.54944 -2.930612
325.18182 -2.952524
328.2858 -2.9729238
329.53885 -2.9919937
330.67868 -3.010816
331.01746 -3.0267782
331.82217 -3.0392933
333.11655 -3.0628715
332.19238 -3.0764122
330.71164 -3.0934358
329.47543 -3.1108253
327.37668 -3.1257675
324.57584 -3.1387289
319.5846 3.131223
314.71732 3.1152394
309.72128 3.092967
307.1715 3.0794601
302.66367 3.048772
298.4611 3.0230963
294.1365 3.0041823
290.92227 2.980189
291.19687 2.9550014
292.10925 2.9391234
293.21335 2.921533
295.08945 2.9055064
298.03598 2.893278
306.72284 2.871847
312.4146 2.8544564
318.2462 2.8370302
323.76 2.8244395
328.80234 2.814297
334.4216 2.8022242
340.9238 2.786437
346.8331 2.7736819
352.74402 2.7618914
357.71317 2.7495506
366.90146 2.7271886
370.44467 2.7189078
373.9263 2.71133
378.43643 2.6934898
381.08704 2.6851425
384.65933 2.6665795
386.00616 2.65013
387.1766 2.637817
383.58243 2.6198723
378.2594 2.5970943
375.19492 2.5852256
371.30365 2.5683093
367.9408 2.5591488
363.7627 2.5515645
357.81116 2.540385
353.2553 2.5280564
348.84985 2.516468
346.1443 2.506361
343.3557 2.4945178
339.48782 2.480692
335.27206 2.467067
331.14404 2.4541306
327.26657 2.44337
320.3986 2.4252412
315.95123 2.4129198
310.0604 2.3958313
307.09204 2.3868656
304.18948 2.3778534
301.325 2.3640676
299.0056 2.3527792
295.61212 2.3265378
294.34747 2.3118823
290.70782 2.2864933
288.35052 2.271683
287.30463 2.252222
286.54053 2.2277627
287.17752 2.2076216
289.63376 2.17178
291.27762 2.155483
293.61084 2.1220338
295.61 2.0981476
299.95108 2.0737896
303.26453 2.0601203
306.71814 2.0468671
310.50116 2.0333529
315.21384 2.0188718
316.5066 1.995988
316.01242 1.976796
314.53125 1.9573565
312.99646 1.9362956
310.56726 1.915278
305.63495 1.8966386
301.2005 1.8834814
295.41537 1.8653314
287.69708 1.8489863
284.59686 1.8370262
278.17825 1.8201541
271.89627 1.8033298
267.09314 1.7875004
263.95792 1.7726924
259.12836 1.7562268
252.81218 1.7296705
248.46555 1.7159876
244.8524 1.6985855
241.3424 1.6826468
236.45119 1.6553031
230.04005 1.630567
225.47466 1.6006873
225.37408 1.5696046
225.48277 1.5397245
227.40834 1.5223044
232.76674 1.4611619
232.76674 1.4611619
