Finger
14
175.01558 0.3835833
173.32413 0.42749497
172.22844 0.47056636
171.44089 0.4993229
170.72359 0.5503066
171.43352 0.5893089
171.81914 0.62313855
172.39859 0.65686107
171.5547 0.70339394
171.90414 0.73499924
172.27155 0.7727458
173.02715 0.80960983
174.21037 0.85321563
175.8404 0.8776169
178.31068 0.8962636
181.07077 0.93265045
183.8674 0.9659452
186.5134 0.98336214
188.87166 1.003127
191.95164 1.0235773
194.32277 1.0448391
197.37282 1.0713048
200.41872 1.0968773
203.08296 1.1250243
206.23773 1.1518605
210.15907 1.1782254
213.20094 1.1931101
217.72513 1.2160484
221.714 1.2328186
225.96317 1.2492561
229.94801 1.2664251
233.00635 1.2941041
235.56773 1.3191845
238.03864 1.3477147
240.94984 1.3707393
245.06274 1.3916571
248.82803 1.4131395
252.52908 1.4330543
254.78468 1.4571855
255.4513 1.4779606
256.7566 1.50188
257.6141 1.5254196
258.92917 1.5457217
253.97337 1.5624869
252.58359 1.5829579
250.67459 1.5998267
248.91165 1.6232785
247.96654 1.6409415
246.36734 1.6613327
244.00249 1.6868677
242.86786 1.7080824
241.54231 1.7332053
239.63988 1.7599384
238.10265 1.7868128
237.23009 1.8101015
232.71414 1.8325379
228.73395 1.8654075
224.53511 1.8846592
220.79478 1.9183362
217.88916 1.9477298
216.62141 1.9700238
213.57414 2.0067587
210.00192 2.0348558
206.60464 2.0698307
204.23831 2.0945642
201.44815 2.1200602
199.48729 2.1438951
196.16238 2.173224
193.18417 2.202907
190.19221 2.2344515
188.80022 2.2606492
187.15536 2.2832851
186.02052 2.3095021
184.09337 2.3346627
183.13339 2.3690908
180.49525 2.401948
178.02954 2.4343548
176.08469 2.4744153
175.09346 2.5004733
174.0937 2.5314443
173.78229 2.5649693
175.18971 2.6104279
175.73918 2.6512651
177.0262 2.6868587
179.98302 2.720968
182.71652 2.7483504
185.34221 2.7788792
188.16547 2.8071039
192.55377 2.8422337
195.81079 2.863068
199.86052 2.8938365
204.12178 2.911701
208.13574 2.940772
212.08441 2.9637425
216.23802 2.9894576
219.86186 3.0102892
224.45319 3.0315163
230.56421 3.0556798
234.54642 3.0699015
239.28271 3.0880685
244.05765 3.109602
247.70349 3.131306
251.9145 -3.132985
256.12515 -3.116944
262.2173 -3.0923972
268.2658 -3.0711899
272.95114 -3.0519662
275.7174 -3.0351624
279.24884 -3.0190146
283.5447 -2.9985585
284.7929 -2.981444
287.5737 -2.965887
289.4396 -2.9500237
291.7521 -2.934095
293.26794 -2.9207022
295.3476 -2.9053066
296.34036 -2.8917727
299.09427 -2.8764083
299.92905 -2.8602853
301.51288 -2.8426447
303.5145 -2.8219397
305.36398 -2.8041205
307.4103 -2.785636
309.18307 -2.770521
311.07523 -2.7551894
313.4337 -2.7370963
315.32312 -2.7233207
317.81024 -2.70605
321.14755 -2.6842282
323.07028 -2.6654909
324.21957 -2.6464033
325.61523 -2.6313782
326.97247 -2.6135051
327.20514 -2.5986464
326.18616 -2.5765038
324.8935 -2.5544198
323.5668 -2.5328178
322.40192 -2.5112388
322.8093 -2.4940605
323.04376 -2.477847
322.89832 -2.4537034
321.0933 -2.4327977
319.75693 -2.412595
318.7576 -2.3928437
317.379 -2.3744888
316.23874 -2.354436
315.8191 -2.3314662
314.13763 -2.3108375
313.13345 -2.2881496
312.86935 -2.262234
312.99432 -2.2425666
312.38272 -2.2256806
312.9791 -2.2042742
313.46277 -2.1845691
312.184 -2.1674316
311.15274 -2.1509192
309.41342 -2.1362858
308.02103 -2.1229687
306.2948 -2.1074045
303.95654 -2.0943277
303.35596 -2.078363
302.5707 -2.0623846
301.35715 -2.0461528
300.22467 -2.0291233
298.32095 -2.016014
296.27216 -2.0012944
293.81235 -1.9826857
291.55222 -1.9645647
288.97437 -1.9519129
287.1114 -1.9353781
285.559 -1.9208567
284.07266 -1.9062322
281.24692 -1.887711
279.0311 -1.874732
276.6534 -1.8590041
273.85138 -1.8364704
272.8265 -1.822295
270.1935 -1.7980863
268.86023 -1.7755446
266.72437 -1.7543219
265.11127 -1.7363374
262.85648 -1.7118285
262.0234 -1.6873163
261.54092 -1.670321
260.24338 -1.6466558
259.60995 -1.6236491
259.4252 -1.607817
258.29926 -1.5906724
254.75146 -1.568836
253.32938 -1.5461015
252.5499 -1.5222963
252.91107 -1.4986382
253.39206 -1.4759395
253.09358 -1.4501455
253.72704 -1.4310553
254.5701 -1.4092058
255.97708 -1.3783942
258.43442 -1.3516392
259.75012 -1.3299518
260.78946 -1.3142284
262.10095 -1.2958014
264.96024 -1.2724091
266.79083 -1.250854
268.81747 -1.2288299
270.52448 -1.2115226
271.96814 -1.1976448
273.5364 -1.1832638
275.76276 -1.1639407
278.92276 -1.1384022
281.5805 -1.1183839
284.6073 -1.0969726
286.9224 -1.0814712
289.0165 -1.0609051
291.763 -1.0375412
294.60486 -1.0214193
297.47568 -0.9996105
300.49042 -0.9782027
303.00195 -0.96600235
304.9892 -0.95097643
305.6769 -0.93395776
308.3928 -0.9141421
309.47827 -0.8901187
311.26825 -0.8729517
313.39212 -0.85884047
314.55502 -0.83655053
316.45264 -0.82065934
319.12576 -0.8015487
322.43564 -0.7800457
325.3105 -0.7660169
328.2612 -0.75216395
329.44275 -0.7369394
330.68768 -0.713906
331.8334 -0.6945999
332.942 -0.6653455
334.46375 -0.64297694
335.50867 -0.6258755
335.87976 -0.60686356
334.9122 -0.59075004
334.13605 -0.5708917
333.1519 -0.55499923
332.0535 -0.53942937
331.24182 -0.5234122
330.51752 -0.507299
328.85684 -0.49015424
326.42172 -0.47598454
324.719 -0.4588135
323.2356 -0.44226873
321.3404 -0.42964593
318.87927 -0.41247892
315.5978 -0.39631206
312.40503 -0.3798461
310.23306 -0.36190584
308.16736 -0.34376407
305.8743 -0.32216898
303.30988 -0.30688924
300.88205 -0.2893542
299.20898 -0.27285564
296.933 -0.25752535
294.73026 -0.24199522
292.59927 -0.22622977
289.63977 -0.20823252
287.58243 -0.19472578
285.67712 -0.1782921
283.84457 -0.16152468
280.2044 -0.14198245
276.21658 -0.12218515
271.91516 -0.1056171
267.456 -0.08862008
263.08612 -0.0710829
259.777 -0.052685592
256.57013 -0.033863753
254.22546 -0.018424034
251.42274 0.0012446262
246.5422 0.028580535
241.7163 0.04671091
237.93434 0.06434472
232.25204 0.083180495
226.87698 0.11167914
223.3897 0.13149028
219.17288 0.15703538
215.14667 0.178882
210.76653 0.20195062
205.75989 0.2268349
201.66803 0.2480446
197.1225 0.2788837
194.20964 0.3046198
190.87442 0.3329481
187.61462 0.36090565
182.80875 0.3870111
182.80875 0.3870111
