Mouse
29
5.046406 -1.6876984
2.6151395 -0.39733598
7.673412 0.26207083
13.37623 0.38213578
19.594437 0.47653565
27.651508 0.488956
33.965046 0.52378625
40.66312 0.513871
45.625748 0.52803755
52.321835 0.51978767
58.151665 0.5218563
65.72141 0.50833297
71.54961 0.5109474
76.01704 0.5081658
82.71913 0.5045567
87.18772 0.50245893
92.06405 0.48582292
97.42101 0.48001203
106.79976 0.4660121
112.16619 0.46191192
120.21613 0.46574822
127.81862 0.46212456
133.18658 0.45882812
138.10461 0.4654762
145.26433 0.47154343
149.73633 0.4713076
156.90063 0.47665873
161.83333 0.48178962
166.77003 0.48661688
171.24103 0.48601708
177.94762 0.48517385
182.41875 0.48464617
189.12552 0.4839014
193.59677 0.48343357
201.18994 0.48046353
207.89723 0.47992095
212.36879 0.4795783
222.2748 0.4768562
231.57005 0.47632584
240.97264 0.47024876
245.44467 0.4701285
250.359 0.46464238
256.17728 0.45763686
262.90796 0.44928515
268.75226 0.44294032
277.32803 0.4322889
282.28952 0.42808488
288.16757 0.42259842
291.82028 0.4169767
300.46655 0.4078885
306.37445 0.4031163
316.52216 0.38948286
322.45535 0.38528642
331.18048 0.37787127
334.90155 0.37346467
340.495 0.3670356
345.52188 0.36454412
351.13412 0.358452
354.88266 0.35449773
358.63663 0.35062617
364.2774 0.3449686
368.65408 0.33782926
372.10345 0.3317308
375.56644 0.32574463
380.30685 0.3215373
383.17584 0.31081003
387.3398 0.30194604
389.04312 0.2898361
388.88004 0.27924407
388.76062 0.26864433
387.4635 0.25620243
385.25635 0.24430516
381.15836 0.23348036
375.9108 0.22041374
373.10074 0.211124
370.3234 0.20169409
367.3898 0.1894507
362.5436 0.17798352
357.91318 0.16896269
353.6362 0.16528976
349.36414 0.16152693
343.9535 0.15525623
339.5458 0.14834875
335.297 0.14421268
331.05408 0.1399705
325.69235 0.13299118
320.34705 0.1257786
312.91583 0.11590271
306.51105 0.105203696
302.3272 0.100014254
296.06726 0.091955446
291.90503 0.08639112
284.76196 0.0815149
280.61734 0.07557204
273.49023 0.070212446
265.37354 0.06480934
259.32208 0.062459685
250.2189 0.056727357
246.16985 0.053592917
238.07936 0.04700435
233.085 0.04801229
225.04707 0.045279983
221.00743 0.041579116
217.01094 0.042345293
212.97382 0.038449153
203.98076 0.040145185
198.98488 0.041153662
191.95099 0.037448756
185.95534 0.038656786
179.9228 0.03439178
175.92522 0.035173588
168.89606 0.030713925
163.86989 0.025551375
156.84877 0.020318072
150.85007 0.021126159
144.83292 0.015098285
135.834 0.016098619
127.821915 0.009283718
122.82214 0.009661646
112.64085 0.0013448878
100.7085 -0.009217661
95.266266 -0.00974425
86.005844 -0.02301711
79.03924 -0.037704527
70.096115 -0.056801606
63.179592 -0.07889574
56.301483 -0.10640447
52.32583 -0.11452321
45.521297 -0.15392949
39.602924 -0.17716052
32.96343 -0.24449793
29.098507 -0.2777799
23.386456 -0.34819195
19.673887 -0.4176186
14.740162 -0.4932575
10.791155 -0.58728725
5.804601 -1.0310558
6.4035563 -2.4710124
9.856015 -2.7259734
14.330092 -2.9321504
18.125345 -3.0321665
25.036102 -3.1024618
30.032913 -3.108975
37.082584 3.141038
43.082584 3.1411152
49.09319 3.1208026
53.09239 3.122369
57.118332 3.1062102
63.114933 3.1095731
68.11256 3.1119232
72.11089 3.1135688
76.109406 3.1150413
80.10806 3.1163669
86.106285 3.1181245
90.10524 3.1191661
96.10383 3.1205664
101.102776 3.121606
107.10164 3.1227257
116.10017 3.1241882
125.42741 3.1254826
131.56654 3.1262343
136.56596 3.1267965
145.58237 3.120843
150.96754 3.1215832
158.47627 3.1225314
162.47556 3.1230006
166.47488 3.1234474
172.47392 3.1240785
177.47318 3.124572
181.45872 3.1304572
185.44748 3.1414816
191.4577 -3.1312537
197.46997 -3.126504
202.48659 -3.1219385
206.50752 -3.1174777
211.532 -3.1133215
216.55998 -3.1093585
221.59119 -3.105575
225.62624 -3.1017842
232.6616 -3.098687
237.65709 -3.0995893
243.69493 -3.0965233
248.73611 -3.0934129
253.7796 -3.0904257
259.77194 -3.091607
267.8126 -3.0893703
271.91742 -3.082793
277.96655 -3.08047
285.01514 -3.0784683
291.13385 -3.0729125
298.1864 -3.0711777
304.47388 -3.059459
311.70578 -3.0517094
315.87338 -3.04654
321.04422 -3.0418165
325.44244 -3.0308108
328.88647 -3.0197313
333.49466 -3.0063074
337.0255 -2.9957476
341.7376 -2.9829726
346.5039 -2.970547
351.1415 -2.9612606
354.82657 -2.9516866
358.54346 -2.94231
363.06458 -2.9363918
366.83154 -2.9273827
371.603 -2.9191525
372.73798 -2.9060686
373.93634 -2.893066
373.5269 -2.8761785
371.98584 -2.8610919
371.48685 -2.8466675
368.85596 -2.833139
365.02893 -2.8211496
361.8763 -2.8124223
357.2002 -2.7990444
352.24213 -2.7879746
347.32846 -2.7765903
339.30365 -2.7643688
332.80582 -2.7566214
326.32874 -2.7485657
321.71567 -2.7426136
310.81216 -2.7347941
300.17532 -2.7232234
294.07928 -2.7139876
286.0382 -2.7011383
281.52347 -2.693566
274.3507 -2.6890838
266.28687 -2.682703
262.25922 -2.6793656
254.66678 -2.6688714
248.8763 -2.661472
241.33524 -2.6498358
235.10428 -2.6452844
231.59473 -2.63706
224.1281 -2.623711
217.56645 -2.6117768
208.8087 -2.598259
203.49663 -2.593969
194.7942 -2.5786784
187.8181 -2.5677946
178.64668 -2.5545506
174.20943 -2.5513911
165.90479 -2.5395784
159.2634 -2.533769
154.83897 -2.529619
147.63005 -2.5284483
141.81514 -2.5254607
133.21289 -2.5257266
126.00475 -2.5241323
121.58734 -2.518497
111.96239 -2.5006003
101.80658 -2.4779854
97.15368 -2.4682696
92.01087 -2.4513748
86.89743 -2.4324858
77.513794 -2.3960373
71.79589 -2.3598037
65.457954 -2.3277419
61.276478 -2.3026996
53.84329 -2.2293403
48.457138 -2.1856067
42.663666 -2.1112154
38.96474 -2.049557
31.906267 -1.9546998
26.511072 -1.8360605
22.775692 -1.7006967
18.583868 -1.5681196
13.559202 -1.1891791
11.767753 -0.8174944
12.571394 -0.2890856
15.055497 0.027647825
19.554937 0.22780061
23.601347 0.3646242
27.958035 0.46017095
33.367336 0.5143673
37.16057 0.58165187
42.489624 0.64122087
47.935673 0.68738884
52.80584 0.70988935
57.69822 0.7285823
63.979507 0.7673431
68.92029 0.77889806
73.16785 0.7986042
78.85426 0.8155906
83.1476 0.83105165
88.20932 0.85251606
92.544106 0.86468875
99.0692 0.88094664
104.21164 0.8966789
108.58911 0.90528315
115.16896 0.9169617
119.56344 0.9240327
125.36298 0.92896974
129.17548 0.941307
135.79617 0.94946206
140.21457 0.95447063
146.27823 0.96702397
150.14577 0.9766668
156.24641 0.9875566
160.14172 0.9961006
165.73915 1.0107151
169.66406 1.0182467
174.45389 1.0284106
177.89178 1.0400175
183.09146 1.0566069
187.94345 1.0650587
192.80821 1.0730846
198.56761 1.0830855
202.10994 1.0923599
207.01375 1.0991915
211.48575 1.0993599
215.50555 1.1036556
219.52922 1.1077939
224.8965 1.1097671
228.92546 1.113628
234.29517 1.1153884
239.66557 1.1170698
247.25711 1.1095302
255.30629 1.1077034
261.5693 1.1111097
269.17398 1.1126592
273.20514 1.1158519
276.80386 1.1222017
280.84305 1.1251704
285.7885 1.1295539
289.8336 1.132328
293.4601 1.1381149
297.51178 1.140701
303.38647 1.1459512
308.35632 1.14968
312.41647 1.1519926
319.224 1.1580483
324.72906 1.1654599
328.79993 1.1674621
334.32678 1.174506
339.86966 1.1813204
343.57346 1.1857411
348.2124 1.1911345
353.4286 1.2000542
357.15976 1.2041118
361.47913 1.2116535
365.13428 1.2241588
368.2311 1.2329576
372.30246 1.2424774
376.4068 1.2517904
380.5431 1.2609018
383.1657 1.2740278
381.7335 1.2865537
380.36166 1.2991719
379.308 1.3093309
378.2938 1.3195456
377.3192 1.3298141
373.98334 1.3441181
372.12805 1.3539884
369.33078 1.3634005
365.39053 1.3751009
360.3364 1.389276
355.52423 1.401078
349.7754 1.4127532
344.3724 1.4190711
336.58124 1.4335498
330.23422 1.440063
326.01093 1.444546
320.68155 1.4518634
316.4761 1.4566387
312.27808 1.4615425
305.9956 1.4691502
300.92032 1.4707701
293.66464 1.4785546
284.35196 1.4896467
280.20798 1.4956037
273.01352 1.5046351
267.95917 1.5071251
259.9122 1.5090064
253.80536 1.5154116
242.66791 1.5252461
235.59007 1.5323738
231.55615 1.5360256
223.47325 1.5481977
217.43759 1.5567701
209.41621 1.5705588
204.4184 1.5754449
197.43825 1.5857396
193.45653 1.591217
184.48262 1.5976328
178.5154 1.6041344
170.60155 1.6174145
165.65816 1.6248511
158.66884 1.6272347
154.67537 1.6286935
149.68404 1.6306263
145.69138 1.6322681
140.70116 1.6344512
134.71385 1.6372843
130.72296 1.6393173
124.73772 1.6426107
120.74837 1.6449876
113.69451 1.64078
107.710014 1.6446751
100.73043 1.6498046
95.74684 1.6539261
89.76894 1.659476
85.78539 1.6636056
77.82336 1.6731325
71.85736 1.6816627
63.9126 1.695512
57.96401 1.7083886
50.051647 1.7303131
46.106808 1.7440938
39.23023 1.7748661
33.376884 1.8113048
24.72903 1.8981041
20.980833 1.9594356
17.345482 2.0469313
13.365465 2.117666
8.811429 2.479614
7.093073 2.9405823
8.159925 -2.3879554
10.786764 -2.047575
16.076672 -1.8190521
19.978233 -1.769836
23.767618 -1.6952466
27.600164 -1.6052325
32.58384 -1.5692697
38.58383 -1.5695071
42.58383 -1.5696282
48.583828 -1.5697725
58.58382 -1.5699472
64.58382 -1.5700262
73.58382 -1.5701203
78.58382 -1.5701634
86.58382 -1.5702218
90.58382 -1.5702472
96.58382 -1.5702813
100.58382 -1.5703018
106.58382 -1.5703297
110.58382 -1.5703465
117.58382 -1.5703733
121.58382 -1.5703872
125.58381 -1.5704002
130.5838 -1.5704154
134.58789 -1.5629965
139.58774 -1.5632759
143.58765 -1.5634854
147.58754 -1.5636836
152.58742 -1.5639167
157.5838 -1.5704807
162.5838 -1.5704904
167.59514 -1.5824333
171.60916 -1.5879889
175.62823 -1.5932903
182.68073 -1.603374
189.71117 -1.6074405
193.74698 -1.611842
198.74289 -1.6108097
202.78142 -1.6149482
208.821 -1.6184641
212.81654 -1.6175685
218.81017 -1.6162864
224.85059 -1.6195158
229.84479 -1.6184564
236.88542 -1.6212652
241.8792 -1.6202223
245.92502 -1.6234801
249.91956 -1.6226373
253.96724 -1.6257533
258.07718 -1.63264
263.1303 -1.6352587
268.254 -1.6414982
273.38773 -1.6475036
278.6151 -1.6568644
282.687 -1.6591724
286.8526 -1.6648867
293.11795 -1.6731532
297.30557 -1.6784704
301.3904 -1.6803428
305.58902 -1.6854173
310.90863 -1.6931639
315.99356 -1.6943735
320.21304 -1.699032
326.55484 -1.7057936
331.7811 -1.7097386
337.1561 -1.7164971
342.54602 -1.723043
346.8058 -1.726994
349.42264 -1.7374119
354.04584 -1.7466798
357.71576 -1.756222
360.63196 -1.7688268
364.3755 -1.7779703
367.38855 -1.7901694
370.22733 -1.7995391
372.12637 -1.809399
375.2771 -1.8210857
377.2541 -1.8307018
378.3018 -1.8409204
376.78677 -1.8558346
372.85672 -1.8673271
369.92993 -1.8782425
366.736 -1.8867412
362.30283 -1.8936528
358.21265 -1.9033763
353.8225 -1.9106615
349.45163 -1.9181292
344.7544 -1.923066
340.4169 -1.930891
334.23553 -1.9410708
329.01868 -1.9505035
325.30695 -1.955061
321.9827 -1.9625974
318.67706 -1.9702907
314.99588 -1.9752299
310.4055 -1.9815683
306.7424 -1.9867755
303.08783 -1.9921085
298.53207 -1.998958
294.8978 -2.0045898
289.94308 -2.0087085
285.47244 -2.0083055
277.4378 -2.0059357
272.96753 -2.0054688
267.59042 -2.0065582
263.12006 -2.0060844
258.64975 -2.005594
253.27269 -2.006748
248.80229 -2.0062501
242.94583 -2.0129359
238.90396 -2.0163167
235.30074 -2.023642
229.47447 -2.0311635
224.55464 -2.0370665
220.98897 -2.0452037
216.97592 -2.0495253
211.19812 -2.0584097
206.79413 -2.069738
201.54604 -2.0839832
197.57336 -2.0895135
192.74205 -2.0978687
187.06573 -2.1093824
177.81277 -2.1208608
173.88448 -2.1279833
167.74089 -2.1367788
161.61127 -2.146242
153.27803 -2.1582258
149.40076 -2.167493
142.50478 -2.1834862
136.45808 -2.1967816
127.43861 -2.2190838
122.25367 -2.230739
117.87064 -2.2381392
113.49457 -2.2461102
106.175064 -2.2652726
101.82668 -2.275321
94.57695 -2.2990916
89.59592 -2.303818
83.94734 -2.30029
79.05094 -2.2878602
72.75905 -2.2721915
65.71559 -2.263163
60.864063 -2.2440395
53.84324 -2.229341
46.03897 -2.2232022
39.637703 -2.2195945
34.637783 -2.220359
26.664614 -2.25969
20.181555 -2.333997
15.963214 -2.4167628
10.549182 -2.5838108
5.9647985 3.07175
7.3376365 2.311272
11.140152 1.9332786
15.53913 1.6966343
19.439499 1.6196985
24.416311 1.568759
28.416304 1.5690458
33.416294 1.5693077
36.629883 1.6788489
38.41629 1.5695015
38.41629 1.5695015
21.452833 1.8223608
26.32489 1.7750647
31.42381 1.7739495
40.642498 1.777469
46.930843 1.7929437
51.05296 1.7947875
54.961716 1.8536571
59.666164 1.883232
64.41515 1.9084656
71.7847 1.946504
77.006386 1.9757689
83.61316 2.007176
88.05422 2.0339487
93.86886 2.0387435
99.685394 2.042979
104.15737 2.0426126
111.323 2.0501218
121.154976 2.045158
125.62686 2.0447764
131.44551 2.0477216
135.91727 2.0472846
143.51457 2.0434885
147.98653 2.0432153
154.69449 2.042835
159.16647 2.0425992
168.11046 2.0421653
173.92798 2.0444784
183.32971 2.048843
188.26323 2.0532172
194.97029 2.0525713
201.729 2.0630515
206.6733 2.0666964
211.62021 2.0701714
219.28712 2.0770853
225.60217 2.0818439
231.54904 2.0922296
238.38234 2.0999691
244.02844 2.1149879
249.19861 2.1259215
258.53958 2.139987
264.6117 2.1477563
273.1951 2.1623166
278.7481 2.1662264
285.4379 2.1757698
290.18475 2.181228
295.51862 2.1892726
301.0983 2.192394
309.2519 2.2013803
316.83368 2.207371
322.4291 2.2099724
331.23215 2.220352
336.04333 2.2244315
341.47208 2.2307138
345.34354 2.2403772
349.39944 2.245801
354.8719 2.251518
358.9483 2.2566712
364.31177 2.2659395
369.05905 2.272873
372.962 2.285156
376.3455 2.2914453
378.99692 2.2993755
381.6718 2.3071952
385.04776 2.316816
387.77377 2.3243916
389.79822 2.3336303
389.70282 2.3517716
389.71884 2.3662872
388.37085 2.3772478
386.4371 2.3938286
382.3824 2.405334
379.791 2.4168575
375.18704 2.4308262
371.30038 2.443073
367.97025 2.44965
361.84213 2.4571283
356.36203 2.4626763
353.08072 2.4697144
349.0307 2.4751172
344.3781 2.4829388
339.74716 2.4909742
333.14145 2.5022397
327.75815 2.5090203
320.99432 2.5167284
315.64465 2.524016
309.4932 2.5297031
305.5658 2.536659
301.0919 2.5465407
293.59598 2.5539181
288.05148 2.5577757
283.34854 2.5637186
276.433 2.5689888
269.52557 2.5745296
263.16043 2.5771444
256.58792 2.588562
250.23338 2.5916686
245.59212 2.5991704
235.99542 2.609263
229.1564 2.616989
221.46288 2.62296
216.88371 2.6321213
210.57047 2.6371243
205.14137 2.6447694
199.25734 2.6572611
191.17027 2.6704235
183.56258 2.6798573
178.20853 2.6899529
172.4013 2.6929517
167.9297 2.6933513
163.4581 2.6937728
158.98654 2.694218
153.18176 2.6977546
147.37906 2.70157
142.90822 2.7023091
138.43745 2.7030962
130.82623 2.7011404
122.3127 2.6954408
117.84127 2.6961048
111.13424 2.6972008
105.331635 2.7025087
98.625595 2.7041793
94.15507 2.705425
87.44959 2.707533
82.979515 2.7091272
75.36693 2.7063413
69.570885 2.7151396
58.920773 2.7446723
52.229412 2.7532363
43.90188 2.7982836
37.57904 2.7946556
29.668217 2.8412387
25.266035 2.8700178
18.72503 2.9384584
13.457939 3.009121
6.456797 -2.9511213
3.9824195 -2.1988726
9.868819 -0.68221307
17.319576 -0.5615336
27.522747 -0.46015167
36.033257 -0.43615162
40.50389 -0.43918717
50.521805 -0.3905582
58.738922 -0.37007698
67.28245 -0.36864126
72.10754 -0.38746232
81.028725 -0.39586392
91.26788 -0.4083864
98.37141 -0.42148283
109.95963 -0.43406743
118.424 -0.44751412
128.24734 -0.462699
133.62425 -0.47612467
143.49417 -0.4877349
149.79039 -0.49568245
159.68814 -0.50490564
166.49437 -0.5166629
171.95474 -0.52539766
179.6581 -0.5327243
185.99898 -0.53759694
190.97168 -0.5403645
195.94579 -0.54299164
202.29517 -0.5471498
213.10326 -0.54922277
218.60709 -0.55527765
224.96587 -0.5586698
231.86142 -0.5655253
237.38528 -0.57072276
245.68243 -0.57808036
253.99203 -0.5849569
265.0888 -0.5934545
270.64392 -0.5974418
278.98425 -0.6031249
285.1206 -0.6096098
291.84723 -0.6186182
299.4067 -0.6252598
303.37662 -0.6320917
310.757 -0.6426604
315.55893 -0.64710975
318.7788 -0.6552297
322.8079 -0.6612796
329.495 -0.6724547
333.55652 -0.67810106
337.48767 -0.6877801
340.80847 -0.694986
346.9653 -0.7027311
350.9742 -0.71176064
354.35208 -0.718465
360.487 -0.7294316
363.9057 -0.7357953
369.4284 -0.7442015
372.88046 -0.7502762
377.72122 -0.7600909
380.4882 -0.7677104
383.99185 -0.7733968
386.79675 -0.7807965
388.91794 -0.78991234
386.82883 -0.7990769
383.3587 -0.8084249
379.92273 -0.81794274
376.46475 -0.8238802
371.60745 -0.83009696
366.09558 -0.83850574
362.68497 -0.84486395
357.22018 -0.85370904
351.89642 -0.8668351
347.14474 -0.87408555
343.0487 -0.87928724
336.92252 -0.8873266
332.8509 -0.89285034
328.78964 -0.8985107
324.12195 -0.9067375
320.0874 -0.9127276
314.6631 -0.9194685
310.6538 -0.9258056
304.66403 -0.93562335
299.29095 -0.9431241
294.5174 -0.9481351
289.17368 -0.9561305
283.02795 -0.96241295
274.93945 -0.9729111
268.26962 -0.98300403
259.95483 -0.9894123
254.41786 -0.9939171
246.96527 -1.0032382
240.0662 -1.009604
232.85776 -1.0104342
225.97049 -1.0174167
217.72131 -1.0263785
209.49101 -1.0360452
204.52127 -1.0386986
195.4517 -1.0469824
189.12383 -1.052073
180.5679 -1.0569015
173.37741 -1.0599809
164.82922 -1.0656809
157.64401 -1.069468
149.10594 -1.0763128
143.69592 -1.0876045
135.17938 -1.0962992
128.4716 -1.0957327
118.62497 -1.1098653
110.14004 -1.1222564
105.23922 -1.1314607
95.34829 -1.1529884
87.29865 -1.1887507
82.4412 -1.2045507
72.5579 -1.2551644
64.36829 -1.2954462
57.549534 -1.3339968
52.01451 -1.367519
42.3027 -1.4403951
32.04128 -1.4926707
26.775505 -1.5162741
13.734165 -1.7898166
10.198476 3.051256
14.201575 2.6457753
21.870668 2.4385564
26.748219 2.3441541
26.748219 2.3441541
