Stilus
7
297.57037 -1.52211
296.25027 -1.4971911
295.71814 -1.4701004
295.39172 -1.4494885
295.3055 -1.4315033
294.68283 -1.4011706
294.58685 -1.3839359
294.78217 -1.3633698
294.8654 -1.3426644
294.38098 -1.3238252
294.4606 -1.3063966
294.04187 -1.2893801
294.51147 -1.271985
294.1204 -1.2536443
293.82797 -1.2353729
293.63324 -1.2171435
294.4661 -1.2002118
294.46027 -1.1819814
294.55637 -1.1635933
294.74615 -1.1454135
294.1389 -1.1255902
294.08655 -1.1028978
294.19217 -1.080077
293.78162 -1.0562375
293.49304 -1.0357343
293.38565 -1.0116065
293.36972 -0.9913102
293.6466 -0.97157526
294.8535 -0.95383364
296.13538 -0.93194926
296.7663 -0.91226447
296.8733 -0.890257
296.33142 -0.871199
294.90277 -0.8355143
293.85315 -0.7995715
295.8312 -0.76797456
297.7211 -0.73554045
298.05832 -0.71643335
297.17786 -0.68047863
297.50854 -0.6614677
296.863 -0.6419217
298.8874 -0.6112496
300.73743 -0.5727162
301.45303 -0.5517535
302.19608 -0.5299778
302.50095 -0.51036525
302.83197 -0.4917307
303.5281 -0.4748733
304.45947 -0.44398755
302.81906 -0.41468123
301.7875 -0.3984003
300.79166 -0.38164142
300.90005 -0.36654592
300.89017 -0.3451404
301.23566 -0.32015926
301.37308 -0.3000428
301.85416 -0.28212088
301.20392 -0.2621314
300.86523 -0.24448974
300.40433 -0.22357263
300.9367 -0.19674411
301.60495 -0.17708081
301.97937 -0.15989384
302.07053 -0.13973778
302.50226 -0.1254544
303.38568 -0.09852694
304.6303 -0.06846716
304.54614 -0.052916016
304.3519 -0.03905072
304.1979 -0.022648504
304.127 -0.006855212
303.36066 0.014299736
303.32526 0.036693685
302.72574 0.06314739
302.28824 0.07903936
302.43298 0.093087204
301.9438 0.10981851
301.01376 0.13366538
300.68375 0.15392794
299.08878 0.17847435
297.68268 0.20662904
297.51077 0.23779695
297.73862 0.25461218
297.12927 0.2727898
296.7272 0.3012562
297.30023 0.3182754
297.4252 0.33236048
299.0892 0.34811988
300.9783 0.37420782
301.38586 0.39522213
301.8183 0.42348745
303.37866 0.45013547
303.59094 0.479265
303.69473 0.4940106
302.87198 0.52944416
302.5352 0.54557276
303.2138 0.57529736
304.34396 0.6045563
305.7254 0.6334364
305.85025 0.65038174
306.2475 0.673253
306.44873 0.6946952
307.72687 0.72453153
309.2409 0.75866634
310.00082 0.77513075
308.2058 0.8003381
306.83868 0.82391846
308.6038 0.8466273
308.78366 0.87527156
309.0035 0.9097543
308.6727 0.9283386
308.5874 0.94510865
308.53534 0.9609106
308.09583 0.98735696
305.63968 1.0132192
302.34705 1.0374005
300.11594 1.0636737
299.66794 1.0931299
300.4426 1.1174936
299.83582 1.1431735
299.37375 1.1649536
299.2737 1.1835797
298.927 1.2047288
299.3203 1.220145
299.51483 1.2486941
300.17984 1.263457
300.68176 1.2805568
301.21494 1.2983268
300.82022 1.3159076
299.81403 1.3322272
299.6995 1.3484486
299.5604 1.3628129
299.03522 1.3929794
299.211 1.409335
299.3341 1.4236661
298.86142 1.440253
298.27448 1.456212
297.82306 1.4702373
297.36578 1.4868454
297.00168 1.5029569
296.74704 1.517048
296.5204 1.5338956
294.34625 1.5574586
293.34903 1.5846614
293.5689 1.6119088
294.00412 1.6389878
294.6565 1.6660477
294.76157 1.6931804
294.28195 1.7071087
293.667 1.7383631
292.51694 1.7728846
291.60553 1.7911729
290.85895 1.8100332
290.33795 1.8311453
290.2749 1.8462536
289.90244 1.8753904
289.88788 1.9082268
289.7072 1.9267136
289.90988 1.9476334
289.9401 1.9662296
290.07242 1.9848849
290.2981 2.0032861
291.06033 2.024788
292.40195 2.0418203
294.0726 2.061681
294.9303 2.0796924
295.7698 2.0982745
297.00516 2.1183884
297.3004 2.1364157
297.63602 2.1576328
297.7668 2.1777084
297.58212 2.19881
297.3516 2.220274
296.6349 2.2392197
297.52597 2.2757993
297.80096 2.3061895
298.16467 2.3415332
298.13446 2.3608015
297.084 2.3947928
297.39313 2.4237807
298.85034 2.4541256
299.3704 2.4836335
299.53067 2.521407
299.31546 2.5411253
299.66107 2.5622077
299.90048 2.5793371
300.69516 2.614771
300.82352 2.6342425
301.06558 2.6536942
301.41925 2.6731563
302.5916 2.693345
304.09958 2.714029
306.89258 2.743696
307.85696 2.7617793
308.49158 2.7832248
309.26547 2.8049936
310.496 2.823481
310.8035 2.8412097
311.28665 2.8585668
311.83936 2.8754814
312.5442 2.8909483
313.35043 2.926314
313.9058 2.9453635
314.17233 2.9618979
315.18076 2.9758065
315.66498 2.9913695
315.93408 3.007752
316.3026 3.0237079
316.748 3.0397296
317.27307 3.0557516
317.59 3.074789
317.55847 3.0880656
317.33795 3.1031632
317.1861 3.1187909
317.10617 3.1376033
317.14026 -3.1263988
317.286 -3.1076863
317.49652 -3.0918407
317.73425 -3.0785794
318.143 -3.0607374
317.91782 -3.0415404
317.66745 -3.0198495
317.5101 -3.0003815
317.41696 -2.9811158
316.76547 -2.9396412
316.29495 -2.9167428
316.23715 -2.890777
315.1531 -2.8693316
314.70422 -2.849347
315.1324 -2.8237486
315.15817 -2.7944522
314.53647 -2.7655408
313.18954 -2.742519
311.92007 -2.719863
311.14294 -2.69432
311.3894 -2.6696079
312.08286 -2.6447582
312.5474 -2.6236672
312.40314 -2.604164
312.19644 -2.5831432
312.06616 -2.5589294
311.91287 -2.5322852
312.1095 -2.5082037
312.52103 -2.4851635
312.46936 -2.4647453
312.54785 -2.4443321
312.75833 -2.4238923
312.4499 -2.3973148
312.21735 -2.3699636
312.21603 -2.3432071
311.7124 -2.3180087
310.79877 -2.2945611
309.1524 -2.2738352
308.40668 -2.2505105
306.7312 -2.2224467
306.4731 -2.194015
306.12247 -2.1638243
305.94443 -2.133016
305.1958 -2.1038527
304.00027 -2.075815
302.86887 -2.04784
301.63757 -2.017447
299.69427 -1.987551
298.32776 -1.9598304
297.99615 -1.9318053
297.35397 -1.9035653
297.7453 -1.8778976
297.60333 -1.8506634
298.41254 -1.8248042
298.6839 -1.7978023
299.14645 -1.7734778
299.7443 -1.7487534
299.58075 -1.7250446
299.77292 -1.7014543
299.95212 -1.6784071
300.35275 -1.6578174
300.83252 -1.634857
300.5024 -1.6145022
300.29858 -1.5943254
300.21555 -1.571637
300.27335 -1.5511587
300.48132 -1.5287261
300.80933 -1.5079501
301.31207 -1.4854538
301.1006 -1.4646989
301.7078 -1.442192
301.7078 -1.442192
