Mouse
26
128.94786 1.2034955
136.21046 1.1687069
141.47263 1.1537521
146.76418 1.1398728
152.08202 1.1269618
157.42348 1.114925
163.23901 1.0982101
168.63034 1.0878866
173.56786 1.0832802
179.86302 1.0766538
186.16556 1.0704759
191.11574 1.0667428
196.06842 1.0631982
201.51437 1.0554997
208.33762 1.0464432
215.5346 1.0443152
222.37735 1.0361738
229.23396 1.028519
234.55042 1.032217
240.03981 1.0264593
245.01575 1.024439
250.51534 1.0190924
258.24823 1.0147814
263.76004 1.0099047
269.2779 1.0052279
274.26297 1.0038086
279.78812 0.99942774
284.48007 0.99330324
289.18237 0.98737764
295.83926 0.97789943
303.34634 0.97070587
308.65536 0.9628256
313.167 0.95336837
319.69034 0.9409474
323.6692 0.93460006
328.26083 0.925968
333.0656 0.92178375
338.48462 0.9153722
344.5324 0.90687287
349.1991 0.8991251
353.25888 0.8937847
358.73523 0.8881598
364.2226 0.8827042
367.54352 0.8760253
371.64508 0.87120247
376.40338 0.8644604
381.17834 0.857887
384.55826 0.8517193
387.87 0.84201986
390.47852 0.8307619
390.9921 0.8180331
389.43445 0.80363303
384.426 0.7909939
381.59213 0.7836233
377.38095 0.77236074
374.60062 0.7647124
371.1162 0.75880045
366.91583 0.75464
362.04077 0.7483629
357.85687 0.74397475
353.0069 0.7373899
347.50607 0.7284787
344.10477 0.7217394
341.4752 0.7129462
338.1108 0.7059316
332.07205 0.6937967
326.71466 0.68359184
319.98715 0.67255235
315.93637 0.66659236
308.66388 0.65223145
303.4535 0.64051783
296.30325 0.6249201
291.77036 0.61503214
286.13434 0.5990833
282.23547 0.59137464
278.64096 0.57847816
274.78864 0.5702693
271.80215 0.55986756
268.8457 0.5492359
264.03906 0.53380775
260.29337 0.52448785
258.31348 0.5110839
255.5024 0.49934307
258.9331 0.4746829
262.49722 0.46771812
267.42618 0.45426464
271.92795 0.4461962
278.259 0.43534005
283.71066 0.4264213
287.3572 0.42066377
291.92844 0.4136694
295.59543 0.4082299
302.033 0.39902914
307.57047 0.39144984
311.27164 0.38654697
315.53824 0.3776377
319.2598 0.37301794
323.56323 0.3645083
329.07654 0.34840703
332.5028 0.34147313
337.50906 0.32993606
340.9767 0.3233608
346.35977 0.3151187
351.4646 0.30441728
355.65155 0.29483828
358.91095 0.2862677
364.39407 0.27898556
368.39923 0.2674193
372.9643 0.26129085
377.2917 0.25274628
381.88922 0.24693686
385.52838 0.24188557
386.53662 0.2305989
385.64203 0.22050098
384.78696 0.21035713
383.97165 0.20016916
383.00882 0.18737493
382.2839 0.17709447
380.4483 0.16462037
378.67245 0.1520273
373.9865 0.14043154
367.49893 0.13193943
362.15515 0.12554395
355.71603 0.11649945
350.30142 0.106817044
346.01382 0.0994287
340.84326 0.095046036
335.5905 0.08756082
330.43842 0.08285465
326.29086 0.077760704
320.0859 0.06987262
314.03128 0.06802992
309.9734 0.0656885
304.91925 0.06349238
300.8648 0.061018888
294.7585 0.05548758
290.71024 0.052816108
284.61798 0.046911802
279.57767 0.044177577
270.46643 0.03456587
264.40695 0.027790463
257.36044 0.020777984
253.3613 0.021105997
247.32751 0.013533262
241.31628 0.009726169
237.31648 0.009890102
228.30885 0.005900138
221.30515 0.0015681789
213.30588 -0.003061121
209.31139 -0.007897187
203.32219 -0.013048401
197.33868 -0.018512147
188.3897 -0.030011209
184.42491 -0.036081884
179.46811 -0.04265535
175.5183 -0.049319435
166.64572 -0.06396938
160.72786 -0.07256482
152.75 -0.07636194
148.84364 -0.085111074
143.16316 -0.10955549
137.44324 -0.12879391
132.76749 -0.14857133
129.1332 -0.16847509
131.82498 -0.1958482
136.56313 -0.21888089
141.36884 -0.24035838
146.94936 -0.2520872
153.08067 -0.2755727
157.7563 -0.28697288
161.7934 -0.30543742
166.83154 -0.3210947
171.58124 -0.33032808
176.6799 -0.34440103
184.38895 -0.36404485
192.1634 -0.3821057
196.99779 -0.38866493
203.68776 -0.3911321
210.3789 -0.3934423
216.53764 -0.40165126
221.00137 -0.40290502
231.12903 -0.4171951
236.0042 -0.42194882
241.2999 -0.430283
245.23131 -0.4454121
248.77467 -0.45645875
252.34753 -0.46719387
255.94867 -0.4776281
257.81183 -0.4914074
257.1018 -0.5106316
256.1336 -0.5352974
254.47577 -0.56222296
252.73384 -0.58070385
250.25438 -0.6016892
246.14876 -0.6131873
240.91191 -0.6183417
236.49419 -0.62125534
230.9152 -0.6172523
223.94699 -0.6119681
218.37718 -0.607498
212.81197 -0.60279405
208.95499 -0.6097048
205.10837 -0.6168752
201.05072 -0.6312623
196.43584 -0.64217466
192.45517 -0.65773576
188.52306 -0.6739501
183.10564 -0.69781035
179.30316 -0.71572906
176.30424 -0.73061675
172.6686 -0.74176294
167.69344 -0.74468803
162.67274 -0.75647956
158.39626 -0.7646298
153.4168 -0.7777843
147.75569 -0.78706396
144.2394 -0.80181223
140.0284 -0.81240785
133.68874 -0.81898075
129.50533 -0.830995
135.2257 -0.83953565
138.8842 -0.85341024
144.86742 -0.8799783
153.92482 -0.9113639
158.50548 -0.9257046
164.51457 -0.93791986
167.75658 -0.9520233
173.24466 -0.9674104
176.55293 -0.9802666
179.8893 -0.9926479
184.63287 -1.0029111
188.01735 -1.0143539
191.42557 -1.0253906
197.59758 -1.0324898
202.41032 -1.0409125
207.73706 -1.0447705
212.20068 -1.0460843
218.53398 -1.0417048
224.01064 -1.035303
231.21211 -1.033666
237.90273 -1.0357362
241.85643 -1.0406125
246.31885 -1.0418196
252.01274 -1.0504088
255.98293 -1.054789
261.70346 -1.0627778
265.68692 -1.0668129
272.311 -1.0760112
277.60605 -1.0862743
282.50003 -1.091386
288.29102 -1.097908
291.85773 -1.1041503
296.33167 -1.1117414
299.9228 -1.117651
304.42603 -1.1248416
308.03967 -1.1304425
313.47772 -1.1386012
317.11432 -1.1438847
320.75958 -1.1490482
326.2431 -1.1565769
330.82635 -1.1626598
334.5016 -1.167406
339.88535 -1.1677685
343.56845 -1.1723348
347.64368 -1.174148
351.3365 -1.1785463
356.3404 -1.181317
360.97092 -1.1865765
365.6112 -1.1917027
370.2608 -1.1967002
374.55972 -1.2040637
377.59103 -1.2128067
380.65076 -1.2214099
384.6808 -1.2307445
385.88364 -1.2455534
384.62415 -1.255408
383.40225 -1.2653265
381.2618 -1.2745436
377.91254 -1.2856531
374.61078 -1.2969598
371.61835 -1.3058672
366.46814 -1.3161771
362.3285 -1.3274466
358.23593 -1.3389751
355.168 -1.3513829
350.4064 -1.36004
346.453 -1.3723414
342.55322 -1.3849249
336.73898 -1.3967737
332.45557 -1.4006155
326.70648 -1.413107
321.30478 -1.4198844
316.90805 -1.4273458
311.40448 -1.4377637
305.81558 -1.4518008
300.50424 -1.4597383
294.11652 -1.4709938
287.85736 -1.479287
282.61545 -1.4882412
278.46915 -1.4942144
272.41074 -1.4961895
267.28052 -1.5022571
262.1002 -1.5123699
258.04977 -1.5153333
253.8622 -1.5301927
253.7313 -1.5459452
253.65631 -1.565652
255.66716 -1.581338
258.7396 -1.5966752
263.83115 -1.607552
266.00574 -1.6223035
267.3075 -1.6407921
270.60632 -1.6547626
274.85666 -1.6644186
279.45615 -1.6844581
283.78183 -1.6933628
288.99213 -1.6981163
294.07886 -1.6993303
298.44055 -1.7075818
302.822 -1.7155949
308.21072 -1.7228858
312.3163 -1.7241104
317.8845 -1.7341441
323.4836 -1.7438315
329.2949 -1.7561747
334.96005 -1.7651606
339.87555 -1.777322
342.67123 -1.7875503
345.50217 -1.7976121
347.632 -1.8109802
350.79135 -1.8234686
355.93503 -1.8342608
357.96033 -1.8443223
362.2216 -1.8553759
368.43988 -1.8645909
371.52676 -1.8733371
373.6897 -1.8827579
376.2024 -1.8945916
376.5495 -1.9055074
376.0006 -1.917303
373.6319 -1.9310087
369.1072 -1.9443448
365.20047 -1.9544399
360.9491 -1.962194
353.43213 -1.9771396
348.33148 -1.986585
341.4422 -1.9987283
338.22763 -2.0063262
332.79736 -2.0139325
328.28732 -2.020463
321.1014 -2.0312927
317.52307 -2.0368907
312.17474 -2.0455284
306.81387 -2.04718
303.26477 -2.0532284
299.25894 -2.0564692
293.021 -2.0599914
288.55032 -2.0603874
280.96262 -2.0626805
274.25714 -2.063371
269.7869 -2.0638504
263.96265 -2.0628047
259.4923 -2.0632932
253.26202 -2.0675366
247.91399 -2.0700557
241.69139 -2.0746765
237.22295 -2.0754347
231.49622 -2.084185
224.79655 -2.0856686
219.95811 -2.0929053
215.1317 -2.100467
209.45984 -2.1108203
205.00102 -2.1124847
196.60571 -2.1203897
191.29948 -2.125127
184.09264 -2.1238081
179.63878 -2.12603
174.65881 -2.1235065
169.68001 -2.1208348
165.22499 -2.1231701
159.07446 -2.1322584
152.39972 -2.136557
147.95158 -2.1396384
143.50494 -2.1429105
139.60678 -2.1524007
134.89305 -2.16657
131.0287 -2.1773837
124.7477 -2.2027886
120.74957 -2.227253
116.98225 -2.2413504
113.87547 -2.2631803
116.469666 -2.2896185
119.1417 -2.314888
121.886444 -2.3390343
127.543495 -2.3730612
133.27527 -2.3935661
139.80573 -2.4171388
143.4765 -2.430396
147.93839 -2.4473372
155.25275 -2.461335
161.81061 -2.470245
170.7545 -2.489276
175.14929 -2.4940648
179.5479 -2.498619
186.36736 -2.5125513
195.10767 -2.5385659
198.97453 -2.5458279
204.23866 -2.55146
212.01689 -2.5646198
217.60472 -2.5758092
222.36922 -2.5840669
226.29613 -2.5896692
230.75119 -2.5913777
235.02779 -2.6025016
239.8381 -2.6096258
243.29381 -2.6179652
244.81874 -2.6402862
242.45554 -2.658372
240.62308 -2.6730928
236.17122 -2.6919377
229.99011 -2.7078738
226.51147 -2.7201874
221.7538 -2.7352293
217.28915 -2.7364075
211.12413 -2.7444844
204.97371 -2.7530463
198.28506 -2.7555847
193.45409 -2.7621667
186.77052 -2.765188
180.08878 -2.7684336
175.27547 -2.776052
170.8254 -2.7786164
164.15254 -2.7827234
158.42091 -2.789369
153.63823 -2.798715
148.86984 -2.8086607
144.11714 -2.8192635
139.38176 -2.8305879
134.96332 -2.8356264
129.299 -2.846103
124.33602 -2.8675127
120.4037 -2.8927531
118.50501 -2.923394
116.53977 -2.9634335
120.15185 -2.9857173
125.093636 -2.9919226
129.0503 -2.9965444
133.00955 -3.0008912
139.94382 -3.007906
147.87628 -3.015117
152.83765 -3.0192435
157.80145 -3.0231104
162.76747 -3.0267415
168.62172 -3.0367107
173.49619 -3.04546
178.29825 -3.0593176
183.06639 -3.0778954
186.99881 -3.0845938
190.89136 -3.096248
194.80878 -3.1074347
198.77553 -3.11315
204.72772 -3.1237488
208.70168 -3.1336725
215.69934 3.1353476
221.7204 3.1264963
230.84608 3.1054263
236.92119 3.0979059
243.06186 3.086653
247.17204 3.079462
253.16074 3.0809338
258.2131 3.0782418
263.20328 3.0794446
267.19565 3.0803745
271.2504 3.077597
280.29623 3.0760899
287.34717 3.0742118
292.4039 3.071951
296.4647 3.069525
300.60315 3.063847
305.74762 3.0585954
310.9002 3.053518
314.9733 3.0514724
322.22354 3.0441551
326.40305 3.039249
330.4848 3.0374753
335.56198 3.03606
339.64557 3.0343728
344.72418 3.0330408
349.80338 3.0317473
353.8893 3.0301776
358.20706 3.023096
362.54233 3.0161834
366.0367 3.0063665
369.7114 2.9940596
372.45374 2.9815698
374.0975 2.9714398
376.76318 2.9618752
378.48074 2.951949
380.23523 2.9421134
382.02618 2.932369
383.0959 2.9196017
385.20038 2.9075112
386.39072 2.8949237
387.64194 2.882415
383.6006 2.871515
379.32947 2.8629167
375.08704 2.8541234
370.58334 2.8477101
365.4382 2.8377159
361.92706 2.8317723
356.52847 2.82397
351.78204 2.819531
346.09573 2.8140438
342.31082 2.8102844
336.31335 2.807293
332.20688 2.8061857
327.48962 2.8011603
320.5605 2.7968097
311.70013 2.7900016
307.76077 2.785302
302.07404 2.7782862
296.47336 2.7710943
292.74835 2.7661471
284.3944 2.7545426
275.11386 2.7407532
271.3153 2.7348125
266.72534 2.727387
262.56696 2.7162364
258.92865 2.7098615
255.72716 2.6997647
252.5524 2.6894128
249.85344 2.6752172
248.60783 2.6500156
250.13393 2.630505
252.11458 2.6166663
254.65707 2.5996747
255.89386 2.5842667
258.27985 2.562502
260.49045 2.5496495
263.313 2.533891
265.61722 2.5215275
268.7687 2.5115771
273.9443 2.4981806
279.96008 2.4874628
283.1992 2.4784024
289.43326 2.473297
294.1135 2.4641676
298.8175 2.4553246
305.72116 2.4484324
310.5869 2.4446976
314.693 2.4390295
319.46024 2.43113
324.2468 2.423463
329.80066 2.4180317
333.20654 2.4110217
336.62845 2.4041538
340.06592 2.3974247
342.788 2.3888402
346.22546 2.3783004
349.72015 2.3720126
353.92938 2.3638325
358.86975 2.3538754
363.84476 2.3441896
368.1066 2.3404865
371.68076 2.3349292
376.67987 2.3295782
379.59256 2.3223279
383.20312 2.3171077
386.889 2.3083332
389.8588 2.3014336
392.1853 2.2927282
391.93546 2.2764084
389.4796 2.2649708
385.5256 2.2566621
381.44885 2.2518678
377.38107 2.24697
373.4864 2.2382038
369.44464 2.2330506
365.4129 2.2277834
361.39154 2.222399
356.7797 2.2146556
352.78464 2.2089906
346.59708 2.2042794
342.62338 2.1983254
338.0809 2.189827
332.7445 2.18282
327.99463 2.1780932
324.07672 2.1714792
319.34506 2.1664557
313.5126 2.1559823
309.644 2.1487813
303.56863 2.1421847
299.73184 2.134568
294.5359 2.1256618
290.7381 2.1175919
284.73 2.1098962
280.9705 2.1013331
275.86707 2.0912025
269.92065 2.0824993
264.4788 2.0767179
258.56827 2.0672998
251.79828 2.0592992
245.93271 2.0489795
240.5468 2.0418677
235.6225 2.0382268
230.70146 2.0344305
224.00446 2.0244477
219.09633 2.0201411
213.76404 2.0114145
209.2931 2.0109224
203.9791 2.0015361
196.45001 1.9911617
191.06923 1.9922848
184.87732 1.9836069
180.4111 1.9823472
173.31659 1.9750437
167.93298 1.9758049
159.92583 1.9700634
153.62105 1.9732516
148.77039 1.9652284
142.62817 1.9528081
137.80421 1.943428
133.57979 1.9237136
137.00728 1.9067726
141.11267 1.8817075
144.92604 1.8732638
150.10345 1.8486352
153.95395 1.8415089
159.23978 1.8193288
162.8826 1.8073369
168.2802 1.7874262
171.77986 1.7710499
177.47435 1.7588025
181.22522 1.7492564
185.97772 1.7391922
189.60435 1.7252568
193.40953 1.7169662
197.2275 1.7089959
202.91418 1.6951596
209.63145 1.6815503
214.49585 1.6743402
220.36627 1.6670123
225.25192 1.660461
231.06258 1.6495147
235.97255 1.6436237
240.82532 1.6338301
246.69884 1.6242069
251.59512 1.6152079
255.5495 1.6106037
260.44577 1.5983298
264.37994 1.58657
267.3471 1.5714325
267.37448 1.5564716
267.46167 1.5415173
260.6157 1.5253885
255.7213 1.5166879
247.85307 1.5068847
242.93073 1.5014621
236.02147 1.4951806
232.03311 1.4938784
228.04514 1.4925305
223.06079 1.490778
218.1612 1.4843768
212.2753 1.4772439
208.29312 1.4754499
201.42697 1.4671993
196.563 1.4595085
188.8565 1.4442791
184.16739 1.4300799
177.3878 1.4189636
171.78354 1.4021713
168.1967 1.3864572
162.495 1.373639
158.57443 1.3686979
152.91287 1.3544148
148.25835 1.3405861
143.87975 1.319121
140.26855 1.3051145
135.72566 1.2883317
132.1792 1.2726307
132.46239 1.241543
132.66068 1.1938516
133.66548 1.1563084
137.13675 1.1354821
142.4637 1.121863
146.07765 1.1337475
146.07765 1.1337475
