Stilus
12
135.77205 1.1981016
140.40775 1.1975372
148.07121 1.190544
153.7242 1.1771905
160.15884 1.1618091
166.55078 1.1455942
173.21661 1.1311498
180.42062 1.1241336
187.5549 1.1187316
194.72687 1.1137036
201.17355 1.1073498
209.78212 1.0866439
222.0398 1.0695504
229.69598 1.0630339
236.29863 1.0581892
242.17369 1.0566819
247.19685 1.054093
252.8405 1.0486176
260.84796 1.0375649
271.7747 1.0272295
278.60056 1.0165913
284.6311 1.0090694
291.11734 1.0059137
297.4268 1.0035981
302.3534 0.9981543
310.0625 0.98350483
313.41705 0.97296274
318.86392 0.9649552
324.78976 0.9589415
329.65924 0.95366645
337.57333 0.95128655
346.6924 0.93991977
350.80258 0.9338876
355.5041 0.92577565
359.9024 0.9186946
363.3672 0.91093534
370.64874 0.89887637
376.1058 0.8892105
381.93704 0.87878317
385.47565 0.86875325
386.22556 0.8559083
384.69418 0.829792
381.93195 0.80700135
378.13345 0.78714657
375.45636 0.7752631
372.12637 0.7622092
368.79132 0.74871904
364.13223 0.738049
359.8991 0.7292021
355.09723 0.7224675
351.7062 0.7158122
347.94736 0.7086772
343.45496 0.700721
336.94733 0.69219375
330.80585 0.68398523
325.21686 0.67741436
319.88998 0.67066187
311.49774 0.66348517
303.42435 0.650795
295.79498 0.6333729
292.33444 0.6242334
287.98303 0.6137458
282.08157 0.6006455
278.47052 0.58974564
272.80524 0.5731273
270.21927 0.55812424
267.6372 0.54247487
265.07516 0.52622104
263.83893 0.51040167
264.29785 0.48370266
267.6181 0.46688136
271.42624 0.45571813
276.62262 0.4465316
280.89505 0.43533513
286.18362 0.42675734
290.9274 0.4193555
296.22928 0.41139072
301.7518 0.3970111
307.64944 0.38199458
313.80484 0.36387098
318.95654 0.34938103
326.03314 0.33350098
332.35413 0.32372263
338.00192 0.31497228
343.42938 0.3067408
347.1128 0.30046022
355.23724 0.29077682
359.91336 0.2858061
365.67316 0.28118068
371.41824 0.27671587
376.75235 0.26786163
382.2937 0.26116008
388.5835 0.25417024
393.9448 0.2433783
398.28522 0.23302682
403.2045 0.21677613
403.9654 0.20177263
403.27777 0.18700413
396.3623 0.17234905
386.40332 0.15582749
380.9925 0.14765552
375.5384 0.14161529
369.1728 0.13584661
363.8253 0.12954085
358.51886 0.123083666
354.01273 0.11823077
345.41678 0.10174155
339.22983 0.09155071
333.67776 0.0810835
327.6466 0.07258762
322.26233 0.06524827
316.37506 0.059371933
310.23734 0.050882004
303.41455 0.045446035
297.1321 0.042216737
290.13623 0.037257716
285.05103 0.030877385
279.3807 0.024792738
273.05856 0.017696429
265.17337 0.010541786
257.16058 -7.94623E-4
250.95076 -0.012749954
245.78452 -0.025180379
240.09995 -0.034118444
233.19469 -0.043701105
225.56027 -0.054058176
218.66722 -0.060306564
212.4728 -0.068008035
207.58644 -0.074437395
201.68228 -0.08159063
194.70355 -0.08452194
187.73062 -0.08766928
180.75307 -0.091062754
175.80562 -0.093632825
171.66483 -0.10023651
166.79506 -0.10922254
162.10428 -0.11397344
157.15193 -0.11758148
151.94452 -0.12163086
146.98349 -0.12575759
143.10367 -0.13450983
136.23158 -0.15619308
143.50221 -0.20289744
149.36662 -0.22713716
155.67656 -0.25092483
161.78784 -0.2731397
168.42421 -0.28817448
175.0178 -0.296343
182.68588 -0.30087507
189.0404 -0.3015819
194.71443 -0.30866542
199.87914 -0.31998044
207.80661 -0.34282568
211.62946 -0.36132866
216.92406 -0.37690443
221.21648 -0.38875815
226.05931 -0.40109324
232.94707 -0.40651056
240.64525 -0.4277996
244.14728 -0.43933412
248.10414 -0.45412514
251.22995 -0.470265
255.18819 -0.4977802
252.39288 -0.5243072
246.74234 -0.5470584
239.89508 -0.5694746
235.71494 -0.58087015
230.11003 -0.5969442
223.97462 -0.60622925
217.78578 -0.61500186
212.1558 -0.6225501
205.9758 -0.63186634
198.46335 -0.64692837
191.35722 -0.66685295
185.42157 -0.68029183
179.59961 -0.6869472
169.65312 -0.6895104
163.91339 -0.6947918
158.31708 -0.69932526
153.57912 -0.7059272
149.06462 -0.7207341
145.34657 -0.7341318
138.65466 -0.75854146
134.37114 -0.78920215
135.51965 -0.82796025
138.8243 -0.85225976
143.4202 -0.8799509
147.96059 -0.8988751
153.44408 -0.9112893
159.92982 -0.92130125
168.67938 -0.9301729
177.48048 -0.9390444
185.47662 -0.94392395
192.31784 -0.9504476
199.5061 -0.9516213
206.20892 -0.95541316
213.20877 -0.9668734
219.29385 -0.97491276
225.35204 -0.9824689
230.58295 -0.98724437
234.75362 -0.9937781
239.08827 -1.0041714
244.01118 -1.0169554
249.17421 -1.029719
253.951 -1.0364202
258.9934 -1.0434467
266.2589 -1.0506413
273.68365 -1.0661119
279.35733 -1.0732325
285.13867 -1.0802459
291.3164 -1.0846756
295.55774 -1.0875667
302.74408 -1.0925646
307.1795 -1.0963835
311.6422 -1.1001308
316.55353 -1.1044803
324.614 -1.1100816
329.0923 -1.1168245
333.90576 -1.1238469
341.6382 -1.1346672
346.01855 -1.1405591
350.775 -1.146773
356.06088 -1.1534643
360.31854 -1.16101
364.10385 -1.1662233
368.0409 -1.1760193
373.29727 -1.1985216
376.9247 -1.2085593
380.2049 -1.2174591
386.72433 -1.2319248
391.2985 -1.2468318
392.7974 -1.2614948
387.84073 -1.2783921
379.76498 -1.2966961
369.9722 -1.3116015
364.8693 -1.3219904
359.78943 -1.3322182
354.71695 -1.3437815
347.81766 -1.3562152
341.87415 -1.3674135
335.9249 -1.3765725
330.41638 -1.383165
321.48486 -1.3968315
313.90515 -1.4055201
305.4068 -1.4191685
300.7406 -1.4276776
296.32877 -1.4358587
286.84406 -1.4524606
282.33417 -1.461232
276.66162 -1.4851125
270.90707 -1.5121276
266.87665 -1.5389807
269.25323 -1.5607603
272.02756 -1.5791693
278.91406 -1.5969157
286.05957 -1.6102769
295.3875 -1.6320788
300.6266 -1.6442819
304.96082 -1.659499
307.6686 -1.6745629
310.08527 -1.6871902
312.7123 -1.7024361
316.3451 -1.7162243
324.62976 -1.7436095
329.35028 -1.7561365
335.51227 -1.7712795
341.4064 -1.7826461
346.2277 -1.7921127
350.2534 -1.8012811
353.35373 -1.8137027
356.2808 -1.8232707
360.22662 -1.8342552
364.3947 -1.8430234
368.64777 -1.8538883
375.7347 -1.8706088
379.70135 -1.8845259
376.69128 -1.9089972
373.5743 -1.9290731
368.98938 -1.942871
362.86575 -1.9583533
356.9735 -1.9711988
352.10764 -1.9798155
345.71027 -1.9887623
338.03354 -1.9956261
330.32468 -2.0028768
322.3347 -2.0081494
315.0885 -2.0118496
307.0212 -2.0170746
297.74936 -2.0207992
289.94724 -2.0293267
282.5605 -2.0383093
273.4329 -2.0511117
263.74628 -2.0627663
255.5744 -2.071075
248.82489 -2.080233
241.05687 -2.089964
232.44269 -2.101231
223.07751 -2.1115272
214.78142 -2.1186917
205.58203 -2.1274073
195.99812 -2.135388
186.45248 -2.1472213
178.37212 -2.1517487
170.83086 -2.1595557
163.8206 -2.1718302
156.88774 -2.1866362
150.86253 -2.198761
144.84145 -2.211938
140.27379 -2.2185643
136.4743 -2.2304268
135.22957 -2.268617
136.90858 -2.2969632
141.0682 -2.347373
144.4363 -2.3732848
146.68001 -2.3972652
153.89583 -2.4331822
158.13953 -2.4478512
164.73405 -2.465462
172.60757 -2.4813116
180.31378 -2.4916887
186.77309 -2.4927301
193.74663 -2.4942012
201.58386 -2.4923735
208.70764 -2.494458
214.90799 -2.5029616
220.72244 -2.5115845
225.56085 -2.521336
229.6178 -2.5285347
233.78613 -2.53463
237.69296 -2.545999
243.2401 -2.5693095
244.56631 -2.6095555
243.53754 -2.635316
241.81087 -2.6593337
239.19366 -2.6737185
230.58748 -2.6925385
225.4511 -2.7071266
219.99702 -2.7284303
214.10095 -2.748024
207.22694 -2.765485
200.34879 -2.7745957
193.93103 -2.7743106
188.08914 -2.7779202
182.31857 -2.7836425
173.0971 -2.7990105
162.94295 -2.8239317
152.6468 -2.863616
144.02538 -2.8985767
139.04549 -2.9099245
146.03902 -2.9317122
153.35558 -2.9602067
160.98451 -2.976673
164.94211 -2.980665
172.8205 -2.988061
176.66776 -2.9957495
184.44365 -3.008745
190.4758 -3.0182636
195.99739 -3.0308392
200.59995 -3.0345426
205.75462 -3.0421162
211.34724 -3.0531197
216.98279 -3.0643919
222.17133 -3.078863
226.50026 -3.0925632
231.494 -3.1069667
238.25691 -3.1176713
245.25623 -3.1265533
252.21404 -3.134881
258.4822 3.140362
265.4587 3.132897
272.46967 3.1257908
280.24673 3.1226528
288.24176 3.122352
295.48587 3.1194413
302.2222 3.1144357
309.19055 3.108667
316.6565 3.099588
323.81104 3.0889218
330.0196 3.077795
334.4346 3.0689704
338.73947 3.0587559
342.34338 3.0478194
347.86377 3.0335221
351.17957 3.0223863
356.0224 3.0042725
358.70242 2.9934552
361.4802 2.9804654
364.29996 2.967743
367.16293 2.955271
371.7802 2.9439754
378.61856 2.9319818
384.1395 2.920497
380.38513 2.9051661
373.60794 2.8866048
369.56927 2.875381
362.7613 2.8530164
358.94034 2.8412228
353.81186 2.8307858
347.9718 2.819285
342.02335 2.8073146
335.84976 2.794581
328.913 2.7836926
322.49368 2.7754443
316.35 2.7619815
310.2986 2.7507842
306.2318 2.7382202
302.03146 2.7286346
297.7256 2.7213924
293.10007 2.71433
288.48425 2.7070327
283.95468 2.6996157
277.97043 2.6783564
273.7816 2.6583283
272.1375 2.6311724
270.7815 2.6102476
270.79196 2.5887253
273.35657 2.5653477
279.04272 2.541011
283.05038 2.5251455
287.38507 2.510079
291.2847 2.49761
295.1843 2.4872155
299.63525 2.4734511
303.9906 2.459418
308.75497 2.4469118
313.96307 2.43579
318.91617 2.4273133
325.1129 2.4205344
332.86835 2.4105418
338.0362 2.4029183
344.3225 2.3958619
349.20752 2.3892014
354.2565 2.3822606
357.74365 2.3760748
360.8386 2.368125
366.85562 2.3582463
371.08078 2.3477733
376.1018 2.3347294
378.763 2.321445
378.77988 2.2974925
377.69818 2.2781248
375.0794 2.2606058
370.6856 2.2461107
368.97943 2.235941
365.31808 2.2264314
361.50302 2.2171745
356.8867 2.2093437
348.9704 2.197832
342.06506 2.189889
333.83746 2.179312
324.60388 2.1725569
317.00168 2.1652863
308.4324 2.1575851
298.34604 2.155003
292.07407 2.1537259
285.43008 2.1496654
278.38455 2.1442597
272.37915 2.1369061
267.18152 2.1271458
260.65607 2.12338
253.84886 2.1170232
247.08093 2.1110854
239.04909 2.101914
231.50139 2.0910378
224.74184 2.0829198
219.54312 2.0687222
213.7282 2.0572188
207.00523 2.0472016
199.57292 2.0380747
190.72182 2.0276828
181.84126 2.0151255
173.8353 1.9987427
157.87756 1.9739841
150.16118 1.9671249
142.4066 1.9516709
136.33775 1.9381547
131.61455 1.9192848
125.64822 1.8860326
121.8608 1.8404158
125.83215 1.7847018
130.0384 1.7621423
135.03786 1.747402
140.54845 1.7331522
145.25484 1.7210715
150.18251 1.7142683
155.12257 1.7096692
161.6481 1.704029
168.05142 1.6989238
174.0037 1.694518
183.14575 1.6883129
188.02377 1.6799053
192.8032 1.668101
198.40808 1.6590025
203.1619 1.6520002
208.1713 1.64523
212.32384 1.6355329
219.13527 1.6232338
225.79236 1.6100756
233.65593 1.5873468
237.82756 1.5782361
241.88152 1.569722
248.18355 1.54661
248.59886 1.5265892
241.30264 1.5075481
236.72867 1.4979335
232.82579 1.488489
227.09975 1.4771786
220.57951 1.4652994
212.85997 1.4520136
206.87753 1.4425095
201.43053 1.4340172
195.10129 1.421172
186.98291 1.4030268
179.4773 1.3846445
173.54005 1.3723159
167.8639 1.3542006
160.98613 1.331141
153.74074 1.3061678
148.30673 1.282252
143.13283 1.2567494
138.52924 1.2384856
134.2411 1.2175354
134.2411 1.2175354
