Stilus
8
273.93192 -1.2652715
268.9736 -1.2453976
265.40253 -1.2250429
262.73602 -1.2082353
261.3395 -1.1782163
261.76596 -1.1456606
260.67737 -1.1098285
257.4694 -1.07643
253.67557 -1.0548335
250.20726 -1.0238659
248.60188 -0.98732084
249.92583 -0.9568902
252.06123 -0.9327764
252.64737 -0.9045729
250.61415 -0.88195634
247.67862 -0.84727865
246.66003 -0.8217958
247.08751 -0.7783591
250.11745 -0.7445051
253.4379 -0.7113944
253.00569 -0.6776458
253.84592 -0.631279
255.0241 -0.6038758
256.85092 -0.57952505
259.28656 -0.55923665
263.54947 -0.52705127
265.14713 -0.49767083
267.58508 -0.45994473
269.10144 -0.43761474
270.6755 -0.41461208
272.6923 -0.39448994
275.97147 -0.37612966
279.05753 -0.3543454
281.97174 -0.32794854
282.95758 -0.3044229
282.3759 -0.2827777
282.23676 -0.25729477
283.30716 -0.232942
283.28915 -0.20850408
283.7551 -0.1803854
284.04745 -0.16585049
284.3967 -0.15128088
284.6763 -0.13339306
286.37372 -0.109957345
289.16412 -0.09311427
289.761 -0.076337054
290.4622 -0.061629497
291.18436 -0.044375796
292.00043 -0.028060371
293.1592 -0.013219915
295.6518 0.011998326
297.03482 0.027383624
301.24133 0.04686473
303.45206 0.05973149
305.2385 0.08563886
305.6072 0.098699465
308.17822 0.12137758
310.15466 0.14009327
311.1758 0.16170895
312.55893 0.18689345
314.45285 0.20111541
316.09674 0.21380322
317.9468 0.22543943
320.56738 0.2434939
322.2678 0.26389685
324.44055 0.287641
326.56567 0.30887672
328.43298 0.32622427
330.47562 0.34402636
331.4558 0.36082187
332.71304 0.38520965
334.28918 0.40598506
334.99597 0.4312176
335.2907 0.45197424
335.2865 0.47380722
336.37326 0.49890965
336.5633 0.5123059
338.17828 0.5267146
338.88297 0.54169947
340.23376 0.5539375
340.60892 0.57752967
341.14798 0.59057915
343.0097 0.6037784
344.59824 0.6153882
346.69904 0.6288337
349.8787 0.6508179
351.7967 0.66812575
350.868 0.6864419
350.84576 0.7042563
350.54004 0.72712135
350.61346 0.75063235
350.42337 0.77477187
350.42123 0.7949595
350.5225 0.8111212
350.0389 0.8292987
347.06393 0.84393096
344.9773 0.85862297
342.2573 0.8815344
340.82095 0.9045285
342.1154 0.9255638
344.40012 0.94863695
343.89154 0.97162354
343.2871 0.9852345
342.76996 0.9982619
342.31363 1.011251
340.7135 1.0358863
339.43466 1.0540503
337.57434 1.0712239
334.2796 1.0895942
331.5468 1.105627
328.89594 1.1219519
327.06818 1.139463
325.4386 1.152029
322.8142 1.1706861
320.83054 1.185568
318.6993 1.2024105
317.33655 1.2209238
316.4708 1.2400305
316.7185 1.2576338
316.2425 1.2728987
314.52972 1.2911798
312.48074 1.3150066
311.44247 1.3280815
310.2844 1.3436453
310.17154 1.3569112
310.1013 1.3772681
307.27713 1.3946403
303.99792 1.4193873
303.10812 1.4349442
302.56943 1.4486572
302.99817 1.4653311
301.54477 1.4882176
298.99762 1.5142903
296.65128 1.5408294
294.32632 1.5642865
293.38388 1.591528
293.65884 1.6187797
294.14865 1.6458385
293.0737 1.6735058
291.624 1.690453
289.18735 1.706129
286.78134 1.7214282
280.8869 1.7426074
276.23898 1.7743171
273.43015 1.7920344
272.42184 1.8117057
271.6693 1.8306266
270.8536 1.8475496
269.33435 1.880163
267.51004 1.9128466
266.70642 1.9358729
264.70325 1.961175
263.8885 1.9831215
261.97797 2.0038092
260.96884 2.0226374
259.06805 2.0609438
258.95712 2.0919697
258.24832 2.1251493
256.50793 2.1702557
255.63943 2.1925967
253.42192 2.2335124
253.0474 2.2753594
254.97736 2.3147848
255.09123 2.3367581
255.75206 2.3618803
255.84543 2.383988
254.89845 2.422904
253.95947 2.440496
254.05904 2.4723153
255.34009 2.4941409
255.6627 2.5317562
255.32405 2.5558321
255.12802 2.579088
255.06612 2.6020448
255.53601 2.6221852
257.41806 2.6572435
258.2056 2.69275
258.8921 2.7134364
259.63876 2.736379
260.45886 2.7580247
261.52213 2.781546
262.91266 2.8007712
266.91995 2.8266525
271.05963 2.8548002
273.78384 2.887287
276.3824 2.9224224
277.64325 2.9387999
282.52448 2.9654367
287.8061 2.9912736
290.2012 3.0095043
292.6168 3.0281456
295.0912 3.0462158
296.9051 3.060975
299.59302 3.0857544
303.0893 3.108818
303.9874 3.122096
305.13412 -3.1315045
306.02905 -3.11527
307.19485 -3.0991223
308.58606 -3.0863235
309.83035 -3.07356
311.37677 -3.0514436
311.86252 -3.0356004
312.53366 -3.0170348
313.19702 -3.0011284
314.9517 -2.9852657
317.1659 -2.9627976
318.99738 -2.949149
320.83838 -2.9216392
322.13245 -2.904339
324.1536 -2.8896189
325.647 -2.874582
327.7088 -2.8633623
329.40286 -2.845891
332.88135 -2.8208127
334.94672 -2.80458
336.97812 -2.787777
338.7428 -2.773932
340.60742 -2.7599716
340.8775 -2.7440364
341.72858 -2.7164607
342.7286 -2.701785
343.9966 -2.6873531
345.67932 -2.67107
346.73904 -2.6588538
348.4483 -2.638743
348.80133 -2.6138291
350.1682 -2.5959282
350.76538 -2.5770774
351.2389 -2.560138
349.5758 -2.535655
346.81586 -2.5131848
346.83426 -2.488002
348.63354 -2.4628294
349.63654 -2.4466462
350.58865 -2.430497
350.21072 -2.414154
347.14722 -2.3899276
344.9124 -2.379774
343.11716 -2.3553417
342.83698 -2.3284311
342.89728 -2.312302
342.8162 -2.2816105
342.64938 -2.2628663
342.44724 -2.2482204
342.32358 -2.233444
341.0996 -2.2134442
338.6877 -2.1938822
337.5669 -2.1740384
337.2086 -2.1471136
336.56174 -2.1319072
336.26364 -2.114764
336.0236 -2.1004653
336.89154 -2.0810406
337.5921 -2.0538464
337.09958 -2.0247185
336.06116 -2.009674
335.87833 -1.9812938
335.13052 -1.9686855
334.24994 -1.9544415
333.34454 -1.9394046
331.84164 -1.9253045
330.11697 -1.9109095
328.49063 -1.8966299
326.92117 -1.8821088
325.413 -1.8673673
322.5715 -1.8370303
321.8435 -1.8191704
321.39355 -1.8004134
321.22137 -1.783776
321.03204 -1.7656841
320.29648 -1.7493596
319.32324 -1.7315979
317.54767 -1.7160308
315.99414 -1.6981621
315.1695 -1.6824979
314.6326 -1.6660826
314.13467 -1.647737
312.98798 -1.6290723
310.71945 -1.6125389
308.55774 -1.5974013
306.47345 -1.5837485
303.67914 -1.567391
301.5096 -1.5508205
298.65402 -1.5347728
295.877 -1.5174781
293.20453 -1.5000523
290.60202 -1.4820116
287.34302 -1.4635245
284.97415 -1.4441589
282.79028 -1.4225823
281.41476 -1.403088
279.49286 -1.3810835
277.7535 -1.3578444
276.34464 -1.3315777
274.25742 -1.3063126
272.04614 -1.2811408
269.7 -1.259068
267.25027 -1.2395117
265.8017 -1.2186526
264.77313 -1.1969781
263.5725 -1.177855
263.78577 -1.1452745
265.61963 -1.1215469
265.61963 -1.1215469
