Finger
9
250.61772 1.5249509
254.609 1.4968195
257.35254 1.4733702
259.871 1.454993
261.4551 1.4372983
264.1471 1.4195291
265.933 1.4015125
267.8403 1.3829818
269.78436 1.3655412
271.79138 1.3484359
274.15735 1.3314489
278.15936 1.3015256
279.71948 1.2845821
283.1277 1.2666781
285.67313 1.2503749
288.4202 1.2352719
293.0225 1.2117356
297.11252 1.1945912
300.9828 1.1717346
305.07236 1.148986
306.7327 1.1370813
307.93668 1.1211897
308.48407 1.1029502
306.72937 1.0817248
304.09082 1.0537667
302.80725 1.0284052
300.78214 1.0103691
297.17752 0.98584676
294.2904 0.9628865
291.72485 0.9398382
288.40793 0.9219212
284.86566 0.9035607
282.05597 0.8865837
278.0906 0.8702082
274.20743 0.8543611
269.82892 0.8391342
266.00534 0.8261515
261.02643 0.8084261
256.5992 0.791817
252.36958 0.77513295
247.05858 0.75771976
241.97495 0.7425322
236.023 0.72105956
231.34825 0.70445186
226.63153 0.6921446
221.27943 0.6770406
215.22348 0.6640586
211.03108 0.65552
205.14214 0.6420298
200.48701 0.634372
193.63948 0.6209124
186.99953 0.60801774
181.15205 0.5903257
176.20045 0.56837535
170.48793 0.5482151
167.41237 0.5314743
162.87311 0.50543404
158.8476 0.48099464
156.18753 0.45460036
152.02524 0.42495948
149.07588 0.39964867
147.15483 0.36751333
147.35883 0.3211406
148.19276 0.28459552
149.35316 0.24703601
154.06082 0.19516419
160.99268 0.16043347
168.46815 0.13523188
175.13869 0.11751414
179.08855 0.10462825
183.92914 0.095487826
191.56612 0.08208937
198.37163 0.06920435
206.3433 0.06566321
212.66617 0.06370826
217.20035 0.053953964
224.09163 0.04259609
231.97775 0.03252665
239.92952 0.02382135
246.88438 0.0150464745
253.0155 0.006809036
258.0106 -0.0010957492
262.63098 -0.0048271767
266.8128 -0.008494974
273.04523 -0.019641493
279.8825 -0.036505006
285.13672 -0.044880934
291.1883 -0.05838781
298.44205 -0.07113916
305.72073 -0.08255609
310.82562 -0.08835923
317.35684 -0.10474286
321.1358 -0.11854876
325.84784 -0.13532381
328.6445 -0.14713338
333.4124 -0.16553272
338.37405 -0.181034
341.515 -0.19794917
346.03644 -0.21818277
351.75775 -0.23798807
356.3669 -0.25506917
360.33878 -0.2722576
363.2362 -0.29003793
364.4011 -0.3005633
366.84924 -0.3213953
369.11584 -0.33935556
369.85403 -0.3588652
368.58356 -0.37824643
366.4034 -0.40129817
363.94028 -0.42513102
361.82016 -0.45143077
360.00638 -0.46628144
356.2356 -0.48114738
352.49878 -0.49701574
349.0534 -0.5147665
345.37256 -0.53077877
342.54114 -0.5466693
339.57172 -0.5588832
336.4083 -0.57185376
333.09885 -0.5854925
330.06958 -0.59890646
326.91064 -0.6101014
324.43073 -0.6221141
320.97403 -0.63372564
317.55392 -0.64563626
313.61566 -0.65906924
304.36765 -0.68387425
299.99246 -0.6924741
296.629 -0.70091224
292.1862 -0.70929843
288.08673 -0.71807426
284.18985 -0.72898304
279.06787 -0.7406347
274.91904 -0.7507973
271.6341 -0.7608592
264.50668 -0.7761949
260.9273 -0.78432864
253.94093 -0.8008
249.20941 -0.81472087
245.2613 -0.8273412
241.56566 -0.84266424
235.0034 -0.86298436
228.92026 -0.8860122
225.62344 -0.89697784
219.47202 -0.92528886
215.68414 -0.94107276
213.22362 -0.9570855
210.94386 -0.9725984
205.73802 -1.0017295
202.43172 -1.0277977
200.0807 -1.065466
198.59642 -1.0900393
197.74011 -1.1327527
198.94579 -1.168604
201.96506 -1.1974893
206.86401 -1.2272743
211.58984 -1.2651173
215.89388 -1.3004143
220.90161 -1.3346001
226.46234 -1.3677038
231.42899 -1.3982743
236.28535 -1.4303555
238.79114 -1.4493512
240.33437 -1.4669341
241.10948 -1.4869403
242.5418 -1.5048997
244.3894 -1.5381465
245.2661 -1.5628558
245.30971 -1.5912557
242.86594 -1.6242079
241.07858 -1.6415938
238.71664 -1.6725682
234.6508 -1.7000705
230.47804 -1.7321659
226.21564 -1.7712038
222.88312 -1.8110304
218.88033 -1.8485168
214.54494 -1.8747349
210.41745 -1.9059298
205.37712 -1.9404668
202.82013 -1.986928
201.25177 -2.039931
201.11012 -2.0807316
202.21092 -2.111983
204.64374 -2.1495528
205.94685 -2.1747007
208.00597 -2.1969948
210.81375 -2.2169216
215.56873 -2.2471159
220.80624 -2.274748
223.18256 -2.2939887
226.52081 -2.3105295
229.90007 -2.3264968
232.81949 -2.3397117
239.72339 -2.3584785
246.8385 -2.3755863
254.05754 -2.3962097
257.73166 -2.4092891
260.87244 -2.4200616
265.2911 -2.4296582
268.94244 -2.441315
272.7816 -2.4483645
277.2768 -2.4571164
280.38998 -2.4661443
284.29135 -2.477091
288.2576 -2.4878244
292.82306 -2.499716
297.04645 -2.5103018
301.72586 -2.5215938
305.1639 -2.529614
309.88736 -2.5402725
313.6164 -2.5514827
317.95645 -2.5650973
321.6291 -2.5761874
325.60052 -2.586823
329.74265 -2.5952742
334.18457 -2.6068153
338.87375 -2.6183999
343.20184 -2.6316948
347.1707 -2.6419945
350.6904 -2.6532605
354.02295 -2.664647
356.85593 -2.6750412
361.48535 -2.6993008
364.02448 -2.7183347
366.26257 -2.7383263
368.14206 -2.7616704
368.93402 -2.7799382
368.55487 -2.7968755
367.1157 -2.8180242
365.6104 -2.8395877
363.53632 -2.8584752
360.47128 -2.8784716
353.60138 -2.8990488
350.70135 -2.9091623
346.87543 -2.9184008
340.69205 -2.9323885
335.59702 -2.947315
329.38647 -2.9652774
320.71283 -2.9825723
315.2292 -2.9924898
310.46414 -3.0032918
305.96347 -3.0144598
297.41238 -3.028336
289.11118 -3.036157
284.00906 -3.0405962
278.94592 -3.0457792
273.6558 -3.0514894
268.51794 -3.0572119
263.30273 -3.0669568
255.02312 -3.0841205
249.38037 -3.0905282
243.1746 -3.0976207
236.12674 -3.1047523
230.81943 -3.1125615
225.79256 -3.120735
220.77151 -3.1293025
215.73186 -3.1383495
211.01898 3.1354823
206.01569 3.125581
201.13821 3.1153767
196.19672 3.104502
191.93459 3.0983558
183.40901 3.0744858
178.50954 3.0670505
173.67854 3.0533955
167.90585 3.0383995
162.93745 3.0229383
158.23254 3.0066447
151.23592 2.9618008
145.6049 2.9126818
140.87189 2.8664012
136.2981 2.8261817
134.31567 2.774012
135.06206 2.721995
138.49352 2.6695147
141.24838 2.6473446
146.04092 2.6161742
152.08339 2.5876238
159.54378 2.5574298
163.80737 2.5401888
167.91368 2.5258899
171.86002 2.5062733
179.0786 2.4802516
187.03996 2.4521453
192.00504 2.4413943
197.66747 2.430898
203.20602 2.4218824
208.5699 2.4142683
213.62086 2.4087274
218.5646 2.4042966
229.06227 2.3928204
233.93575 2.3845136
238.32404 2.3772929
243.20528 2.3681889
246.7385 2.359402
250.98137 2.3537083
258.14093 2.3331416
261.8738 2.3248358
266.2299 2.3146641
270.21735 2.3048644
273.57846 2.2950828
277.99084 2.285875
284.7072 2.270142
287.77988 2.2611942
291.18002 2.2482781
294.46262 2.235072
297.8167 2.2220135
303.0248 2.2008255
305.6908 2.190429
306.87906 2.1718016
305.8877 2.1553745
305.78854 2.1245089
305.1163 2.0953352
305.18054 2.0689223
303.45 2.0423048
301.9922 2.0271244
299.96255 2.0112157
298.77066 1.9946127
297.8279 1.9813414
294.96494 1.9561265
290.07642 1.9296899
287.4127 1.9146206
284.58157 1.8968105
282.00082 1.8803496
279.8498 1.8678244
276.60892 1.8441069
272.50995 1.8162283
270.5363 1.8018932
268.66534 1.7881334
266.7001 1.7715125
264.03503 1.7543598
261.33072 1.7398192
259.69293 1.7252581
256.478 1.6996642
253.4888 1.6655024
252.01628 1.643329
250.69183 1.6226873
250.51591 1.6067086
253.1028 1.5787475
256.0956 1.5454805
258.6998 1.5186538
258.6998 1.5186538
