Finger
23
19.042866 0.5248792
20.94519 1.0215806
23.715015 1.1937723
29.031773 1.3452766
32.8823 1.4029549
37.80828 1.4249911
42.91041 1.4006732
49.171608 1.3812058
54.122112 1.3945755
59.34044 1.3801186
63.887077 1.3457441
69.03619 1.3297625
74.588425 1.3204721
80.39818 1.2904825
86.00006 1.2640612
91.52104 1.2545356
97.39951 1.244312
102.52809 1.2486632
107.677376 1.2450651
113.59586 1.2348046
118.43971 1.223215
124.8788 1.199225
129.90749 1.1742356
135.22919 1.1602495
142.56909 1.1348077
148.23584 1.1259744
153.6799 1.1183163
159.54672 1.1144754
165.39998 1.1109363
173.51515 1.0918576
179.2026 1.0818386
184.98941 1.0692058
191.13455 1.0543433
197.09627 1.0394053
203.94156 1.0307094
210.02448 1.0286665
215.73044 1.0144215
222.9573 1.0029395
229.8634 0.9900296
235.71304 0.9772506
242.62723 0.970244
248.35027 0.9659425
255.13168 0.9610994
260.07733 0.9555285
266.23306 0.94564325
270.5788 0.9377673
275.68567 0.9250795
280.39127 0.91586995
284.51895 0.90796775
291.2644 0.8999893
294.84802 0.891363
299.48447 0.8828607
303.95822 0.8753415
309.356 0.8685247
313.00452 0.86076623
316.84918 0.8538383
319.90347 0.84539783
324.64905 0.8382194
328.67056 0.8292084
332.1263 0.82232916
336.8162 0.8117561
340.92456 0.80334854
343.9191 0.79436487
346.84232 0.7858213
350.99127 0.7740596
354.56625 0.76424986
357.46857 0.75649583
361.1156 0.7470064
364.79758 0.73769987
368.3211 0.7239992
371.6823 0.7138549
374.22656 0.70447093
378.81253 0.69422567
383.26794 0.6795492
386.46335 0.6712349
389.37762 0.6620465
392.30862 0.65302587
396.03076 0.64269996
397.706 0.6277345
398.77228 0.6116999
400.16092 0.59290284
400.65237 0.5779481
402.46286 0.5646963
403.8164 0.5509158
404.05164 0.53755164
404.10916 0.52313507
403.73166 0.51149297
401.60254 0.49677375
400.5496 0.48123795
399.55347 0.46592978
397.01752 0.4525387
394.822 0.44096324
392.34427 0.42738667
389.8166 0.41291982
387.83875 0.40112033
385.94955 0.38941696
384.23178 0.3783741
381.78735 0.3692449
379.09253 0.35801265
376.29813 0.34552997
371.73645 0.33341533
368.73584 0.31960917
365.7192 0.31025866
360.41302 0.300451
353.95477 0.28899357
347.66467 0.27520597
344.91794 0.26271027
341.75183 0.24803272
338.77875 0.23740847
335.8361 0.22709616
330.61636 0.21235865
325.81732 0.20047446
320.10718 0.19076562
313.48276 0.18188171
308.37347 0.17829159
302.93576 0.17484905
296.05896 0.15849337
291.48874 0.14708279
287.20648 0.14154972
281.312 0.14094761
273.93582 0.13740084
268.7141 0.13258165
264.38477 0.12402516
258.0949 0.11542591
253.08325 0.109733716
246.80289 0.10030988
240.65701 0.09376606
235.28664 0.08738316
229.0793 0.076626256
223.9659 0.0694317
218.76718 0.057353664
212.82979 0.04572797
206.79485 0.041324858
200.5745 0.037621476
194.52997 0.029480495
188.49985 0.024121445
182.48543 0.015019757
177.67404 0.014341556
172.46625 0.008980238
164.6564 -0.001632484
158.67018 -0.009131348
152.69853 -0.021418508
146.71342 -0.023499172
141.39323 -0.031453177
136.79247 -0.039820757
129.84297 -0.04965687
123.80077 -0.05817904
118.054756 -0.06309864
112.835846 -0.06602125
108.176025 -0.07813207
103.199684 -0.0819079
98.071335 -0.09643264
92.10886 -0.102696374
86.15143 -0.10982564
81.190735 -0.11656557
75.99468 -0.12457575
70.29787 -0.13473034
63.473423 -0.1334184
56.308758 -0.1505163
50.23055 -0.14874764
45.157173 -0.14321157
40.107056 -0.14249514
34.971085 -0.11706113
29.195147 -0.11835487
23.597998 -0.103927106
18.605896 0.0295412
14.724192 0.36720702
13.517618 0.8801234
15.460656 1.2999792
19.356937 1.4799762
24.114124 1.6537266
29.746548 1.748099
37.706463 1.8730358
43.98192 1.9242915
49.184044 1.9724972
56.80055 2.0161698
64.269745 2.0425577
69.63788 2.0355422
76.44404 2.038398
81.362785 2.0216925
88.18755 2.0061405
93.31268 2.0159843
101.22314 2.025364
106.70897 2.0392308
114.31113 2.0544882
118.97388 2.0542388
124.42897 2.066289
130.00008 2.06922
135.14955 2.0750008
141.78746 2.0743194
148.48117 2.0725243
155.65855 2.0765083
161.83112 2.0816877
168.15543 2.0879004
176.84882 2.1055028
183.7035 2.1150374
189.80519 2.1201453
196.38832 2.1234906
203.72954 2.125865
211.82787 2.1338801
217.89761 2.1434834
224.37563 2.1552603
230.05554 2.161134
234.9814 2.1683297
241.98254 2.1767874
249.23534 2.1820557
255.36957 2.1890798
260.9563 2.1973736
267.49036 2.2087324
272.70923 2.2147472
277.2082 2.222601
282.0155 2.231154
287.93185 2.2384744
293.64957 2.246695
299.9469 2.256768
304.7469 2.2693465
308.99484 2.2788527
312.11105 2.2872946
315.67276 2.295393
320.96622 2.304582
327.14307 2.3163223
332.4767 2.329178
337.30988 2.3441842
341.02377 2.3552766
346.19864 2.3701417
350.9129 2.3797395
355.16833 2.3905756
357.81027 2.400151
362.07074 2.4119356
365.77658 2.4209597
368.75247 2.4316037
372.55377 2.440341
375.74564 2.4509475
379.28812 2.4654155
383.49 2.4798331
387.68295 2.4924138
391.3105 2.5026155
394.1445 2.5173523
395.74692 2.5377967
396.9292 2.5560045
397.64218 2.5706913
398.10013 2.5839212
399.26065 2.598335
399.0559 2.6146777
399.05066 2.6290684
399.10474 2.640627
398.6592 2.6570606
397.36227 2.6743386
395.60355 2.690634
393.45178 2.702063
390.6324 2.7176723
388.59866 2.7294226
386.62354 2.741268
384.0378 2.7574902
382.02258 2.77076
379.34576 2.7817998
376.6377 2.7935667
374.17734 2.8040152
371.21133 2.8189738
367.0265 2.8295014
362.44214 2.8420715
357.10358 2.852772
352.14023 2.8604295
346.941 2.8710608
343.2212 2.8861582
339.2915 2.8983924
334.57172 2.9093974
330.41757 2.919711
325.71225 2.9250038
319.16635 2.9342084
313.6642 2.940291
309.39264 2.9414768
303.91013 2.9462025
298.2746 2.957477
293.72598 2.964625
287.33762 2.9747605
282.78247 2.98319
278.29974 2.991144
273.451 2.9958448
268.1966 3.0012324
261.53857 3.0144978
256.09216 3.0260377
248.92574 3.0380404
242.44928 3.0477583
237.45236 3.0507836
233.23732 3.0534396
228.05417 3.0558293
223.21545 3.0629494
218.34503 3.0749578
214.06444 3.0864692
208.38564 3.1041667
203.81084 3.1180358
199.77153 3.1238353
195.39478 3.1285517
190.52698 3.138708
183.27663 -3.1336873
178.4521 -3.11736
170.89986 -3.1097221
164.68207 -3.102447
158.74261 -3.094681
153.81422 -3.0866714
149.67555 -3.0851512
144.56636 -3.0831542
138.83891 -3.0807407
133.12119 -3.0781236
125.23214 -3.0661201
120.841934 -3.0633726
115.99253 -3.0600953
108.77516 -3.0546746
103.926414 -3.0506084
97.39793 -3.0444913
93.41727 -3.0403397
89.41387 -3.0357895
83.35976 -3.0370662
76.869606 -3.0315297
72.244644 -3.0453188
66.85657 -3.0450432
60.928883 -3.0520947
54.229843 -3.0410035
49.01919 -3.030269
44.90471 -3.0200202
38.708176 -3.0264652
33.90945 -3.039754
27.780142 -3.0799718
21.473204 3.1392677
17.034927 -3.115194
12.620745 -3.1059575
7.6304474 -3.0826306
2.8095 -2.9808567
2.0717175 0.26848197
6.471345 0.085024565
11.99764 0.045821756
17.20717 -0.026134292
21.748135 -0.15918279
28.1755 -0.26738116
34.395786 -0.36123875
41.435974 -0.454875
48.131786 -0.54388684
54.475082 -0.59261787
60.721684 -0.6332295
68.61427 -0.66644186
73.19523 -0.6957757
79.37472 -0.72951555
84.64031 -0.74347335
90.04781 -0.76170355
93.833595 -0.78439367
98.70839 -0.80501974
103.216705 -0.8332147
107.75222 -0.84932154
113.10355 -0.876031
118.162605 -0.9112033
124.53457 -0.93044055
131.19795 -0.9516206
136.23753 -0.9665412
142.11601 -0.97160596
148.6097 -0.9851453
152.85876 -0.99372256
156.32954 -1.0081089
162.83743 -1.0151709
169.00192 -1.0291512
174.53928 -1.046396
181.10999 -1.0609497
185.2036 -1.0671198
191.3031 -1.0727599
197.07442 -1.0828874
204.18108 -1.0902692
211.08165 -1.1019394
215.10652 -1.1113946
219.8167 -1.1219676
224.24399 -1.122177
228.76106 -1.1238369
235.26193 -1.1300107
240.00562 -1.1393143
244.33363 -1.1474547
250.34903 -1.162606
256.31403 -1.1726491
261.1209 -1.1731596
265.83658 -1.1795543
271.96628 -1.1927884
277.64145 -1.2047478
281.49048 -1.2137736
288.06274 -1.2222706
292.04834 -1.227225
298.4211 -1.2348546
303.12854 -1.2428889
308.41077 -1.2529685
312.33636 -1.2571006
317.61685 -1.2657876
322.09186 -1.2734038
327.5579 -1.2816967
332.57812 -1.291663
338.04025 -1.30239
343.54883 -1.3102268
348.38638 -1.3224391
353.71985 -1.3349581
359.56296 -1.3481352
364.1455 -1.357627
367.7611 -1.3639488
371.58966 -1.3705652
375.61093 -1.3815194
379.79193 -1.3943056
383.92078 -1.4087209
386.11615 -1.4227774
388.23892 -1.4391037
389.58762 -1.4532435
391.01498 -1.466507
392.44443 -1.4815423
392.21515 -1.4968876
392.7041 -1.5173649
393.38266 -1.5358764
393.24557 -1.5479364
395.16153 -1.5606626
396.1425 -1.5739493
396.22607 -1.5915813
396.42352 -1.6085857
395.96494 -1.6244087
395.01318 -1.6372194
392.468 -1.6529461
387.51398 -1.6688854
382.85416 -1.6838433
378.46457 -1.6977409
373.32736 -1.7157706
369.03247 -1.7290968
363.7734 -1.7425448
356.85797 -1.7573012
351.5044 -1.7717524
346.26038 -1.7836525
341.27405 -1.7988499
336.3778 -1.8144509
330.8397 -1.8310891
325.88083 -1.8478693
320.8158 -1.8686234
316.08676 -1.8864361
310.63257 -1.902398
305.05414 -1.9190934
301.37695 -1.92443
294.51987 -1.9393862
288.47116 -1.9521626
282.1301 -1.9650229
276.0915 -1.9780754
268.9796 -1.9895102
261.72382 -2.0018823
254.45975 -2.0150523
247.2842 -2.0289104
241.6944 -2.040347
234.48775 -2.0524504
227.3013 -2.0677433
219.83043 -2.0810547
215.97992 -2.0871246
208.07553 -2.0977373
200.16983 -2.1091967
196.60016 -2.118481
188.75395 -2.1314907
183.61948 -2.1379552
178.5944 -2.1426926
173.87994 -2.1463714
164.98572 -2.1524427
155.5759 -2.1538417
144.9313 -2.1550224
139.71468 -2.1602063
135.07599 -2.1654246
126.266815 -2.1746342
120.96282 -2.184567
116.01988 -2.1938229
111.35242 -2.2017186
106.15696 -2.214273
100.58729 -2.218601
95.39698 -2.220525
90.34121 -2.221008
85.49333 -2.2237887
74.60399 -2.2304077
69.15545 -2.241202
64.49844 -2.2545397
58.869537 -2.272469
53.84128 -2.296661
49.342567 -2.323911
40.38941 -2.3990386
35.50172 -2.4366322
30.056768 -2.4986296
24.00909 -2.5567327
19.28567 -2.6552608
13.670338 -2.8425791
9.034089 3.1410792
7.0230465 2.5300047
12.846492 1.7090015
17.016384 1.5567659
25.912804 1.3000723
30.054037 1.1979595
36.046303 1.0645698
36.046303 1.0645698
