Mouse
28
376.91916 -1.5334945
377.1906 -1.5175978
376.42648 -1.5068451
374.70883 -1.4958507
371.04434 -1.4842931
367.33362 -1.4752158
363.65378 -1.465954
359.12805 -1.4534197
355.5236 -1.4437218
351.95328 -1.4338261
346.43985 -1.4228827
342.11615 -1.4091642
338.67026 -1.3985205
337.41275 -1.3858247
333.85974 -1.3777326
330.53052 -1.3665028
323.88782 -1.3590949
319.43387 -1.3496844
315.00897 -1.3400087
310.85434 -1.3269341
306.75427 -1.3135077
302.711 -1.2997199
299.40762 -1.2897066
295.46692 -1.2752568
292.23904 -1.2647231
289.6737 -1.2473946
285.9207 -1.231888
282.8314 -1.2205168
280.1351 -1.2055576
277.50272 -1.190311
276.24496 -1.1728326
277.8196 -1.1595596
280.27203 -1.1399354
282.39685 -1.1238472
284.1486 -1.1111525
287.29132 -1.0970987
289.6064 -1.0817343
293.26257 -1.0728974
296.55493 -1.0596943
299.89783 -1.0467832
301.91913 -1.035312
303.9796 -1.023995
307.45648 -1.0117946
310.13715 -0.99812627
312.32275 -0.9873621
314.54407 -0.97674876
316.54892 -0.9618907
317.2271 -0.9479411
317.96677 -0.9340538
319.56375 -0.9221287
321.20575 -0.9103239
321.3295 -0.89476514
322.30182 -0.8812009
321.16125 -0.86606956
319.43625 -0.8531875
317.0984 -0.8425164
314.1244 -0.8340409
311.8525 -0.82304764
308.93158 -0.8142431
306.01025 -0.80065066
303.85544 -0.78912264
301.0297 -0.77976173
297.53537 -0.7678119
293.32205 -0.7627369
289.15936 -0.7526252
284.96957 -0.74717736
280.18326 -0.7338925
276.77118 -0.7255804
273.37872 -0.71706134
270.7668 -0.70592624
267.42157 -0.6969691
263.32645 -0.6901966
260.02008 -0.68078256
256.73737 -0.6711269
254.2692 -0.65880704
249.45184 -0.6534899
246.23944 -0.64306116
243.86185 -0.6299343
240.71193 -0.6189534
236.77151 -0.61009425
233.67581 -0.5985163
229.7801 -0.58903813
226.74332 -0.57681984
224.5869 -0.56189054
222.48149 -0.5466752
220.42859 -0.5311728
218.42964 -0.5153829
218.24408 -0.49491742
220.84451 -0.4783446
223.95186 -0.46615863
227.53218 -0.4582571
230.26227 -0.44278198
233.46275 -0.43157062
237.60493 -0.41894513
240.86562 -0.4083967
244.15237 -0.39813116
247.46417 -0.38813937
250.80003 -0.3784124
254.159 -0.36894166
257.54016 -0.3597188
261.28793 -0.3543299
265.6438 -0.3442686
270.35568 -0.3380266
273.80713 -0.32973632
277.27692 -0.32165295
281.10693 -0.3059045
284.62827 -0.2983219
288.16556 -0.29092506
291.1647 -0.2771136
294.7457 -0.27013743
298.3407 -0.2633291
302.4166 -0.2494469
306.05215 -0.24305409
309.00992 -0.227374
312.25412 -0.21512578
314.36398 -0.20065731
317.70776 -0.18889445
319.93484 -0.1748531
322.06534 -0.15794377
324.429 -0.14431302
323.87793 -0.13209076
323.3754 -0.119828686
322.92166 -0.107530296
320.526 -0.095792286
319.17163 -0.083616674
317.86502 -0.07133912
313.67303 -0.0627082
309.50507 -0.05384414
307.31726 -0.041197047
303.18015 -0.028557805
302.0924 -0.015416365
299.05725 -0.0021968468
297.08826 0.014619131
294.17487 0.028364547
292.31723 0.042237293
290.51657 0.05628474
287.77643 0.07074936
285.0977 0.08548892
282.48203 0.10050477
279.93124 0.115797766
279.43 0.13043076
277.99936 0.14563334
277.62076 0.16041224
278.28766 0.1746018
278.02814 0.18939543
278.8089 0.2034861
281.81387 0.21942875
284.65775 0.23161472
288.5136 0.242722
293.37228 0.25268006
296.32797 0.2640629
302.75394 0.27888408
306.75403 0.28872797
310.78308 0.29831752
314.19226 0.31165797
317.33853 0.3217232
320.84326 0.33453682
325.6806 0.34891453
328.942 0.3582635
332.23157 0.3674281
335.54846 0.37641227
338.89194 0.38521987
343.5688 0.39542556
349.19965 0.4042268
353.9409 0.41388142
357.39212 0.42187816
360.86575 0.42972142
364.7859 0.4398979
367.84277 0.4510391
371.83997 0.46079662
374.98065 0.47155425
377.27832 0.48336098
379.62793 0.49502316
381.54437 0.5042485
383.98508 0.51564944
383.37964 0.52858526
382.83853 0.5415598
382.25854 0.563996
381.05627 0.57847935
379.93442 0.59305125
376.36456 0.6026796
372.01248 0.6140368
368.5206 0.6240722
365.87247 0.6326788
362.6544 0.63920087
357.85684 0.6492031
353.88693 0.6577448
348.5392 0.66599834
344.62158 0.6749626
339.95786 0.6859912
336.10382 0.69541466
333.04254 0.70310986
330.0013 0.71094745
325.47842 0.7229771
322.41638 0.73556346
317.99313 0.74822456
314.313 0.7635441
308.58347 0.7814717
306.46857 0.7929811
302.28842 0.80712265
298.85236 0.8192075
295.5296 0.83635193
290.98544 0.85906225
288.38876 0.8695653
285.82446 0.8802581
284.0719 0.8933557
281.58197 0.90442455
279.3144 0.9207097
279.3262 0.93861055
279.923 0.966461
280.4462 0.9892383
280.80005 1.0070114
283.6623 1.0175269
287.41193 1.0296289
290.33987 1.0396781
295.52896 1.0499614
299.38718 1.0611694
303.28204 1.0720907
307.21216 1.0827339
310.71774 1.0959651
314.2765 1.108899
317.45364 1.1243786
319.79715 1.1382408
320.88132 1.153478
322.0395 1.1686093
323.27084 1.1836286
323.27982 1.2002869
321.85306 1.2118717
320.46988 1.2235583
318.80304 1.2383065
317.20627 1.2532064
315.98 1.2652327
314.2271 1.2834436
312.8468 1.2987711
311.5406 1.3142309
308.60934 1.3251237
304.05734 1.345056
301.23254 1.3565121
297.46854 1.367507
293.55225 1.3821263
287.73065 1.3959365
281.9662 1.4103143
276.26242 1.4252889
272.0183 1.4304316
267.3942 1.4468546
261.95947 1.4596477
255.38593 1.4803921
250.99335 1.498794
246.74373 1.5137974
241.55244 1.5291514
235.36287 1.5578096
230.35121 1.5792334
230.41968 1.5965934
235.59732 1.617263
238.81102 1.6334118
244.15889 1.6525698
247.60262 1.6717075
251.89772 1.681957
256.46762 1.6996031
259.98126 1.7133795
264.6874 1.7299314
268.4789 1.7465495
272.1535 1.7590936
277.25366 1.7776524
281.0306 1.7893901
286.04785 1.8034217
290.14972 1.817807
294.05353 1.8285028
297.99005 1.8389171
303.47348 1.8544906
306.82236 1.8683112
311.18073 1.8808473
314.32208 1.8910252
316.54953 1.9020249
319.15158 1.9158212
321.81335 1.929392
324.53345 1.9427377
328.23737 1.9547149
329.75647 1.9659623
331.31686 1.977105
329.26535 1.9930662
326.34778 2.0173738
321.8301 2.037979
319.17966 2.049218
315.21756 2.059337
311.76828 2.0725288
306.63565 2.0892274
303.16776 2.0957654
300.2213 2.1053255
294.74042 2.1203444
291.01953 2.1322486
287.34094 2.1444595
283.9883 2.1647997
281.57343 2.1835687
279.25943 2.2026556
281.07114 2.2290592
283.2224 2.250139
284.9821 2.263264
287.33386 2.2837813
289.88184 2.2990851
291.82074 2.3115962
294.53503 2.3216178
297.9405 2.338632
302.13748 2.3575997
304.28427 2.3692095
307.16196 2.378297
311.52493 2.3916123
317.4254 2.4087918
322.76044 2.4276767
325.79416 2.4357164
331.15262 2.449429
335.79364 2.4608328
338.91138 2.4682612
343.62222 2.47915
347.5783 2.4879978
350.76233 2.4949317
353.96295 2.5017407
357.98633 2.51008
360.6384 2.5188663
363.89505 2.5252776
367.16638 2.531575
369.88516 2.5399861
372.6297 2.548274
372.91394 2.5616655
374.1091 2.576469
375.9097 2.5889075
377.7679 2.6012256
379.1799 2.615699
379.30942 2.6310706
379.12616 2.6428537
377.22925 2.652166
375.36536 2.6615713
373.53503 2.6710696
372.6346 2.6818545
370.4857 2.6999855
368.37646 2.7122567
364.49557 2.7224455
361.0519 2.7303107
357.2398 2.7409017
354.7741 2.7501843
349.73975 2.7627704
346.415 2.7713635
344.0519 2.7811503
340.4402 2.792822
335.9322 2.803758
332.41275 2.8159554
327.99258 2.8274727
324.87018 2.8372808
320.82272 2.8463743
317.4823 2.8596094
312.00537 2.8745134
307.81857 2.887609
303.92572 2.897868
299.83624 2.9116368
294.8284 2.9250574
291.05734 2.9362652
287.32382 2.9477658
284.61282 2.9602036
282.93256 2.973472
282.29077 2.9874425
281.70435 3.001474
283.0348 3.0199544
285.45563 3.0386171
288.06046 3.0535007
291.72528 3.0683658
296.3944 3.0864253
299.19818 3.1003273
302.05872 3.1139686
305.94644 3.137203
307.95496 -3.1329646
311.03775 -3.1169727
315.23944 -3.0982566
317.43494 -3.08594
320.89218 -3.064678
324.39536 -3.0469465
325.7921 -3.0350134
327.2348 -3.0231838
328.98846 -3.0054321
329.55524 -2.9934065
330.4944 -2.9754498
331.35797 -2.9605677
330.13876 -2.9475586
325.83447 -2.935565
322.34015 -2.9269528
317.8952 -2.9174557
313.47977 -2.90769
309.09506 -2.8976462
303.5239 -2.8896744
298.93918 -2.8822658
293.14383 -2.8770173
289.2849 -2.8734014
285.2898 -2.8586168
282.31482 -2.8444567
278.79102 -2.836826
274.95624 -2.8209605
271.19263 -2.8046508
267.8512 -2.784384
264.25513 -2.767131
259.27942 -2.7428954
254.96556 -2.7229147
252.14781 -2.7092183
249.37842 -2.6952147
246.2161 -2.6845376
243.5353 -2.6699193
239.5565 -2.6567166
236.02495 -2.6488173
232.11562 -2.6348307
227.75693 -2.6241755
224.28926 -2.615354
219.12178 -2.6016002
214.84859 -2.589635
215.8326 -2.5650475
219.4269 -2.548428
223.90067 -2.5349042
230.39177 -2.5173664
234.36168 -2.508505
239.7491 -2.4990947
244.55173 -2.4933503
249.3621 -2.4878273
253.39 -2.4800966
257.43256 -2.4726083
263.3771 -2.456468
266.6939 -2.4472268
269.27103 -2.435811
271.8826 -2.4246132
275.27493 -2.4160469
279.35776 -2.4050317
284.8365 -2.3891842
288.3088 -2.3814259
291.07944 -2.3714666
294.5824 -2.3592825
297.41565 -2.3497431
302.4084 -2.3381574
306.0268 -2.3268144
308.94928 -2.3179321
311.89566 -2.3092172
315.6113 -2.2985532
318.70544 -2.285774
321.20547 -2.2708664
323.14374 -2.2537966
324.38937 -2.23884
324.49542 -2.2191067
323.11218 -2.2030337
320.7646 -2.1929736
318.44995 -2.1827664
313.92242 -2.1619058
310.61868 -2.1458664
306.86765 -2.126723
304.77567 -2.1155748
302.21478 -2.1014247
299.22308 -2.0841293
297.27917 -2.072408
295.79178 -2.0559602
292.59283 -2.0347955
289.95734 -2.0162895
287.01053 -1.9942789
284.9923 -1.9782836
283.048 -1.9620645
281.54684 -1.9489306
280.09476 -1.9356582
281.1718 -1.9152374
283.63232 -1.8972
285.8813 -1.8761457
288.82297 -1.8620753
291.5483 -1.8449925
294.6133 -1.8315134
298.45776 -1.8142447
303.58896 -1.7998898
308.78064 -1.7860149
312.07062 -1.7738858
316.57837 -1.7645124
321.29822 -1.7584624
325.8502 -1.7495695
330.598 -1.7439035
334.2043 -1.7359469
337.98947 -1.7310829
342.6174 -1.722991
349.10486 -1.7114568
353.65396 -1.7010754
357.2474 -1.6912943
361.86826 -1.681403
366.5236 -1.6717621
370.30936 -1.6652999
373.93945 -1.653641
378.61688 -1.6420194
380.2906 -1.6285303
382.0329 -1.6151618
384.7855 -1.5966408
385.67715 -1.5810213
385.65842 -1.5680568
385.74112 -1.549909
382.87964 -1.5366889
381.0389 -1.5260181
378.36017 -1.5098206
375.6327 -1.4987047
374.9454 -1.4878719
374.9454 -1.4878719
