Finger
20
2.49847 -1.7720175
9.462709 1.6235921
19.846004 1.5959607
26.861393 1.5893877
32.906906 1.6098328
38.11844 1.6101079
43.90766 1.627693
49.128067 1.6216416
54.154472 1.6312134
58.90746 1.6301724
63.20504 1.6419644
68.26974 1.6481802
76.33277 1.6559463
84.38469 1.659681
92.3379 1.6520076
97.1747 1.6582699
101.43144 1.6644756
105.529175 1.6682452
112.62327 1.6729567
119.552574 1.6670165
127.53594 1.6609764
132.27652 1.6577362
136.5768 1.6623333
140.56229 1.6597309
147.51695 1.6555278
154.49718 1.651691
162.32385 1.6354461
170.27527 1.6324232
177.40723 1.6198964
184.08438 1.6072756
192.0223 1.595337
199.94804 1.5794208
203.94263 1.574345
207.94998 1.5694461
212.93575 1.568451
220.95494 1.5649792
228.94925 1.556499
236.97926 1.5485508
245.08382 1.5329902
252.24736 1.5182196
257.6476 1.5072227
264.95914 1.49056
273.15274 1.4745735
280.41104 1.4655306
287.69037 1.4585105
292.13828 1.4560158
297.7125 1.452205
304.1452 1.4480944
310.33563 1.4440784
316.65512 1.4371004
323.14688 1.4273188
328.79355 1.420205
335.08243 1.4113438
339.6755 1.4047446
346.49316 1.393274
353.2944 1.3859932
360.30637 1.38043
367.1706 1.3701546
372.5298 1.3566761
377.54654 1.3426425
380.02957 1.3309516
381.63214 1.315486
379.43906 1.2988971
375.12222 1.2811544
369.5357 1.2681832
365.14536 1.2586449
359.08902 1.2496198
353.7303 1.2415934
348.10037 1.2360628
342.41592 1.2302828
337.75656 1.2229618
332.10992 1.2103875
326.58597 1.2032425
322.53143 1.1983975
316.0089 1.1937238
310.19727 1.1862932
304.64755 1.1789109
298.7139 1.167889
293.29706 1.1591511
288.1098 1.1550696
281.61093 1.147875
275.8659 1.1393785
268.98676 1.1348233
261.65063 1.1227083
254.5934 1.1170739
246.17776 1.1059312
242.05809 1.1009692
237.73726 1.0927814
232.84695 1.0867215
228.62141 1.0819329
220.0823 1.0703496
215.24121 1.0632967
210.2677 1.0568528
205.0432 1.0523646
199.73251 1.0486737
195.06815 1.0467296
190.21213 1.0488039
180.65764 1.0517972
175.18466 1.0520152
170.40909 1.0510789
165.25351 1.0472261
160.60039 1.0448525
155.47382 1.0405629
150.56409 1.0308517
146.09416 1.026374
141.97534 1.019157
136.79034 1.0110162
131.71797 1.0046886
126.420586 0.99680126
120.57623 0.99512184
115.423836 0.997009
109.5833 0.9952061
98.56765 1.0043725
92.78354 1.0027181
86.91284 1.0008612
82.16627 0.99592906
76.868645 0.9823611
71.60637 0.966826
62.797047 0.946955
57.62353 0.9245356
52.579987 0.9000373
46.818504 0.8839049
41.14801 0.8896803
29.941938 0.928853
19.809958 0.9385431
10.42336 0.8715971
5.584989 0.56529844
4.2226734 -0.48926437
7.125768 -1.3199614
11.805914 -1.5099378
16.130966 -1.6987857
21.572334 -1.8064342
31.396162 -1.9646913
36.89964 -1.9895998
42.115788 -2.018877
46.61601 -2.0203612
51.771423 -2.0150347
56.383213 -2.014845
60.895508 -2.016284
69.86701 -2.0185916
78.79323 -2.0203662
84.33914 -2.0278263
90.17431 -2.0331511
95.31268 -2.0415208
105.54934 -2.064404
116.39793 -2.0747552
120.87437 -2.0732548
125.97775 -2.0689495
131.3683 -2.0640733
136.00806 -2.0623415
144.98291 -2.0606024
153.90302 -2.059075
163.51727 -2.055478
169.2738 -2.057447
174.4596 -2.0612729
184.35469 -2.069519
194.17894 -2.0654328
199.4946 -2.0623615
204.83972 -2.0594466
210.19087 -2.0566792
215.19914 -2.050803
224.56554 -2.0441425
233.91711 -2.038067
239.19328 -2.0352838
248.06166 -2.0273657
252.25081 -2.023623
256.2997 -2.020273
263.813 -2.018255
267.52374 -2.0124831
274.7684 -2.0071342
282.7093 -2.0019388
289.97488 -1.9987769
296.7685 -1.9920435
302.81113 -1.9867227
307.21805 -1.9803956
314.17755 -1.9673493
321.95752 -1.9606034
328.1349 -1.9502978
333.4621 -1.940039
339.1018 -1.9273175
345.53094 -1.9173217
351.65924 -1.9086429
357.12384 -1.8997083
361.89377 -1.8893954
365.41223 -1.8811014
370.19647 -1.870691
372.97778 -1.8556553
374.6484 -1.8398681
374.32162 -1.8263273
373.086 -1.8133258
369.20206 -1.8020015
365.06815 -1.7906543
360.19928 -1.7794644
355.28403 -1.7680552
350.40717 -1.7563097
345.59192 -1.7442586
339.91583 -1.7299348
334.80682 -1.7135967
329.37958 -1.700654
323.84323 -1.693563
317.51257 -1.6858627
311.49728 -1.6791598
305.29224 -1.6747406
299.0328 -1.6668614
294.84036 -1.6613829
287.53116 -1.6497442
281.28375 -1.6372986
275.08084 -1.6242883
270.95828 -1.6176664
262.81982 -1.6039222
254.74606 -1.5962828
246.70726 -1.5890148
241.92015 -1.5852463
237.75615 -1.5812982
232.70856 -1.577234
227.89484 -1.5729876
223.68703 -1.5694827
218.7223 -1.5685132
210.7161 -1.5636865
205.94814 -1.5635219
199.917 -1.5682983
194.95676 -1.5682348
190.73253 -1.568178
185.74231 -1.5681077
180.9394 -1.5680363
176.7421 -1.5679708
168.7425 -1.5619179
164.75104 -1.5568948
156.78392 -1.55487
148.06914 -1.5404384
143.86778 -1.5326052
135.9737 -1.5156796
128.04279 -1.5044463
119.27546 -1.4995613
115.17639 -1.4883235
110.31028 -1.4755852
106.4196 -1.4626577
102.55418 -1.4487588
94.62122 -1.4384696
85.713745 -1.4246241
80.909256 -1.4060347
76.03654 -1.392529
72.09221 -1.3826619
64.281586 -1.3594756
60.346233 -1.3454643
55.728195 -1.3264265
50.869175 -1.3025348
46.05972 -1.2737136
41.106922 -1.2366085
36.714874 -1.1947569
32.764503 -1.1466782
24.687603 -1.0868908
20.316055 -1.0732484
15.988008 -0.9354519
11.737408 -0.7622586
8.612172 -0.46498987
7.574468 0.14892203
9.573397 1.0583538
16.473661 1.3569753
22.261496 1.4485174
28.154572 1.51756
36.11118 1.5846251
43.238518 1.6517301
51.508278 1.6971681
59.96062 1.7429627
68.593575 1.7804952
76.497986 1.8119502
84.34139 1.8502325
92.17179 1.8709363
100.997856 1.8853203
109.11074 1.8997381
116.3253 1.9217405
124.107346 1.9507807
134.33633 1.984378
144.20547 2.0015707
152.84889 2.0115945
161.11716 2.0216415
169.3179 2.037498
179.3111 2.051691
190.15192 2.0695448
199.67122 2.0835571
207.46886 2.0912364
216.01672 2.0951934
224.22441 2.1049385
234.37357 2.117814
239.02661 2.1255858
247.84256 2.1368742
254.86014 2.1435816
261.48087 2.149038
269.8588 2.1561399
278.5462 2.1690922
288.0078 2.180271
296.113 2.1899583
302.88968 2.1984699
307.94186 2.2033796
316.43497 2.2142868
323.81818 2.2280924
329.99268 2.2374125
334.93176 2.2446444
338.6363 2.2511468
345.46188 2.2612245
351.20016 2.2728915
355.89163 2.2874706
360.0935 2.2965925
362.82007 2.3050213
365.85904 2.3182049
365.26962 2.3433962
364.53235 2.3574061
363.2159 2.3794785
361.4101 2.3945556
359.58197 2.4115734
357.3769 2.4300516
354.7857 2.4407442
350.817 2.4542608
347.79333 2.4649212
343.94885 2.4789612
339.311 2.486949
334.98352 2.4950426
328.8695 2.504607
321.65134 2.5141604
314.32077 2.5247264
308.8673 2.5328689
303.11115 2.5428927
296.88882 2.5497763
287.47635 2.556207
278.8955 2.5624557
270.73526 2.568191
261.7731 2.5734134
254.9076 2.579368
247.98576 2.5857146
240.29825 2.5901804
231.75584 2.5989842
224.21478 2.6047554
217.59575 2.611794
211.74413 2.6190293
204.04698 2.6256092
195.30733 2.6237395
186.3751 2.6211476
178.15819 2.6205246
169.41635 2.6301968
160.35152 2.6415424
152.54414 2.6507719
143.68782 2.6510112
134.75293 2.6492376
127.59141 2.654642
122.85368 2.6544785
114.628746 2.6637244
106.134026 2.6752317
96.402916 2.6915963
87.75834 2.7071874
80.560074 2.7232304
72.762695 2.7355137
64.72476 2.749615
57.43645 2.7384603
50.215866 2.7203298
43.765114 2.704262
36.4203 2.694935
28.399584 2.715527
21.148926 2.7665365
12.4419 2.8364394
5.7171183 3.0453186
1.1199776 -0.22209734
9.206848 -0.1580237
14.224419 -0.1729637
19.370625 -0.1789198
27.787046 -0.22685021
35.28489 -0.26497895
39.6833 -0.28726622
48.166203 -0.29983118
52.58907 -0.31373337
57.97665 -0.31999063
67.17442 -0.35319144
76.39721 -0.3783401
85.3063 -0.38728744
90.67186 -0.38688365
96.0603 -0.38654336
104.955605 -0.39310536
109.44212 -0.39600956
118.35287 -0.40112314
128.58812 -0.40960085
134.69728 -0.42071396
140.45721 -0.42560843
146.32288 -0.4314603
151.57668 -0.44320652
157.18503 -0.4473422
163.07805 -0.45177904
170.06627 -0.45643255
176.78168 -0.45672393
182.77654 -0.45887977
188.70547 -0.4624142
198.92163 -0.4750934
209.96284 -0.48556185
216.72954 -0.48568654
222.92867 -0.49030262
228.00856 -0.49320576
237.7088 -0.50488216
246.66139 -0.51348996
255.2332 -0.52517
264.29413 -0.5315357
273.44614 -0.5380886
282.26627 -0.5475315
290.19653 -0.5591648
298.155 -0.5701602
305.325 -0.5823995
311.23944 -0.59369594
318.37347 -0.60437584
325.76465 -0.6155697
332.28082 -0.6275533
338.72134 -0.63861436
346.1103 -0.6479556
352.07092 -0.66081214
356.43997 -0.6755512
361.6305 -0.68893504
366.11346 -0.70367205
368.8326 -0.7123159
372.11777 -0.7224793
376.1147 -0.7344542
378.0118 -0.74779874
379.20084 -0.76951796
378.5926 -0.7892704
375.96555 -0.802055
373.18765 -0.8097818
368.44366 -0.81621677
363.61227 -0.8256107
357.60992 -0.83649635
354.02527 -0.8426321
347.67252 -0.8502021
341.61215 -0.85796535
336.2153 -0.8629392
330.09515 -0.8707714
326.72775 -0.8782038
319.35214 -0.89145803
312.0252 -0.90535146
304.39465 -0.91071194
295.98206 -0.9142914
289.16644 -0.9222729
280.37164 -0.9342343
271.62454 -0.9469592
264.10428 -0.9542688
257.16907 -0.95994127
249.97421 -0.9592811
241.7506 -0.96468186
233.85724 -0.96830875
225.52992 -0.97513866
218.70212 -0.98708534
210.58719 -0.9956349
203.37325 -0.9960766
194.88802 -0.9972533
187.0348 -1.0031366
177.48967 -1.014274
169.24957 -1.0256188
160.08133 -1.0359796
151.14703 -1.031754
143.30003 -1.0395058
135.11287 -1.0552614
126.26105 -1.0700026
117.24165 -1.0861886
108.282394 -1.105067
99.79178 -1.1183031
91.755905 -1.1241325
83.73494 -1.1310774
76.61584 -1.1449506
68.94814 -1.1738737
61.147987 -1.1910781
51.57377 -1.241556
44.367813 -1.3044329
37.41048 -1.3639765
29.950584 -1.4201673
25.04955 -1.4307905
18.861658 -1.533372
14.622342 -1.7294403
11.973087 -2.206763
14.434647 -2.7399411
20.276808 -3.0113845
26.287996 -3.1244872
33.095524 3.0947788
37.13656 3.0782068
45.26908 3.0452552
54.085964 3.038878
58.317867 3.0463552
63.29286 3.0538611
72.23261 3.064742
77.010056 3.069518
82.01647 3.0739248
86.96332 3.0777793
92.91107 3.0926397
98.09766 3.0952299
103.08478 3.0974743
108.8957 3.0998302
113.830666 3.108702
119.788704 3.1186707
125.7716 3.1277335
131.75752 3.135956
136.85068 3.1375768
142.75377 3.137743
149.5755 -3.1385865
155.73442 -3.1322892
161.73042 -3.1264553
167.74718 -3.1210406
173.76051 -3.116
179.64333 -3.1112738
186.79442 -3.1070828
193.81628 -3.103175
199.87518 -3.0993366
205.89676 -3.0957155
211.84511 -3.0922828
217.98137 -3.0853953
224.93091 -3.0781808
231.23405 -3.0712419
237.24225 -3.0688598
243.33713 -3.0657585
249.42719 -3.0603602
255.58456 -3.054452
261.74698 -3.048825
268.95877 -3.0408542
275.16217 -3.035118
281.33252 -3.0303214
287.49612 -3.0257401
293.7105 -3.02132
300.00534 -3.013812
306.21884 -3.0098248
312.42203 -3.006005
317.64438 -3.0018957
322.04462 -2.9975796
330.52658 -2.9890924
339.03986 -2.9810224
346.9492 -2.9701426
354.07025 -2.954098
360.1419 -2.9402778
365.2869 -2.9263947
369.7202 -2.9123743
372.3306 -2.894793
373.3329 -2.8843527
373.99612 -2.8676445
372.69473 -2.8527286
369.81644 -2.8340197
363.28033 -2.8184474
357.55814 -2.8047915
352.4666 -2.7931147
345.1494 -2.7792165
340.82587 -2.7712598
335.6121 -2.762018
330.0588 -2.755297
325.24796 -2.7492735
320.20316 -2.7400355
315.73285 -2.7333257
310.21045 -2.725612
304.72974 -2.7176526
298.95047 -2.7118456
294.1503 -2.705112
289.2037 -2.7009416
284.3545 -2.6959863
279.0478 -2.6876957
273.22955 -2.6813662
266.84564 -2.6727777
260.86563 -2.665447
255.95557 -2.6599634
250.6976 -2.6578605
245.68779 -2.6519225
239.84836 -2.6445775
234.13327 -2.6361728
228.51004 -2.6265109
223.65985 -2.6204028
219.03831 -2.6177478
209.74399 -2.6086805
204.99469 -2.6005204
199.65318 -2.5962043
194.36133 -2.5916717
188.36998 -2.5846403
183.74055 -2.5817971
174.01657 -2.5738354
168.76266 -2.5679247
163.50993 -2.5616305
157.53252 -2.552064
151.42197 -2.5409806
146.17506 -2.532948
141.66772 -2.5276947
137.20866 -2.522779
131.34122 -2.5095935
125.35809 -2.4942605
119.376526 -2.4773035
113.46185 -2.4699085
107.660835 -2.4627817
101.88453 -2.454884
96.80449 -2.4382253
91.67129 -2.419489
86.646935 -2.3987787
80.3509 -2.377385
74.55822 -2.3583233
68.933 -2.3380897
63.301712 -2.3140361
53.50769 -2.2798738
43.20705 -2.2123158
37.87938 -2.1539872
32.723263 -2.0769603
23.21429 -1.9175676
13.94921 -1.7060047
10.29349 -0.8367635
12.766055 -0.372349
16.90138 -0.05022836
22.12402 0.14348458
26.920362 0.26521018
32.75009 0.32146236
38.44964 0.3543794
44.17619 0.37877023
50.71769 0.39140975
56.65024 0.40543553
62.42354 0.4180082
68.163124 0.4284294
73.07286 0.44304347
78.86457 0.45023686
85.00781 0.46480325
90.95632 0.47169495
97.81841 0.4793687
103.78968 0.4818593
109.648994 0.48510617
120.388855 0.49431184
125.779976 0.49083668
132.32788 0.49018493
138.55551 0.48255348
144.09184 0.47809994
149.81993 0.4793465
159.71985 0.47670406
166.08273 0.4756136
172.48999 0.47109407
179.17053 0.4708391
184.54742 0.468199
189.17586 0.46761423
193.65695 0.4675264
199.02863 0.46518213
205.10326 0.46121937
211.24426 0.4571438
217.64748 0.4531412
223.14815 0.45101944
228.54448 0.449367
233.89769 0.44778737
239.24422 0.44627824
245.3607 0.4434329
251.29341 0.4374989
257.3808 0.4340236
262.70364 0.4297948
267.9701 0.42814428
273.01425 0.42456868
278.31833 0.42304546
284.02817 0.4178755
289.56918 0.4169087
294.63165 0.41375768
302.30914 0.40622827
307.3327 0.402739
311.93182 0.39646602
316.5391 0.39038047
321.5297 0.38735598
325.98282 0.38178915
330.61398 0.3761715
334.54834 0.3715307
341.7234 0.36083496
347.28397 0.35114592
352.2146 0.34300846
359.09317 0.33028674
364.8386 0.31678522
369.58624 0.30919516
374.22937 0.29964015
377.86667 0.2914687
380.9702 0.2736933
382.01413 0.2613805
381.05997 0.2411072
377.7429 0.224201
372.53735 0.210859
365.41504 0.19762103
359.02258 0.18985412
354.71716 0.18644133
346.13138 0.17937118
339.52142 0.17092596
333.11694 0.1651229
324.62183 0.15705451
315.21655 0.1457154
310.58612 0.13815378
305.37408 0.13393126
300.39508 0.12942876
295.94653 0.12460417
287.65283 0.117716044
282.7186 0.11266199
277.61737 0.111087054
273.1892 0.10555025
268.11404 0.10380062
263.2714 0.100939184
258.88763 0.09590529
253.97876 0.089848824
248.89162 0.08662468
243.49718 0.08133226
237.66542 0.07806926
233.37271 0.0721162
228.19867 0.064858116
223.10341 0.057391632
218.0401 0.049614612
212.2288 0.04618431
206.21811 0.042713717
200.18492 0.038997885
194.11491 0.034991022
188.1283 0.030853024
182.12234 0.030454865
175.10854 0.025966518
168.07735 0.021106381
162.09425 0.015720112
156.09923 0.016323898
150.10878 0.016975403
143.42035 0.017767137
137.10493 0.01315385
130.11609 0.011903245
124.10299 0.0064560417
118.084595 0.004653973
111.12273 0.0049455483
104.17946 0.0052751577
96.437294 0.005698662
89.38777 0.0061480897
82.414734 0.0066682813
75.43148 0.0072856243
67.45338 0.008147355
58.442223 0.009403624
49.477325 0.026144164
39.819744 0.038904265
28.800701 0.028280584
19.519335 0.028158396
10.202404 0.053891875
10.202404 0.053891875
