Finger
11
269.15588 -1.247954
263.17252 -1.19336
256.98718 -1.1253932
254.2692 -1.0937796
251.86331 -1.0622522
250.67706 -1.0365115
249.46338 -1.0139563
248.87936 -0.9932343
249.46451 -0.9613586
249.49553 -0.940421
249.8992 -0.9115063
250.23749 -0.8778256
250.33795 -0.84673876
249.99648 -0.8186175
249.32652 -0.79233587
248.33122 -0.7613089
250.74835 -0.7479368
253.25168 -0.7177827
254.78772 -0.6868934
256.51035 -0.6527503
257.14767 -0.6219452
257.27332 -0.5884901
257.7419 -0.5574128
260.28552 -0.534417
263.30292 -0.5024737
265.4119 -0.4851742
268.22943 -0.45474917
270.18817 -0.42674452
272.35782 -0.39903802
273.73352 -0.3802397
276.63596 -0.36121368
278.84695 -0.33947775
281.89148 -0.31605604
284.1997 -0.2921192
284.45734 -0.26992655
286.03134 -0.25312516
286.10925 -0.23639205
287.0601 -0.21986231
287.77344 -0.19806308
288.62173 -0.17636086
289.6376 -0.15551259
290.85593 -0.13676843
292.10504 -0.116137095
293.44873 -0.101079
294.90823 -0.08080708
295.66867 -0.060311083
298.17978 -0.039596643
300.97864 -0.01599384
302.95364 0.0039902655
304.18854 0.021246526
306.32822 0.03710383
309.401 0.056064945
311.98615 0.07491245
312.49194 0.09404156
313.11026 0.11306181
314.665 0.12752403
316.3718 0.14375052
319.2594 0.16147655
321.26367 0.17944926
323.36386 0.19709106
324.5937 0.21524152
325.69876 0.23024641
326.83414 0.24462584
329.29474 0.2614691
330.89963 0.2790192
332.6044 0.29638463
334.4072 0.31355602
336.03473 0.32816455
337.3134 0.3479133
339.4013 0.36449775
341.5931 0.38096005
343.15015 0.3980209
343.69092 0.41631776
344.72723 0.4316435
343.78085 0.45138228
344.00095 0.4673243
344.29343 0.4864471
344.9991 0.50850564
345.3656 0.52788395
345.86386 0.5472955
346.07162 0.5646221
347.64716 0.5822551
349.96652 0.5984863
350.98605 0.6165213
352.87463 0.63365877
354.41043 0.64529675
356.9461 0.663811
357.8922 0.6796283
358.62497 0.69963723
359.49557 0.71950203
360.5166 0.7393538
361.18036 0.7535845
363.00266 0.7716949
361.78674 0.7874637
361.13257 0.81223553
359.9821 0.83198845
359.62906 0.84966946
360.15573 0.86932003
360.96664 0.89271206
361.00302 0.9104215
361.75354 0.92594314
361.32114 0.94148946
359.0582 0.9608874
356.4634 0.98030216
354.18372 0.99626094
352.58765 1.0127435
350.89575 1.0271988
349.37396 1.0445185
346.60242 1.06565
344.51917 1.0828458
343.3364 1.1006882
341.7589 1.1179396
340.78625 1.1359813
339.1038 1.1557097
337.2726 1.1758374
336.59253 1.1949294
335.57358 1.2128507
334.26443 1.230491
332.50998 1.2476888
330.12628 1.269998
328.76636 1.2836322
327.57654 1.2961986
325.69388 1.3175266
324.0601 1.3378007
322.31183 1.3618821
318.9884 1.3852627
317.56998 1.4067266
316.6158 1.4260592
314.7184 1.4469004
312.25912 1.4652756
309.44653 1.4934942
306.9793 1.516389
304.7147 1.53567
300.54352 1.5610654
298.33273 1.5810754
294.705 1.6049415
292.03812 1.6291859
289.56763 1.6546166
287.14606 1.6763035
285.76553 1.7014852
283.15115 1.7304096
280.60992 1.7607208
277.88803 1.7847205
276.30508 1.8082525
273.91183 1.8329808
271.4724 1.8552703
269.6458 1.8835535
268.11115 1.9129137
266.44492 1.9392536
265.3975 1.9667965
264.58188 1.9918896
262.55875 2.0279808
261.7156 2.0553725
260.58115 2.0795007
258.17252 2.108023
256.69666 2.1388602
255.06374 2.1617594
254.83504 2.194709
253.60825 2.2277014
253.56578 2.2591653
252.87611 2.2926037
252.48352 2.3260477
252.77626 2.3580344
251.76047 2.38492
252.81104 2.4155025
254.08516 2.4459836
255.47194 2.4766135
255.35808 2.5095057
255.58682 2.5352786
256.88065 2.561273
258.46912 2.5890064
260.55865 2.6207435
263.88052 2.6529653
266.0404 2.6867824
267.91867 2.7158
269.16544 2.7421339
271.26663 2.7621756
272.9961 2.7866313
275.60464 2.8138442
277.3301 2.841792
280.1543 2.8709157
282.67047 2.8923943
284.83362 2.9088466
287.42526 2.9287655
288.57693 2.9472795
289.14832 2.9749656
289.94675 2.9971654
290.58517 3.0117688
290.96213 3.0295758
293.3398 3.0472705
295.8592 3.061972
298.43814 3.082067
301.10995 3.105156
303.9633 3.1226523
306.905 3.1391108
309.03464 -3.1307516
310.72644 -3.1144164
311.40128 -3.0984209
313.4086 -3.0841258
316.0969 -3.0623956
318.42038 -3.043994
320.12918 -3.0290055
322.40295 -3.0096455
322.5881 -2.9944267
323.80386 -2.9709544
326.0881 -2.9496536
326.89392 -2.9373574
327.96506 -2.9221468
328.99042 -2.908585
330.1813 -2.8938444
331.44763 -2.8791654
332.83466 -2.864075
334.81876 -2.84398
336.31335 -2.8298175
337.59604 -2.8182364
339.08282 -2.8053977
339.5869 -2.7924736
339.45956 -2.7766454
339.42825 -2.7544491
340.24042 -2.739533
341.31705 -2.7190835
340.76398 -2.701595
340.67072 -2.6819084
341.086 -2.6601613
341.19122 -2.6397777
341.19406 -2.6230102
341.11484 -2.6059008
342.23248 -2.5881057
342.2367 -2.567317
342.68634 -2.5458136
342.2698 -2.5214717
342.22363 -2.4960122
341.26672 -2.4709427
341.30194 -2.4521992
342.03925 -2.4310348
342.84827 -2.405927
343.36136 -2.3795087
341.9972 -2.3552246
340.6661 -2.3344836
339.35004 -2.313104
339.1451 -2.2868788
339.09225 -2.2675738
338.2676 -2.245967
336.5811 -2.2242522
335.4481 -2.2008007
335.79047 -2.177453
335.3047 -2.157499
335.1395 -2.1358976
333.67456 -2.1175227
331.91574 -2.0968115
330.20917 -2.075474
328.40427 -2.0578027
327.35428 -2.04507
326.43875 -2.032756
324.79272 -2.0153701
322.75873 -1.9944835
320.8667 -1.9733372
318.4998 -1.9555099
316.36703 -1.938502
314.1985 -1.9201472
313.21185 -1.9017124
310.99796 -1.8803242
309.17694 -1.8613427
307.51263 -1.8426573
306.26035 -1.8275807
305.1998 -1.8139954
304.05624 -1.7983423
302.59308 -1.7764206
301.2417 -1.7536696
300.04813 -1.7307364
298.16434 -1.7114614
296.61673 -1.6980013
295.05115 -1.6822364
293.35953 -1.6589004
291.76755 -1.6319308
290.6013 -1.6081014
290.27863 -1.5903223
285.4203 -1.5662131
282.5535 -1.5384576
281.75052 -1.5100178
281.35382 -1.4814304
279.98663 -1.4588034
277.85928 -1.4332495
276.1132 -1.4030447
275.19965 -1.3841125
275.01956 -1.3654171
273.84033 -1.3346754
273.1879 -1.3001627
273.0621 -1.2778974
273.74026 -1.2555071
273.60107 -1.2362735
273.4067 -1.2165161
273.01993 -1.1996937
271.717 -1.1819562
270.82706 -1.1612649
270.1073 -1.1405689
269.2762 -1.11445
268.95343 -1.0920947
269.02667 -1.0679641
268.00613 -1.0445032
267.13397 -1.0208634
266.4126 -0.99724084
265.58124 -0.967918
265.61993 -0.9366804
265.98312 -0.9096214
265.98312 -0.9096214
