Stilus
11
10.156923 2.1422157
28.57913 1.5296948
50.014465 1.352991
65.145096 1.318379
76.270454 1.3290699
81.119865 1.3055279
89.409355 1.2960573
98.09579 1.2791712
104.31994 1.27659
109.98226 1.2636893
114.85519 1.2515875
121.09578 1.2322934
130.47896 1.2086744
140.42586 1.197544
145.48273 1.188947
151.52107 1.1781503
161.33862 1.1493877
168.33159 1.1158637
177.09077 1.0896579
185.2951 1.0718191
196.98859 1.0506775
202.92807 1.039144
208.95865 1.0281898
213.82875 1.0198905
221.37862 0.9988321
225.288 0.9885791
234.47607 0.97475773
245.39627 0.95936275
251.51999 0.9522428
256.86823 0.9431711
261.04736 0.9357751
269.25568 0.9305622
277.63843 0.92158693
283.64767 0.90675896
286.74683 0.89739436
293.3171 0.8803763
299.57904 0.8707387
305.75464 0.8620625
312.79184 0.8499066
316.42422 0.842204
321.33118 0.8346483
325.4441 0.8253322
329.6032 0.8162287
333.87717 0.80689687
337.39725 0.79983294
340.6732 0.7915123
344.92557 0.78318924
348.49683 0.7760857
355.08868 0.76284045
357.99564 0.7551073
363.13705 0.7418637
366.2283 0.73048586
370.10635 0.71534914
374.2509 0.69826776
378.36243 0.6823814
381.37796 0.6707297
383.65793 0.66084284
385.419 0.6487546
387.238 0.6339417
389.5604 0.62081575
392.11737 0.6068804
393.9762 0.5891298
395.71255 0.5681413
396.929 0.55271363
396.16388 0.5399326
395.718 0.5229526
394.36203 0.5053507
392.36786 0.4907123
389.12952 0.47490224
386.99594 0.46406496
385.76562 0.45318997
382.57523 0.43425423
380.8933 0.42463297
375.5491 0.40567133
372.9386 0.39420277
370.7881 0.38194275
367.3718 0.3712332
364.9339 0.36138
361.6398 0.35292977
358.37024 0.34432006
352.77603 0.32425132
349.16983 0.31195065
346.96338 0.30129763
343.6099 0.28917196
340.3069 0.27680627
337.2753 0.26691362
330.90756 0.2528261
324.44745 0.23338929
321.2866 0.22274834
314.02014 0.20205125
310.26114 0.19128448
301.15118 0.17356314
292.61902 0.16404726
288.2914 0.1594038
280.5113 0.14311747
272.4269 0.12608494
267.57007 0.119051024
262.2878 0.10999347
257.00513 0.10146589
252.25415 0.09466599
242.44696 0.07760015
237.31216 0.07082445
231.47899 0.06717471
226.52148 0.06422629
221.1385 0.06126433
215.3771 0.062905304
210.32724 0.059657816
204.2308 0.052785058
199.29974 0.05291863
194.06984 0.0543461
188.28378 0.050703418
182.23451 0.04286361
177.18027 0.032820765
172.81795 0.021950947
163.02739 -0.005911214
157.17566 -0.020153852
151.23082 -0.034185033
145.25648 -0.049526475
139.35893 -0.066063836
134.56679 -0.083214566
129.66086 -0.09609279
123.9674 -0.11454904
118.09174 -0.1311035
112.30869 -0.14688435
106.56941 -0.16435438
96.22415 -0.21151873
91.33902 -0.23430939
86.0084 -0.26107076
81.02956 -0.28050753
75.49534 -0.30169332
70.75726 -0.32260108
66.76157 -0.3426764
62.08777 -0.36966488
57.474163 -0.40096363
52.197765 -0.44422662
47.389072 -0.47483793
42.521057 -0.5076119
38.33434 -0.5385021
30.08764 -0.5474351
22.967838 -0.44670984
16.14519 -0.23031355
10.214038 0.22896105
9.24846 0.8659131
11.440418 1.4189839
19.213758 1.6891769
24.398077 1.7455622
28.566505 1.7642944
32.709774 1.7705921
39.91905 1.7791632
48.38943 1.8056415
55.62995 1.81119
64.12409 1.8269254
72.62288 1.8389561
78.771484 1.8703337
87.28929 1.8876289
92.08755 1.9051096
97.71674 1.9149318
103.213394 1.9267453
107.987076 1.9325285
116.548996 1.9506977
125.922325 1.9703423
136.23782 1.9856862
141.80092 1.9995012
148.02345 2.010042
153.8387 2.0139012
161.26913 2.0348792
170.48108 2.0537786
179.87045 2.0577273
189.7599 2.0659235
195.90997 2.0706832
206.13133 2.0879254
213.10829 2.1071923
221.96855 2.1213405
230.10672 2.1290686
238.90901 2.140591
248.91508 2.1529377
256.89023 2.169881
264.7345 2.1862986
271.843 2.2039416
277.61935 2.2245395
283.3085 2.2446878
287.6762 2.2538269
291.30814 2.2623885
297.9357 2.2745955
304.08386 2.2919946
307.7795 2.3018959
310.82663 2.3115828
314.2047 2.3232641
317.49536 2.3342702
321.14108 2.3416038
325.35507 2.3548493
328.9235 2.3741457
334.7743 2.3949463
338.2666 2.404458
341.4235 2.4128206
346.93634 2.4298408
351.7378 2.44893
356.6762 2.467573
362.21503 2.4805574
366.95877 2.4905727
373.1478 2.5031483
378.36368 2.5133405
382.32513 2.520847
387.11392 2.5296648
391.94528 2.5468612
394.7258 2.563755
397.27176 2.582795
396.4889 2.601607
395.9176 2.6189873
395.2076 2.6375966
392.2917 2.6566777
389.6325 2.6697946
387.3919 2.6812594
385.20554 2.6928413
383.08255 2.7044916
380.97052 2.7165117
378.22617 2.7277188
374.955 2.741228
372.09677 2.7525938
370.0147 2.7648878
368.49203 2.7754748
365.8924 2.786541
362.4952 2.7979398
359.13647 2.8085065
355.72556 2.8196201
351.0638 2.8314183
346.69727 2.842542
341.656 2.8532276
337.38785 2.8648937
333.1432 2.8744595
324.8119 2.8897345
316.33194 2.905653
311.40512 2.917396
306.41235 2.9304352
301.44843 2.943987
296.72116 2.9552972
287.7855 2.9713671
280.95975 2.981683
273.7388 2.9954987
266.06622 3.0138786
261.37784 3.0265574
256.3146 3.036056
251.7785 3.0470622
247.5456 3.0566757
242.5809 3.0672739
237.39143 3.078308
232.24377 3.0865903
227.18782 3.0907717
222.16342 3.0941243
217.18248 3.0976405
212.10658 3.100219
206.11122 3.1049821
201.08107 3.1090386
195.00632 3.1120148
189.03633 3.1162848
182.0416 3.1262271
175.97984 3.1371486
170.74287 -3.140294
165.2713 -3.134789
158.9958 -3.1276174
153.00053 -3.1204913
146.25659 -3.1126862
140.14418 -3.097209
135.2126 -3.088209
131.06697 -3.0789356
126.37566 -3.0686464
120.49579 -3.0568047
114.59236 -3.0435855
108.743324 -3.026941
102.938614 -3.0106604
98.08292 -2.996141
94.071304 -2.9791548
89.19645 -2.967639
83.72472 -2.9439855
78.050514 -2.9194803
72.43668 -2.887582
67.6705 -2.865673
63.65352 -2.8477583
59.814922 -2.828281
51.536983 -2.7757716
46.95785 -2.7381368
42.36739 -2.6914024
37.456596 -2.6573825
32.517147 -2.603488
29.016415 -2.5393682
24.56615 -2.5016863
17.413998 -2.3458471
13.310898 -2.2112005
5.763533 -1.7399492
5.828454 -0.3408575
12.528416 0.08384337
18.445286 -0.2174928
25.271637 -0.4943055
29.759144 -0.60544515
36.41541 -0.68318385
43.730278 -0.74664336
51.03573 -0.78170264
55.29695 -0.8076122
63.31458 -0.84088635
68.336655 -0.86271816
74.62059 -0.86831063
82.70543 -0.9031098
91.96549 -0.9161962
97.29203 -0.92940384
102.8964 -0.9368963
111.35539 -0.9317358
121.41576 -0.9240126
126.58814 -0.9351659
133.0128 -0.9427229
138.66054 -0.9610898
143.76733 -0.9708806
151.4483 -0.9815027
160.72752 -0.99593306
165.4504 -1.0071929
170.89594 -1.0203629
175.89227 -1.031098
180.63722 -1.0403624
184.62616 -1.0467507
194.11243 -1.0630336
199.37915 -1.0776727
205.14122 -1.087216
210.21875 -1.0945204
215.48833 -1.0979038
223.4905 -1.1062367
228.21614 -1.1116694
233.16396 -1.117339
238.09819 -1.1227617
243.87224 -1.1296847
248.55482 -1.1345052
253.9148 -1.142881
261.91 -1.1567607
267.21255 -1.1654644
272.71008 -1.1740985
277.5627 -1.1814111
282.17438 -1.1881082
288.40707 -1.1996332
296.3701 -1.2145171
301.0408 -1.220285
306.1552 -1.2298496
310.81186 -1.2377292
314.53418 -1.2426418
320.49194 -1.2555269
323.82346 -1.2646376
330.5552 -1.2804854
337.54327 -1.2935618
340.97366 -1.3017682
344.32678 -1.3104926
350.06866 -1.3265774
355.52206 -1.3469162
358.80884 -1.3576823
365.17758 -1.381632
368.5757 -1.3916913
372.00354 -1.4015523
376.97467 -1.4199156
379.3097 -1.4367715
380.53632 -1.4530674
384.59964 -1.4764216
386.98236 -1.4881469
388.91852 -1.4989194
392.4078 -1.5191647
393.23148 -1.5302227
395.2212 -1.5506815
395.1543 -1.5626614
395.14255 -1.5733787
394.4254 -1.5860523
391.635 -1.6065557
389.79248 -1.6170357
387.0216 -1.6379869
385.54364 -1.6487261
381.2906 -1.670542
377.9625 -1.6820954
374.24265 -1.6892147
366.82224 -1.7025815
363.2267 -1.7115949
356.94626 -1.7260402
353.30936 -1.7333885
344.41577 -1.7493546
339.0454 -1.7612349
333.52103 -1.7705694
329.8002 -1.7790147
322.84256 -1.7962669
318.4449 -1.8058606
313.37878 -1.8162395
308.01462 -1.8273696
302.533 -1.83636
298.187 -1.8464676
293.57855 -1.8552824
288.50253 -1.8667929
277.04794 -1.8879154
271.7557 -1.9010081
266.329 -1.9121287
260.75046 -1.9207044
254.16995 -1.9301689
246.96843 -1.9411466
235.05272 -1.9655051
228.27617 -1.9742004
220.76755 -1.9838436
213.4207 -1.9978118
207.10681 -2.011728
201.41232 -2.025113
195.37242 -2.0402682
187.89798 -2.0558918
180.42389 -2.0715995
173.14603 -2.0815122
166.75945 -2.0961254
159.76407 -2.107178
151.8098 -2.122938
143.49864 -2.134253
135.27065 -2.1485982
127.273186 -2.1522827
118.92218 -2.1681902
110.51458 -2.1846628
96.05619 -2.2276297
90.1169 -2.250684
85.03767 -2.2691479
79.83165 -2.3080218
74.84785 -2.3329346
69.18738 -2.3718708
63.5654 -2.3956027
58.61038 -2.4380248
50.383198 -2.4549644
45.53964 -2.4811542
40.26285 -2.5289242
34.68958 -2.5988092
29.007715 -2.679358
24.287874 -2.8090155
19.212227 -2.9871705
15.009127 3.0709958
11.937832 2.2121859
15.548101 1.8804041
19.10473 1.6626985
24.13271 1.4872131
32.27723 1.2398891
32.27723 1.2398891
