Stilus
8
193.80035 0.27973348
188.67653 0.3398409
187.14613 0.36648223
185.8263 0.39256024
182.81387 0.43659028
178.82416 0.4668671
175.99731 0.49944812
173.67435 0.5435632
173.27983 0.5739052
173.4546 0.6064088
174.27142 0.6328449
174.77248 0.66224766
176.28049 0.69554913
176.75897 0.7317134
179.37714 0.7654924
182.16762 0.7890585
185.09914 0.81953037
187.63582 0.859425
189.15273 0.89378506
190.12297 0.9370248
193.03976 0.9856788
195.63524 1.012679
198.67381 1.0339799
201.31953 1.0532297
203.8545 1.0715613
207.49237 1.1027215
211.13539 1.1324483
215.88338 1.1573
219.22253 1.1916859
222.03596 1.2125682
227.8314 1.2463589
231.55846 1.2698467
232.73912 1.2982599
235.10007 1.323041
238.43239 1.3503286
240.47186 1.3775465
244.23228 1.4105611
245.6205 1.428111
247.90968 1.458837
250.1616 1.4799414
252.68434 1.5046567
253.6225 1.5246139
253.46646 1.5407536
250.57574 1.5679245
248.6361 1.5919893
247.88275 1.6192874
246.36578 1.6428721
242.98065 1.6728734
239.73512 1.7047287
236.81885 1.736331
235.37129 1.7554667
231.83069 1.7837508
231.12024 1.8129921
227.35959 1.8410263
223.22197 1.8764433
219.99982 1.918481
216.22856 1.9507391
212.75192 1.9868227
211.45737 2.02085
210.06416 2.0559123
206.96475 2.0981252
205.0559 2.1206732
201.03004 2.16262
196.29836 2.1989543
194.60338 2.2232313
190.50476 2.2613745
184.971 2.3007548
181.7346 2.3455732
180.10387 2.3863606
180.79839 2.4401844
181.22151 2.4902127
180.58868 2.5422692
179.59557 2.59166
180.78857 2.63524
182.50778 2.6884274
184.72025 2.7343104
186.09627 2.7622464
188.41335 2.7899764
191.70496 2.8400137
193.82338 2.8769233
198.54567 2.9102967
201.26054 2.9369164
204.95998 2.969085
209.71353 3.0080526
216.76625 3.049589
222.28152 3.0798218
228.06297 3.094464
234.14731 3.1085656
239.90034 3.1254263
245.97144 -3.133502
249.06573 -3.117291
254.38193 -3.0862925
257.9732 -3.0630813
264.4615 -3.0354066
268.59308 -3.0070934
270.14682 -2.9929032
271.6844 -2.9759002
272.6076 -2.9608061
274.3377 -2.9470668
277.50943 -2.9272842
281.06284 -2.9008927
283.2073 -2.8853009
285.9451 -2.8660178
289.3526 -2.8478098
292.51404 -2.836008
298.5819 -2.8152313
303.25418 -2.8007545
307.44122 -2.7834854
311.4216 -2.767822
314.78418 -2.7515037
317.17203 -2.7400358
320.15964 -2.7263238
325.24338 -2.7078903
327.492 -2.6932933
330.05484 -2.6774104
332.0686 -2.6601143
332.65283 -2.644057
333.0205 -2.6296751
329.9713 -2.6104524
327.69022 -2.5856514
327.25208 -2.5594442
326.37405 -2.5317345
325.4332 -2.5145807
323.94363 -2.4959292
322.5694 -2.48031
319.87402 -2.4656882
315.4801 -2.4379537
313.15884 -2.4232686
311.4154 -2.4074829
308.91702 -2.3856027
307.5399 -2.3670735
306.55353 -2.3462467
305.25055 -2.327728
305.46606 -2.3091571
305.58154 -2.2739975
304.33707 -2.2475476
301.64795 -2.2210429
300.91815 -2.202379
300.59726 -2.182527
301.11447 -2.16052
301.8357 -2.1359484
301.21298 -2.1061244
300.02795 -2.08611
298.54227 -2.0690494
297.06454 -2.0526185
294.71136 -2.0295208
291.38507 -2.005836
289.3343 -1.9903249
287.72964 -1.9709086
285.6916 -1.9514458
283.83734 -1.9347725
281.63754 -1.9217672
277.066 -1.9078165
271.76404 -1.8845928
269.59854 -1.8716242
264.90753 -1.841638
262.88443 -1.8241698
261.6746 -1.8095571
258.15295 -1.7850034
254.61057 -1.7560406
252.75655 -1.7374371
250.98528 -1.7184029
249.30794 -1.6991593
247.41876 -1.6677154
246.28035 -1.6491448
245.71269 -1.6316175
243.59378 -1.599374
242.26183 -1.5737959
243.33475 -1.5460019
245.51619 -1.5249634
247.60733 -1.5020465
250.45824 -1.4637058
252.13155 -1.4407324
254.00824 -1.4175212
255.66339 -1.401854
257.51486 -1.3834777
259.63235 -1.362382
261.89966 -1.340855
265.27618 -1.3205143
267.5855 -1.302487
270.13437 -1.2859262
272.24823 -1.2727668
276.05716 -1.2504548
278.55576 -1.2268928
280.27545 -1.2025478
283.02756 -1.1759108
285.5043 -1.149039
287.31732 -1.1250834
289.51666 -1.1017457
291.86435 -1.0788163
295.05194 -1.0537862
297.5178 -1.0312347
299.37885 -1.0145876
302.70007 -0.99112695
306.3355 -0.9674705
309.15536 -0.9543572
311.94125 -0.9418626
313.67148 -0.92897904
316.33417 -0.9074713
318.37003 -0.88433707
319.48328 -0.8617703
321.8424 -0.83925015
325.47855 -0.82131404
328.304 -0.79996747
329.84906 -0.7833837
330.62305 -0.7648572
331.4736 -0.7493702
332.3946 -0.73447704
333.22635 -0.7191954
334.3645 -0.68970823
334.36942 -0.6695842
336.46356 -0.64594555
336.46 -0.62467855
334.8822 -0.6025025
333.05447 -0.5836727
333.16266 -0.56203824
333.89606 -0.5371306
333.5957 -0.5237122
332.12286 -0.50986564
330.46878 -0.49443898
328.66757 -0.477625
326.51578 -0.46302924
323.2356 -0.44226873
321.41284 -0.42262387
319.14435 -0.3985419
317.06433 -0.3741352
315.62033 -0.36230397
313.12152 -0.34062827
311.57227 -0.32631013
310.30835 -0.31405157
306.97452 -0.29027486
302.8657 -0.2669919
299.9415 -0.25315768
297.7038 -0.24045734
294.2315 -0.2276267
289.09717 -0.21576773
284.93533 -0.19746858
279.55154 -0.17229138
277.90546 -0.1587258
277.04733 -0.14456657
275.50854 -0.13070388
271.94785 -0.10652997
268.39853 -0.08555311
261.985 -0.050258998
257.8166 -0.031832997
253.68431 -0.011558438
250.68872 0.008196506
242.82295 0.033161525
235.13298 0.059711233
227.80823 0.096752
223.5238 0.11661699
219.92987 0.14152926
216.71472 0.16573805
210.05406 0.20256266
206.7611 0.22071666
200.65715 0.2576069
197.46082 0.27805817
194.34561 0.29746965
191.43123 0.3187241
188.94781 0.34554598
186.28754 0.38662454
187.69933 0.4081019
187.69933 0.4081019
