Mouse
17
4.565046 -0.90982765
4.050687 0.351943
7.2238326 0.84357125
11.45196 1.1380652
16.83213 1.1547669
21.83779 1.2054328
25.613667 1.2612584
29.448784 1.3026463
34.536926 1.3130839
41.81576 1.3094999
46.205395 1.2900468
50.326077 1.2929769
54.727455 1.2778783
60.716366 1.2385726
68.65454 1.2167478
73.83113 1.1847081
80.90866 1.1668333
85.37325 1.1637087
90.65419 1.140659
95.12393 1.1390839
100.92245 1.1328155
105.39317 1.1317265
109.86401 1.1307261
114.33495 1.129804
119.23702 1.12137
125.48645 1.1099697
131.75064 1.0996523
136.67926 1.0933783
143.84851 1.087846
150.13919 1.0797164
157.4051 1.0610816
165.58609 1.0471324
170.55128 1.0436275
176.0265 1.0354208
180.99811 1.0324397
190.09074 1.0242212
195.06787 1.0217407
200.57185 1.0151368
206.0841 1.008886
212.98508 1.0015278
216.83783 0.99096143
222.10144 0.979529
229.35223 0.9639105
237.23924 0.94582576
241.2104 0.9372283
245.19884 0.9289099
249.81009 0.91767144
254.45174 0.9068417
259.74777 0.893394
265.08887 0.88048595
269.8272 0.8709179
274.5894 0.86168087
279.37418 0.85275954
287.0041 0.8435607
297.41614 0.82961977
301.59634 0.8243134
307.19824 0.81899685
312.77142 0.80935115
318.39658 0.8044852
325.42584 0.7953805
328.9471 0.7888246
334.60635 0.7803137
338.87494 0.7720308
341.75232 0.7638658
345.33875 0.75794494
354.75497 0.7407231
361.3637 0.72782546
365.77118 0.72077286
368.7858 0.7136146
373.98984 0.7051345
377.04483 0.69825846
380.11737 0.69149333
383.20706 0.6848369
386.31342 0.6782873
389.4361 0.67184246
390.7295 0.65946084
392.08234 0.6471628
393.4941 0.6349511
395.77676 0.62135464
399.03592 0.6155192
400.03113 0.6015813
398.8849 0.5884089
398.94714 0.5703326
398.2887 0.553585
397.91196 0.5423912
396.72327 0.5324544
395.94394 0.5190099
394.8481 0.5089571
394.6012 0.49197373
392.72754 0.48299637
390.86923 0.4682132
389.08044 0.45903885
388.2255 0.44866067
386.08298 0.43699157
383.99362 0.42519385
382.361 0.41566387
379.97784 0.40121755
378.0532 0.3890419
376.74933 0.37329885
375.5395 0.3574504
373.14792 0.33987594
371.83356 0.3297336
369.93436 0.31438768
367.4641 0.30228907
363.80478 0.28818068
361.7266 0.27836415
358.1929 0.26379195
356.20273 0.25368267
352.06763 0.24207367
348.95477 0.22953652
346.1142 0.21959734
339.75797 0.20269418
336.0305 0.19283126
331.35312 0.18329655
326.8809 0.17650303
321.27078 0.16697846
314.86172 0.16075014
310.75342 0.1596339
306.64554 0.15848777
301.39487 0.15455335
297.1378 0.14997497
291.89767 0.1457595
287.79514 0.14434037
283.6932 0.14288019
277.33524 0.13525373
272.11435 0.13044865
262.80676 0.123585
254.6232 0.119663194
250.53296 0.11760623
241.36226 0.113752395
230.83855 0.105511844
225.51848 0.10333804
217.1859 0.097865105
212.01971 0.09078134
205.78697 0.07890613
201.64876 0.070582256
194.41553 0.05259725
189.32524 0.043436334
182.22148 0.028655913
178.17578 0.018078685
172.1468 0.0012838366
168.15608 -0.010579605
161.21751 -0.029647473
155.2947 -0.04366631
146.47346 -0.06681258
142.55478 -0.075685225
135.57584 -0.079589255
129.59572 -0.083270185
125.61001 -0.08591883
117.641525 -0.09175443
110.67283 -0.097549744
101.71939 -0.10616724
95.75529 -0.112807214
85.70638 -0.114347786
80.626045 -0.10910162
74.55361 -0.10453117
70.57668 -0.11044482
61.6395 -0.12653883
55.561768 -0.12231296
48.621563 -0.13987927
44.664112 -0.152366
39.729286 -0.17146859
35.794453 -0.19053745
29.92462 -0.22851932
25.080196 -0.27369693
20.959126 -0.2793457
13.45133 -0.4440745
9.98824 -0.6169861
5.238983 -1.1486175
6.1389685 -2.249371
10.060828 -2.6466174
13.71302 -2.7856221
18.48189 -2.8800437
23.550772 -2.7596016
29.295996 -2.65192
33.04392 -2.573481
36.761356 -2.4733024
42.26473 -2.4244127
45.708267 -2.3728154
48.574455 -2.3135922
52.234245 -2.2758913
57.87465 -2.283732
62.98951 -2.2558286
67.35966 -2.2412496
71.74238 -2.2284496
77.53631 -2.2196534
84.547035 -2.2310376
90.338875 -2.2233222
95.94879 -2.231133
100.94812 -2.2302992
105.33835 -2.222037
110.3382 -2.2216864
116.73961 -2.2229943
121.9358 -2.2111423
125.750854 -2.1985137
130.75026 -2.1991174
135.16388 -2.1936934
139.58124 -2.1886127
146.2135 -2.1815674
150.63876 -2.1772153
158.10774 -2.1675735
163.37155 -2.1605
170.86336 -2.1523092
178.91064 -2.1495006
183.35394 -2.1467004
188.63951 -2.1411579
192.86694 -2.1271596
198.1713 -2.1224055
202.96147 -2.1136913
207.25865 -2.101228
212.45587 -2.08694
216.43114 -2.0818374
219.92877 -2.0729418
225.2066 -2.0601184
228.74495 -2.0518992
233.18884 -2.0419765
238.55058 -2.0305588
242.14172 -2.0232286
247.55196 -2.012633
251.17363 -2.0058234
254.80666 -1.9992075
258.4505 -1.992778
263.01987 -1.984992
267.60464 -1.9774724
271.28302 -1.9716399
275.8936 -1.9645684
279.9718 -1.9623852
285.5268 -1.954365
290.1695 -1.9479165
294.46295 -1.9385061
298.19904 -1.9336841
301.59274 -1.9258763
306.28577 -1.9202007
309.71033 -1.9127455
313.77042 -1.9013968
317.23712 -1.8943223
320.40945 -1.884435
324.26978 -1.8708773
327.22928 -1.8585054
331.89383 -1.8418182
337.15796 -1.8313383
341.2421 -1.8190688
344.64038 -1.8105915
348.8089 -1.798832
352.81104 -1.7845838
356.10355 -1.7739677
359.62836 -1.7662765
363.97147 -1.7555225
367.546 -1.7481745
370.9719 -1.7383119
374.27737 -1.725992
378.772 -1.7161262
383.1686 -1.703907
388.61383 -1.6916556
392.23822 -1.6828333
395.89258 -1.6741734
399.3916 -1.6606872
402.04288 -1.6501081
402.6754 -1.6375332
403.37146 -1.6249995
403.17453 -1.6150928
402.95343 -1.6002167
402.85562 -1.5902917
401.79752 -1.5803868
400.77905 -1.5704304
399.84293 -1.5529217
398.96402 -1.5403461
399.1058 -1.5303282
398.39508 -1.515178
396.77866 -1.4997988
397.08246 -1.4897505
396.52286 -1.4769777
395.92294 -1.4666824
395.4806 -1.4538449
394.97534 -1.4434912
392.81244 -1.4273701
390.59494 -1.4136022
388.28326 -1.4022177
384.6065 -1.3820927
380.88205 -1.364156
377.3877 -1.3567944
373.38434 -1.3434817
369.44855 -1.3298829
365.0836 -1.3212951
360.74622 -1.3125002
354.50885 -1.302002
349.96146 -1.2954528
344.4691 -1.2879235
340.9135 -1.2818317
334.50174 -1.2730029
330.67987 -1.2694536
323.3543 -1.2591572
317.64865 -1.2533654
312.2733 -1.2443258
308.48724 -1.2401674
304.70663 -1.2359058
299.38284 -1.2261641
295.0264 -1.217248
288.46954 -1.2088462
284.73224 -1.2038717
280.43707 -1.1941469
277.09567 -1.1854814
271.54495 -1.1771766
266.9342 -1.1699926
261.4202 -1.1610377
258.16193 -1.151312
251.78497 -1.1399884
246.34595 -1.1298171
242.73462 -1.1227834
237.34099 -1.1118325
232.86896 -1.1023202
229.30705 -1.0944437
225.7598 -1.0863192
221.34746 -1.0757983
214.24333 -1.0684922
208.02469 -1.0630326
204.5386 -1.0535238
200.57048 -1.0479951
195.74583 -1.0396672
191.79391 -1.0335993
188.36845 -1.0227325
184.96605 -1.0114646
181.04948 -1.004423
174.91992 -0.995666
171.02472 -0.98785037
166.5852 -0.98465526
159.66258 -0.9708389
154.16711 -0.954218
146.51433 -0.93377995
141.31197 -0.9241115
133.14174 -0.90588856
127.83615 -0.88308436
120.43684 -0.85374725
116.03856 -0.83192456
110.28604 -0.80868953
106.019775 -0.7962857
101.068375 -0.77582973
95.43661 -0.76044434
90.56913 -0.73566335
83.59573 -0.7145602
76.66632 -0.6896295
71.81651 -0.6732374
65.58695 -0.651662
59.39431 -0.6255732
52.42544 -0.60410625
46.329937 -0.5643171
41.69353 -0.52172446
34.975285 -0.40494198
30.743423 -0.32370993
26.777708 -0.21752724
22.160366 -0.035162475
17.446568 0.18568298
15.8830185 0.47196034
13.710607 0.73763716
15.52938 1.0185546
17.713156 1.3345026
21.251905 1.5168141
25.28895 1.6441483
32.94173 1.7803712
37.812057 1.861925
44.757458 1.9090738
49.54914 1.9394026
56.609146 1.9671301
62.79038 1.9951593
69.915016 2.011963
74.38609 2.0133142
82.427 2.020802
87.33898 2.0318105
94.047165 2.0319984
98.519295 2.0321095
106.569084 2.0364823
111.041214 2.0364
115.965675 2.0440302
120.437614 2.0436742
128.49179 2.0465763
133.42424 2.0528321
139.24567 2.0552754
143.71686 2.0546274
148.18813 2.0540183
154.89508 2.0531707
160.25327 2.0497534
168.30933 2.051678
172.78082 2.0512319
179.06772 2.0581362
184.00853 2.0623624
191.1874 2.065994
197.97313 2.0762146
203.41571 2.0838995
208.86969 2.0911832
214.33418 2.0980961
220.66983 2.1023588
225.29166 2.1109142
232.15742 2.1183105
237.33717 2.129718
242.54646 2.1406372
248.33315 2.1544635
252.21632 2.1633275
256.11868 2.171922
261.1894 2.1865366
265.726 2.1975505
271.69263 2.2089608
275.6893 2.2162929
281.71112 2.2268996
290.5719 2.2382183
295.8769 2.249962
304.0371 2.262172
308.13354 2.268034
314.2974 2.2765403
317.66196 2.2840827
321.79626 2.2894158
325.8555 2.2989454
332.70456 2.3128932
336.15265 2.319653
339.61578 2.3262756
344.4529 2.3410695
347.9531 2.351383
350.7794 2.3594851
353.62833 2.3674572
357.22058 2.3772426
360.8463 2.3868322
363.77042 2.3943658
367.45398 2.4036133
371.9149 2.4144676
374.91266 2.4215598
378.6859 2.4302664
382.60663 2.4424841
387.21835 2.452456
390.31384 2.4589727
392.17706 2.469364
394.8715 2.4812124
396.8242 2.4913764
399.82913 2.5064332
401.88217 2.5163448
403.07022 2.5336642
403.27902 2.546055
404.93515 2.5577297
406.10532 2.5713778
406.50198 2.583645
406.44162 2.5979896
406.97067 2.6102145
406.6925 2.621186
405.49173 2.636477
405.33096 2.647501
403.83478 2.6651113
402.01587 2.673953
400.2459 2.688461
398.51102 2.6974857
396.80884 2.7065883
394.3179 2.7203877
391.903 2.73436
389.41428 2.7427747
386.197 2.7560866
382.85107 2.7638035
379.52835 2.7716558
376.22943 2.7796464
371.3271 2.7918973
368.09055 2.800245
363.60873 2.810441
360.43048 2.8191319
355.71527 2.8324575
352.60767 2.8415384
347.32715 2.8518872
343.32236 2.8605564
339.34402 2.8694296
332.9447 2.8827507
328.78998 2.895116
323.71408 2.9070807
315.3217 2.9235146
308.40286 2.9351344
303.6836 2.9453263
296.84723 2.9579053
292.37497 2.9654946
284.31335 2.9854226
277.6376 2.999852
273.2645 3.0086524
268.91324 3.0177383
264.58493 3.0271225
260.38715 3.0329986
255.00623 3.0464675
249.7565 3.0565236
243.61278 3.0626109
239.47333 3.0696187
231.35457 3.0757546
225.24167 3.0828621
220.19273 3.086063
216.14479 3.0896552
207.01663 3.1018708
200.9831 3.1056569
192.92398 3.1145272
185.88124 3.1242638
181.8669 3.1293805
173.85762 3.13457
165.85516 -3.1368954
157.85526 -3.1366575
152.85532 -3.136496
145.86418 -3.1293957
139.86464 -3.1288724
132.8824 -3.1206775
126.90961 -3.1118107
122.911446 -3.1108418
116.99615 -3.0921774
112.05857 -3.0810602
106.13879 -3.0682356
99.24239 -3.0530162
94.36142 -3.0377722
86.40848 -3.0281773
78.59599 -3.004014
74.78677 -2.9834323
66.89849 -2.9645965
59.247887 -2.9241965
55.348763 -2.9086082
47.878914 -2.8496747
40.28321 -2.7924902
36.55011 -2.7550476
31.075237 -2.6821938
25.834675 -2.5790308
20.260399 -2.3936965
17.540157 -2.237973
12.912746 -1.7148211
12.192112 -1.3097512
14.0920105 -0.766951
16.649324 -0.55541015
20.311338 -0.3402864
23.453133 -0.16183764
25.17629 0.048514947
25.682936 0.20471148
22.688444 0.37077805
22.688444 0.37077805
