Stilus
27
59.505634 1.5791882
59.505634 1.5791882
8.900731 1.2864542
14.797342 1.5199226
21.05051 1.629672
25.117092 1.6601151
29.164574 1.6565139
36.152546 1.6399158
41.09393 1.6315935
47.341827 1.6235619
52.321575 1.6185359
56.930878 1.6146681
61.311787 1.6115315
66.39275 1.5933626
71.25519 1.5918224
76.25141 1.5904446
82.22855 1.5890162
87.22795 1.5879718
91.365425 1.587194
96.232124 1.5863646
100.23751 1.5857425
106.24187 1.5943002
111.22987 1.593246
116.23129 1.5922798
123.21872 1.5910614
127.96119 1.5903102
132.21297 1.5896826
138.21078 1.5888629
143.19987 1.5882334
149.18611 1.5875336
154.32422 1.5869763
159.03358 1.582751
163.4223 1.5707964
169.1591 1.5619398
174.16635 1.5621945
179.15886 1.5624342
185.13924 1.5627043
190.90154 1.5681803
195.97995 1.5682482
200.89366 1.5683105
205.88974 1.5683708
210.24318 1.5643686
214.8966 1.559177
220.12648 1.5549155
224.30763 1.5463046
228.5113 1.5358238
233.12712 1.5236533
237.40588 1.5181853
243.23425 1.5153351
248.27908 1.5124341
253.36255 1.5096575
259.5019 1.5004746
263.94534 1.4969424
269.91675 1.4921153
277.81134 1.4871038
281.88882 1.4847438
286.05728 1.4789739
291.21805 1.4728974
296.65912 1.4594576
303.12103 1.4477289
308.08673 1.4423932
312.7958 1.4386649
318.08453 1.4325972
323.12146 1.4273449
329.41925 1.4262806
334.00003 1.4192076
338.7166 1.4183519
344.809 1.4181359
351.39423 1.413095
357.7846 1.4074699
365.80817 1.3965442
369.36053 1.3851846
372.5194 1.3731177
373.37585 1.3619754
375.526 1.3482361
377.21616 1.3376805
380.40213 1.3227757
381.3052 1.3084882
382.49527 1.2971398
379.28333 1.2818617
374.0524 1.266542
367.97806 1.2547919
362.69858 1.2442199
358.2093 1.2399719
352.97745 1.2288766
348.02905 1.2177017
342.39304 1.2053894
334.9434 1.196866
329.13992 1.1899378
322.34607 1.1781331
315.76605 1.1626049
308.84024 1.1493446
301.15683 1.1415274
295.0555 1.1357771
288.21378 1.1314389
279.43692 1.1245875
274.44577 1.1208919
269.25583 1.115696
264.05008 1.1133416
258.5357 1.1126058
251.97089 1.1207211
247.27652 1.1198821
241.47685 1.118078
236.07765 1.1164114
230.71246 1.1146864
226.09169 1.1143498
222.0187 1.1104544
214.3922 1.1084819
205.34964 1.098702
200.5718 1.0907432
195.23592 1.0880013
189.86923 1.0851015
181.61314 1.0859237
173.67415 1.0804551
168.32547 1.0769457
162.50894 1.0655575
156.33621 1.0582193
150.91837 1.0534085
143.15819 1.0466088
135.77988 1.0490513
126.40099 1.0429525
121.768776 1.0396022
113.8355 1.0191263
107.36271 1.006408
100.60537 0.98726803
93.2681 0.9706526
88.85908 0.94989383
83.61673 0.93446445
79.65137 0.9129124
75.2201 0.90129876
68.77646 0.8969379
61.45714 0.88984174
53.698246 0.8684036
45.05523 0.82138944
37.294098 0.7723163
29.505672 0.7444014
22.983189 0.75643057
13.777832 0.6679733
6.863898 0.16277826
5.5834694 -0.5524227
7.893722 -1.076839
14.201039 -1.5890657
19.617626 -1.744182
26.944647 -1.8432766
34.819588 -1.8997896
40.40288 -1.90457
47.771133 -1.9175754
55.022514 -1.9473417
60.828323 -1.9758416
66.20045 -2.027913
72.303696 -2.0793834
77.76395 -2.0992591
83.12347 -2.1315153
92.12741 -2.134063
101.02589 -2.125246
108.43973 -2.126278
117.20372 -2.137557
121.79175 -2.1354747
126.24566 -2.1318922
130.69737 -2.1285567
139.59857 -2.1225274
147.14746 -2.1149423
154.64915 -2.1081238
162.05995 -2.1096003
169.02112 -2.100436
175.96489 -2.0889897
182.86366 -2.0863574
188.187 -2.082489
195.54808 -2.0789301
203.12242 -2.0750623
211.19708 -2.0660613
219.09901 -2.0557675
225.86697 -2.0461605
233.88142 -2.038144
241.49214 -2.0269046
249.89836 -2.0227268
256.73438 -2.0151434
264.21146 -2.013206
271.15283 -2.013366
279.10492 -2.0086994
283.16034 -2.0058901
289.92163 -1.9988607
294.45746 -1.9918433
301.2868 -1.9853339
309.31134 -1.9801462
316.23294 -1.9749118
322.88242 -1.9661211
328.42575 -1.9590881
333.36652 -1.949806
337.64993 -1.941583
341.9556 -1.9335667
346.30374 -1.9257277
352.3799 -1.9193444
357.93256 -1.9084865
362.54395 -1.9011213
366.87234 -1.893522
372.75217 -1.8832805
377.78073 -1.870712
379.96332 -1.8531367
379.0457 -1.8422618
377.28244 -1.8249301
374.62323 -1.8076342
372.73062 -1.797824
367.74786 -1.784183
362.57178 -1.7697448
357.8886 -1.7553797
354.68466 -1.745479
350.03937 -1.7334095
343.33868 -1.7218859
335.93286 -1.7102138
327.34384 -1.698498
320.65985 -1.6886042
313.49792 -1.6784868
305.0381 -1.6650231
299.9143 -1.660004
294.90234 -1.6512918
289.5378 -1.6458883
283.59262 -1.6377108
278.23523 -1.6309563
272.30435 -1.6220673
266.2377 -1.6148726
260.1534 -1.6082035
254.08302 -1.6012175
249.05516 -1.5938349
243.03629 -1.5862037
236.24251 -1.5813656
229.27534 -1.5773305
222.04463 -1.5730453
215.98357 -1.5649368
210.04683 -1.5553197
205.04185 -1.5500246
199.08693 -1.5444108
194.14207 -1.5386263
188.18661 -1.5309815
182.23325 -1.524194
177.04314 -1.5228268
172.04991 -1.5156206
164.22586 -1.500801
159.53958 -1.4924635
154.66974 -1.4835117
150.41783 -1.4810379
142.4722 -1.4760174
136.2539 -1.471678
129.54628 -1.4665277
125.668526 -1.4553008
118.869644 -1.4401932
114.89776 -1.4356512
106.82414 -1.4348099
100.744835 -1.4365588
94.70732 -1.4385906
86.65814 -1.4378654
82.59073 -1.4404078
78.56964 -1.436924
70.42119 -1.4465033
66.06306 -1.4419353
60.4759 -1.4299544
54.544765 -1.4145198
47.65166 -1.3916845
39.82651 -1.3559884
32.54734 -1.3385689
26.710705 -1.3252934
20.489128 -1.3371805
14.129957 -1.3208089
8.310712 -1.2656403
1.9968052 -1.3180187
2.4833417 1.7732602
7.7886157 2.0027082
13.47003 1.9908441
21.324713 1.9177358
28.217493 1.9424872
35.576473 1.9519217
42.878647 1.984201
49.55218 1.9907995
58.279564 1.999375
67.20006 2.0040066
71.676895 2.0058968
79.31032 2.0029924
84.76169 2.0023673
94.01308 2.012636
100.937706 2.0130103
108.078384 2.0227041
115.19918 2.0311117
121.687614 2.041296
129.74355 2.0530217
136.89098 2.0585694
144.85866 2.074042
153.02466 2.089464
158.3605 2.0940356
165.58553 2.1089728
171.16386 2.1182847
177.54683 2.1228979
184.61842 2.1241252
193.33054 2.127254
201.13022 2.1264448
206.84232 2.1319382
211.463 2.1309824
220.01608 2.1414504
228.85854 2.153021
235.21228 2.164232
241.83852 2.1754076
247.46448 2.1858075
254.2116 2.196015
261.82315 2.2034965
268.6026 2.2126918
273.40094 2.2224257
278.7474 2.226866
286.5776 2.2322762
294.14948 2.2391036
300.85114 2.2405362
308.48804 2.2457101
314.72293 2.2501602
323.36212 2.2535129
329.64212 2.261425
333.80273 2.2705913
337.6857 2.2773302
342.31497 2.2908204
345.12677 2.3000605
349.67108 2.314488
353.7524 2.326946
358.22253 2.3400857
361.52365 2.3494704
362.77454 2.3646147
363.22162 2.380149
362.66714 2.3938637
359.60245 2.411365
355.9348 2.4283066
353.10886 2.4419873
350.0702 2.4523652
346.91266 2.4634857
343.33798 2.4765165
338.88437 2.4885912
332.11963 2.4966943
323.9662 2.500847
315.9335 2.4977374
307.47748 2.4964466
298.76285 2.5005727
288.7198 2.5081153
278.59598 2.5213969
269.2857 2.5251756
261.88953 2.5238442
253.06648 2.526923
244.58731 2.5336697
236.06894 2.5485055
227.82118 2.561127
219.94023 2.5661058
214.32964 2.5657814
206.61496 2.5702865
199.07994 2.5803225
191.55261 2.5940316
183.80151 2.6112256
176.20232 2.6204162
167.63342 2.6254907
160.26572 2.6279452
152.00291 2.6348267
144.58202 2.6519313
137.16667 2.6644125
129.57309 2.677391
121.07517 2.688484
113.83383 2.6989555
107.71429 2.7053378
99.53342 2.6975114
93.05443 2.6880715
85.238396 2.6955812
77.21814 2.7032213
67.88009 2.719898
59.47764 2.7484336
51.838905 2.791328
42.163544 2.8335648
37.75667 2.830954
29.019993 2.8698597
20.323856 2.9538686
13.006968 3.080148
6.891898 -2.9297872
2.6447039 -1.9588538
7.453168 -0.6392534
11.3745775 -0.4992465
19.848648 -0.43939298
28.286915 -0.40693736
33.635567 -0.40268946
39.033882 -0.3996874
45.10338 -0.39094934
50.417355 -0.38994104
55.802406 -0.38903806
61.22562 -0.38825473
66.875244 -0.3979236
72.657715 -0.40935794
79.47181 -0.41685718
85.5549 -0.4332714
90.638405 -0.44348577
95.57951 -0.45403278
105.514465 -0.4739983
115.38168 -0.48862186
124.30676 -0.4868416
133.24017 -0.48529926
141.82127 -0.5092193
150.22934 -0.52380204
159.05548 -0.5352498
168.56398 -0.5485321
176.09346 -0.55061
185.0315 -0.5572176
194.47588 -0.5694671
203.74179 -0.5767995
214.70276 -0.58675456
223.33629 -0.5945394
230.61359 -0.5889383
236.41206 -0.5858545
243.75714 -0.59598774
254.28412 -0.60606426
263.80334 -0.61327267
271.08777 -0.62258404
276.48035 -0.6219015
285.07275 -0.62185866
290.85187 -0.62452114
300.2557 -0.629609
308.78705 -0.6385805
317.4386 -0.64880395
325.43207 -0.65710354
332.62207 -0.66417694
339.36475 -0.6739423
345.31262 -0.68614626
349.79117 -0.7016358
353.03305 -0.7124333
358.05988 -0.72433776
361.80563 -0.73184127
367.98703 -0.74235773
372.23492 -0.7547139
376.8893 -0.7677554
380.54294 -0.7776509
384.7744 -0.79240954
387.78473 -0.8000357
387.42877 -0.81608313
384.69922 -0.82365835
377.70715 -0.82808226
372.84808 -0.83291954
367.47256 -0.8393861
359.79288 -0.8425011
354.7712 -0.84729624
348.17422 -0.85404116
343.17258 -0.8576358
337.4814 -0.8627939
332.2289 -0.868005
327.20703 -0.87198544
322.57095 -0.8831065
317.7646 -0.88795745
311.82373 -0.89616716
305.76184 -0.90533525
301.08252 -0.91847366
296.53183 -0.9289333
290.11612 -0.94135827
284.6231 -0.9500494
279.43423 -0.9576077
271.71613 -0.9612421
262.5623 -0.96470934
254.01228 -0.9700784
244.66154 -0.9772135
237.31276 -0.97794265
229.15005 -0.9840674
224.15135 -0.9853373
219.00092 -0.98762566
208.61613 -0.9935073
200.96469 -1.0042502
192.06953 -1.011714
182.4917 -1.0128338
174.45592 -1.01104
166.42134 -1.0090728
158.97081 -1.021893
151.28262 -1.0318218
143.59743 -1.0402489
133.6911 -1.0486633
128.71529 -1.0533445
118.99847 -1.0618979
113.169914 -1.0765306
107.13045 -1.0883629
100.148636 -1.0959618
92.85429 -1.1046897
85.64946 -1.1148981
81.17494 -1.1153152
74.140305 -1.1176338
67.36546 -1.1302146
61.829983 -1.1592859
56.215477 -1.1788588
51.598633 -1.1782817
46.52608 -1.162409
42.44058 -1.1463389
37.58428 -1.1602491
31.410929 -1.2134821
25.821075 -1.2764676
20.235083 -1.3401202
15.245126 -1.4291892
10.230241 -1.8922441
10.442729 -2.476451
13.658805 -2.8864446
18.0465 -3.0469997
23.217947 -3.122225
29.237463 3.0973094
35.297714 3.0693429
42.016846 3.0809124
48.2497 3.0887587
53.23801 3.0937133
58.566986 3.0724394
63.025654 3.0852804
69.018524 3.0901744
73.25018 3.0931473
79.19479 3.1061819
85.43126 3.1117628
90.17676 3.113333
96.93958 3.1049922
103.21837 3.0975316
109.159485 3.109091
115.135925 3.11946
121.09999 3.1288033
126.09536 3.12931
132.84752 3.129934
140.08379 3.1305363
146.8291 3.1378498
152.8142 -3.1386502
159.30746 -3.1324978
163.792 -3.1388474
170.03702 -3.1389482
177.78636 3.1385014
184.0231 3.1386063
188.76457 -3.1392107
194.79054 -3.1150043
201.66585 -3.0967004
205.97243 -3.0921438
211.03377 -3.0873518
215.82703 -3.0839205
220.13258 -3.0805027
224.17554 -3.078244
230.2829 -3.0712407
237.48108 -3.0607176
245.63812 -3.0542262
252.93568 -3.0527875
258.96576 -3.051961
263.80536 -3.04885
268.93723 -3.0441036
273.19052 -3.044698
279.15952 -3.046776
285.88324 -3.0490124
294.17813 -3.038846
300.71756 -3.0302155
308.10577 -3.0206904
314.23938 -3.015818
320.39963 -3.0119612
325.61426 -3.0069735
330.7814 -3.0016413
337.1366 -2.9953198
341.10104 -2.9829526
346.44196 -2.972995
351.1783 -2.9641247
356.78015 -2.949863
362.5422 -2.933854
367.8376 -2.919241
373.5001 -2.9014165
376.0113 -2.8886318
376.5591 -2.872885
375.0534 -2.8603332
369.781 -2.8420837
366.92722 -2.8282735
364.5237 -2.8096032
359.33795 -2.7919533
355.38727 -2.7819715
351.14764 -2.7735136
344.0552 -2.7624269
337.5912 -2.754786
329.63327 -2.7449324
324.6555 -2.7409344
318.73538 -2.736484
312.73572 -2.732661
307.44104 -2.7313561
301.4797 -2.7309296
295.4448 -2.7316244
285.99173 -2.7263982
280.4513 -2.7205644
274.64978 -2.7121246
270.1223 -2.7044349
263.48495 -2.6957343
259.34268 -2.689209
254.1967 -2.6837335
248.49217 -2.6757119
243.0505 -2.6656363
237.91643 -2.659227
233.50104 -2.6492996
226.51099 -2.6414533
221.79373 -2.6362803
216.5671 -2.6320727
210.74783 -2.6234941
205.52957 -2.6187296
200.68956 -2.6105962
196.29323 -2.5989215
191.51247 -2.5899353
186.87874 -2.5792484
181.29471 -2.5662918
176.34587 -2.554813
171.06343 -2.5483627
165.80829 -2.541518
157.23012 -2.5426438
148.01057 -2.540269
143.4008 -2.5358195
138.79634 -2.5238779
134.17989 -2.5084844
129.74353 -2.4902427
125.5792 -2.477607
118.55124 -2.4712584
111.366615 -2.4659388
103.88903 -2.448232
98.02822 -2.4212208
89.60915 -2.3978739
80.89628 -2.3825963
72.07957 -2.3760521
62.16555 -2.3397248
57.31262 -2.3014686
53.033916 -2.2669435
48.95443 -2.2303438
40.783962 -2.1697485
34.955105 -2.0701783
28.764826 -1.9534917
21.73761 -1.8388212
13.005127 -1.6495845
7.793969 -1.0366232
8.257261 -0.08642777
12.949915 0.33708474
20.952223 0.44354138
26.907846 0.47379804
34.783604 0.5195122
42.880135 0.5661677
50.64051 0.58611125
59.539955 0.6073202
68.30425 0.61222005
77.15924 0.59508574
83.802284 0.58462876
90.68354 0.57412887
98.27875 0.5814057
105.19843 0.5949848
114.5352 0.595293
123.42339 0.585777
131.67249 0.5806069
138.26761 0.5839454
144.48439 0.5803779
150.95413 0.5702096
157.23247 0.56517607
161.79211 0.55665857
167.28152 0.5483416
173.23718 0.54095596
177.90726 0.53824526
186.15518 0.5359424
191.83372 0.52446496
197.97571 0.5132177
204.44035 0.50256103
210.14223 0.49701092
215.1506 0.49113426
223.60652 0.4861183
228.5538 0.48316172
233.61914 0.47800127
238.84306 0.47481868
243.53123 0.47410977
251.60713 0.4666762
258.7356 0.46141708
265.35565 0.4585458
271.80942 0.45093882
275.42154 0.4445981
282.6734 0.4324111
289.95117 0.42085698
296.57263 0.41088566
302.7635 0.40199396
310.10748 0.3919469
316.59268 0.3834947
324.3631 0.37715906
331.8168 0.36827636
339.29855 0.35978124
347.12863 0.3543773
353.69907 0.35352883
357.5673 0.3495395
363.32983 0.3437643
367.28735 0.3377984
371.93335 0.33055755
376.02963 0.3260843
380.07422 0.32248795
383.89734 0.31916207
388.87912 0.3149316
392.70633 0.31175837
396.60123 0.30595183
402.78885 0.29662082
406.27377 0.28890345
410.0352 0.27428183
410.84308 0.26029205
403.55365 0.24720527
394.4602 0.23548052
387.4017 0.22584304
380.88107 0.21786988
376.3292 0.21237206
371.9741 0.20315757
363.56827 0.18549399
356.25742 0.16650064
349.24448 0.14961731
341.8313 0.13728942
332.19864 0.11784511
327.58502 0.10743379
322.31952 0.09987752
317.2445 0.090919
312.65714 0.08027086
307.3781 0.06860709
302.1946 0.058967467
296.37387 0.053375266
291.32974 0.049925137
287.0305 0.047188208
282.00436 0.04802988
277.2895 0.0488472
273.05206 0.04960586
268.05557 0.05053128
262.34503 0.05163218
257.42917 0.05261905
253.10129 0.05351966
248.10475 0.054598544
243.14594 0.055713188
238.14984 0.056883235
233.14122 0.05810663
228.1588 0.05937701
223.45335 0.060628884
219.1001 0.053965256
214.04088 0.045957748
209.95563 0.040702384
202.09843 0.032390185
196.8983 0.029585388
191.18335 0.02528341
185.1208 0.020625466
179.12178 0.015756778
174.17232 0.014629911
169.85414 0.0150018735
160.13054 0.005155576
155.16107 0.003541879
149.16043 0.003684367
144.1389 -0.0012271492
138.88222 -0.00845075
131.95995 -0.023903407
122.96757 -0.036168095
117.3482 -0.043918494
113.075325 -0.05460317
108.23444 -0.07549209
103.63811 -0.08845654
96.49103 -0.10842793
87.55051 -0.11955097
82.62371 -0.12671702
76.91399 -0.13618039
71.86616 -0.13549708
66.69683 -0.14205262
61.97618 -0.15295467
57.30791 -0.16552486
52.140656 -0.18210393
46.81379 -0.18734767
41.853325 -0.20313244
37.22287 -0.22882594
33.10454 -0.25790277
28.574068 -0.2999709
24.522533 -0.35150668
20.284504 -0.39750937
15.012133 -0.51884305
10.514604 -0.65979123
6.982209 -0.9571607
2.9141712 -2.4032478
2.9141712 -2.4032478
