Stilus
27
26.258427 1.031562
40.892673 0.94260806
57.46565 0.89408314
63.866264 0.874787
70.25836 0.8767483
76.40588 0.8670913
82.08405 0.87222695
89.0141 0.87343454
94.1808 0.8742407
100.70701 0.8702555
106.56386 0.84897983
110.93754 0.8249656
117.507065 0.8115021
124.023285 0.80300474
133.20107 0.80711156
139.5691 0.811194
147.36038 0.81463766
153.06406 0.8204825
160.05336 0.80130076
166.15639 0.7827719
173.42151 0.7817628
181.09785 0.7819269
189.46222 0.7783618
198.72876 0.7760129
206.00635 0.7686579
214.50089 0.7627427
221.64058 0.75217825
225.40662 0.74265826
230.44308 0.72857195
237.33218 0.72393286
246.4725 0.7169376
255.18166 0.7143896
261.00195 0.715342
267.7994 0.72179854
276.8174 0.72192127
285.60794 0.7145777
289.298 0.70812726
296.69162 0.69572586
303.41916 0.6889822
308.815 0.68090576
315.2701 0.6765625
322.50565 0.6704825
327.8663 0.6653062
334.44058 0.66128135
341.31033 0.65962136
345.86374 0.6567068
349.87823 0.6523088
354.14914 0.6466597
358.15677 0.6417169
362.78406 0.63221973
366.442 0.6215688
367.60883 0.59765524
367.32382 0.5818984
366.34656 0.56651986
362.24512 0.5484623
357.5723 0.5418438
349.454 0.530805
344.83374 0.525173
334.87372 0.51514316
330.19794 0.5088646
324.67093 0.5035233
317.41122 0.49456546
309.9224 0.4832166
301.06238 0.47511476
295.68997 0.46997178
286.6162 0.46165246
280.99994 0.45486
274.65707 0.45504993
269.3824 0.4511802
263.99213 0.43684402
259.7968 0.4201333
254.95187 0.40618902
249.68658 0.39237148
245.31268 0.37556273
247.69984 0.3490089
251.87163 0.33364624
256.9013 0.31866577
263.71222 0.30220935
270.7776 0.2863822
274.9524 0.27435514
278.65182 0.25363958
284.1032 0.22998571
287.61923 0.21985993
294.4158 0.19733994
300.28217 0.18930452
306.80508 0.18261433
312.34692 0.17284556
320.18195 0.16790587
325.96725 0.15868644
331.6233 0.15051961
337.73126 0.14712991
342.5462 0.13179381
346.15982 0.11572619
350.19434 0.10263314
355.0569 0.09015893
359.76547 0.0821651
363.73907 0.07053737
367.6269 0.056456145
363.52298 0.037849616
359.36804 0.024360728
353.28345 0.007818232
349.2721 0.001573446
343.78027 -0.0060985778
337.63907 -0.015358317
333.5797 -0.018664962
329.6229 -0.024963053
325.67917 -0.031414326
321.74786 -0.038026117
314.82864 -0.04524345
307.9503 -0.052740775
299.36826 -0.06496511
294.48752 -0.06944422
290.2795 -0.07045256
286.27634 -0.07143941
278.38156 -0.07706854
273.7019 -0.08205163
269.52014 -0.08332764
264.5254 -0.084904775
259.79526 -0.08645448
255.57216 -0.08788673
247.61673 -0.090718
239.66682 -0.09373587
231.71281 -0.0969635
226.95432 -0.099003114
222.7455 -0.10088011
217.7882 -0.10318443
212.86894 -0.10557775
208.05461 -0.10803023
203.90968 -0.11023504
199.92383 -0.112442
195.1932 -0.11517906
189.99454 -0.118345216
184.23978 -0.122059934
178.30759 -0.12614211
173.14462 -0.12992452
167.41298 -0.1343992
161.57149 -0.13928941
155.4054 -0.13835919
149.40303 -0.13867277
143.2998 -0.13604271
138.09358 -0.12814124
132.98404 -0.1254438
127.89433 -0.12100352
121.70912 -0.11228433
114.678535 -0.1105094
107.625565 -0.108456686
102.36585 -0.10432517
98.2453 -0.09626136
93.43818 -0.090487145
88.444885 -0.0882954
83.12553 -0.08967328
78.07068 -0.082646765
73.028366 -0.0773896
68.21257 -0.07991989
63.981754 -0.06955296
58.78091 -0.0757182
52.118893 -0.06619184
43.87822 -0.03760515
35.88923 -0.012529044
29.669703 0.018523676
25.6977 0.052749775
21.703215 0.11347636
17.085293 0.36166278
13.261819 0.5065232
8.873848 0.8294275
12.064183 -0.0024183015
18.363596 -0.34660408
25.59265 -0.44657725
34.106617 -0.49036703
41.531578 -0.5091366
48.491207 -0.4767357
54.856888 -0.4212786
60.54443 -0.37956122
67.860756 -0.33690378
75.99211 -0.32462126
83.92126 -0.3432131
89.24208 -0.34791678
95.01685 -0.35735604
102.01928 -0.3734885
109.877754 -0.38404632
117.85111 -0.39325583
125.58803 -0.39573225
133.46602 -0.40152478
140.904 -0.40799448
145.5391 -0.40362394
152.08084 -0.38705695
158.8939 -0.38826162
166.66629 -0.3951486
172.62035 -0.4038329
177.54295 -0.41066834
186.73648 -0.4299733
191.14546 -0.44245523
195.84108 -0.45382443
203.09702 -0.4597358
208.41583 -0.45762673
213.75372 -0.45565176
220.95486 -0.4701581
229.34857 -0.4843941
234.51112 -0.49211615
239.09023 -0.5009795
248.63866 -0.5130948
257.12964 -0.5166865
265.4422 -0.52514595
273.12677 -0.5372581
282.64377 -0.55023116
292.56613 -0.56150967
297.6042 -0.5677986
305.73157 -0.5713147
311.9003 -0.5756177
320.10126 -0.58494186
326.11166 -0.5959378
332.39597 -0.60764205
337.53833 -0.61518943
342.1874 -0.6231971
346.16028 -0.6292232
354.115 -0.6408296
360.2709 -0.6498277
364.96606 -0.66080636
368.6969 -0.6693621
369.84647 -0.6850222
367.44196 -0.69841
363.83453 -0.7067637
360.03815 -0.7158028
356.0975 -0.7254675
351.08093 -0.7382111
345.95737 -0.7517693
339.6527 -0.76625943
333.57492 -0.77861196
326.87863 -0.7871127
318.40424 -0.79604316
311.02386 -0.80536765
304.22113 -0.8157062
296.7096 -0.82298964
290.94254 -0.8292275
283.2083 -0.83291566
276.23267 -0.8405123
271.22375 -0.8473565
265.88287 -0.8546301
258.94672 -0.86195195
254.27733 -0.8757888
251.57535 -0.8887715
247.6677 -0.9084414
245.1538 -0.92847633
247.37532 -0.94641125
249.9129 -0.96004486
253.81184 -0.97075856
257.89014 -0.9815389
262.6554 -0.98907393
266.24536 -0.9979157
271.86743 -1.0068576
277.07013 -1.0155996
280.84665 -1.0227908
285.63022 -1.028905
289.92932 -1.0378078
297.71396 -1.0531646
302.97015 -1.0630159
307.7917 -1.0680122
315.22623 -1.0773425
321.79855 -1.0857488
329.02155 -1.0963502
332.5865 -1.1018473
337.0834 -1.1085948
343.54205 -1.1114628
347.263 -1.1167558
352.77524 -1.1243677
357.31613 -1.1335297
361.75278 -1.1414713
365.9975 -1.1557584
369.40176 -1.1773957
370.3008 -1.1929564
369.06216 -1.2090787
365.7044 -1.2201679
360.95206 -1.2321951
355.46503 -1.242417
350.08102 -1.2522475
342.60965 -1.2626259
335.3133 -1.2721745
329.0552 -1.2853626
322.3515 -1.2985892
313.3944 -1.3095475
303.42245 -1.317801
298.02063 -1.3209739
292.47058 -1.3266572
286.17413 -1.3320024
279.47388 -1.3398719
271.07794 -1.3476757
262.41827 -1.3557713
254.72728 -1.3652512
246.32054 -1.3705069
237.91702 -1.3761384
229.53468 -1.382166
221.78975 -1.3893216
215.34471 -1.3980134
207.99344 -1.4063232
200.95743 -1.4121623
193.76552 -1.4166268
187.11206 -1.4221402
180.88701 -1.4281554
173.91975 -1.4340123
167.55727 -1.4406458
160.65462 -1.441458
154.35046 -1.4442807
148.19577 -1.4507835
142.04901 -1.4528191
136.82877 -1.4500651
131.74223 -1.4530171
122.80072 -1.4443969
117.86626 -1.4390749
112.02824 -1.4411634
107.80409 -1.4428018
103.72994 -1.4404442
95.67424 -1.4399345
90.98601 -1.4331497
85.79581 -1.4247649
80.14744 -1.4143914
74.77272 -1.4165782
69.70648 -1.4162997
63.743317 -1.4055272
56.86176 -1.3853064
51.24772 -1.3647089
46.355957 -1.3425952
40.380283 -1.3270916
35.455956 -1.2998908
31.10986 -1.2944058
23.115509 -1.2861216
17.831835 -1.3014618
12.436032 -1.2858673
6.677565 -1.1875623
3.199628 -0.67554235
3.5674384 0.79552424
3.4281814 -1.0361462
9.956989 -1.5206206
17.961716 -1.5986012
24.054802 -1.6747823
32.213806 -1.7107702
37.268898 -1.7116665
42.253002 -1.7011712
47.23729 -1.6873481
51.220516 -1.6782478
56.420876 -1.6683108
62.212036 -1.6712756
68.2079 -1.6661185
75.1896 -1.6572441
83.30057 -1.6699128
89.54238 -1.6657474
93.74476 -1.6721823
100.61495 -1.6926796
108.70575 -1.6951498
116.76665 -1.6951408
125.097244 -1.7109715
130.60017 -1.723321
134.81522 -1.7298813
140.89871 -1.73097
148.71727 -1.7292795
156.59839 -1.7212411
163.83368 -1.7268807
171.16702 -1.7364099
177.81717 -1.7472011
185.99278 -1.7557986
194.41031 -1.763389
200.95369 -1.768397
208.56096 -1.7794131
215.78558 -1.7865276
223.26828 -1.7929353
231.72563 -1.7979444
239.64835 -1.802069
246.95378 -1.8085804
254.35246 -1.8175154
258.80368 -1.821301
263.18597 -1.8249002
267.56268 -1.8283745
272.90207 -1.8307878
277.2854 -1.8340483
284.62265 -1.8452471
293.18954 -1.8512454
301.75702 -1.854254
309.51837 -1.8595356
316.67215 -1.8660364
322.66672 -1.8765444
329.59476 -1.882629
336.06393 -1.8889291
343.41177 -1.9002616
350.3989 -1.9077758
355.45135 -1.9184284
359.98965 -1.9286346
361.6807 -1.940936
361.76712 -1.9601648
358.61063 -1.9751039
352.60382 -1.9924794
349.3592 -1.999791
343.3994 -2.017396
335.99435 -2.0312922
331.51587 -2.0380049
327.0936 -2.044837
323.28174 -2.050896
317.60184 -2.063798
314.06198 -2.0698633
309.20288 -2.074757
303.7103 -2.0809855
299.16684 -2.0895047
293.7796 -2.0970836
289.9831 -2.1036754
285.4356 -2.106012
277.8609 -2.1127384
273.71332 -2.1176095
269.77786 -2.1221616
263.39462 -2.1281736
257.25375 -2.1339133
251.45 -2.1438184
246.38545 -2.1474373
242.84082 -2.160625
240.10065 -2.1746294
241.60777 -2.1994088
245.86461 -2.2119527
251.2601 -2.2320833
256.15356 -2.2392645
259.9761 -2.2499294
264.12708 -2.2589366
267.54 -2.2727404
270.98123 -2.2876277
274.2771 -2.3013093
278.14822 -2.316713
283.52972 -2.3230305
287.55438 -2.3315153
293.15497 -2.333546
301.04913 -2.3413587
308.1132 -2.3508964
314.62546 -2.3615592
319.60214 -2.3649118
327.89752 -2.368423
335.67105 -2.370234
341.64902 -2.374416
347.05234 -2.3819785
351.02744 -2.3877378
355.6125 -2.3997746
358.90497 -2.4081495
363.40982 -2.4192646
367.9187 -2.4300132
371.1375 -2.4374676
375.1729 -2.452499
376.60846 -2.4659746
376.20148 -2.4845262
372.3921 -2.5035377
367.53033 -2.5182145
359.3768 -2.5224645
350.77957 -2.5224955
340.38583 -2.52862
331.72183 -2.5396717
327.2878 -2.548751
323.39996 -2.5555599
315.8474 -2.5587432
305.317 -2.563475
298.70044 -2.56882
292.35284 -2.5752957
281.98083 -2.5853715
270.95737 -2.5916803
265.27847 -2.5906203
259.52258 -2.5903783
253.64078 -2.5901434
247.79164 -2.5898929
242.07236 -2.594734
231.97499 -2.608487
220.44905 -2.6196008
214.49889 -2.6212344
208.28477 -2.6152306
201.57938 -2.6131346
195.92317 -2.6123135
190.23055 -2.611422
182.3295 -2.613016
174.4515 -2.618311
165.91512 -2.623314
158.0146 -2.6257038
150.13757 -2.6340215
141.92049 -2.6261005
133.41805 -2.6160963
124.52999 -2.6116893
116.33317 -2.6267343
108.59036 -2.6397998
100.40291 -2.6436043
92.84701 -2.6599696
85.04255 -2.6560526
78.34719 -2.654203
72.31647 -2.6567483
66.940445 -2.6483834
61.293793 -2.6488214
55.477535 -2.6538389
49.627125 -2.6602588
43.89457 -2.667547
38.029427 -2.678209
32.201878 -2.692413
22.763939 -2.7484794
16.72801 -2.8414235
24.079756 -2.7954242
29.1995 -2.81229
35.43466 -2.8210397
40.482834 -2.836483
45.14473 -2.8227696
49.35969 -2.823491
57.277 -2.850524
65.16561 -2.875139
69.95866 -2.8791275
74.12457 -2.8902433
78.06848 -2.9031942
84.98543 -2.9144523
89.13441 -2.9135377
97.400894 -2.9091954
102.302376 -2.9205198
107.19752 -2.9307714
115.00911 -2.9452846
122.838875 -2.9579449
131.00484 -2.956249
139.1153 -2.95776
146.96388 -2.967681
150.79037 -2.9769678
157.03824 -2.9808292
164.87198 -2.980596
172.71289 -2.9879644
177.41841 -2.99207
181.61288 -2.9955485
185.58398 -2.9986951
192.28287 -3.0126872
199.18445 -3.0186284
203.98795 -3.0166028
208.17621 -3.01913
213.1592 -3.0220068
217.68065 -3.0276434
221.96725 -3.031304
226.80298 -3.0336647
235.81102 -3.0304866
240.08215 -3.0312846
245.0346 -3.0335228
249.78024 -3.035584
254.01517 -3.0373578
258.92197 -3.0421824
264.97244 -3.0520663
270.85083 -3.0586753
278.52197 -3.0637078
283.20724 -3.0658398
287.3897 -3.0704305
292.28955 -3.0741785
296.2888 -3.0759513
302.41003 -3.0831447
309.8932 -3.0885265
317.73376 -3.0929859
321.84668 -3.0989785
325.8741 -3.1026943
333.8454 -3.1073155
338.91272 -3.1218982
343.85556 -3.1367435
348.85016 3.1342885
353.86407 3.1276543
359.89252 3.1234062
363.99994 3.111062
367.06195 3.097444
367.65213 3.0839348
365.28555 3.066759
360.97662 3.0491223
355.51016 3.033565
349.0171 3.0200095
343.16107 3.0115051
334.87793 3.0028205
330.00406 2.997896
325.35123 2.9896019
320.24765 2.9811313
314.79376 2.9720383
309.2753 2.962463
302.7037 2.9513984
296.89346 2.9407063
292.13782 2.9303591
287.71313 2.919994
280.84286 2.8998234
274.1069 2.8786964
267.29324 2.8591633
262.13168 2.8454835
256.65198 2.8287501
251.74907 2.8245337
251.71983 2.807149
258.42224 2.798043
265.74234 2.791329
273.4351 2.779105
278.94568 2.770226
285.08505 2.760776
290.24542 2.755811
297.86002 2.7450316
306.37524 2.7296937
309.99698 2.7199829
313.50858 2.7108526
317.0439 2.7019298
323.7657 2.6869488
331.0109 2.674939
337.99136 2.6620932
345.24872 2.6469193
348.05716 2.6381373
354.0885 2.624914
358.5207 2.6159022
364.77798 2.6068482
368.85504 2.599568
371.31534 2.5892754
373.29575 2.5757165
374.59427 2.5580711
373.723 2.5412555
371.0087 2.5255167
365.81082 2.5120451
361.97433 2.5077333
354.36942 2.4989293
350.5711 2.4943702
344.04202 2.4872887
339.8736 2.483813
334.50623 2.479298
329.3156 2.4747424
323.94293 2.4667475
318.76508 2.4607527
310.08768 2.4545789
300.70502 2.4505427
292.66516 2.4410465
285.32486 2.4283772
280.4778 2.4264112
271.92758 2.423422
266.68628 2.427405
257.95563 2.4325738
253.0719 2.4368556
243.73567 2.437878
235.16614 2.4348319
230.15436 2.4334354
225.32578 2.4311135
214.70844 2.426835
208.44745 2.4245389
202.70071 2.4194858
196.8349 2.4152408
191.60388 2.4120579
181.6134 2.3996162
175.8926 2.3929648
166.65988 2.382317
156.2895 2.378335
150.38924 2.37111
144.92096 2.37034
139.95337 2.3658025
134.80911 2.3623164
124.20081 2.3571446
118.93936 2.3453481
113.81889 2.33703
107.63416 2.3407946
101.320816 2.3467185
95.0352 2.3533797
88.556465 2.3614428
82.260025 2.3579378
76.37174 2.3554976
70.71415 2.355461
58.724182 2.3673878
46.71756 2.3552036
41.05568 2.3551002
34.69188 2.334578
29.037905 2.3304143
23.361214 2.3242054
15.133082 2.1313033
11.106211 1.8909854
16.58101 1.8294278
23.421955 1.8848245
31.703568 1.8992896
39.59126 1.937639
47.330036 1.949033
55.869648 1.9460056
64.39719 1.9438566
68.784706 1.9461471
76.60416 1.9477402
82.45217 1.9689864
90.94469 1.9922489
100.27619 2.0050745
107.38708 2.015329
111.874344 2.0160882
119.667145 2.0312285
125.9145 2.041993
133.00044 2.0391266
142.218 2.0388112
150.72137 2.0326264
154.76358 2.0268967
160.7669 2.0292046
166.58466 2.0320842
173.02187 2.0328364
180.58199 2.0304227
184.78752 2.026948
191.1667 2.02066
196.69801 2.00863
202.98781 2.0088367
209.44075 2.0064754
215.7489 1.9929072
219.75229 1.9884025
227.59587 1.9874948
233.97089 1.9860173
239.61578 1.9801943
243.32205 1.9735943
247.30817 1.9700006
256.36505 1.9562142
261.2797 1.9516141
265.3137 1.9466112
269.05667 1.9411281
272.80807 1.9357948
281.80984 1.9236169
286.60522 1.9174627
292.21664 1.9105343
296.51367 1.908054
300.63068 1.9067959
306.0029 1.9050013
311.80356 1.9053231
315.9105 1.9041517
323.0235 1.9017366
329.05444 1.8967531
335.41635 1.8872141
339.2598 1.8811858
345.06458 1.8697891
350.13177 1.8595445
355.65808 1.8519124
361.6352 1.8434335
366.7588 1.8324751
366.65207 1.8205901
362.71066 1.8067253
358.03586 1.7980735
350.80893 1.7882153
343.15833 1.7782182
337.63077 1.7611954
331.8657 1.7461846
324.92862 1.7346145
316.33804 1.7198201
311.28195 1.7126514
306.60794 1.7048917
299.7188 1.69026
293.35583 1.6731108
284.93976 1.658587
280.75745 1.6518233
273.334 1.643142
266.38904 1.6336752
260.20218 1.6171635
254.24876 1.5994487
251.36868 1.5817378
251.39381 1.5529175
255.27013 1.5354949
261.455 1.5128164
270.32553 1.4933162
275.60635 1.4828583
281.9172 1.4715574
287.42282 1.465481
294.2023 1.4507929
301.52145 1.4370546
305.8612 1.4298686
310.2523 1.4221073
315.52713 1.41744
320.77414 1.413663
326.004 1.4100283
332.8851 1.398449
339.9201 1.3824182
349.2842 1.3633897
357.82336 1.345577
363.21478 1.3362987
365.34433 1.3239868
363.1847 1.3086135
357.71054 1.2907032
353.627 1.28005
345.5062 1.2617456
340.33514 1.2506065
334.09338 1.2404675
329.0005 1.2294849
325.49548 1.2226979
317.05292 1.2085375
310.32098 1.2003031
303.46042 1.1950469
297.3962 1.1897298
292.6837 1.186609
286.58417 1.1819618
278.5156 1.1780094
270.37674 1.1735227
262.91095 1.1728811
255.96846 1.174231
248.90979 1.1720911
241.63567 1.1684366
234.19069 1.1641846
226.60152 1.1641287
220.04282 1.1648084
214.9615 1.1654102
208.42198 1.1655974
199.64168 1.1645352
191.39665 1.1587821
184.87056 1.1551666
178.20393 1.1569796
171.57498 1.1576387
163.67293 1.1512116
156.41937 1.1445948
149.86906 1.139482
143.59209 1.134666
136.6262 1.1270169
129.48042 1.1177919
121.04364 1.1093657
113.01129 1.1134626
106.00904 1.120911
97.65659 1.1270552
88.95247 1.1301869
80.69529 1.1367353
73.06885 1.1337245
65.48957 1.1299077
58.76957 1.132531
52.093643 1.135703
45.684456 1.1247647
38.169212 1.1168145
32.207066 1.122029
26.695753 1.1165392
20.644081 1.1733788
13.544511 1.2325605
6.9486127 1.0436494
6.9486127 1.0436494
