Finger
8
299.3499 1.555782
298.67975 1.5413692
297.96283 1.5186971
298.05753 1.5003245
298.45532 1.4834577
299.37527 1.4534873
299.9739 1.437621
300.6731 1.4212617
301.62863 1.4015256
302.5128 1.3852029
303.3111 1.3716719
304.21988 1.3453307
304.41028 1.328684
305.44537 1.3125844
306.9807 1.2942804
307.48526 1.2771138
308.9637 1.2616838
309.5777 1.2452836
310.35498 1.2187668
311.50836 1.1927412
312.38983 1.1773293
313.09857 1.1635653
312.72064 1.135071
312.52594 1.1129006
310.5412 1.0846457
308.77954 1.05719
307.73663 1.0284399
307.72568 0.9978219
306.8727 0.9726141
305.77396 0.9493145
305.14877 0.9202203
305.20303 0.88703793
306.08932 0.8681873
305.84158 0.8501738
305.91815 0.8197121
305.19934 0.79019237
303.89783 0.75764656
303.58847 0.73723173
303.7587 0.7181229
303.5482 0.69702727
303.35696 0.66363853
302.8631 0.62863106
302.02682 0.6133722
301.77823 0.59469116
300.69513 0.5774009
299.43753 0.56323856
298.09192 0.5316079
296.84286 0.5177292
296.15393 0.49972996
296.24768 0.48034522
296.79544 0.4463695
297.01526 0.43036073
297.81915 0.41224197
297.68286 0.3935591
298.58932 0.37422723
298.93735 0.35872585
299.06577 0.32998914
299.13504 0.29832813
299.02332 0.27062777
300.4575 0.23926753
301.26047 0.22160652
302.309 0.2065303
303.48618 0.19215935
305.2402 0.16441926
306.77393 0.13728073
307.37918 0.121354595
307.8084 0.104870096
307.39478 0.09119717
307.0549 0.07816516
307.5329 0.052070722
308.1247 0.038916267
309.91763 0.012869198
310.11392 -0.0031699121
310.15244 -0.016075354
310.41757 -0.044347264
310.63254 -0.057880346
310.88986 -0.07073819
312.25833 -0.08574489
313.64032 -0.09882928
314.1744 -0.114704326
313.76834 -0.13023528
312.5916 -0.14432476
311.98206 -0.15761487
310.88104 -0.17123517
310.1664 -0.19777858
308.1544 -0.22573748
307.14398 -0.25322834
306.36298 -0.28095293
305.52136 -0.30558103
304.86496 -0.33035386
305.03052 -0.34418118
305.02448 -0.37215
305.4689 -0.39971173
306.13016 -0.4130879
304.48203 -0.44049236
301.9414 -0.47425526
302.45483 -0.5069947
303.18375 -0.52472395
303.8586 -0.5539661
304.78873 -0.582964
305.36288 -0.5977175
304.45895 -0.63182414
302.93552 -0.66879094
301.83325 -0.6855081
301.62677 -0.7150925
302.38324 -0.74409294
303.03912 -0.7703079
303.2215 -0.7975907
302.59122 -0.8142415
301.45398 -0.8465293
301.32007 -0.8721758
300.81522 -0.8966656
300.735 -0.91861707
301.11716 -0.9434129
301.37744 -0.9724785
301.15387 -1.0037043
301.37753 -1.0198456
301.9921 -1.0489578
301.90967 -1.0781041
300.89047 -1.1061964
299.81046 -1.122913
299.69022 -1.1375633
299.3909 -1.1663399
298.48026 -1.1822716
298.5396 -1.1975402
297.77692 -1.2137264
297.95306 -1.231633
297.20016 -1.2494549
296.88785 -1.2662803
297.14154 -1.2837902
296.9301 -1.2983748
296.823 -1.3158077
296.5869 -1.3327712
295.98975 -1.3730812
296.03912 -1.3901608
296.28882 -1.4049141
296.49536 -1.4220409
296.82654 -1.4381785
296.2883 -1.4525735
296.66452 -1.4720507
296.95096 -1.4890482
296.88992 -1.5035336
296.5955 -1.5203763
298.05576 -1.5473835
299.95407 -1.5740381
301.01346 -1.5874329
301.495 -1.6139222
301.94333 -1.6402829
301.44635 -1.6611961
301.05273 -1.6813079
300.77878 -1.7014033
301.88654 -1.7268726
302.365 -1.7509513
302.26373 -1.7711295
302.80106 -1.7910296
302.93832 -1.8112867
303.2013 -1.828085
303.5975 -1.853965
304.19128 -1.8750142
305.3206 -1.8969555
304.8427 -1.9191782
305.3679 -1.9405725
306.14026 -1.9577873
306.85376 -1.972004
307.03387 -1.997476
307.1797 -2.019787
307.15744 -2.0433302
306.82452 -2.0632274
305.96365 -2.0908327
306.4146 -2.112647
306.16922 -2.1360939
305.87024 -2.1573148
305.69382 -2.1752226
305.85886 -2.1930573
306.50543 -2.2103798
306.1251 -2.230788
306.4956 -2.254709
305.62735 -2.2753856
304.91623 -2.2992835
304.6455 -2.3178184
303.94135 -2.3380508
303.728 -2.3666508
304.3956 -2.3869474
306.16928 -2.4143727
306.84543 -2.437754
306.2662 -2.4604933
305.66882 -2.484132
305.6944 -2.505605
305.77652 -2.522038
306.8683 -2.5512578
305.86838 -2.5801654
305.63037 -2.6065845
305.0966 -2.6291258
305.26044 -2.6555734
306.06622 -2.6788933
306.56836 -2.697803
305.98163 -2.7177258
305.9281 -2.742471
306.24924 -2.7570899
305.80692 -2.7810233
305.996 -2.8057315
306.61108 -2.8304393
306.709 -2.8542302
306.9194 -2.8756514
307.07782 -2.8960192
308.15628 -2.9127834
312.61444 -2.933241
314.81827 -2.9509335
315.70377 -2.9708138
316.47488 -2.9904358
315.8686 -3.009301
315.04965 -3.03053
314.5346 -3.046334
314.07867 -3.0629776
313.66492 -3.0820262
312.6126 -3.101002
310.4149 -3.125574
308.3701 3.1382148
307.22168 3.1153717
305.44107 3.0956373
303.09653 3.0720935
301.45483 3.0476224
299.34338 3.0268333
298.72372 3.0097153
297.84058 2.9890208
296.96744 2.965477
297.10434 2.9408157
297.77698 2.9145856
296.88074 2.8914428
295.8789 2.8713908
296.01294 2.8574655
296.21014 2.8434916
296.7537 2.8158517
295.89615 2.7861254
294.7391 2.7610822
293.01163 2.7374794
291.6072 2.7062175
291.49307 2.6757014
292.05786 2.6495874
291.95428 2.6289692
291.16113 2.5996556
291.75995 2.576704
292.51688 2.553947
293.00195 2.522958
292.05386 2.4983435
290.53476 2.4771204
290.4847 2.459316
290.4945 2.4324744
291.45465 2.4079633
292.6301 2.3884072
293.91672 2.3690598
294.61133 2.347545
294.24768 2.3216195
292.5974 2.2990353
292.74536 2.2749474
294.18408 2.2487588
295.63455 2.2276597
297.3716 2.203329
297.6054 2.1738937
297.58484 2.1496718
297.60678 2.1247427
297.283 2.109176
297.33966 2.0852823
298.99164 2.064097
299.52774 2.040571
299.13647 2.0151515
299.03696 1.9904872
300.15607 1.9729265
300.61942 1.953856
302.13684 1.9279295
302.6784 1.9036577
303.55426 1.8809062
302.49094 1.8553934
302.54147 1.8346431
301.93552 1.8138647
302.0005 1.7968068
302.2657 1.7738186
302.7261 1.7466079
303.77322 1.7218238
303.82275 1.6993784
304.80637 1.6783772
305.5052 1.6591967
305.64624 1.6329598
306.5457 1.6099528
306.38507 1.5928315
308.03555 1.5709506
309.37076 1.5507073
309.5798 1.5289164
309.90152 1.5089148
309.90152 1.5089148
