Mouse
13
250.69547 -1.6030513
250.57375 -1.5791165
248.59589 -1.5550463
247.72554 -1.5348003
246.90309 -1.5184636
247.1446 -1.5023001
247.45056 -1.4861726
248.81566 -1.470493
250.48022 -1.447057
253.12596 -1.4284291
254.712 -1.4134405
256.35455 -1.3986406
257.06998 -1.3833101
260.21188 -1.362087
262.04517 -1.3479439
264.89706 -1.3193208
268.2388 -1.2877463
269.38333 -1.273488
270.58215 -1.2593532
273.42606 -1.2395844
275.43564 -1.2189833
277.92554 -1.1953372
280.18134 -1.1754129
282.14487 -1.159058
285.44067 -1.1333706
287.158 -1.1207522
289.81836 -1.1021099
291.64706 -1.0898734
293.99347 -1.0747949
295.91803 -1.0629063
297.51556 -1.0465864
299.70712 -1.0275838
301.47366 -1.0116708
303.31567 -0.9959472
304.40155 -0.97858834
305.82916 -0.96591085
307.88553 -0.95070493
309.2077 -0.9337856
310.43518 -0.9124989
311.95496 -0.89589727
312.92322 -0.881923
313.95224 -0.8680377
316.45227 -0.85393834
316.78644 -0.83374214
318.70605 -0.8179072
319.2906 -0.80234045
320.6611 -0.78903633
322.789 -0.7780592
324.26193 -0.7650072
324.48312 -0.7432182
325.43546 -0.7281132
326.46158 -0.71309966
327.0484 -0.6915336
327.627 -0.67434263
328.91397 -0.65962434
329.07303 -0.64016724
329.35654 -0.6207363
329.50827 -0.60556555
329.1801 -0.58788866
328.65588 -0.57438576
328.19174 -0.5608422
327.26877 -0.5446535
326.07538 -0.5325721
325.79794 -0.51887757
323.34756 -0.50544924
323.19156 -0.49162346
321.3227 -0.480649
320.38504 -0.46813518
319.05917 -0.4527353
317.32986 -0.4413998
315.64175 -0.42994156
313.5906 -0.4154478
311.2174 -0.39780772
310.24258 -0.3817004
308.41498 -0.36665463
306.65805 -0.351433
305.9172 -0.33496165
302.72952 -0.3246545
298.3153 -0.31197676
293.3677 -0.29240525
291.27866 -0.28024492
288.71033 -0.26123047
285.7647 -0.24951515
282.85913 -0.23755746
279.77307 -0.22186938
277.94177 -0.20862198
273.81445 -0.18945247
271.76227 -0.1684608
270.3989 -0.13564193
268.89444 -0.12140526
267.44507 -0.10701133
264.06033 -0.09316293
260.65054 -0.07513309
257.32776 -0.05663148
255.13406 -0.041421693
252.97644 -0.022000121
248.94075 -0.014321421
243.91945 0.0058828634
238.03136 0.031240193
234.14786 0.04458035
230.30742 0.058367934
226.58699 0.077022016
222.76463 0.08735532
218.28716 0.11217452
214.67549 0.12814769
209.28943 0.15076895
205.8163 0.16809964
201.80571 0.1966759
198.29263 0.21050985
196.48111 0.23859003
193.16803 0.27489644
191.7205 0.30424863
189.49611 0.3357514
187.10675 0.3629829
184.32074 0.39798084
181.349 0.4290043
179.45366 0.4585504
178.18991 0.49365538
176.28625 0.5320812
174.95428 0.56338775
173.53442 0.60314554
173.19418 0.64002997
172.16986 0.6888138
173.12805 0.7221298
172.13554 0.758775
172.78204 0.78752506
173.57022 0.8160375
175.34116 0.8561097
176.4639 0.8838096
178.09709 0.9268953
179.55936 0.9536338
182.26207 0.99059135
184.35153 1.0236124
188.00058 1.0538493
190.52568 1.0733522
195.33723 1.1039537
198.94301 1.1242441
204.04146 1.1523246
206.9124 1.169013
210.76628 1.1870246
216.20135 1.2120165
219.26889 1.2269629
223.95886 1.248607
227.14178 1.2625356
230.36755 1.2760767
233.63438 1.2892414
236.67703 1.3061146
239.78532 1.3225547
243.70276 1.3435075
247.93123 1.3598415
252.03157 1.3795161
254.25618 1.3972055
254.5835 1.4133604
255.69417 1.4377645
255.19441 1.453301
255.75131 1.4692924
256.37332 1.4852102
257.99008 1.5051838
257.75873 1.5206695
259.52707 1.5441477
260.45126 1.5596031
260.4372 1.5749615
261.50574 1.5940666
261.66983 1.6131707
261.99258 1.6360536
262.2838 1.6512723
261.73798 1.6706219
260.29767 1.6905022
258.8239 1.7067696
256.7435 1.7315099
255.44504 1.7482208
252.45303 1.7705139
251.54053 1.7915752
249.04253 1.8186033
248.38737 1.8400948
245.93222 1.8640225
244.26158 1.8832506
241.7373 1.9040842
240.25818 1.9239031
237.94366 1.9454917
234.68486 1.9786471
230.8429 2.004866
228.518 2.0241394
225.42648 2.0557415
222.84964 2.0720494
220.46608 2.098862
217.71875 2.1223378
215.39339 2.1399782
213.1365 2.1579978
210.702 2.183001
209.2065 2.2057261
206.41791 2.2278957
203.58939 2.2575688
201.8056 2.2778015
199.28821 2.3088083
196.27254 2.3369184
194.1319 2.3694892
192.09084 2.3880408
190.1943 2.4144106
188.55812 2.4487653
187.59271 2.4719837
186.33656 2.5072305
184.48967 2.5398562
183.92743 2.5639417
184.32396 2.5910125
183.48927 2.6199417
184.57422 2.6542342
185.87354 2.6880863
187.7929 2.7165692
189.86145 2.7444534
193.3691 2.768764
195.70592 2.7952466
199.12602 2.8226688
202.69075 2.849146
207.0971 2.8806217
210.22437 2.8993194
213.96443 2.9276154
217.26906 2.9450185
221.44574 2.9671454
225.5764 2.9928246
229.8504 3.0175643
234.25992 3.0413868
237.96382 3.0556126
242.57634 3.0779204
246.35031 3.0951586
252.1669 3.1160712
255.09639 3.1320474
259.0895 -3.135552
263.14362 -3.1204426
268.3791 -3.094757
272.65115 -3.0771248
275.92877 -3.0633583
279.44763 -3.0427907
282.9649 -3.026252
284.44476 -3.012687
287.10944 -2.9963114
289.69064 -2.983648
292.84113 -2.9611142
295.1576 -2.9383895
296.9675 -2.9258764
300.25458 -2.9077811
302.1763 -2.8956704
305.45517 -2.8678863
307.51996 -2.8562417
309.91992 -2.8416688
312.38467 -2.8273227
314.91266 -2.813204
317.16824 -2.802283
318.86728 -2.787496
321.36154 -2.7670636
322.84634 -2.7555325
325.54675 -2.7356114
327.55356 -2.721587
330.04562 -2.704987
331.7569 -2.6940608
334.3971 -2.6778843
336.23654 -2.660593
338.25986 -2.6368885
339.34213 -2.6251454
340.62225 -2.6069276
341.82285 -2.5953677
342.44144 -2.5758438
342.6387 -2.5588307
341.28592 -2.5385344
339.72607 -2.524583
338.01843 -2.5063717
335.4071 -2.4968956
333.4359 -2.4848917
331.51334 -2.4727468
329.64023 -2.4604623
327.8174 -2.4480393
326.04575 -2.4354792
324.89767 -2.416124
322.4591 -2.3968167
320.901 -2.3837852
319.36963 -2.3617733
317.97406 -2.3440073
315.36435 -2.3169904
314.14685 -2.3033185
313.08594 -2.285036
312.00702 -2.2711499
311.43674 -2.2436135
310.5389 -2.2295258
308.90433 -2.2173042
308.12247 -2.2030315
306.00937 -2.1879187
303.96713 -2.1725993
301.44507 -2.1543128
300.10095 -2.1413531
297.56595 -2.115094
296.23425 -2.094269
293.19534 -2.0689297
290.80484 -2.0461388
289.8912 -2.0322912
287.7479 -2.0089595
286.27914 -1.9806868
284.70874 -1.9678007
282.64438 -1.9403266
279.80548 -1.9023674
278.50327 -1.8885065
276.39127 -1.864383
274.44736 -1.839966
271.2204 -1.808953
268.4672 -1.7808704
267.66165 -1.7662542
264.2513 -1.7380227
261.05698 -1.7090766
257.9802 -1.6755856
256.3452 -1.6488333
255.06639 -1.6335038
252.7248 -1.6063528
250.58284 -1.5827053
249.57321 -1.5627189
248.63785 -1.5465986
247.81003 -1.5263287
247.08469 -1.5059314
247.08469 -1.5059314
