Mouse
35
2.8227036 0.61909074
7.0899205 0.9193596
16.302912 0.88703007
24.112843 0.88347626
29.74767 0.8648544
38.212116 0.8472282
44.533787 0.82254803
50.875835 0.80401194
55.817284 0.7896949
60.07089 0.76584697
66.50508 0.7358222
70.82279 0.7188462
76.56817 0.7053299
81.689804 0.6842899
87.464516 0.67473143
91.84216 0.66452897
97.46014 0.67152756
103.08236 0.677763
107.93456 0.6892031
113.56657 0.69398725
117.6761 0.70924664
123.22271 0.7241834
128.86943 0.72686875
136.59787 0.7353675
141.50926 0.7421074
147.83992 0.74874884
155.59012 0.75512224
162.6581 0.7564382
169.72632 0.75764453
175.38107 0.7585396
183.86343 0.759779
190.93227 0.76072764
195.89882 0.75774246
201.59654 0.751506
206.62454 0.74205697
213.08241 0.7334048
218.14366 0.72487265
227.4529 0.71800786
233.19441 0.7135906
241.76062 0.71027416
246.09985 0.7058377
252.6174 0.6994691
256.9679 0.69540286
261.9613 0.6944127
267.72473 0.691072
272.0836 0.68736607
276.44604 0.68377703
281.44208 0.68306166
286.43823 0.6823713
291.4345 0.6817046
296.58154 0.6763179
301.7369 0.6711151
308.30435 0.66663325
312.68597 0.66375
316.45724 0.65845186
323.8351 0.6525524
328.42267 0.6457272
332.223 0.6408857
337.22296 0.64092445
343.23383 0.63514256
347.05063 0.630624
352.27075 0.6268402
356.6842 0.6248031
362.72546 0.6195995
366.56573 0.61548364
370.41205 0.61145324
374.51712 0.60378915
377.8167 0.5977781
380.57272 0.5896907
382.8047 0.57953745
383.1568 0.56651425
381.02496 0.55765617
378.92334 0.54869914
373.59842 0.5355047
369.8452 0.5289628
364.24585 0.5188978
358.30054 0.5123163
351.9832 0.5093745
345.18515 0.5037917
339.27722 0.49657688
333.85855 0.49175087
327.51715 0.48136842
322.1041 0.4691696
317.62735 0.4622075
312.72827 0.4521744
308.2906 0.44475526
299.46832 0.4292595
291.125 0.41597363
286.77493 0.4074419
280.2151 0.39812973
274.6065 0.386993
269.77307 0.38229078
264.57895 0.37390354
259.40417 0.36518103
252.96472 0.3537772
248.77954 0.34287193
244.30121 0.32772455
241.1406 0.31468892
239.35147 0.29084992
238.92958 0.26960036
242.0184 0.25324956
245.4073 0.24127567
249.05995 0.2335393
256.6269 0.22253388
262.2683 0.21376583
269.1131 0.20824772
273.02792 0.20521878
277.92487 0.20155264
282.82544 0.19801351
287.7294 0.19459498
294.6004 0.19000033
298.5294 0.1874698
303.4432 0.1843988
307.19684 0.17881125
310.9598 0.17335877
315.5526 0.1643824
319.33926 0.15924335
323.13412 0.15422487
327.77905 0.14585227
331.59497 0.14111538
336.1434 0.13018703
341.84415 0.12210726
349.44153 0.11079728
354.19882 0.10362443
359.87436 0.093608156
364.67383 0.086866185
369.57098 0.082996786
373.39865 0.0767709
376.1067 0.065554954
376.86435 0.05478982
376.66647 0.04418608
372.48068 0.031249661
367.40036 0.023513302
362.34268 0.0155604845
355.31744 0.010238912
350.30264 0.004675975
345.2994 0.0018476743
338.30707 -0.006981878
333.32736 -0.013086606
329.3603 -0.019317433
324.40662 -0.025779147
320.4356 -0.029220633
315.50348 -0.036020067
309.58734 -0.04317409
303.68762 -0.05060647
298.74722 -0.054796126
293.81226 -0.0591266
288.82114 -0.060149588
284.89117 -0.06449738
278.97156 -0.069460765
274.98132 -0.07047036
269.994 -0.07177432
265.00708 -0.07312735
257.02914 -0.07540141
252.04362 -0.07689579
246.06178 -0.07876898
238.2584 -0.08977951
231.28746 -0.09249308
227.30486 -0.09411841
221.33212 -0.09666606
217.35115 -0.09844228
213.37086 -0.10028477
207.50726 -0.10797458
202.5371 -0.11063496
196.69116 -0.11905609
192.72006 -0.121521324
186.76573 -0.1254157
180.81442 -0.1295665
176.8487 -0.13248888
168.92212 -0.13874514
161.99228 -0.1447214
157.0462 -0.14931296
149.13997 -0.15729259
141.08232 -0.1591745
137.13435 -0.16379781
130.99178 -0.1636977
125.89577 -0.16233313
120.9642 -0.16901371
117.02313 -0.17476338
108.97187 -0.17849126
101.77014 -0.18114048
96.85614 -0.19044057
91.9514 -0.20073377
83.91491 -0.20806491
73.67925 -0.22354853
69.19855 -0.22216098
63.006783 -0.22809228
59.117306 -0.2433926
53.313763 -0.270518
49.192112 -0.27265838
42.492535 -0.3170348
34.272865 -0.33435774
30.52262 -0.3773768
23.704174 -0.44703045
19.682344 -0.48908174
15.7131 -0.55254257
10.44818 -0.640891
6.83164 -0.8757972
3.2686386 -1.455854
1.7910681 2.7077284
3.6357484 0.85899085
6.611492 0.2683426
12.437556 -0.10043528
17.675686 -0.1847519
24.472534 -0.30063915
31.110865 -0.33563915
35.550995 -0.35169873
40.93422 -0.35548803
45.03447 -0.34539083
50.767456 -0.36765116
55.220665 -0.37541375
61.905598 -0.38496268
68.59508 -0.39264974
73.979866 -0.3917658
81.9832 -0.4042589
86.44786 -0.4073294
90.91326 -0.4100983
98.93152 -0.41896752
105.228 -0.4131336
111.52766 -0.4079586
115.99313 -0.4101046
123.213806 -0.40233934
127.28761 -0.39726308
131.75023 -0.3995148
138.8402 -0.4092468
143.30592 -0.41094363
150.00522 -0.41329947
154.87752 -0.4206658
160.66823 -0.4250015
166.8802 -0.43448475
172.67957 -0.43805522
179.81299 -0.44404614
186.05225 -0.4519155
194.08992 -0.46622658
199.9053 -0.46838868
204.83069 -0.47264144
211.56992 -0.48292497
217.85904 -0.4885282
222.80045 -0.49199212
229.50603 -0.49116376
235.80446 -0.49612075
240.75137 -0.49917054
245.70045 -0.5020975
250.65152 -0.5049088
256.0921 -0.5110237
261.04913 -0.5135537
266.00775 -0.51598936
272.33224 -0.5197063
278.66034 -0.5232545
285.4957 -0.5296731
290.9721 -0.5345907
297.3138 -0.5375992
303.31827 -0.5450054
310.19055 -0.55043274
314.84506 -0.556277
319.19962 -0.5662712
323.04156 -0.57339925
330.50504 -0.58044285
335.76523 -0.5879955
341.31403 -0.59124607
345.77484 -0.60002774
349.44165 -0.6102211
353.95822 -0.6185598
357.68933 -0.62832737
360.85922 -0.6356662
365.44815 -0.6434265
367.86185 -0.652126
370.30298 -0.66071147
372.7711 -0.66918385
375.26556 -0.6775442
373.29074 -0.69220287
371.51038 -0.70321923
369.12122 -0.71229357
366.0126 -0.7232899
363.0237 -0.73058265
359.31528 -0.7398686
354.95807 -0.7472847
349.25348 -0.7507138
344.23868 -0.7563739
339.95923 -0.7601699
336.37744 -0.7662092
332.80817 -0.77237827
329.25186 -0.7786808
325.00238 -0.7872958
321.49307 -0.7983141
318.7143 -0.8073026
315.23373 -0.81427604
311.03748 -0.81921476
307.6452 -0.83108926
303.47583 -0.83638304
297.32532 -0.8493499
293.94193 -0.8573207
288.521 -0.86850774
284.41586 -0.87470126
280.4606 -0.8860954
274.98166 -0.8932803
269.5175 -0.9007571
264.85834 -0.91086435
260.03934 -0.91594416
256.02435 -0.92357814
251.62868 -0.92033386
246.82283 -0.9258705
243.63297 -0.93652374
246.51773 -0.9550791
250.04942 -0.96989304
253.63445 -0.98429126
256.9755 -0.9929063
259.7973 -1.0045412
262.98026 -1.02116
266.3993 -1.0290035
272.42072 -1.0422544
275.88226 -1.0495659
279.3582 -1.0566959
282.84796 -1.0636503
288.1075 -1.073765
292.51224 -1.0819155
298.71033 -1.0929213
304.50385 -1.0990671
308.5228 -1.1020714
312.54443 -1.1049986
316.56873 -1.1078513
322.83157 -1.1106082
326.86075 -1.113302
331.3328 -1.113219
335.36423 -1.1158131
339.39783 -1.1183456
343.90164 -1.1247017
347.5145 -1.1296678
352.04233 -1.1357318
355.67368 -1.1404718
359.40472 -1.151333
363.57596 -1.159446
367.37915 -1.1698779
368.61215 -1.1830455
370.83945 -1.19711
372.2034 -1.2100579
373.56006 -1.2313715
372.24738 -1.2415041
368.12582 -1.249151
360.86414 -1.2570399
355.18472 -1.2607292
349.81314 -1.2618127
341.27997 -1.2630585
336.8628 -1.26512
331.49295 -1.2663345
326.1236 -1.267589
321.70972 -1.2698097
316.63846 -1.2681446
311.26987 -1.2694901
304.65182 -1.2730491
300.24197 -1.2755089
294.8767 -1.2770634
290.46997 -1.2796668
284.82288 -1.2847177
280.4222 -1.2875346
272.58972 -1.2944468
265.73517 -1.3027678
261.08994 -1.3097906
253.55522 -1.3140974
245.2943 -1.3305118
239.73021 -1.337703
235.37863 -1.3420447
231.25607 -1.342334
224.73798 -1.3492897
218.99928 -1.3620926
213.90059 -1.3618231
208.5965 -1.3662298
198.7921 -1.3816608
193.32765 -1.3920395
189.21378 -1.3934815
181.97223 -1.3975147
174.7339 -1.4018822
168.48582 -1.407597
163.23143 -1.4147099
157.98586 -1.4222956
151.90398 -1.4229622
147.80084 -1.425668
142.5697 -1.434477
138.47163 -1.437706
130.27663 -1.4447767
124.078926 -1.4546901
114.80833 -1.4715642
108.648674 -1.4844109
100.59269 -1.4874533
96.52561 -1.4943277
89.47086 -1.4994949
84.414764 -1.5070915
77.36727 -1.5142307
71.32338 -1.5234731
66.3294 -1.5199071
62.334908 -1.516643
57.342876 -1.5119234
51.354485 -1.5050489
47.363857 -1.4995004
40.38472 -1.4871526
36.400238 -1.4779716
31.425182 -1.4632231
24.477186 -1.4325137
16.59024 -1.3659955
12.699916 -1.3018969
8.907279 -1.1823072
4.051821 -0.5868119
3.8038158 0.47998425
7.552067 1.1076511
11.273219 1.266845
4.7974877 1.7016559
3.453888 -2.4345784
10.821035 -2.1175466
16.621347 -1.9808346
25.732407 -1.9126346
32.05594 -1.9086716
39.015953 -1.873373
44.090042 -1.861231
52.058434 -1.8356255
56.180786 -1.8341688
60.051888 -1.816827
64.17499 -1.8167595
70.00965 -1.7958902
74.89183 -1.7809883
79.788605 -1.7679129
84.69745 -1.7563514
90.60121 -1.7441332
95.69883 -1.745415
101.61294 -1.7351563
105.56106 -1.7289562
110.50146 -1.7218295
115.59524 -1.7238739
119.701546 -1.7270349
126.11162 -1.7431312
130.22418 -1.7454292
134.51688 -1.7549046
138.82089 -1.7637933
142.93861 -1.765292
147.05661 -1.766707
154.31319 -1.7705895
159.41219 -1.7705127
167.45267 -1.7668878
171.57095 -1.7680621
176.47672 -1.7625093
180.5941 -1.7637248
184.71175 -1.7648861
188.82964 -1.7659968
193.3477 -1.7772057
197.4678 -1.7780108
203.96375 -1.7863528
208.52318 -1.7963039
212.87172 -1.8012598
217.22528 -1.806017
221.8232 -1.8149664
227.4065 -1.8224521
234.22563 -1.8326132
240.80142 -1.8381977
245.18927 -1.8417542
251.50587 -1.8430309
255.89775 -1.8463557
262.2157 -1.8474694
266.3368 -1.8469789
272.65494 -1.8480355
277.73798 -1.8465712
281.58896 -1.8427032
286.67407 -1.8413792
292.02734 -1.8434021
295.8816 -1.8397622
302.19754 -1.8408664
307.55045 -1.8427962
312.21466 -1.8486098
317.17023 -1.8572792
322.44092 -1.8686486
327.75198 -1.879651
333.4169 -1.8931487
337.86765 -1.9043725
342.35986 -1.915303
347.82965 -1.9249495
351.46225 -1.9363197
356.99988 -1.9453952
362.01505 -1.957788
366.31183 -1.9648093
370.09808 -1.9752097
367.6267 -1.9869934
363.97177 -1.9914365
360.32416 -1.9959695
356.6841 -2.0005953
350.75833 -2.011503
346.71487 -2.0138156
340.40387 -2.022631
334.1203 -2.0317783
330.54263 -2.0371614
324.73874 -2.0427186
319.83365 -2.0470405
314.93472 -2.051497
309.57706 -2.053237
305.57117 -2.056411
298.4507 -2.0614321
293.0988 -2.0634513
286.86838 -2.067201
279.76517 -2.0728316
274.90518 -2.0783954
267.82074 -2.0845737
264.34448 -2.0920107
259.01364 -2.0949266
252.97757 -2.108775
249.55101 -2.1169882
243.91501 -2.1262624
237.15529 -2.1440523
233.80481 -2.1533315
230.47502 -2.1628795
231.66576 -2.1856086
235.17767 -2.206451
239.39987 -2.229982
244.38148 -2.255862
246.93182 -2.2684064
250.9304 -2.2811174
257.1304 -2.2912006
260.53125 -2.3002074
266.10574 -2.306703
270.27808 -2.3127058
275.19394 -2.3160548
279.3809 -2.321722
286.44788 -2.3225727
290.64474 -2.3279266
295.51544 -2.3403594
301.8445 -2.3524053
307.49933 -2.357074
311.04395 -2.363884
314.60263 -2.3705404
320.31125 -2.3791165
323.9009 -2.385414
330.3298 -2.3912702
333.9435 -2.3972473
336.89655 -2.4052913
342.69485 -2.4127247
348.703 -2.4280055
351.73682 -2.4354491
355.55597 -2.4445746
360.17712 -2.4552684
363.90942 -2.460108
367.8061 -2.4686718
365.49982 -2.481075
364.65146 -2.4931026
363.26263 -2.5073984
360.0966 -2.5147011
351.95154 -2.5224745
345.7968 -2.5275373
340.79904 -2.5279694
335.2268 -2.5308537
329.6575 -2.5338356
324.66074 -2.534386
319.6641 -2.5349536
314.66754 -2.5355392
308.27982 -2.5369647
301.89276 -2.5384505
293.55203 -2.5436897
287.16824 -2.5454013
281.0572 -2.552131
276.3448 -2.5581279
268.03735 -2.5644772
261.42703 -2.5753632
255.90843 -2.5801692
250.9256 -2.5818028
243.71745 -2.5826375
238.73569 -2.5844061
234.28346 -2.5826232
229.30171 -2.5844643
222.09415 -2.5854664
217.64153 -2.5835688
211.49786 -2.576569
207.0492 -2.574383
202.0641 -2.5762691
195.7005 -2.5798419
189.33958 -2.5836549
184.8878 -2.5813775
176.6269 -2.5921047
171.64963 -2.594839
165.30089 -2.5997832
155.86832 -2.6007996
150.3861 -2.609909
145.4184 -2.6137457
135.98918 -2.6158788
128.4322 -2.6087317
123.46401 -2.6132033
115.910034 -2.6051095
109.73901 -2.5928283
103.05667 -2.5872946
98.60373 -2.5831888
91.396034 -2.5855238
83.3398 -2.5819526
78.3585 -2.5872974
72.528145 -2.586182
66.697914 -2.5848715
60.344036 -2.5973659
55.370872 -2.6063159
48.68224 -2.596454
44.22644 -2.5882225
33.418373 -2.5994303
28.96214 -2.5873187
22.618513 -2.621346
15.925572 -2.5975158
10.961506 -2.6428082
5.1413393 -2.6900315
0.67170817 -2.770586
5.1701007 0.56232655
11.000395 0.55071497
7.875071 0.8197477
5.918175 1.3364935
5.980964 2.222143
8.987768 2.5839164
15.1007 2.8901916
22.793295 3.0203626
27.763186 3.0421438
31.745905 3.0546541
36.63382 3.1209416
42.632717 3.123848
47.62663 -3.1364794
51.674732 -3.0981627
56.718826 -3.0843754
64.037 -3.0282352
71.22833 -3.0114524
76.457245 -2.994001
80.561806 -2.9890246
86.64413 -2.9881413
91.738495 -2.9856997
96.83335 -2.9835148
100.785446 -2.9897625
105.87943 -2.987569
110.82289 -2.9944906
115.77121 -3.000821
120.72379 -3.006632
124.68858 -3.0109484
131.63208 -3.0178764
136.59526 -3.0223935
140.56769 -3.0257773
146.52913 -3.030509
153.48795 -3.0355647
158.46075 -3.038904
163.43521 -3.04204
167.41588 -3.0444148
173.48509 -3.0420334
177.56569 -3.0386686
183.53497 -3.0420275
187.51558 -3.0441477
196.5702 -3.043539
201.74757 -3.0360994
208.923 -3.0301077
215.1123 -3.023971
224.16748 -3.0242524
230.24348 -3.02299
238.18916 -3.0269642
242.16335 -3.0288534
246.13837 -3.0306816
251.10826 -3.0328856
254.98015 -3.0384862
259.75983 -3.048126
266.47412 -3.0617871
270.31186 -3.0703423
274.23352 -3.075018
278.16098 -3.0795617
284.03534 -3.0878992
291.97363 -3.0927896
295.9225 -3.0968244
299.91855 -3.0974212
304.83344 -3.1047
311.82877 -3.105528
316.79166 -3.1092517
320.7896 -3.109655
324.7576 -3.113126
328.75598 -3.1134722
333.72784 -3.1168888
338.72632 -3.1172533
342.72516 -3.1175375
348.70126 -3.1208184
352.66498 -3.1267238
357.62817 -3.1381154
362.64548 3.131234
365.70825 3.1203816
365.84848 3.1067173
366.05692 3.0930662
366.27274 3.082158
366.53207 3.071264
366.83487 3.0603867
367.18097 3.0495286
363.4892 3.0402982
357.95386 3.0274856
353.10367 3.0230598
344.41684 3.0142033
338.73068 3.0060964
334.76776 3.0044823
328.12 2.995528
321.34634 2.9892788
312.61115 2.9817488
306.6891 2.9786348
297.81192 2.973732
290.91266 2.9697118
283.03384 2.9648774
279.09702 2.962358
273.37912 2.954846
267.87247 2.9433506
264.1537 2.9366567
258.92316 2.9205961
254.73413 2.9048023
250.36223 2.8923516
246.29153 2.8755388
242.97641 2.8632686
239.41396 2.854662
238.0186 2.8309448
239.92067 2.8071313
242.20287 2.7928863
246.54477 2.768972
249.3334 2.751754
255.87296 2.7411053
263.35727 2.7325041
268.22302 2.7281742
275.2343 2.7155092
281.44492 2.70991
285.9148 2.7094102
290.80548 2.7058036
297.03052 2.7007015
304.1656 2.6972263
309.06836 2.694026
315.74844 2.6866035
321.10455 2.680888
326.92157 2.672628
333.6488 2.666033
339.0407 2.6609457
345.37903 2.6508963
351.27234 2.643708
356.30823 2.6353996
360.87723 2.6297362
364.5887 2.6228578
368.81973 2.6137729
373.0805 2.6048946
375.14148 2.595731
378.29117 2.5821745
381.81018 2.5724652
382.3069 2.560832
379.52347 2.5528467
375.37555 2.5454497
372.63965 2.5372021
366.90128 2.5263603
363.06064 2.522251
358.41492 2.5164244
354.0017 2.5143929
347.16916 2.5072238
341.75488 2.4991755
336.55627 2.4950323
332.15973 2.4925835
327.76523 2.4900687
322.76538 2.4899445
316.97113 2.4879024
312.58066 2.4852
307.5811 2.4849904
303.19318 2.4821618
298.8077 2.4792504
293.63882 2.4741497
289.26068 2.4710207
283.6418 2.4733057
279.26447 2.4700515
273.645 2.4724
268.64667 2.471922
263.64844 2.4714258
259.1191 2.462465
252.57011 2.456786
248.20885 2.4528337
242.3161 2.443468
237.85567 2.4331765
230.50874 2.4171839
226.85846 2.4088004
223.22462 2.4001431
219.6081 2.3912
215.32227 2.3853257
208.90819 2.3760629
203.9273 2.3661447
196.8471 2.359318
190.48813 2.348286
185.54562 2.344264
178.47508 2.3437915
174.25648 2.3353744
169.32448 2.3305905
164.39656 2.32552
155.9155 2.3238509
146.75421 2.3170094
140.36818 2.320267
130.47556 2.3175416
122.67654 2.320851
116.97954 2.3312244
108.49711 2.3292718
102.842415 2.3277912
97.91841 2.3191369
93.00252 2.3095672
87.35221 2.3065486
79.626205 2.2928312
72.57071 2.2866614
66.92868 2.2807891
59.119453 2.2828043
53.47944 2.2750483
45.80364 2.2458923
40.185986 2.2303963
30.980816 2.215812
23.999712 2.174575
17.09273 2.0997837
12.138928 2.0527015
18.184208 2.1948795
24.581257 2.20807
37.387737 2.2209249
44.587173 2.2108834
56.45404 2.1655266
63.949146 2.143052
72.321846 2.1180198
75.76633 2.0905468
81.49802 2.0646286
85.500145 2.0527513
92.66309 2.0127237
96.29401 1.994957
101.79227 1.970696
107.71749 1.9575608
111.43224 1.9440205
117.390526 1.9333162
123.7101 1.9312325
130.96701 1.9266719
136.35062 1.9276445
145.83199 1.9253618
150.27834 1.9286015
155.31403 1.9233577
160.69716 1.9242941
165.14293 1.927271
169.59007 1.9300917
174.97406 1.9307445
179.42278 1.9333246
186.09795 1.9369634
190.91179 1.9441341
196.66394 1.949065
201.12015 1.9509612
207.2558 1.9599311
214.3295 1.966578
221.41208 1.9728
227.58507 1.9803787
235.60063 1.9841206
240.98297 1.9833874
247.2821 1.9810672
255.81517 1.9793478
262.1165 1.9772561
271.17938 1.970909
276.1759 1.9671918
282.1002 1.9622499
288.0311 1.9575113
295.45572 1.9472992
299.17917 1.9423834
303.84335 1.9364084
307.5823 1.9317589
313.20282 1.9249932
320.1186 1.9203387
323.8796 1.9161092
330.80798 1.9117911
335.8553 1.9096184
341.52002 1.903779
346.5729 1.9017903
351.30527 1.897165
357.3105 1.8944322
361.10507 1.8909096
366.16626 1.8892049
370.2784 1.8883879
375.983 1.8834045
380.09677 1.8826715
384.55676 1.8762069
386.24402 1.8639942
385.107 1.8540506
384.00827 1.8440491
380.75714 1.8328218
378.77228 1.8233056
375.8515 1.81433
372.9615 1.8052144
369.12823 1.7965621
362.9428 1.7835336
356.0408 1.7733647
350.3504 1.7650521
344.5018 1.7536128
337.71445 1.7422838
332.2825 1.7359556
325.71997 1.7268707
321.3108 1.7195823
311.55475 1.7048186
304.0981 1.6948586
293.4704 1.6787865
287.19153 1.6706531
282.021 1.6653641
274.95804 1.6641474
270.88297 1.6618483
266.80936 1.659479
261.65646 1.6535579
257.5102 1.6471018
252.24559 1.6328009
246.98973 1.6138494
244.85065 1.5978789
244.76167 1.5733718
246.81927 1.5490394
250.93585 1.5334489
257.16263 1.5148896
263.27026 1.5085782
272.381 1.5033041
278.36765 1.5047578
282.35904 1.5056926
286.35068 1.5066015
290.40753 1.5040487
294.46625 1.5015663
300.74982 1.4896778
306.98337 1.4815211
311.3452 1.46987
314.75446 1.4581864
318.20575 1.4467547
324.09515 1.4272295
327.6556 1.4164569
331.25327 1.4059172
337.2088 1.3907984
339.9114 1.380274
345.7905 1.368814
351.71347 1.3577386
356.482 1.3491441
363.45184 1.3393527
367.30338 1.3306264
371.18228 1.3220817
375.0877 1.3137144
378.054 1.3048265
378.163 1.2939258
376.39957 1.2815245
372.8569 1.2758937
367.41653 1.2685431
361.69293 1.2636051
357.88223 1.2602254
352.17404 1.2550188
348.37402 1.251453
341.10016 1.2505773
334.1436 1.2468237
330.0335 1.2458378
324.0297 1.2428505
316.75876 1.24171
311.70462 1.2395619
306.037 1.233186
300.38226 1.2265698
296.27972 1.2251909
292.51938 1.2205584
287.82803 1.2145978
284.08255 1.2096878
280.3441 1.2046467
271.95978 1.1927983
266.39255 1.1844858
262.69165 1.1787486
258.0781 1.1713461
254.39772 1.1652311
249.41101 1.1610059
243.63094 1.1641234
239.16618 1.1651882
233.92183 1.1741534
224.2383 1.185051
217.17902 1.191721
206.2519 1.2071031
200.86754 1.2075539
191.97041 1.2122241
185.30054 1.2160211
175.47261 1.2195799
169.1509 1.2184783
162.8294 1.2172912
158.14806 1.206346
151.25945 1.1960275
142.92209 1.1729743
137.4103 1.1560574
131.0341 1.1345295
126.52008 1.1178294
118.91769 1.0959476
112.737595 1.0675555
109.25053 1.0498973
103.05857 1.0377562
96.03092 1.0186514
92.10924 1.0051163
83.21648 0.9941685
75.16896 0.9880067
67.95796 0.98855984
62.753674 1.0288312
57.66942 1.0762923
53.171795 1.1157413
47.460052 1.1733613
43.219604 1.231865
38.195423 1.2958567
32.211575 1.4033157
27.861814 1.4856441
21.769993 1.5997564
15.2007475 1.8119556
11.7148 1.9771453
11.7148 1.9771453
