Finger
12
127.45667 1.21461
140.82501 1.1866943
148.1573 1.1760614
155.23181 1.1671599
161.44273 1.1565135
167.79062 1.147312
173.98422 1.1382008
181.32376 1.1265129
188.35373 1.1102704
195.1796 1.097667
201.2494 1.0851058
211.99704 1.0694896
217.12253 1.0652509
222.45912 1.0590929
232.81949 1.0497745
239.12784 1.0457019
245.16061 1.0361842
254.6006 1.0216175
264.13947 1.0117255
269.53485 1.0077295
278.5207 0.9984576
283.6309 0.990065
289.6462 0.98212016
294.9659 0.9736536
304.42337 0.96302897
312.93643 0.9586842
320.26456 0.94795287
327.59097 0.9377605
335.56494 0.92560977
341.5227 0.9205879
346.103 0.9151297
352.84213 0.9083868
359.4575 0.9023825
365.66327 0.89412254
370.41028 0.8835529
374.35498 0.8749658
378.37363 0.86234415
379.00272 0.8464629
378.5404 0.83190227
378.13977 0.8165439
377.26913 0.7959468
373.88028 0.7823854
367.17825 0.7746452
359.45074 0.7645695
355.15155 0.75692695
349.9099 0.74834096
344.94424 0.7380609
339.61896 0.7284638
334.17493 0.7190954
327.97696 0.7113517
321.78223 0.70327747
316.8779 0.6947451
312.18765 0.6865925
306.5163 0.67785716
300.35898 0.66848487
294.8629 0.65718234
290.09442 0.647094
285.67725 0.6336914
281.35217 0.6231411
277.63693 0.61060023
275.01233 0.5984621
269.10312 0.577524
263.77283 0.55471885
260.03943 0.5310954
257.97202 0.51728904
258.9391 0.49316102
263.5099 0.47143462
270.13074 0.45395014
277.30063 0.44137228
281.62643 0.43412763
287.06885 0.42535567
291.6731 0.41821605
296.21942 0.4114052
300.82053 0.4047415
305.3917 0.398338
310.31793 0.39439964
314.98828 0.3889765
319.9795 0.38596004
325.1429 0.38211447
329.82678 0.37711442
334.84985 0.37438402
338.58255 0.370056
343.18942 0.36485377
347.23746 0.35504824
352.91687 0.34530517
356.23846 0.33377936
361.61902 0.31690818
366.62927 0.30176634
370.68365 0.2863514
374.6101 0.27215508
377.6772 0.25140718
381.0711 0.23309395
382.14682 0.21882604
380.89005 0.20345727
378.7389 0.18843086
374.9246 0.17408168
367.86526 0.1582044
358.2409 0.13993238
352.56464 0.13085046
346.3297 0.1215335
340.67508 0.11175619
334.61035 0.10474364
329.11597 0.096680254
322.00076 0.087015666
314.89404 0.08193866
307.69116 0.07408925
300.65213 0.06924676
294.4653 0.06381899
288.35132 0.058218054
281.3135 0.055261306
274.21692 0.05026188
267.14084 0.044107113
261.17737 0.040373378
254.29842 0.037533786
247.28093 0.034555983
240.26813 0.03140395
234.01508 0.024747819
227.978 0.020985203
221.97826 0.017066225
214.96516 0.008330332
207.21349 -9.97648E-4
199.98701 -0.0060233762
194.0149 -0.012618227
188.05022 -0.018332975
182.06319 -0.028605038
175.3162 -0.036770128
169.23344 -0.0484425
163.26534 -0.056418873
157.40094 -0.06476075
152.44562 -0.07353516
147.54227 -0.08278443
143.5103 -0.09908507
138.69014 -0.11154352
134.9046 -0.1278547
128.2882 -0.15009187
128.59026 -0.18726584
132.13768 -0.21495877
138.56317 -0.25485784
146.65979 -0.28281897
155.85812 -0.30085054
161.88301 -0.30207866
168.41364 -0.3084763
174.1299 -0.31029692
179.49675 -0.3124049
189.60156 -0.3229133
195.64716 -0.32326367
202.27713 -0.327905
208.21999 -0.33342302
214.14357 -0.34225538
218.95297 -0.34910452
224.11731 -0.35982856
232.44664 -0.37854016
239.70634 -0.39791742
244.94238 -0.41668722
247.96681 -0.44121662
251.02469 -0.4663445
250.52995 -0.48638612
245.50677 -0.5205412
241.38644 -0.5398889
236.75877 -0.5566906
232.34662 -0.5749645
226.51588 -0.5917365
220.15947 -0.6112699
213.68474 -0.62688076
207.02283 -0.6458931
201.28232 -0.65964824
195.4865 -0.6713764
190.07971 -0.6856636
184.29745 -0.69912076
178.54958 -0.7119082
172.11755 -0.7228106
166.70415 -0.733517
161.00142 -0.7404352
152.2851 -0.74828285
145.6986 -0.75996876
140.00143 -0.77912664
135.08066 -0.80503863
133.46867 -0.83694816
138.61679 -0.88866514
142.96498 -0.90660536
148.9551 -0.9209116
154.13948 -0.93018806
160.1634 -0.9425852
166.636 -0.9504177
172.80385 -0.9599445
178.91072 -0.97008723
184.94167 -0.9794202
191.88168 -0.99111015
198.04149 -0.9993114
204.17651 -1.0069726
209.8456 -1.0169995
215.93153 -1.0249037
221.58243 -1.0350957
227.77217 -1.0410004
233.44559 -1.050274
239.54985 -1.0554081
245.82607 -1.0604159
252.05844 -1.0651374
257.41382 -1.0677615
262.52567 -1.0730442
268.11115 -1.0801111
273.82437 -1.0871102
279.6811 -1.094064
285.4541 -1.1005603
291.26617 -1.1068459
297.43417 -1.1106422
303.3648 -1.1157377
309.0714 -1.1211675
315.01627 -1.126747
321.55353 -1.1329702
327.20798 -1.1410446
333.34665 -1.1494685
339.06195 -1.1570103
344.57254 -1.1640226
349.38904 -1.1753578
354.55478 -1.1844784
359.64902 -1.1939877
363.66 -1.2034696
367.883 -1.2137125
371.60803 -1.2252082
375.58847 -1.235471
380.36472 -1.2556835
382.83636 -1.2721804
382.12543 -1.290035
379.98416 -1.3102884
377.0373 -1.3218725
374.92194 -1.3334913
371.9984 -1.343322
365.0072 -1.3564395
356.9613 -1.3686488
347.9562 -1.3809057
337.87357 -1.3954827
332.64426 -1.4026104
327.85684 -1.4116648
318.0046 -1.42661
312.90427 -1.4338963
308.2856 -1.4416484
302.98157 -1.4493
297.81308 -1.4598686
293.1846 -1.4717563
284.51093 -1.4969828
280.19843 -1.5128589
277.01022 -1.5274583
273.46457 -1.542955
275.96786 -1.5680182
279.12604 -1.5828685
284.10492 -1.6023382
291.03452 -1.6196567
299.39722 -1.6383939
307.79327 -1.656022
316.32336 -1.6727607
324.1758 -1.6881295
332.84964 -1.7091899
340.23218 -1.7299522
348.212 -1.7495269
354.73114 -1.7670159
360.0011 -1.7831697
363.96646 -1.8032968
366.11465 -1.8158978
368.07758 -1.8258331
371.1336 -1.8459694
372.80203 -1.8613997
372.9187 -1.8781191
372.94223 -1.8894007
372.0064 -1.912915
369.63147 -1.9325045
365.5739 -1.9492402
359.7115 -1.9676838
356.5129 -1.9753442
349.9854 -1.9895822
345.87027 -1.998055
341.61462 -2.0060651
336.57855 -2.013943
331.14108 -2.0217512
325.8316 -2.0296571
320.00708 -2.0351753
315.0475 -2.03952
309.6886 -2.048302
296.72467 -2.0644004
290.7981 -2.0715444
285.10785 -2.0785406
278.70596 -2.0871668
271.77255 -2.093349
264.34464 -2.1006746
257.33127 -2.1076941
251.75592 -2.1116056
245.31511 -2.113137
237.74103 -2.1175647
230.30182 -2.1221516
223.26904 -2.1309805
216.57765 -2.1339931
205.22815 -2.1460526
199.46178 -2.157116
192.71365 -2.169734
186.55963 -2.1840165
180.94763 -2.1942904
176.14156 -2.204995
171.07576 -2.214218
165.89375 -2.2301686
161.21512 -2.2451515
156.03244 -2.2552009
150.64012 -2.2610164
146.37521 -2.2715516
140.51552 -2.2882504
141.64987 -2.3287785
144.40665 -2.3536541
150.08151 -2.3750236
157.74304 -2.3952887
162.57225 -2.4059777
167.04837 -2.4141903
172.1576 -2.4248717
176.49599 -2.4312189
184.536 -2.4471452
189.43271 -2.4549758
194.61067 -2.4633832
199.93623 -2.4720466
204.29755 -2.4826143
208.86926 -2.4875026
213.27295 -2.4914777
221.02539 -2.5052426
228.65536 -2.5189624
235.77058 -2.5353148
240.30823 -2.5558531
241.30608 -2.587831
237.0612 -2.6113644
229.10858 -2.627685
220.30931 -2.6363714
212.96216 -2.647937
204.37767 -2.6642516
195.70903 -2.6869986
190.35817 -2.6966758
185.03339 -2.7068973
178.85542 -2.71535
173.93987 -2.7216365
165.18443 -2.7327974
157.33751 -2.752614
150.8262 -2.7899234
143.76529 -2.830805
137.92424 -2.8628318
134.19624 -2.88603
135.62708 -2.920798
140.24944 -2.964547
146.24959 -2.9995418
150.78986 -3.0105274
156.56184 -3.023566
162.32542 -3.0384345
167.19429 -3.0491257
172.98833 -3.0621998
177.90729 -3.0716097
184.74379 -3.0835307
191.66534 -3.090841
198.53688 -3.0990517
205.50606 -3.1088521
213.23203 -3.116051
221.1924 -3.124807
230.1601 -3.1309562
238.09384 -3.1385398
244.38327 -3.1397526
251.0983 3.1365101
258.11288 3.1327608
265.1273 3.1254573
271.39075 3.1185083
276.46777 3.1116629
282.46512 3.1052878
288.57666 3.099075
294.66254 3.0931551
300.77264 3.0874617
306.792 3.082083
311.9598 3.0765893
316.31552 3.071206
321.48166 3.066046
325.62573 3.0608459
333.91437 3.0508623
338.86856 3.0441186
343.32538 3.0368567
347.7194 3.029257
353.66782 3.0140579
359.40375 2.999356
364.275 2.9845126
368.24274 2.9690356
369.72537 2.951225
369.06625 2.936343
365.48117 2.9211922
362.08917 2.9125876
357.89886 2.9011917
353.56223 2.892397
350.16638 2.883979
344.2191 2.8674066
336.27335 2.848357
331.13965 2.83736
325.36087 2.825328
319.8045 2.8154256
314.7552 2.8042676
309.7316 2.7916384
303.53522 2.7806756
297.7098 2.768677
291.46802 2.757586
285.78128 2.748512
279.65686 2.7394137
273.83914 2.7303593
268.35287 2.7214262
263.96808 2.7098286
259.7465 2.6992123
255.8061 2.6863968
251.08455 2.6660123
252.59172 2.6379168
256.53323 2.610705
259.54352 2.5965073
263.48224 2.586536
268.2933 2.576908
274.35574 2.5693076
280.43973 2.5620263
286.5065 2.5507185
292.34158 2.5394282
298.1775 2.5286677
303.74664 2.5142672
309.5099 2.499738
315.3298 2.4857583
321.1952 2.4723217
326.6742 2.4610527
332.77008 2.4527473
338.11182 2.4428651
344.19894 2.4309776
349.7535 2.4182413
355.71628 2.4066353
360.74484 2.3995004
365.04956 2.3918471
368.53488 2.3856876
371.96463 2.3759565
375.257 2.3668718
378.04327 2.3556302
380.9146 2.3444567
383.29092 2.3348036
385.8576 2.3152547
387.14014 2.295863
385.79465 2.2749748
384.2992 2.2622533
381.9096 2.250503
379.78836 2.238118
377.95663 2.2276251
373.12955 2.2106593
369.7474 2.2015738
366.01517 2.1921728
362.34103 2.1826305
357.82114 2.174356
353.4106 2.166053
348.91522 2.1572955
344.94077 2.1502552
341.0399 2.1435785
331.5303 2.1308253
325.63672 2.120697
319.70868 2.1126225
314.54584 2.1039102
303.63138 2.094642
292.70605 2.0846462
281.51767 2.0717108
275.6255 2.062784
270.72244 2.0545897
260.187 2.0411484
254.37825 2.0395527
243.98918 2.0286384
232.85434 2.018793
226.63516 2.012469
214.93037 1.9920496
209.47374 1.9830071
204.50044 1.9762301
194.49535 1.960575
184.1304 1.9485024
179.13644 1.941808
174.22816 1.9326813
164.40462 1.9116001
159.52573 1.9007126
150.05763 1.8801919
142.62242 1.860175
141.52118 1.8258498
148.75766 1.7976544
154.34834 1.7893014
159.24837 1.782474
165.02028 1.7749636
170.97385 1.7677591
176.6682 1.755577
183.39838 1.7431917
189.85643 1.7319399
195.90448 1.7217647
201.69489 1.7123952
207.36308 1.700003
213.08464 1.6870455
217.83441 1.6752684
221.85432 1.6643295
226.39958 1.6536056
230.47238 1.6434599
238.17307 1.6200461
244.24146 1.6024528
246.38234 1.5849847
245.61664 1.5667832
242.73477 1.5378101
239.03181 1.511194
234.46423 1.4854399
228.2667 1.4600843
220.80357 1.4380616
216.39767 1.4260656
211.62502 1.4168066
206.82953 1.4083154
202.83916 1.4000953
194.12839 1.3871249
189.45343 1.3771697
184.54752 1.3719544
179.83217 1.3609931
174.9845 1.3550903
170.0676 1.348751
163.25273 1.3393162
155.51053 1.3275648
148.00415 1.307978
140.29713 1.2931687
132.61926 1.2766298
125.00058 1.2581118
119.07412 1.2419785
115.76213 1.2138458
115.76213 1.2138458
