Finger
20
12.058736 1.2766906
19.623917 1.147515
26.726223 1.1035465
32.65252 1.084485
37.81125 1.0665671
47.23547 1.0557735
56.163048 1.0639752
62.87352 1.0686055
70.86826 1.0981959
78.12109 1.1140047
85.615005 1.120641
91.61435 1.1158246
98.58436 1.1279539
102.63096 1.1358484
107.10584 1.1346569
115.14227 1.128869
121.562355 1.1173866
128.28249 1.1168126
135.24057 1.1091527
142.38899 1.102787
148.36674 1.1005199
154.6136 1.1065855
162.61128 1.1161441
169.29468 1.1157413
176.82393 1.1188306
185.3351 1.1231234
194.25046 1.1223987
202.43628 1.1298875
208.83012 1.1337553
217.54189 1.1331087
222.0187 1.1325891
230.14938 1.1387064
237.26868 1.1432679
243.53983 1.1459856
250.69861 1.1501538
254.77042 1.153007
260.88055 1.1592071
267.52087 1.1659589
273.63388 1.171554
278.86398 1.1727899
285.60187 1.1778387
292.47223 1.1838719
298.95108 1.1926867
306.0659 1.1984029
312.59457 1.2040154
319.20486 1.2110912
326.15933 1.2158339
332.70288 1.2231144
339.27457 1.2301252
345.18176 1.2361852
349.89157 1.2408615
355.32037 1.2481673
360.63098 1.2568711
366.0505 1.2645371
369.59027 1.2703943
370.41614 1.2838658
369.73605 1.3000958
366.2747 1.3170786
361.8035 1.3318266
356.57547 1.3454328
351.40622 1.3588351
343.73047 1.3696607
336.29166 1.3856071
328.26065 1.4057425
320.45648 1.4205023
312.87296 1.4306817
308.48376 1.4385142
300.00067 1.4514152
295.75952 1.4565583
291.46576 1.4643908
282.94537 1.4823972
278.70038 1.4918753
272.29187 1.512995
265.767 1.534162
258.64526 1.5486534
252.61761 1.5560195
252.13486 1.586643
255.27922 1.6070366
261.27222 1.6290905
267.6398 1.6500981
271.91476 1.6591239
280.24823 1.6716315
284.44122 1.6772184
292.7874 1.687831
297.0373 1.692991
301.26642 1.6979723
309.89395 1.7129458
314.29083 1.7205973
321.1926 1.7363508
328.9878 1.7485769
335.57553 1.7571069
342.2129 1.765329
348.01318 1.7712492
353.66788 1.7791307
359.03952 1.7952516
363.27878 1.8093201
365.03326 1.82531
362.05136 1.8423926
356.8618 1.8552032
349.79587 1.8648216
342.7105 1.8763707
338.94073 1.8807157
331.33167 1.8880788
323.52295 1.8935803
318.69708 1.8978144
313.96265 1.9029337
309.2841 1.908156
305.25043 1.9102101
301.36536 1.9138666
296.34427 1.916341
291.28433 1.9189514
286.06833 1.9191539
280.9712 1.9218575
275.95187 1.924691
270.89435 1.9276135
265.90753 1.9306738
259.7646 1.9312642
254.81345 1.9345008
244.07649 1.9337631
238.68182 1.933374
232.94324 1.929911
227.45901 1.9284482
222.40628 1.9310557
217.0694 1.9316301
212.1006 1.9355303
207.00874 1.9396465
202.01111 1.9439472
197.74985 1.9470657
188.90602 1.9542255
184.547 1.9578154
175.68124 1.9660949
170.74142 1.9719417
166.45198 1.9763919
161.72723 1.982266
157.35043 1.9872562
152.3897 1.9945275
143.53523 1.9920752
138.29425 1.9929525
133.96082 1.9974018
128.71591 2.001108
123.73069 2.0106075
118.37428 2.0133116
114.22099 2.0184255
109.8107 2.0198152
100.9549 2.0406723
95.52672 2.0457134
90.528366 2.0588186
86.16806 2.0625134
78.218956 2.0882504
74.24514 2.1032004
67.88519 2.124453
60.303432 2.1638799
56.4383 2.1888137
50.219246 2.2283154
45.677273 2.2506266
38.999805 2.2589188
30.86647 2.274628
23.737291 2.2949166
30.77787 2.3777657
39.07922 2.368724
48.045692 2.3552253
53.751293 2.3553035
59.406982 2.355366
71.17518 2.3628225
76.469696 2.3714864
82.01757 2.3727558
93.28424 2.370727
104.54517 2.369136
110.787605 2.3731952
116.6682 2.373823
123.53411 2.3741982
129.36444 2.3720694
140.65855 2.370776
151.93903 2.3696759
163.96361 2.3729784
170.1415 2.375489
175.98796 2.3758304
187.24547 2.3746355
192.96968 2.3740814
202.09654 2.3767588
213.3696 2.37566
219.11624 2.3815925
224.73187 2.3855996
229.92615 2.3888636
239.82788 2.3933568
244.85022 2.3955498
255.42085 2.4071076
260.44974 2.414224
265.70923 2.4217172
270.7861 2.4283252
280.7302 2.4307778
286.50708 2.4342518
291.6083 2.4401722
297.20132 2.4474082
302.3883 2.4529788
306.946 2.4567335
312.0059 2.4618423
316.45926 2.464928
323.6294 2.4668903
332.51462 2.4767222
336.87936 2.483092
340.3966 2.4901698
344.97354 2.4966273
351.1742 2.5063148
356.01987 2.5163124
362.4983 2.5291548
365.77866 2.5354414
369.82504 2.549533
370.66266 2.5657418
366.86493 2.5791419
361.65417 2.591914
358.6909 2.6000226
354.89084 2.6068368
346.59808 2.6192431
342.83868 2.6265235
334.62872 2.6398737
330.44278 2.6503274
323.2255 2.6662264
319.62344 2.6745024
316.04608 2.682961
307.41052 2.6979628
299.32053 2.7082152
290.76877 2.7210126
283.46936 2.735568
276.12643 2.7517858
270.19055 2.766667
264.62793 2.7794552
258.82428 2.7949154
254.27573 2.8102145
253.64778 2.826989
257.782 2.8474686
262.63535 2.865895
268.61356 2.8827653
272.90228 2.8943808
277.26932 2.9031103
281.0112 2.912795
285.64075 2.9201236
292.98624 2.9326754
297.44873 2.9393294
302.15738 2.94591
307.00632 2.9498563
311.73175 2.9560604
315.764 2.960887
322.31625 2.970926
327.12506 2.9795907
333.2017 2.994765
339.53662 3.0093558
346.14764 3.0207088
351.64337 3.0340433
357.67682 3.0463254
360.0801 3.0582712
361.8292 3.075897
360.7126 3.0923326
358.44812 3.1109111
357.09674 3.1260622
351.56497 3.1336439
345.3281 -3.1381426
338.6514 -3.1263008
331.67896 -3.1168747
325.52744 -3.110356
316.08167 -3.1062093
310.07535 -3.1046867
305.08792 -3.104083
300.08975 -3.1001256
295.1297 -3.096833
290.21805 -3.0952678
285.34055 -3.0909693
279.26443 -3.0898669
273.28052 -3.0887332
268.3643 -3.087764
263.3204 -3.086732
255.0695 -3.0849555
250.2152 -3.0798547
244.4784 -3.0784042
238.18903 -3.0767334
232.44191 -3.0751274
227.51614 -3.0736864
223.23119 -3.0723808
214.24957 -3.0694745
208.58995 -3.0627098
202.68523 -3.0604067
197.72673 -3.058366
192.7097 -3.056194
188.46906 -3.0542676
183.70692 -3.0519981
178.74321 -3.049503
172.74527 -3.0462961
166.69675 -3.0475104
161.48387 -3.045846
156.41222 -3.049149
151.38303 -3.0511951
142.30856 -3.054063
136.5244 -3.0559916
130.53297 -3.0538313
125.22325 -3.05811
120.18631 -3.061082
116.17771 -3.0602255
107.13515 -3.0626998
102.10954 -3.0686243
96.278175 -3.0722888
90.32663 -3.0701804
85.224976 -3.0776508
80.230194 -3.0832572
75.97581 -3.0830336
70.97869 -3.103463
65.882324 -3.1162355
57.851482 3.1357446
53.165623 3.1169446
48.129387 3.109408
44.023685 3.0660875
40.235123 3.0087135
33.720276 2.8920803
27.910276 2.763347
22.152817 2.5936055
17.99935 2.3707998
16.037085 2.1364145
10.662518 1.927224
5.9261236 2.2016928
9.107344 -3.030295
18.04819 -2.8032088
26.122229 -2.739374
35.035774 -2.723685
44.819057 -2.6737702
50.523106 -2.6693568
56.164803 -2.6603906
61.286766 -2.6488557
70.68632 -2.6400793
79.724945 -2.6418805
89.32174 -2.6496184
94.87648 -2.6570344
100.20844 -2.6625965
105.57489 -2.6676002
110.048744 -2.6680129
119.68327 -2.6717172
124.74893 -2.6655796
131.19308 -2.666932
137.01303 -2.6641235
142.6629 -2.6671088
148.2988 -2.663857
152.94707 -2.6649032
162.3362 -2.660141
167.97382 -2.6575038
173.791 -2.6556118
178.80028 -2.6528533
184.2127 -2.6549551
195.40356 -2.645768
201.49718 -2.6396356
206.61491 -2.6367342
217.01845 -2.6263123
222.82414 -2.625671
228.57718 -2.6237504
234.10988 -2.6186118
239.93782 -2.6181788
250.35469 -2.6099415
255.84267 -2.604377
261.58057 -2.6031868
267.13168 -2.5991173
272.94656 -2.5991654
279.1334 -2.595725
284.79938 -2.5914023
291.1561 -2.5886607
302.15875 -2.5800395
308.20453 -2.5732234
319.2497 -2.5655925
329.65558 -2.5571635
334.91025 -2.549675
340.18036 -2.542423
345.502 -2.5353382
350.8261 -2.5284908
359.29443 -2.5144312
365.81134 -2.5003023
370.17783 -2.4846652
373.3196 -2.4738283
371.2808 -2.452614
369.48355 -2.4415238
366.9767 -2.4285533
363.8747 -2.417494
359.70694 -2.4064176
354.7428 -2.396727
349.5505 -2.3876917
343.38608 -2.3779347
337.51385 -2.3661714
331.13275 -2.3548057
324.9636 -2.3443975
319.21555 -2.3348727
312.9817 -2.3232036
306.1408 -2.312694
299.86145 -2.3005567
293.65024 -2.2921677
287.41605 -2.2833245
282.0544 -2.2719848
276.04187 -2.2618198
271.1685 -2.2528446
265.08585 -2.2424426
259.7768 -2.2340007
255.45016 -2.2263422
247.44211 -2.210591
240.69164 -2.2005775
236.53809 -2.185056
232.86969 -2.1700041
235.71448 -2.1375859
239.82333 -2.1158736
245.14575 -2.0980396
248.61562 -2.089933
253.12192 -2.083293
256.93756 -2.0759575
261.9547 -2.0731027
266.86783 -2.0673363
272.38742 -2.064682
277.26083 -2.0593119
282.63058 -2.0572548
287.42532 -2.0522077
292.04654 -2.0449078
296.93378 -2.0402482
301.72043 -2.035071
306.28903 -2.0284455
311.2639 -2.024155
316.07495 -2.0194876
320.69247 -2.0133233
324.79697 -2.0039527
328.72217 -1.9951015
332.85785 -1.9862138
336.7493 -1.9811224
343.78003 -1.9697512
349.46793 -1.9567456
353.71292 -1.9469789
357.25632 -1.9275715
357.22006 -1.915661
356.17712 -1.898816
351.34497 -1.88262
343.94144 -1.8705978
335.32812 -1.857488
330.5834 -1.8515681
325.6875 -1.8437937
320.071 -1.8389856
314.58875 -1.8331859
308.62756 -1.825753
302.28217 -1.8209805
295.6636 -1.8154687
288.93207 -1.8077784
281.43774 -1.8032713
273.91507 -1.7947762
266.23398 -1.7859951
257.5818 -1.7774711
248.95268 -1.7683586
240.41277 -1.7586713
231.90652 -1.7522964
223.49081 -1.7455437
215.24161 -1.7419387
206.10033 -1.7348797
197.7112 -1.7317
189.39719 -1.7228678
181.0532 -1.7143834
171.78954 -1.7090713
162.72815 -1.6995662
154.42726 -1.6922928
146.14459 -1.6801372
137.846 -1.6702619
129.63254 -1.6534078
121.50928 -1.6424541
113.40585 -1.6299382
105.31251 -1.6154784
97.2688 -1.5986695
89.18745 -1.5898093
82.018616 -1.5768847
75.030655 -1.5641404
67.26772 -1.5485232
59.261616 -1.5455135
51.24572 -1.5415578
43.26856 -1.5361652
35.289932 -1.5283313
28.101486 -1.5174593
21.103659 -1.499747
15.199864 -1.4720734
9.185917 -1.4069737
4.13813 -1.2003487
2.4025373 0.8975015
6.3129086 1.3311969
13.4241295 1.4589629
9.747239 1.1160932
6.3606486 0.15103483
11.410152 -0.75766546
16.420387 -0.8946085
21.92865 -1.0306787
27.443834 -1.0658181
32.30531 -1.1135584
37.344242 -1.1433599
42.659718 -1.1539496
47.63699 -1.1772524
52.650055 -1.1961128
58.01196 -1.1956164
63.050274 -1.2098904
68.06666 -1.2221053
73.115135 -1.2326028
78.15057 -1.2417772
82.7844 -1.2580798
87.55758 -1.2756568
92.64388 -1.2810757
97.681206 -1.2857764
102.678 -1.2898966
107.84712 -1.2940848
112.68487 -1.3062565
117.5045 -1.317351
123.30724 -1.3295212
128.40459 -1.3312787
132.7262 -1.3314841
137.54648 -1.3341365
141.69559 -1.3396652
150.67894 -1.3468803
155.54253 -1.3539956
161.32202 -1.3569798
166.52454 -1.3623725
175.54037 -1.3674169
184.73587 -1.366642
189.82841 -1.3668233
195.69629 -1.367814
200.96638 -1.3681374
206.25685 -1.3645272
211.5346 -1.360151
217.66103 -1.356702
223.12828 -1.3529373
228.45616 -1.3491093
233.76398 -1.3454798
239.2719 -1.338761
244.65387 -1.3346887
250.23204 -1.3277047
255.54039 -1.3248435
261.09665 -1.3183929
266.46057 -1.3157952
272.3296 -1.3176097
277.65204 -1.3151561
282.0103 -1.3147887
286.35532 -1.3122613
295.10092 -1.3061056
300.4318 -1.3040487
305.0912 -1.2980229
309.49225 -1.2952785
317.58307 -1.2861458
325.25513 -1.2737907
333.22202 -1.2654401
341.41226 -1.2576455
346.31677 -1.253155
354.1729 -1.2401984
361.97568 -1.2271115
368.02036 -1.2151366
373.41177 -1.2010629
377.1756 -1.1901304
379.44238 -1.1754704
379.1419 -1.1585498
376.87817 -1.1407939
371.5549 -1.1223648
367.9253 -1.1115453
363.9036 -1.1030012
359.02466 -1.0929993
354.1789 -1.0827118
348.65527 -1.071
342.64502 -1.0607314
335.67624 -1.049079
328.29514 -1.0396379
320.1166 -1.027493
313.2292 -1.0148969
305.93567 -1.0038917
298.89697 -0.9959965
292.514 -0.9858756
286.3954 -0.9801119
280.88547 -0.971192
274.81406 -0.96488136
269.97064 -0.9569444
264.71252 -0.9522261
260.1022 -0.94423455
256.2801 -0.93824434
252.09967 -0.93198586
259.85226 -0.9273283
264.51135 -0.91778475
269.4318 -0.9122112
278.30557 -0.9004689
288.94992 -0.8863975
293.7952 -0.87800694
299.76285 -0.86858946
304.68787 -0.86076194
310.10974 -0.85436124
315.06 -0.8469773
319.2597 -0.8377976
323.36313 -0.82837045
327.62637 -0.81874996
332.33392 -0.808069
336.6648 -0.7989475
340.86676 -0.79052085
345.084 -0.7823239
347.95825 -0.7741474
354.30304 -0.7567846
357.26193 -0.7451798
360.34277 -0.73732
363.33102 -0.72987556
367.96564 -0.71866274
372.5868 -0.7050123
377.1761 -0.69060403
382.11035 -0.6732719
385.76202 -0.65590143
388.26385 -0.6386849
388.04993 -0.62318325
385.50522 -0.6094281
381.2858 -0.59805846
374.77155 -0.5905254
365.79004 -0.5872616
354.702 -0.580974
343.21466 -0.57231945
338.5298 -0.56677455
332.42035 -0.56050545
325.82312 -0.555866
319.58466 -0.54946166
312.77515 -0.5442572
306.0935 -0.5383833
299.179 -0.5320164
292.25922 -0.5259353
283.77826 -0.5236411
276.54715 -0.5213873
268.82028 -0.51636326
261.41876 -0.51187694
254.00899 -0.50888306
245.47293 -0.5049854
237.0099 -0.5015166
228.93895 -0.5001739
221.32526 -0.49411413
214.1082 -0.4901572
205.77925 -0.48424697
197.31941 -0.47924402
188.98076 -0.47706792
180.47319 -0.47025904
173.354 -0.4653905
165.29425 -0.46274894
156.52272 -0.46212223
148.497 -0.45902064
141.19011 -0.45307827
133.3176 -0.44841707
125.275444 -0.4438601
116.35411 -0.44232804
107.43961 -0.44054303
98.4844 -0.43842548
90.47698 -0.4312347
82.45189 -0.422637
73.52764 -0.4176334
64.60494 -0.41124684
56.58397 -0.39587104
49.374714 -0.3695748
42.65093 -0.35041666
35.27083 -0.3365978
28.439001 -0.3091135
22.085497 -0.30543545
16.548191 -0.28466958
8.86294 -0.16421013
15.556206 -0.27310914
20.907824 -0.300692
26.043268 -0.32007083
31.373398 -0.33045208
36.766914 -0.337791
43.256607 -0.35123312
50.44271 -0.3475987
57.921886 -0.35096785
65.28638 -0.3465991
71.831215 -0.34322652
79.123924 -0.3372656
86.835 -0.3213737
93.09971 -0.3103037
100.02086 -0.29862744
105.77212 -0.28193143
112.566956 -0.26449075
119.25042 -0.25585973
125.549995 -0.2509877
132.3657 -0.23970291
138.22319 -0.22935878
145.03973 -0.21840015
151.63763 -0.2087535
159.38885 -0.19846258
166.27414 -0.19014163
172.42827 -0.18327679
179.09619 -0.17638014
185.20032 -0.17050871
192.86777 -0.16366765
199.02208 -0.15856305
205.92482 -0.15320519
211.71404 -0.14541951
217.61429 -0.14027674
223.42284 -0.13209373
229.2655 -0.1254143
236.14975 -0.12067303
242.04727 -0.113563076
247.89923 -0.10780522
253.74074 -0.10137413
259.51956 -0.09136527
265.33292 -0.08566573
271.35568 -0.08276268
277.25256 -0.077383
283.89612 -0.07292556
290.8352 -0.067707755
297.99387 -0.06271177
304.58813 -0.054803703
310.79462 -0.05045798
315.721 -0.045748487
320.62378 -0.03956563
325.55914 -0.035149977
330.49957 -0.02931016
336.46307 -0.025097277
341.32718 -0.019675985
346.36362 -0.015723256
351.3298 -0.010523826
356.34464 -0.004733204
361.31213 8.4209815E-4
367.31937 0.0062760455
371.56845 0.011574597
381.1853 0.019196933
386.62527 0.026586577
390.72858 0.031489827
396.09518 0.04114296
398.29178 0.051002763
395.35785 0.06654979
387.22906 0.07115102
380.7067 0.07964459
372.2181 0.08956777
368.11987 0.09326836
363.34073 0.10002739
358.5141 0.10412197
352.9563 0.11153497
347.345 0.12204393
342.42725 0.129666
337.73315 0.13746752
332.3458 0.14574958
327.69153 0.15401979
321.09637 0.1635226
314.41272 0.17020337
307.89133 0.18042189
302.13187 0.18732682
296.624 0.19772433
291.1649 0.20848349
284.52878 0.21703258
278.9755 0.22595601
273.5623 0.23708808
268.52652 0.24257019
263.92563 0.25079232
258.53162 0.25919437
253.76834 0.26513788
249.01733 0.2744883
245.37512 0.28187874
249.93459 0.2974471
257.58987 0.30461797
265.98492 0.3173607
270.741 0.323313
276.7078 0.3311914
282.79617 0.33891472
288.85123 0.34623188
294.2495 0.35688844
298.49152 0.36654717
303.7028 0.37417826
309.15564 0.38375854
314.46722 0.3915012
321.08136 0.4024267
326.95667 0.41145265
332.64096 0.42043686
338.345 0.42910746
344.05774 0.43746167
349.46213 0.4435548
353.64978 0.4536429
358.45032 0.46195906
362.1165 0.46989954
366.18796 0.47961667
370.18045 0.48857492
373.2436 0.49698603
376.0472 0.5051002
380.83392 0.52214974
383.20166 0.5367936
384.3364 0.5478372
383.76422 0.56405824
378.99423 0.5821759
374.7468 0.59286696
370.64114 0.6003488
365.69186 0.60964453
361.6124 0.6175452
357.58548 0.6221233
352.91837 0.6316393
347.49945 0.6395081
341.65826 0.6457956
334.8571 0.6536201
327.47842 0.66321355
319.36423 0.67119545
310.4486 0.68168455
301.29288 0.69026065
291.85007 0.6992884
280.96814 0.7086016
269.66437 0.71642274
256.93607 0.72463226
244.58412 0.73538184
231.78386 0.7447773
220.41457 0.75546855
207.58467 0.76728094
195.78137 0.7777547
183.57587 0.78197676
170.97394 0.7890581
159.58867 0.7970793
146.97125 0.801351
134.26933 0.80284745
122.78739 0.8031793
110.851166 0.79869634
98.25741 0.7876273
86.24361 0.77970684
74.608055 0.75977474
62.81149 0.74119544
49.146366 0.72882766
36.149 0.70410717
24.720564 0.6725199
11.070599 0.32617283
11.070599 0.32617283
