Mouse
14
301.58972 1.5191127
302.3722 1.5357981
303.23837 1.5523928
304.1911 1.5656011
305.1966 1.5787246
306.2769 1.5950241
306.39987 1.6080755
306.57504 1.6211141
306.80225 1.6341357
307.15924 1.650382
307.59714 1.6665863
308.00546 1.6795139
308.7141 1.6988358
308.26025 1.7121203
308.84906 1.7249428
308.67062 1.7414473
307.78214 1.7617635
307.58713 1.775149
308.4237 1.7878486
308.33612 1.8012159
306.85516 1.8224868
307.8757 1.83507
308.25845 1.8515751
308.72495 1.868035
308.32376 1.8854412
309.2882 1.9048901
310.3689 1.9242108
310.84216 1.9373975
311.18988 1.9577023
312.19058 1.9737436
312.35782 1.9909805
312.61774 2.0081937
312.53235 2.0224986
312.51093 2.0368085
312.13162 2.055439
311.8609 2.0741084
310.83264 2.0944076
311.64624 2.1115115
311.17294 2.1274955
311.32248 2.1462238
311.02237 2.1622634
311.94843 2.1835938
312.42426 2.2022095
312.82016 2.2252417
313.38153 2.2482035
313.59085 2.2641394
314.53186 2.2824626
313.42108 2.3025475
312.4881 2.3182437
313.0464 2.3341303
312.26923 2.3499281
311.57034 2.3658006
310.22617 2.3795202
308.26138 2.395734
307.87265 2.416481
307.50543 2.4326873
306.45026 2.4468446
304.98367 2.4682567
304.8755 2.4846501
304.84927 2.501051
304.9051 2.5174503
305.2959 2.5383985
306.65604 2.5610774
307.85675 2.579069
308.63937 2.5996861
309.92453 2.6245954
309.71826 2.639015
310.46002 2.654961
310.82657 2.6808884
311.34515 2.6995583
311.56235 2.7210858
310.86884 2.7341454
309.84576 2.750241
308.3422 2.762233
306.8834 2.7743409
306.06268 2.790762
304.6746 2.8134677
304.0519 2.8300958
302.9386 2.8531044
302.78726 2.8667092
302.43527 2.8835192
301.198 2.8995705
301.2384 2.913258
301.89404 2.9341178
303.05804 2.9483933
304.58286 2.976065
304.78793 2.992787
305.21146 3.006234
304.57703 3.0225005
304.12772 3.0355601
303.73044 3.0486562
303.16095 3.0716486
302.90765 3.0848222
302.62653 3.1046178
302.46417 3.1244426
302.41974 3.1409743
302.44373 -3.1289852
302.54807 -3.1124594
302.69098 -3.0992498
303.00427 -3.0794644
303.4359 -3.059728
303.78915 -3.0466046
304.41684 -3.0269823
305.02908 -3.0106971
306.33377 -2.9815648
306.01147 -2.9681392
306.91394 -2.9520917
306.71295 -2.9386692
305.2764 -2.9142268
306.4422 -2.8983297
306.97678 -2.8785737
307.07883 -2.8651485
305.90137 -2.8436007
305.19577 -2.8291476
305.8231 -2.812584
304.65286 -2.7938693
305.1033 -2.7804263
305.0467 -2.7627752
305.4727 -2.7421033
306.35547 -2.711225
306.2393 -2.6966293
306.1884 -2.6820254
306.6607 -2.6645188
306.75333 -2.6499407
306.9111 -2.6353743
306.26688 -2.6192017
305.70312 -2.602965
305.7483 -2.5838928
304.77954 -2.5585043
304.2603 -2.5375464
303.87515 -2.516526
303.82413 -2.500071
303.5089 -2.4743714
302.75665 -2.4511766
302.2726 -2.4325454
301.22958 -2.4163399
300.94254 -2.3975756
300.07153 -2.3811913
299.98346 -2.3623388
299.32953 -2.3363657
298.76193 -2.3197536
297.69138 -2.295841
296.5671 -2.2812731
296.27448 -2.2644339
295.2871 -2.2496872
295.51407 -2.223258
294.91904 -2.2036095
296.0763 -2.180002
296.2899 -2.1631358
297.18982 -2.13699
298.80716 -2.1138902
299.3497 -2.0972705
300.36237 -2.076185
301.09146 -2.059736
300.99652 -2.0374546
301.91626 -2.0211513
302.00882 -2.006344
301.76047 -1.9885244
301.75882 -1.9632858
302.3098 -1.9411504
302.41245 -1.923343
303.2295 -1.9013551
303.85526 -1.8867668
304.5454 -1.8722415
304.34058 -1.8587149
304.88562 -1.8411268
305.52463 -1.8236068
306.49173 -1.8093381
306.32437 -1.7927055
307.2209 -1.775396
307.41492 -1.7619944
307.31665 -1.7422067
307.6472 -1.7288405
308.0326 -1.7155054
307.48123 -1.7026321
308.8507 -1.6857314
309.12216 -1.662863
308.78012 -1.6499634
309.36182 -1.6303724
309.06262 -1.6109922
309.90182 -1.5947406
310.81354 -1.5689292
310.84674 -1.5560608
310.9606 -1.5399827
311.20325 -1.5207106
311.42914 -1.5078824
311.78342 -1.4918766
312.31372 -1.4727238
312.7307 -1.4599943
313.45093 -1.4409689
313.9938 -1.4283366
313.75516 -1.4121088
312.4415 -1.3984554
312.54443 -1.3789926
310.60095 -1.3613478
309.9559 -1.3410702
309.19284 -1.3238502
307.55673 -1.3057008
307.9437 -1.2891797
307.10025 -1.2645664
307.3802 -1.2511774
306.48926 -1.2295151
305.9756 -1.2150079
305.88986 -1.1974075
305.51923 -1.1828287
305.21368 -1.1682177
305.7893 -1.147601
305.6411 -1.1329805
304.2019 -1.1125181
304.21075 -1.0978171
302.51996 -1.0800221
300.926 -1.062033
300.29523 -1.045533
299.74655 -1.0289679
300.12894 -1.0141121
300.5774 -0.9992974
301.0916 -0.9845301
301.67126 -0.9698163
302.89453 -0.95246685
301.79922 -0.9293613
301.83032 -0.91279495
301.9442 -0.8962366
302.01093 -0.8750334
302.31335 -0.8585161
301.95282 -0.8398308
301.01743 -0.82353884
300.13498 -0.80243886
299.3869 -0.78122395
300.18796 -0.7600325
299.64777 -0.7434586
300.60196 -0.7271049
302.62442 -0.69938225
303.31372 -0.6761536
304.35574 -0.6484368
305.17957 -0.6300732
305.53244 -0.6091353
305.7451 -0.5927907
305.7956 -0.5692074
304.50714 -0.5563722
303.61124 -0.5389079
302.44247 -0.52585953
300.8363 -0.50981545
300.1894 -0.49202508
300.0958 -0.47712818
300.06885 -0.4622253
299.2072 -0.44876868
298.8882 -0.43079236
299.1837 -0.4083809
299.46402 -0.39346933
298.88184 -0.37982562
298.23196 -0.35553804
298.41495 -0.3374968
298.69495 -0.3194835
299.37015 -0.30469945
300.1105 -0.28998512
300.11374 -0.26572657
300.5342 -0.24471366
300.5636 -0.23099533
300.43552 -0.214032
300.39395 -0.19705908
300.43896 -0.18008637
300.73447 -0.16640468
301.08615 -0.1527524
300.50354 -0.13959603
300.84116 -0.122674316
301.37198 -0.10909498
301.86435 -0.092268236
301.52213 -0.07905825
302.23044 -0.06560294
302.89545 -0.045618977
303.70822 -0.02902202
304.58572 -0.0059523443
304.6091 0.013745957
305.68997 0.026785277
305.82324 0.03986041
306.06326 0.05618465
306.31393 0.06922291
306.70032 0.08548714
306.17282 0.10203778
305.7295 0.11864098
305.23737 0.13204159
305.7897 0.14500897
304.57822 0.16220254
305.42554 0.17835896
305.1788 0.19183984
304.9876 0.2053401
304.85205 0.21885483
305.74542 0.2316259
306.9318 0.24748178
308.19473 0.26321164
308.2975 0.2765836
308.4553 0.2899443
308.66812 0.3032889
308.93582 0.31661278
307.36682 0.33201918
307.1529 0.34953198
308.3261 0.36892715
307.76413 0.3906277
308.3895 0.40385634
309.47504 0.41998348
310.1592 0.44027787
310.5274 0.45758978
310.55923 0.47919145
311.13596 0.49641618
311.31458 0.51077425
311.19632 0.52950436
309.81284 0.5471697
308.52692 0.56498784
307.33972 0.5829494
306.25244 0.60104436
306.89694 0.61547965
307.6051 0.6298514
307.5775 0.64610666
309.03473 0.6629222
309.02542 0.6836426
309.1487 0.7043554
309.4045 0.7250428
309.1149 0.74331063
308.23932 0.75925875
307.44263 0.7752935
306.72537 0.7914075
305.36627 0.80532914
304.79834 0.8216123
304.31155 0.8379519
303.90622 0.8543394
304.47504 0.87751013
303.4883 0.8918596
303.35233 0.90833247
303.4985 0.9294301
303.77957 0.95049816
303.93668 0.9669453
303.62283 0.9861124
303.95773 1.0025344
304.37442 1.0189158
304.36346 1.0380735
304.46414 1.0572257
304.67645 1.0763581
305.0001 1.095457
304.9806 1.1101202
304.59662 1.127744
304.3075 1.1454067
303.71835 1.1661202
302.7101 1.1826049
302.7166 1.2003947
301.88065 1.2170342
301.74445 1.237985
301.41077 1.2516121
302.08698 1.2662625
301.86963 1.2798973
301.7085 1.2935492
300.63828 1.3063464
300.3397 1.3232867
299.38486 1.3362405
299.0246 1.356535
298.1997 1.3696425
298.40878 1.3834466
297.6897 1.3966486
298.0099 1.4104499
298.24228 1.4275359
298.56158 1.4445903
300.07187 1.4586538
301.5445 1.4758741
302.10867 1.4926645
304.75394 1.5097902
305.5351 1.5230576
306.36975 1.536255
307.25748 1.5493784
308.19107 1.5656686
308.206 1.581892
308.206 1.581892
