Stilus
12
253.95425 1.5019178
256.0537 1.4855772
258.61896 1.4631552
260.42108 1.4445392
261.97186 1.4291278
263.33667 1.4144489
264.42154 1.3950099
266.6663 1.3707043
267.92932 1.3486565
269.12003 1.3298495
270.35736 1.31188
272.72485 1.2914025
276.53918 1.2727053
279.55972 1.250509
280.9055 1.2363671
281.33685 1.2214533
281.14597 1.198104
283.7802 1.1796314
285.32962 1.1666678
286.95987 1.1535839
289.7493 1.1405653
292.84946 1.1259108
293.76016 1.1117153
295.09363 1.095207
296.9928 1.0829364
299.18085 1.0693282
299.22903 1.0501082
296.9263 1.0252512
291.82675 1.0015111
287.07336 0.98253727
282.48422 0.96737367
278.77866 0.9504013
273.2682 0.93488425
269.45407 0.92439413
265.47882 0.91304684
261.33224 0.9007306
257.45337 0.88873535
252.8304 0.87379545
249.767 0.86348283
243.73555 0.84213185
237.82567 0.81972736
232.0708 0.79631823
229.06853 0.7772153
224.36583 0.7556719
218.96675 0.7291265
215.69073 0.711959
212.46729 0.694194
209.27164 0.6756414
205.44731 0.65206724
200.58852 0.6281692
195.43874 0.5909271
191.22272 0.5745165
187.6991 0.5550441
183.41634 0.53770024
179.53047 0.5231381
172.78362 0.50838315
163.6926 0.47545245
154.76941 0.44726178
148.11438 0.4149818
144.88678 0.39315394
140.42863 0.37174943
144.40094 0.3238207
148.24295 0.29953322
152.4761 0.27728042
156.01335 0.25756842
159.58687 0.24378003
165.17569 0.22294931
170.9207 0.19741642
177.37892 0.16841842
183.6696 0.1405923
190.30396 0.114480115
195.85495 0.09071558
200.6634 0.07800114
206.28685 0.065681204
212.66617 0.06370826
217.12994 0.05413869
223.21652 0.042763192
228.1 0.02963997
233.99174 0.0075692204
239.88824 -0.004729393
244.04059 -0.010031528
250.04797 -0.024909662
256.11914 -0.032588385
261.21225 -0.043034974
266.0334 -0.05242001
272.8528 -0.07128856
280.09146 -0.08196546
286.84402 -0.088054284
294.07336 -0.09610711
298.56778 -0.104781106
306.9515 -0.12087892
313.79037 -0.13077147
319.07474 -0.14144465
324.96167 -0.15825382
331.95236 -0.17863207
334.98935 -0.19144472
338.8987 -0.20418204
341.1519 -0.21791609
343.22482 -0.23132655
344.22705 -0.24337916
346.09174 -0.264206
347.5886 -0.27968255
349.0 -0.29343444
351.39642 -0.3152207
353.9624 -0.336743
354.81302 -0.35178733
356.53082 -0.36468738
357.78064 -0.38130394
359.34146 -0.3992075
360.49457 -0.4136705
359.672 -0.42751154
358.17017 -0.4447637
356.75876 -0.46229896
354.9991 -0.47745842
350.90747 -0.4905644
346.56735 -0.50383794
341.3351 -0.5123085
334.9202 -0.5265607
331.4527 -0.53966653
328.21918 -0.5527162
321.3332 -0.55936944
314.41702 -0.5649045
308.8335 -0.57255137
304.18307 -0.58637595
300.23257 -0.6024598
297.4118 -0.61797154
293.07498 -0.63698643
287.91214 -0.6590703
282.8759 -0.6820033
277.3655 -0.7029554
273.43533 -0.71519846
268.6551 -0.72181934
261.43948 -0.7308805
257.79398 -0.73835063
250.57336 -0.7539112
245.37079 -0.7671978
240.4039 -0.78144413
234.7734 -0.79940313
229.31166 -0.81263846
225.09612 -0.8314137
221.6398 -0.84867764
218.37871 -0.8657986
214.648 -0.8864783
212.0381 -0.9017083
208.3744 -0.9242663
205.98807 -0.93977565
203.09828 -0.9595166
200.81856 -0.9759072
198.55504 -0.99297065
195.87491 -1.0143051
193.09262 -1.0481945
195.30692 -1.0750532
197.14182 -1.1047789
198.64935 -1.1355824
201.67494 -1.1651087
205.47241 -1.2042074
207.737 -1.2301037
208.57265 -1.2555641
210.2346 -1.2780924
213.69948 -1.3024019
218.01085 -1.336168
221.5982 -1.3677931
225.3774 -1.3982385
229.38162 -1.4277881
230.96611 -1.4495629
233.14159 -1.473245
235.62892 -1.4986771
236.55565 -1.5212578
236.36887 -1.5412143
239.04172 -1.5583445
243.06026 -1.5842665
245.3694 -1.6008822
246.55157 -1.6196316
245.92044 -1.6441917
244.46434 -1.6701009
243.37775 -1.7027645
240.54996 -1.7303706
236.66434 -1.7587299
229.83577 -1.7821523
223.90263 -1.8061422
219.05414 -1.8303148
217.30768 -1.8562789
216.22205 -1.886758
212.5175 -1.9223586
207.99002 -1.9561672
204.02094 -1.9853755
200.98593 -2.0041342
197.32433 -2.0340307
197.82678 -2.0738952
199.36566 -2.0977993
201.65111 -2.1264286
204.34074 -2.1561897
205.95096 -2.1764562
208.60333 -2.1945815
211.13203 -2.2110372
215.37166 -2.237013
219.13744 -2.258579
223.59557 -2.2770557
229.67535 -2.2945635
233.24847 -2.3039808
240.55983 -2.3202512
248.76547 -2.3378627
253.11906 -2.3499327
257.3423 -2.3609953
261.6133 -2.3663423
266.15735 -2.3714683
269.83212 -2.3794875
273.6833 -2.3878381
278.7203 -2.3998172
282.5033 -2.4120202
287.0271 -2.4260254
290.7936 -2.4372303
294.71747 -2.4484904
297.61417 -2.469486
303.4249 -2.4929245
306.1637 -2.5069432
308.85245 -2.518187
311.54193 -2.5283084
317.06308 -2.5443285
320.45566 -2.5657184
325.1816 -2.5831041
332.14224 -2.5996614
335.23376 -2.6086683
340.24826 -2.6301506
342.3012 -2.6435246
346.22043 -2.6718292
349.88953 -2.7025285
352.26514 -2.7150996
355.83035 -2.7356112
359.80835 -2.758388
361.50882 -2.7780619
361.97144 -2.7986603
360.48373 -2.8206108
358.5815 -2.8369691
356.60516 -2.8551214
354.90274 -2.8718832
353.35526 -2.8882074
351.13724 -2.903725
345.85275 -2.9183192
339.67856 -2.9347773
334.30856 -2.9408774
328.46762 -2.9520414
321.87808 -2.9734218
314.83585 -2.9928355
309.0571 -3.0153852
300.51785 -3.029307
291.08502 -3.0420313
285.8174 -3.0507638
278.11627 -3.0698693
271.9829 -3.0912797
264.81555 -3.115162
260.70026 -3.1264665
255.6656 -3.1349883
247.69061 3.1322927
243.71423 3.1239226
235.75232 3.1180673
231.07152 3.1132648
226.10477 3.1082208
221.221 3.0962427
216.3617 3.08125
211.56776 3.065626
207.62602 3.0498374
201.31822 3.0169706
194.25282 2.98118
186.33977 2.9457006
178.966 2.9246593
174.29803 2.9069803
169.87718 2.8900654
164.36514 2.8743699
158.65317 2.8637478
153.85683 2.8548448
150.15254 2.8414242
146.41985 2.8129725
144.28134 2.7727873
144.4982 2.7283452
144.87703 2.689739
146.72122 2.664495
151.13042 2.6375382
159.69176 2.6151934
164.47983 2.5986226
168.8267 2.58474
174.43118 2.565916
179.06332 2.5543067
182.81131 2.5349376
185.28679 2.5170665
190.219 2.5058258
196.20018 2.4903405
202.27484 2.4696424
205.36565 2.4566047
210.88657 2.4379501
215.11557 2.4256346
221.62076 2.4108393
225.41089 2.3996906
230.62718 2.386441
235.09953 2.3747013
239.83078 2.3603377
245.49808 2.342989
249.09717 2.3345485
253.7458 2.3225236
256.85565 2.3112643
263.46222 2.2921934
266.67075 2.2830591
269.7255 2.2733207
275.28445 2.2563457
280.5683 2.241038
286.64975 2.2243314
291.85712 2.2107382
296.0652 2.1918771
299.77982 2.1749196
302.94025 2.163756
304.9824 2.144073
306.26382 2.1254687
307.15506 2.1074262
306.57758 2.0844243
304.49323 2.0630527
300.95755 2.0457642
298.8646 2.0342305
297.0417 2.0217953
294.06027 2.0084722
291.06012 1.9943302
288.38406 1.9732522
284.11804 1.9528908
282.2425 1.9316624
280.20004 1.9088261
278.27267 1.888536
276.01532 1.8749762
272.16074 1.8536506
270.47778 1.831388
269.233 1.8134451
268.6747 1.7882915
267.58545 1.7690305
265.799 1.7484757
262.8207 1.726454
261.5656 1.7011236
261.80643 1.6855987
261.45236 1.6627995
258.90845 1.6365949
258.60336 1.6152248
258.433 1.5964214
259.34738 1.5708841
260.39404 1.55171
261.54446 1.5318192
261.84756 1.5088803
262.39764 1.4812297
262.39764 1.4812297
