Mouse
14
260.95566 -1.0178397
260.80258 -0.99020344
260.2787 -0.9657089
260.13464 -0.94650114
259.89047 -0.9218922
259.18134 -0.90026766
259.23346 -0.8755651
259.44366 -0.8508876
259.13495 -0.82910293
258.92236 -0.801816
258.8913 -0.7799669
258.29727 -0.7553118
257.86093 -0.7305581
258.8847 -0.7116159
260.00067 -0.69282967
260.58444 -0.67121255
261.48447 -0.64434344
262.57193 -0.6176777
262.74857 -0.5986533
263.8574 -0.5775854
263.7051 -0.5554873
263.68173 -0.53337437
265.04868 -0.5042859
265.32333 -0.48232165
266.62192 -0.45874694
266.73914 -0.43359566
267.82562 -0.41533557
269.00067 -0.397229
269.89447 -0.37584388
270.91086 -0.3546096
273.3214 -0.3358027
273.92752 -0.31960925
275.5596 -0.302407
276.99234 -0.28194806
279.50586 -0.2607824
281.1711 -0.24084854
283.16776 -0.22460261
285.0327 -0.205156
286.02133 -0.18661581
288.0935 -0.1676285
289.27914 -0.1494319
290.55975 -0.13138977
292.8165 -0.109731786
293.4009 -0.09580686
294.04193 -0.081939965
295.73694 -0.067905836
296.491 -0.054216508
298.26074 -0.037113078
299.13885 -0.023626123
301.05725 -0.0035436307
302.08096 0.013020608
303.15918 0.026171308
304.28943 0.039226558
308.32672 0.041958615
312.51443 0.054210175
311.75894 0.06719592
312.13452 0.08317918
312.7939 0.10548261
313.3598 0.12135069
314.8602 0.13357715
316.8566 0.1550537
317.6672 0.17060524
318.5542 0.18607391
319.3184 0.19838467
320.34134 0.21368748
321.66718 0.23191705
322.85306 0.24698992
325.33737 0.264122
326.40448 0.27595204
327.8021 0.29062858
328.9706 0.30227807
330.49356 0.31672156
331.76117 0.32817897
333.07196 0.3395477
334.77048 0.35363102
336.17664 0.3647935
337.62433 0.37586161
339.11307 0.3868339
340.6422 0.39770895
341.29385 0.40964943
342.90662 0.42034945
343.16333 0.43603036
343.97006 0.44779935
345.26895 0.4621075
345.29102 0.47505966
344.95926 0.49192765
344.23975 0.5062864
343.59155 0.52070224
344.5546 0.5426592
345.99545 0.56049526
346.45648 0.57334334
346.97455 0.5861552
348.11414 0.6012993
348.75592 0.61400145
349.8236 0.6329622
350.60492 0.64553565
352.05386 0.6602985
353.27826 0.68289477
355.04633 0.693412
355.9816 0.7096013
357.00964 0.7257016
358.1297 0.74170524
359.30438 0.7615396
358.5133 0.7752953
357.79037 0.7891093
355.74976 0.80702114
355.23767 0.8249756
354.26312 0.84906906
353.25827 0.8653054
352.48575 0.88562363
351.5302 0.898035
349.83984 0.9087589
348.98596 0.92132246
346.41187 0.9409084
345.9396 0.95769715
344.17624 0.9752996
343.06772 0.9906359
342.35272 1.0100987
340.23227 1.0371932
339.94894 1.0503167
339.23953 1.0660363
339.08517 1.0792143
338.96414 1.0989983
338.95718 1.112192
339.0574 1.1319779
338.28735 1.1439381
338.48135 1.1571419
338.3457 1.17305
338.6696 1.1862267
337.18936 1.1972233
337.26968 1.2131904
335.89044 1.224346
335.17114 1.2393911
334.52805 1.2544974
332.7106 1.2716373
332.51282 1.2840194
331.13324 1.2985028
331.0463 1.3109533
330.04123 1.3226664
328.84897 1.3374058
326.88477 1.3641951
326.08774 1.3762012
325.33795 1.3882644
324.4676 1.4034188
323.67215 1.4186512
322.95218 1.4339552
321.19556 1.452037
320.54004 1.4706247
319.1686 1.4827814
318.69727 1.5015363
317.44705 1.5138888
317.2447 1.5264773
316.09314 1.5389795
313.99155 1.55151
311.93994 1.5642073
309.95828 1.583523
309.0353 1.5965071
306.29797 1.6196069
305.58472 1.63611
303.2236 1.6630858
301.62952 1.6769022
301.2075 1.6937611
299.88107 1.7111274
299.6335 1.7281181
297.8588 1.7529094
297.04456 1.7739953
295.92447 1.7885985
294.36377 1.810704
293.65753 1.8288623
293.04855 1.847102
291.5807 1.8664075
289.9142 1.8826216
287.37842 1.9001405
286.21356 1.9200624
283.51263 1.9348336
281.2463 1.953189
278.68744 1.9685326
276.5986 1.9874675
272.79874 2.0097792
271.82736 2.0277908
270.05594 2.0476196
267.99313 2.0727613
266.96686 2.0963912
266.42496 2.1150289
266.511 2.1369095
265.89297 2.1608512
265.6728 2.1796458
265.32812 2.2037284
265.3224 2.2225735
265.73273 2.2549353
265.87 2.27902
265.4185 2.3055851
265.9209 2.3243105
267.23352 2.340348
267.91553 2.3641427
268.7484 2.3878033
269.06473 2.4140732
268.69135 2.4326174
269.1823 2.4535725
269.17343 2.477361
269.11624 2.4959373
269.6123 2.524875
269.7925 2.543402
269.5187 2.5650022
269.37088 2.5866363
269.34924 2.608284
268.5823 2.628102
267.518 2.642963
267.36743 2.66804
266.92096 2.6881292
269.30823 2.7129548
270.02084 2.7344162
271.23505 2.752339
273.6854 2.7795584
274.77997 2.8004436
276.31003 2.8177192
277.92163 2.8347995
279.61337 2.8516781
281.81555 2.87614
283.69913 2.8925207
288.12732 2.917838
291.17938 2.9342818
294.30856 2.95038
296.35428 2.9688692
298.65543 2.9837904
300.88104 3.0017695
303.20248 3.019479
304.62302 3.0365713
306.1317 3.0534997
307.80017 3.0670168
309.40836 3.0868378
310.17426 3.1031108
311.04584 3.116085
311.95844 3.13219
312.9597 -3.131793
313.04858 -3.1158211
313.30713 -3.0934844
312.58942 -3.077353
312.87164 -3.0645943
312.30026 -3.0483844
312.9157 -3.0292919
313.91293 -3.0039651
313.49796 -2.9908884
313.4691 -2.9714847
314.171 -2.958936
315.11755 -2.9433322
316.14038 -2.9278257
317.4674 -2.9093554
319.38217 -2.8978877
321.33844 -2.8865583
323.17538 -2.8655972
324.28827 -2.853729
325.44647 -2.8419437
327.58105 -2.8215258
328.90787 -2.800366
329.32968 -2.7879038
331.0947 -2.7737367
332.5541 -2.762513
332.44473 -2.7396102
333.11432 -2.7273848
335.57407 -2.7110162
337.2632 -2.7002385
338.52127 -2.6790164
340.35358 -2.6619284
341.4053 -2.643633
343.33383 -2.633397
345.4273 -2.616813
346.58862 -2.605379
347.9895 -2.5876198
350.11032 -2.5779035
353.35257 -2.5635498
354.44876 -2.5486517
355.62314 -2.5338485
356.8749 -2.5191462
358.20328 -2.5045497
357.41095 -2.4888957
357.49188 -2.4749093
355.17865 -2.4516568
354.68417 -2.4357798
352.96115 -2.424116
351.2866 -2.4123394
351.0146 -2.3962483
348.6966 -2.378255
347.1981 -2.3579822
345.82 -2.341631
344.4941 -2.3292568
343.95645 -2.3148155
343.09723 -2.2858121
342.39035 -2.260798
342.1944 -2.2462018
341.45856 -2.2292798
341.42026 -2.214636
342.2642 -2.198273
341.80658 -2.1812775
342.2774 -2.1626077
342.3259 -2.1415412
342.00488 -2.117997
340.64682 -2.0998993
339.51413 -2.0882418
337.94458 -2.0739193
337.79764 -2.0606902
336.7969 -2.0421753
335.89545 -2.0302134
334.61087 -2.0154943
333.81732 -2.0033882
333.07294 -1.9912261
332.50943 -1.9722967
331.8917 -1.9600253
330.45175 -1.9325268
329.31604 -1.9141771
328.2922 -1.895941
328.6342 -1.879579
328.10654 -1.8641338
327.00296 -1.8024079
326.45682 -1.7805203
326.6282 -1.7679045
326.14133 -1.7432473
325.4788 -1.7311397
324.71802 -1.7159387
324.03262 -1.7006698
323.4231 -1.6853397
322.69797 -1.6637881
322.12338 -1.6421494
319.7541 -1.6238778
318.56766 -1.6115054
314.3287 -1.583411
310.34454 -1.5545717
308.43607 -1.5414993
303.67612 -1.5212662
301.03952 -1.5008649
296.82718 -1.4694362
295.38876 -1.4519101
294.17975 -1.4308505
291.9559 -1.4124577
290.81674 -1.3943945
290.1666 -1.3694326
289.0393 -1.3544887
288.44226 -1.3326823
288.44342 -1.3183877
287.539 -1.3031797
286.30798 -1.2801964
285.8748 -1.261434
285.22177 -1.2459401
284.973 -1.227071
282.24878 -1.2122874
279.95398 -1.1938934
276.4478 -1.1771457
273.93826 -1.1614306
270.0941 -1.1390008
267.28836 -1.117579
264.15192 -1.0990794
263.3433 -1.080371
262.24533 -1.0563657
260.78815 -1.0354643
259.97574 -1.0110712
257.93338 -0.9876352
258.5047 -0.97045773
256.94254 -0.952028
256.94254 -0.952028
