Finger
11
216.51056 1.5361923
233.63486 1.4629062
243.55818 1.4297647
248.6924 1.4143494
252.82066 1.3998555
260.78558 1.3770337
266.8383 1.3594234
272.08517 1.3439451
278.35043 1.3269831
285.8896 1.3083473
290.82837 1.2886839
296.01382 1.2655439
299.94315 1.244432
301.786 1.2289897
303.4984 1.2134684
303.3485 1.1893252
302.346 1.162884
302.13797 1.140175
302.33163 1.1156663
301.23367 1.08789
298.732 1.0598109
297.24683 1.0414819
295.20944 1.0136694
294.67166 0.9852026
293.39703 0.9566176
290.88223 0.9335467
290.4188 0.9076724
291.013 0.8818097
293.84845 0.8594592
297.56348 0.83898586
300.42883 0.819592
304.40045 0.80479825
308.45142 0.7912404
313.39432 0.775409
319.16293 0.7578427
324.32294 0.73871624
328.88358 0.7221025
333.62833 0.7065244
339.61453 0.69077784
342.97278 0.6797662
345.4714 0.6702217
349.76752 0.6532765
354.5773 0.64222443
360.81952 0.62934554
364.87088 0.6212845
368.49457 0.61168045
372.04947 0.6016657
377.49985 0.58796173
380.7632 0.57314956
381.22287 0.55180347
380.96454 0.5331536
378.8162 0.51281744
374.94516 0.49417186
371.2216 0.47521937
368.98474 0.46329963
366.76605 0.4510396
364.63025 0.43879062
362.52023 0.4262198
360.48373 0.413602
357.57553 0.40186447
354.92938 0.38979962
352.9573 0.3776178
349.52173 0.36628908
346.77682 0.3536915
343.9265 0.34124818
340.86102 0.33138555
334.53244 0.31264856
326.13214 0.29205668
318.14883 0.273423
310.27332 0.25380626
304.4832 0.2317236
301.63766 0.22033535
296.2939 0.2003451
292.00626 0.17879198
288.16583 0.16285424
286.20477 0.14632991
285.41696 0.12622991
284.81024 0.108155504
286.23248 0.08725609
287.81845 0.06861898
292.94656 0.040882193
296.97476 0.022819147
301.89703 0.0025702165
307.9312 -0.016228788
313.03824 -0.031894427
317.24854 -0.04798563
318.74414 -0.063465945
320.9344 -0.08107065
321.71588 -0.10027166
322.34497 -0.118091874
323.00226 -0.13415693
321.8497 -0.15274552
318.9691 -0.1706904
314.16888 -0.18953303
307.1254 -0.2072099
302.1408 -0.22762148
296.4971 -0.24589507
292.20905 -0.26014075
286.5278 -0.2799555
279.91904 -0.29795995
274.6642 -0.31227708
269.18167 -0.3306098
263.2362 -0.3464317
255.80551 -0.3685883
252.51595 -0.3787796
248.03693 -0.39813283
243.40823 -0.41604817
239.4803 -0.43247864
235.7085 -0.45770735
233.24074 -0.48221824
230.92018 -0.5027275
230.66878 -0.52372634
231.033 -0.54581386
233.72145 -0.5740753
237.15565 -0.59609294
240.21933 -0.62181336
245.75691 -0.64587665
250.70131 -0.6651787
254.03511 -0.6754709
259.89365 -0.6923935
265.91183 -0.70781857
272.087 -0.7272749
276.7889 -0.746162
282.48474 -0.75748724
287.23553 -0.7658338
292.8386 -0.7797243
297.78094 -0.7963717
302.25366 -0.8107477
305.82617 -0.8328847
307.70425 -0.84833956
309.51834 -0.8662571
309.71503 -0.89196193
309.14218 -0.9150619
307.94125 -0.93656766
306.24298 -0.9564949
303.46603 -0.98133355
300.7799 -1.0071394
298.47763 -1.0258883
295.81512 -1.0409249
293.3226 -1.055617
290.9936 -1.0699347
288.16217 -1.0881894
286.5968 -1.1127026
285.4223 -1.1308944
285.0253 -1.1499226
285.7234 -1.1696725
289.37997 -1.1936812
292.2584 -1.2158675
295.01398 -1.2401614
297.88248 -1.2646194
301.37866 -1.283519
306.6027 -1.3047925
312.84384 -1.3300059
319.47266 -1.3511158
324.94193 -1.3762805
330.3919 -1.4041204
335.37814 -1.4246967
339.518 -1.444318
343.9735 -1.4635285
348.42606 -1.4798222
352.9136 -1.4980129
356.5254 -1.515612
358.43106 -1.5326399
360.746 -1.5500305
363.17026 -1.5661178
363.1896 -1.5821347
362.36948 -1.6042192
360.8696 -1.6242778
359.06137 -1.641267
356.46063 -1.6558366
353.9181 -1.6700913
350.7767 -1.6881719
346.778 -1.7068983
345.1649 -1.7193048
340.2209 -1.7398627
335.0229 -1.7546159
329.89346 -1.7698601
324.8536 -1.7855326
319.70428 -1.7992678
314.76282 -1.8153826
309.96344 -1.8325487
305.25418 -1.8502733
300.8796 -1.871172
296.76178 -1.8938015
293.0766 -1.9196886
289.96976 -1.9383134
287.56305 -1.9564067
286.1175 -1.9804983
285.34814 -2.008612
286.95892 -2.029863
288.86285 -2.050572
289.4308 -2.0676618
291.80582 -2.090676
293.89767 -2.1029787
297.509 -2.1232452
301.13974 -2.142503
303.9726 -2.156829
306.29828 -2.1681705
308.11603 -2.1824586
310.78546 -2.2000833
311.45975 -2.2191606
312.17133 -2.236929
311.65955 -2.255376
309.62534 -2.282599
306.98752 -2.3022852
302.7344 -2.3202848
297.63422 -2.3410177
294.06458 -2.3576608
290.44458 -2.3702404
285.05295 -2.389894
279.8865 -2.4098556
276.99817 -2.4215426
272.43222 -2.4408638
267.97348 -2.4559636
262.84143 -2.4791038
257.1973 -2.5012367
250.87433 -2.5220282
247.34473 -2.5423255
244.01462 -2.5626073
240.78665 -2.5834482
239.23546 -2.608747
237.34952 -2.6324172
237.45259 -2.656528
238.21342 -2.6779115
243.51576 -2.715718
247.05148 -2.7310271
250.15977 -2.7451227
253.10135 -2.7585266
258.15506 -2.7829506
262.77505 -2.8016987
268.4208 -2.820928
274.38522 -2.8366323
280.9822 -2.8477318
285.94556 -2.863058
290.91858 -2.8786316
294.76617 -2.8926475
298.14932 -2.9058812
303.845 -2.9238894
308.30716 -2.9374225
311.3119 -2.9546232
313.43677 -2.9753122
313.34006 -2.9979358
311.42557 -3.0196664
309.0468 -3.0328827
307.45496 -3.0482788
304.19678 -3.0670228
299.76096 -3.089316
297.23373 -3.114996
295.13577 -3.1359484
293.14996 3.1310234
290.31302 3.1068003
287.89578 3.0814588
286.46133 3.0538685
284.2967 3.0249386
283.07904 3.0030894
283.75037 2.9821177
285.7142 2.9583223
288.4669 2.9318883
291.21115 2.9056952
294.44598 2.8865924
299.3914 2.8639553
304.52975 2.841446
311.10928 2.817574
318.43326 2.7988033
326.12073 2.787641
334.55975 2.7714272
341.24472 2.7537816
348.0156 2.7368588
354.15424 2.7196703
360.20493 2.7028742
363.96414 2.6925316
369.03522 2.6720028
372.71356 2.6529121
374.6087 2.643481
376.5382 2.6341388
377.87015 2.6171792
378.67548 2.6031375
377.72488 2.5830817
373.30884 2.5628603
368.33102 2.544216
362.89978 2.527272
357.93085 2.513277
354.6933 2.5066292
350.8606 2.498557
346.89648 2.489967
342.93036 2.4811153
339.5905 2.473452
336.4543 2.4660738
331.01678 2.4567447
325.14404 2.4459128
318.2903 2.4277964
314.0196 2.4193358
309.59833 2.4110734
304.15173 2.3957763
299.77957 2.3822176
293.47165 2.366389
288.39523 2.3449867
283.73572 2.3219244
281.6415 2.2990675
281.4653 2.2723868
283.0863 2.2402592
286.27255 2.2087357
289.28897 2.1756
291.72748 2.1575086
293.9911 2.1442335
297.70422 2.1132994
302.47522 2.0878382
307.5488 2.0636494
313.24768 2.0431108
317.7269 2.0219114
319.79245 2.0050313
320.98895 1.9827522
321.37137 1.9621909
321.2254 1.9422661
321.87656 1.9257267
318.68292 1.9119654
314.21228 1.8976705
308.8405 1.886505
303.1198 1.8709744
297.36243 1.8532996
293.31244 1.8422443
288.96368 1.8280818
282.12485 1.8138888
274.6077 1.7973193
266.69867 1.7810771
258.50412 1.7611878
252.27379 1.7417803
245.08694 1.7200911
238.4658 1.6956922
231.75542 1.6700372
225.42136 1.641662
219.81932 1.6150016
216.56387 1.5966737
219.15279 1.5615481
221.2997 1.5334716
224.53816 1.5117291
225.07751 1.4917495
225.07751 1.4917495
