Mouse
10
303.84976 1.4917012
303.5599 1.5048374
303.2714 1.5212892
303.09976 1.5344703
302.98087 1.5476642
302.90646 1.5641673
302.91458 1.5806739
303.00525 1.5971752
303.13712 1.6103665
303.4337 1.6301259
303.77118 1.6465575
303.10403 1.6599665
302.59576 1.6767197
303.04477 1.6898454
302.68835 1.7066402
301.5834 1.7272515
301.41776 1.7441549
300.1683 1.7584308
299.96024 1.7721542
300.02377 1.7891502
300.40866 1.8093714
299.94946 1.8303853
300.03802 1.8441262
301.1424 1.8569163
300.68265 1.8747473
301.90396 1.8873895
301.28116 1.9020736
302.0041 1.9188073
302.45596 1.9323674
302.96326 1.9458847
303.36618 1.9667045
304.01343 1.9801129
303.72302 2.0021687
304.0444 2.0198586
304.90677 2.0331008
304.93356 2.0477672
305.49927 2.0653136
305.66998 2.0799377
305.90598 2.0945425
306.20715 2.1091216
306.57324 2.123669
307.00406 2.1381786
307.771 2.1598592
308.10956 2.178763
308.55798 2.1976182
307.71542 2.215772
308.37848 2.2345784
308.3748 2.2553427
307.21127 2.2711415
306.125 2.2870564
304.3052 2.3099186
304.09604 2.3285022
304.69348 2.3494463
304.0333 2.3750162
304.24854 2.398255
304.53885 2.416815
305.6953 2.4374561
306.8406 2.4533477
308.22537 2.4736764
309.54547 2.4892895
309.7553 2.5099573
310.672 2.527952
311.12863 2.5484953
312.25912 2.5662782
313.48764 2.5839272
314.65 2.6085188
315.24017 2.6242838
316.3073 2.6442783
316.61218 2.662679
317.93805 2.6894689
318.5052 2.7077057
318.2633 2.724603
318.5032 2.7386293
317.8806 2.7514386
316.0128 2.7660723
313.86188 2.7838578
312.48373 2.7958484
311.12933 2.818107
309.2744 2.8365018
307.80948 2.8519962
307.11377 2.8716505
306.78632 2.8882282
306.31036 2.9080105
305.9546 2.9278464
305.13113 2.9406576
304.9741 2.9605913
304.1138 2.9767647
304.17657 2.9967635
304.4871 3.0134873
304.00195 3.026538
304.36716 3.046499
305.0101 3.0598657
304.57898 3.0795007
305.35577 3.0927784
305.15265 3.109145
306.03125 3.1255813
306.99924 -3.1347516
307.07413 -3.1184685
307.19266 -3.1054504
307.46793 -3.0859478
306.7891 -3.069493
305.1976 -3.05268
303.58923 -3.038971
301.28503 -3.0181394
299.82245 -3.0040777
299.40826 -2.990386
297.24463 -2.9722354
295.1803 -2.953825
294.1963 -2.9358582
294.28296 -2.918531
294.2215 -2.9045203
293.50012 -2.8863597
293.57135 -2.8723154
294.6607 -2.859229
295.80017 -2.8462417
296.98914 -2.833356
297.27826 -2.8195138
297.62424 -2.805701
298.71793 -2.785633
299.20264 -2.7719371
300.1187 -2.7551978
300.1987 -2.7372584
300.37527 -2.7193344
300.6482 -2.7014372
300.5764 -2.6865623
300.57114 -2.6716833
300.68796 -2.6493726
300.84894 -2.634513
301.94354 -2.6213236
302.39734 -2.599174
302.78207 -2.584449
302.9357 -2.5652025
303.2014 -2.5459824
303.34198 -2.5222087
303.85754 -2.5030775
304.3069 -2.4794087
303.51895 -2.4562864
302.35974 -2.4402308
301.1865 -2.4193714
299.53592 -2.4055333
298.58273 -2.3843606
298.477 -2.3654146
296.35114 -2.3487782
295.07437 -2.3247774
293.82538 -2.3101933
292.07028 -2.2880914
290.98026 -2.2732134
290.09686 -2.2533753
289.94458 -2.2361429
289.47668 -2.2113042
288.72342 -2.196056
289.11087 -2.1739335
289.35577 -2.156667
290.5299 -2.137581
291.62946 -2.1110156
293.0539 -2.0922887
294.58017 -2.0737493
297.0918 -2.0538392
299.71918 -2.0342705
300.65472 -2.0179083
300.7619 -2.0030403
301.9646 -1.9794466
302.2434 -1.9646721
301.85358 -1.9437727
301.94214 -1.925937
301.47067 -1.9018574
300.52597 -1.8818936
300.28177 -1.8681924
299.81564 -1.8512694
298.73312 -1.8384024
298.41876 -1.8213568
298.19128 -1.8042803
299.58432 -1.779229
299.5714 -1.7622082
300.12592 -1.7347684
300.48764 -1.7210916
301.6311 -1.7004297
302.1334 -1.6868733
302.49277 -1.6667874
303.1322 -1.653336
303.69464 -1.6333737
304.46954 -1.6200562
305.2327 -1.6002601
305.14105 -1.5871568
305.10022 -1.5707703
305.12653 -1.5576606
306.2981 -1.5348499
306.46793 -1.521806
307.81793 -1.5024952
308.11676 -1.4895431
308.76376 -1.4669448
309.56772 -1.4444526
310.09714 -1.4316559
311.3075 -1.4062034
312.34668 -1.3872524
313.6998 -1.3653113
314.54034 -1.3528614
314.91986 -1.3335719
314.9149 -1.3204792
315.49054 -1.3012675
315.89896 -1.2851675
314.78033 -1.264192
313.80112 -1.2430762
312.62216 -1.2248439
310.97253 -1.2023292
309.65204 -1.1867882
308.40695 -1.171118
306.7297 -1.1510259
306.5661 -1.1364516
305.56708 -1.1204445
305.54034 -1.1058085
305.57907 -1.091173
308.08655 -1.0622569
310.18738 -1.0437908
312.39255 -1.0255792
313.63666 -1.0130209
314.08856 -0.998845
314.8843 -0.9776645
315.82053 -0.9566002
316.52216 -0.9426305
318.2951 -0.9192956
318.3744 -0.9035907
319.79797 -0.8830459
320.82144 -0.86945444
321.8072 -0.8515682
321.4171 -0.82961494
321.90564 -0.8097662
321.8107 -0.78340364
321.15164 -0.7679862
320.5692 -0.752509
320.80505 -0.7348843
319.6359 -0.7214041
317.87598 -0.7054372
317.11197 -0.68285197
316.16962 -0.66904527
315.4747 -0.65071386
314.0801 -0.63418937
312.43713 -0.6104498
310.69565 -0.5909349
308.77628 -0.575683
307.57346 -0.55127996
304.9843 -0.537314
303.20135 -0.514102
302.13123 -0.5009461
300.64645 -0.4847606
299.694 -0.47139612
299.2533 -0.4534741
298.0026 -0.43692064
298.15564 -0.4219261
297.45755 -0.40828097
297.90408 -0.3857956
298.85764 -0.36651635
298.98148 -0.34850544
299.5282 -0.33367315
299.19116 -0.31994605
299.56534 -0.30200145
300.03568 -0.28410736
299.9027 -0.27036932
300.7937 -0.25577787
301.27676 -0.23482949
302.10547 -0.21719193
302.44693 -0.18993409
302.52795 -0.17307906
303.37897 -0.14921276
303.66727 -0.13243999
305.5946 -0.10194603
306.039 -0.08210864
306.5428 -0.059080675
307.33157 -0.045895614
308.08975 -0.023047986
308.02353 -0.010065049
308.02158 0.009414351
308.0852 0.022397561
308.20074 0.035373226
308.3681 0.048336983
306.72083 0.068192266
305.02594 0.08172262
303.58456 0.101959676
302.03104 0.115809
300.80145 0.13639183
299.39386 0.15053685
297.3961 0.17199828
296.14117 0.18646242
294.79645 0.21501984
293.95734 0.23309009
292.4973 0.25541934
292.5694 0.26951176
291.3496 0.29210576
292.1821 0.31275806
293.192 0.3440695
293.9805 0.36122888
295.59958 0.38457903
296.98297 0.4045711
298.82446 0.43489686
300.50262 0.45440805
301.90393 0.48556036
303.8746 0.50456005
304.2228 0.5265937
305.39432 0.5395632
305.76602 0.55414754
306.2026 0.56869346
306.70377 0.5831949
305.93286 0.60856825
305.57626 0.62947816
304.9858 0.65961754
303.40445 0.6847616
302.391 0.72665185
302.05832 0.7500232
301.16592 0.78044844
300.49466 0.8016164
299.27936 0.8253191
298.81177 0.84196585
299.29483 0.86555606
298.25647 0.88011533
299.0081 0.90365994
299.72818 0.9224025
300.1914 0.9483951
301.41965 0.9715454
301.13306 0.9908765
301.8066 1.0119988
301.44998 1.0461134
301.99203 1.0699463
301.78308 1.1069766
300.95273 1.1277816
301.1658 1.1500528
301.39075 1.164878
301.10904 1.1932254
301.75977 1.2153752
301.3332 1.2289752
301.9093 1.2436787
301.599 1.2573038
301.71753 1.2782665
302.23828 1.2960162
302.14355 1.3096567
301.6213 1.3297321
302.41684 1.3473673
303.10303 1.368134
303.11908 1.3849564
302.40555 1.3979563
302.41992 1.4180707
301.83728 1.4311689
301.06088 1.4509058
300.6087 1.464117
300.20914 1.4773657
299.8624 1.4906473
299.38327 1.5139558
299.18268 1.5273044
299.18268 1.5273044
