Finger
8
289.3968 1.5932307
289.796 1.6278795
289.22394 1.6496707
288.86697 1.6741492
288.0123 1.7015064
287.1885 1.7300178
285.47058 1.75675
284.89307 1.7821081
284.50143 1.8074672
284.28873 1.8331455
285.00177 1.8578956
285.072 1.8799357
286.006 1.9007454
285.86133 1.9204665
286.4655 1.9382637
286.56662 1.9557645
286.73654 1.9754503
287.2338 1.996724
286.8261 2.0166416
286.6817 2.033204
286.80795 2.0643399
286.71378 2.0924551
287.36975 2.123545
287.68683 2.1433113
287.9819 2.1758142
288.1334 2.2021296
287.60797 2.2329051
286.51355 2.2628362
287.25415 2.292655
288.93912 2.3249078
288.95483 2.3498318
287.73624 2.3738432
285.32803 2.4032276
284.01047 2.4188566
282.4853 2.4468615
281.81348 2.4721797
282.59375 2.5020902
284.53244 2.5288234
285.03226 2.558792
284.5339 2.5744176
284.2618 2.602616
284.70285 2.6279893
285.13605 2.6486285
285.00983 2.6721861
284.8043 2.6875162
284.45926 2.706476
283.9341 2.7364378
284.0275 2.763013
285.27063 2.7911208
286.728 2.8187387
287.39218 2.8342211
288.12186 2.8495665
289.0456 2.8791852
289.74384 2.8942287
289.32062 2.918448
289.79984 2.943717
289.65552 2.9603767
289.0249 2.9775236
289.35492 2.9924405
289.28064 3.019894
289.79974 3.0345109
290.05298 3.0621672
289.6495 3.0821886
289.39728 3.0993075
290.22806 3.11659
290.14572 3.1339936
290.1437 -3.1349669
290.19843 -3.121071
291.06448 -3.105022
291.61536 -3.0842533
292.02234 -3.0636642
292.47318 -3.0459352
293.59372 -3.0121121
294.28842 -2.9950943
295.0174 -2.9792032
296.0475 -2.9591863
297.19296 -2.9393556
298.24075 -2.9228823
298.3583 -2.906299
299.38776 -2.892361
299.44263 -2.878496
300.7453 -2.8421657
302.11227 -2.8254602
302.74136 -2.808914
303.14175 -2.7952714
304.08994 -2.7682848
304.82672 -2.7390826
305.02264 -2.7204802
305.71133 -2.7000113
305.0643 -2.6836438
303.38528 -2.6513035
302.8999 -2.6203747
303.8791 -2.6001396
305.33377 -2.5797477
305.51404 -2.5606985
306.19138 -2.545652
306.69263 -2.5148823
305.46033 -2.4832883
303.87814 -2.4531128
303.2366 -2.435074
303.29495 -2.4001062
304.30493 -2.3714635
304.07623 -2.3479457
303.83575 -2.3278947
302.29172 -2.2969096
301.9996 -2.270546
303.44296 -2.2410755
305.07736 -2.2213745
305.76526 -2.2022607
305.28763 -2.1762614
304.9945 -2.1454253
304.13443 -2.1161504
303.0501 -2.0906544
303.26245 -2.064799
304.69037 -2.0328484
305.31357 -2.0144577
306.0517 -1.9945095
306.7869 -1.9755821
308.37305 -1.945388
309.98074 -1.9132278
309.91537 -1.8929174
309.2506 -1.8758118
308.7479 -1.8593681
308.55188 -1.8426797
310.15527 -1.8146002
310.96814 -1.7988275
311.84802 -1.7812968
312.80975 -1.7642027
312.86395 -1.7481015
313.99976 -1.7312192
314.57614 -1.7172867
315.63364 -1.7008067
316.04163 -1.6855133
315.74765 -1.669702
316.28934 -1.6536722
316.9104 -1.6376277
317.56522 -1.6186152
318.3642 -1.6027751
317.25845 -1.5896281
315.44162 -1.5746187
314.2272 -1.5587827
313.35715 -1.5396655
312.84863 -1.5204605
312.96143 -1.5013063
311.59592 -1.4848328
311.18362 -1.4655117
310.63464 -1.4457514
309.69028 -1.425757
309.52777 -1.4036013
308.88797 -1.3827881
308.8532 -1.3630741
308.43384 -1.3429238
308.64334 -1.3230042
308.6716 -1.3001812
308.47675 -1.2791636
308.3505 -1.2587538
308.1058 -1.2406013
307.8819 -1.2231678
307.31168 -1.2024635
307.45203 -1.1815903
307.0233 -1.1598915
306.63684 -1.1406499
305.16785 -1.1204836
304.22238 -1.104125
304.65628 -1.0715158
305.70358 -1.0521349
306.16153 -1.0300198
306.74976 -1.0082331
306.92624 -0.98934084
306.98428 -0.97285503
307.42334 -0.95798486
307.26373 -0.9213571
307.17242 -0.90069145
307.20645 -0.8798188
307.37506 -0.85899466
307.48108 -0.82443154
306.00296 -0.79175186
305.24197 -0.7574597
305.75903 -0.72074676
306.17712 -0.702234
306.0644 -0.68141013
306.23187 -0.66093224
306.04837 -0.6440382
305.0502 -0.62319654
303.99222 -0.6054626
303.34796 -0.5860516
302.6146 -0.5689278
302.05713 -0.55369747
301.17554 -0.53609264
300.50247 -0.51895064
300.57108 -0.49898285
299.62613 -0.47876775
300.03976 -0.45937493
300.68396 -0.44273472
300.7046 -0.42522034
301.73203 -0.40840518
301.02127 -0.39230853
299.97122 -0.37476733
298.874 -0.35584897
298.73965 -0.33718985
298.05527 -0.3176297
298.14496 -0.29911637
297.66937 -0.28210437
298.04837 -0.2616549
298.73312 -0.24377422
298.7264 -0.22590789
298.62418 -0.20885387
298.6035 -0.1916996
299.42242 -0.1741719
299.46555 -0.15466104
299.93048 -0.13679451
300.94293 -0.1170789
301.3762 -0.09936819
301.84454 -0.080190316
302.48944 -0.06337086
303.20334 -0.045906324
303.99487 -0.026803516
304.13638 -0.01042389
304.13248 0.009100237
305.21732 0.025434481
305.39667 0.04267907
305.65198 0.059087224
305.9719 0.07470156
306.38083 0.090803474
306.8767 0.10709383
306.82257 0.1267979
307.25418 0.14295734
307.18005 0.16274431
306.31778 0.17949378
306.06708 0.19737186
305.5296 0.21706201
304.7009 0.23449719
304.21866 0.2550733
303.59238 0.27272317
303.80258 0.28702238
303.34802 0.3046924
303.86154 0.3203969
303.33582 0.33594128
303.40842 0.35594246
303.69028 0.376693
305.02664 0.39625886
305.161 0.41393733
304.58337 0.4334724
304.01764 0.45261335
303.67044 0.47066003
304.1017 0.4893601
304.2211 0.5105388
304.23734 0.5305447
305.08582 0.5478639
305.91138 0.5647619
306.52148 0.57988465
306.80438 0.59877825
306.4436 0.61844105
306.14938 0.63915735
305.5319 0.65829587
305.49948 0.6790995
305.43558 0.6995738
305.16345 0.7186743
306.0775 0.7512873
306.60837 0.7858226
307.38345 0.8063135
307.03876 0.8267939
306.50858 0.8480925
306.2701 0.8689563
306.03476 0.90216285
305.95435 0.9347081
305.03708 0.9554875
304.64682 0.9746819
304.46475 0.99791723
304.33386 1.0171655
304.70627 1.0342023
305.2652 1.0653635
304.21735 1.0999166
302.89386 1.1158143
302.4343 1.1344341
301.4927 1.1511645
301.49908 1.1656662
301.08798 1.1795189
300.60043 1.2107888
299.5452 1.2301143
298.3195 1.2497827
296.71866 1.2692319
296.1576 1.2872025
294.7999 1.3034586
293.58533 1.3190047
292.8798 1.3392965
291.80493 1.3596952
290.60748 1.3798748
289.52838 1.4002324
288.7289 1.417139
288.00223 1.4343922
288.00232 1.4553103
287.61746 1.4760067
287.1097 1.4969062
285.96667 1.5176557
284.53958 1.5322188
282.345 1.560294
279.97754 1.5774311
279.97754 1.5774311
280.23425 1.4905204
280.8415 1.510492
280.58456 1.5282785
279.42426 1.5450705
279.3491 1.5596684
279.3491 1.5596684
284.33182 1.5655273
284.33182 1.5655273
