Mouse
10
333.3283 1.2966814
332.26782 1.3082707
330.52036 1.3287252
328.38336 1.3427778
326.31204 1.3570117
324.1111 1.3744488
322.1893 1.3890644
320.33713 1.4038522
318.25916 1.4250206
316.4512 1.4433217
314.7504 1.4618269
313.15857 1.4805268
311.8264 1.4930134
309.36374 1.5150715
308.12634 1.5310934
306.9127 1.5570124
304.88452 1.5733209
303.04108 1.6030407
302.19742 1.6163774
300.60193 1.639945
298.91162 1.6537577
296.69876 1.6814698
294.44708 1.7028493
292.48688 1.7279267
291.16867 1.7425706
289.50418 1.7681681
288.35965 1.783131
287.5073 1.8015983
285.78464 1.8210326
284.87097 1.836376
284.58597 1.8585664
282.88342 1.8751357
281.2752 1.9031439
280.12878 1.9235115
279.669 1.9394047
277.6521 1.9694159
277.3974 1.9855043
276.24533 2.01122
275.72427 2.0322638
274.90735 2.058288
274.27762 2.0844495
273.6751 2.1025665
272.5169 2.1308503
272.14578 2.14916
271.6044 2.172628
270.629 2.1931808
270.5696 2.211657
270.60257 2.2301354
269.0313 2.258491
268.53854 2.2794576
267.28412 2.313552
267.10278 2.3347127
267.04117 2.355893
266.37857 2.374475
266.60156 2.4009964
265.41367 2.4172049
265.81854 2.4384477
265.5674 2.457243
266.37363 2.4836564
266.34836 2.5024278
266.89615 2.53165
267.11066 2.5503595
266.65125 2.5805209
266.08252 2.605615
266.5548 2.6326344
267.27142 2.651174
268.07007 2.6779494
269.00952 2.6962373
270.03827 2.714392
271.28622 2.740633
272.15805 2.7618515
273.5042 2.7795014
275.54105 2.8016152
276.1284 2.817688
277.73987 2.8347797
278.47342 2.8506427
279.27667 2.8664184
280.36353 2.8933575
281.35336 2.9088857
282.9642 2.9319654
284.121 2.947201
285.9786 2.9698148
286.1546 2.987629
288.14008 3.0132349
289.53058 3.0312474
291.01407 3.0490818
293.37802 3.0771823
295.1452 3.0911434
297.90216 3.111768
299.80948 3.125303
302.77176 -3.1379051
304.81262 -3.1248064
307.9704 -3.105489
310.1383 -3.0928323
312.418 -3.0771585
313.69806 -3.0646389
316.20712 -3.0462053
317.60733 -3.033968
319.1757 -3.0187292
320.68146 -3.0067317
321.54315 -2.98824
323.16476 -2.97648
324.205 -2.958224
325.15387 -2.9431038
326.60626 -2.9220905
327.73132 -2.9071996
329.17657 -2.8894699
329.23187 -2.8769464
329.8916 -2.858598
329.41092 -2.842327
330.2793 -2.8240743
330.6037 -2.8116355
331.05945 -2.7896726
331.88248 -2.774491
332.0636 -2.7487593
332.17365 -2.7325478
332.29254 -2.7096272
332.613 -2.6934574
332.5737 -2.6800115
333.48413 -2.6679363
334.02805 -2.6518838
335.53296 -2.637331
335.74426 -2.6240215
336.87775 -2.612234
338.23798 -2.593936
339.4898 -2.5823429
340.4885 -2.5667782
341.8462 -2.5553668
343.55368 -2.5375967
345.02393 -2.5264082
345.72733 -2.5136206
346.48697 -2.5008872
347.30258 -2.4882114
347.38794 -2.4738185
348.32202 -2.4612455
348.54205 -2.4469094
348.7285 -2.4285507
348.36523 -2.4123542
347.416 -2.398243
346.4998 -2.3799777
344.99728 -2.3636823
343.5774 -2.3513646
342.27054 -2.3306842
341.1796 -2.3057134
340.85443 -2.2869608
339.24063 -2.2678127
337.75238 -2.2484884
336.83078 -2.2355142
336.15765 -2.218301
335.806 -2.1968634
335.3575 -2.1795392
335.2855 -2.1580348
335.67953 -2.1324193
335.60657 -2.115048
335.27612 -2.1017523
335.382 -2.084366
335.1142 -2.064372
333.66162 -2.0497549
333.6231 -2.0363512
332.7756 -2.017541
331.55414 -2.002637
328.68582 -1.9832938
328.02353 -1.9708999
327.03516 -1.955627
325.55466 -1.9442385
324.00507 -1.9229954
322.90695 -1.8946941
322.3033 -1.8789994
322.16785 -1.8564103
320.79498 -1.8414549
320.21152 -1.8225633
319.2386 -1.8104281
319.28723 -1.7975146
319.3891 -1.7846069
318.95905 -1.7624933
318.22116 -1.7501533
317.53198 -1.7377579
317.72803 -1.7217163
317.15128 -1.7092471
316.37903 -1.6904628
315.82117 -1.6747437
314.4354 -1.6624207
313.09778 -1.6499908
309.6858 -1.6314423
307.4714 -1.6188508
305.27283 -1.6028049
304.17117 -1.589766
302.11896 -1.5667241
301.20325 -1.5467893
301.4525 -1.5235729
301.6678 -1.5103277
301.1751 -1.4869251
301.737 -1.4671088
300.6866 -1.4399542
301.5281 -1.4202243
301.04132 -1.3896651
301.19995 -1.3694712
300.95288 -1.3420936
300.43124 -1.3211315
300.311 -1.2968972
300.0069 -1.265306
298.07712 -1.2420709
295.7195 -1.2142051
294.7094 -1.1947519
293.27713 -1.1707118
292.51852 -1.1509727
289.12744 -1.1189907
286.9242 -1.0879072
285.29004 -1.0689781
283.03317 -1.0401917
280.80856 -1.0188934
278.9674 -0.9892977
277.3126 -0.97233397
274.69022 -0.9479949
273.8314 -0.9276078
271.9775 -0.8945131
270.7789 -0.87662554
268.81528 -0.85090685
267.83038 -0.83263737
267.6229 -0.81152195
267.5316 -0.7850971
267.71768 -0.74811137
267.41476 -0.7189423
267.2084 -0.69500035
267.49292 -0.66053027
267.66052 -0.6366078
268.55737 -0.61577517
268.73358 -0.5837594
268.86087 -0.55693555
268.82782 -0.5352465
267.9443 -0.50706095
267.7875 -0.49037558
267.69223 -0.46532252
266.82138 -0.45024288
267.40955 -0.42852443
268.12326 -0.4069115
268.414 -0.3902762
268.77884 -0.3736815
270.40436 -0.34762082
272.85056 -0.32884243
273.4875 -0.3126378
275.82077 -0.2909267
277.75583 -0.26264915
280.14413 -0.23825645
282.1528 -0.22197013
284.81335 -0.19832647
286.822 -0.17917378
290.59857 -0.15240163
293.7141 -0.13014105
295.20834 -0.11582619
297.56168 -0.09463067
299.20383 -0.08068962
301.77463 -0.06006918
304.55768 -0.04636729
306.366 -0.029761137
309.24603 -0.0100777615
310.2316 0.002848021
312.3062 0.022042796
313.4557 0.03792049
315.8568 0.06299279
317.20786 0.07852623
318.82858 0.10016959
319.2534 0.11263634
322.09784 0.13353476
323.64417 0.1453729
325.55432 0.16316457
327.21268 0.17473048
329.48288 0.19512619
330.48874 0.20996875
332.24832 0.23352048
333.4408 0.24810916
336.03638 0.27696058
338.0175 0.2968817
339.8106 0.32307228
341.76288 0.33972082
342.28687 0.36095133
342.78845 0.37289894
342.24573 0.39242008
341.95654 0.40546536
342.04572 0.4277326
341.91434 0.4408042
341.8269 0.4604249
341.41043 0.47745013
341.50143 0.49054477
341.65097 0.50363016
342.4856 0.5257605
343.3064 0.54128206
344.11566 0.56719875
344.60663 0.5801071
344.06064 0.5986353
344.4491 0.6155358
345.15405 0.6283439
345.11447 0.64283067
345.5847 0.6636672
346.50095 0.6763168
346.70102 0.69073117
346.21213 0.706998
347.14203 0.72762537
347.5393 0.7460248
348.02713 0.7684387
347.97714 0.7846934
348.01913 0.8009486
348.98987 0.8272569
349.3572 0.8474808
349.10492 0.86580175
348.4822 0.89040077
348.68167 0.91279966
347.84567 0.9254146
345.52744 0.9491356
345.6728 0.9635972
343.1222 0.99013007
341.55762 1.0080307
339.92972 1.0326465
338.62808 1.050889
337.04666 1.065238
335.90335 1.0904031
334.96567 1.1023729
334.0999 1.1211008
333.2862 1.1332139
333.4327 1.1466221
332.72256 1.158816
332.59665 1.175
332.55792 1.1911919
333.18808 1.2112556
333.68246 1.2245858
334.23596 1.2378743
335.17642 1.2577187
335.87634 1.2708833
335.6752 1.283148
335.5246 1.2954258
334.45914 1.306935
333.43826 1.3185163
333.43826 1.3185163
