Finger
7
251.36604 1.5608629
249.70062 1.6011044
248.91815 1.6221697
248.18997 1.6392417
247.48097 1.6558106
246.20206 1.6857822
243.87083 1.7074507
240.61234 1.729365
237.69621 1.7570039
235.18665 1.789356
232.17021 1.8113922
228.66646 1.8372178
224.96562 1.8601352
221.37355 1.8839244
217.92117 1.9083847
212.95209 1.9365871
208.65114 1.9651233
204.7653 2.0039062
200.31532 2.0376134
195.9822 2.0718853
191.87854 2.1077518
186.03859 2.1455345
183.61703 2.167157
181.46811 2.188694
178.04134 2.2305522
175.3115 2.272083
171.97899 2.3198204
170.3105 2.3767996
168.81453 2.4322429
168.07532 2.4824152
168.5922 2.5307589
169.8629 2.5831463
170.3572 2.6125162
173.80939 2.6700683
178.0012 2.7251616
182.667 2.7675004
187.01984 2.8094373
192.77628 2.852174
199.59877 2.8934202
202.9757 2.9141603
208.58458 2.9497957
213.58641 2.9780607
218.68077 3.00855
224.87341 3.040098
232.40338 3.065012
238.20956 3.0952337
242.9881 3.1218293
246.94322 -3.1337483
251.09196 -3.1059961
255.49039 -3.075273
259.37793 -3.0453377
263.97253 -3.0166101
266.48395 -3.0026333
271.49545 -2.979096
276.823 -2.9529452
282.3289 -2.9278145
287.0483 -2.9027882
290.95645 -2.8777742
294.37277 -2.8523824
296.2989 -2.8401608
299.91263 -2.8158875
304.23645 -2.7929194
307.24582 -2.7688005
308.97717 -2.754725
310.63855 -2.7418017
312.22147 -2.7299688
314.91785 -2.703244
315.82904 -2.6898305
317.62997 -2.6644032
319.62137 -2.6393502
322.68997 -2.6160965
324.40625 -2.5905561
324.7668 -2.5657012
324.41663 -2.541117
324.055 -2.515591
323.14575 -2.4934855
322.8938 -2.4694486
322.175 -2.4476712
320.83627 -2.4236085
317.55493 -2.3975673
315.9407 -2.3755033
314.46423 -2.3565695
312.94226 -2.3390734
310.4754 -2.31666
307.44336 -2.2950656
305.57925 -2.2692387
304.3909 -2.2437015
302.65036 -2.2190118
300.10904 -2.1964648
297.77176 -2.16915
295.0263 -2.14304
292.4826 -2.1163278
290.1524 -2.0892448
286.01453 -2.0615914
283.69815 -2.0460873
280.1291 -2.020702
279.10583 -2.0065818
275.65253 -1.976723
273.81436 -1.9608084
271.94864 -1.9437646
270.0912 -1.9257741
268.39163 -1.9082772
266.7826 -1.8906455
265.2569 -1.8727984
263.80872 -1.8546478
261.74207 -1.8372483
260.03583 -1.8160741
257.84332 -1.797363
256.76562 -1.7783726
254.80153 -1.759998
254.0786 -1.7445127
252.81947 -1.7133628
251.9223 -1.685927
251.04716 -1.6502824
251.2981 -1.6184347
251.31926 -1.5936348
250.25465 -1.5697777
248.66171 -1.5356748
248.58913 -1.5190234
248.8372 -1.5024382
249.5082 -1.4705697
250.33711 -1.4417645
251.44954 -1.4112512
252.28973 -1.391737
253.22778 -1.3723117
255.89955 -1.342421
257.8265 -1.3122228
259.98697 -1.2824736
262.6877 -1.2496216
264.28653 -1.2319087
265.65454 -1.21759
268.24573 -1.1922556
270.90735 -1.1682734
274.0359 -1.1422518
275.12848 -1.1251395
276.98206 -1.11133
280.622 -1.0857716
284.431 -1.0609437
288.40182 -1.0368377
290.13168 -1.0202193
292.77286 -1.0056957
295.48883 -0.9913615
299.1114 -0.96719605
302.30853 -0.94209665
305.48224 -0.91716635
308.53766 -0.88877845
309.71887 -0.87378687
311.99826 -0.8503739
314.43787 -0.8274059
314.39697 -0.8089621
315.01636 -0.7887427
316.83517 -0.77414787
318.4896 -0.7603604
320.038 -0.7472042
322.54282 -0.7233749
323.22015 -0.7010818
322.77112 -0.67510265
323.0126 -0.6508819
323.44943 -0.62682766
324.06512 -0.60268205
324.8768 -0.57885164
324.33572 -0.55790126
323.3332 -0.5410344
322.01022 -0.5218444
319.9641 -0.49768966
317.98776 -0.47250572
317.01944 -0.4522839
315.49954 -0.42723295
314.11276 -0.40145612
312.75345 -0.37566698
310.0861 -0.35141072
308.3762 -0.32599473
305.629 -0.29826453
304.2522 -0.28317478
302.13455 -0.27064928
300.04633 -0.2552693
296.36984 -0.23352425
292.36176 -0.2066343
289.7821 -0.19385779
287.85483 -0.17738712
284.3885 -0.15109162
282.88535 -0.13407503
278.95633 -0.107149996
275.5696 -0.09386631
269.01758 -0.070025705
265.77365 -0.055797826
263.5829 -0.04106614
258.3743 -0.010882278
254.39415 0.016477738
247.78737 0.0417884
240.13115 0.06814296
232.65999 0.09619248
226.1875 0.12563625
220.14127 0.15201819
213.25931 0.1855254
209.9131 0.20309092
205.85454 0.22202583
202.45758 0.2410858
196.28915 0.28044388
192.6089 0.32290775
189.32669 0.36813477
186.45053 0.41478187
183.99747 0.4626952
181.98138 0.5117144
181.51479 0.55270773
182.43018 0.6008405
183.57253 0.6375966
185.98921 0.68102396
188.86964 0.72394663
190.77681 0.7720564
191.70935 0.82077813
193.59145 0.870946
196.09167 0.92073464
200.09943 0.9614356
203.9823 1.0039669
208.71875 1.040667
212.7775 1.0839257
214.96022 1.1049745
219.18324 1.1498711
223.43481 1.1874849
227.66576 1.2230996
231.12247 1.2596047
234.35924 1.3032941
236.20114 1.3237023
237.93822 1.3470447
240.36923 1.38291
243.07193 1.4151447
245.95277 1.4487965
247.41057 1.4689395
247.94595 1.4893419
247.82217 1.5094993
248.59824 1.5266464
246.40266 1.5516596
246.3621 1.5768772
246.3621 1.5768772
