Stilus
10
249.4157 1.5928221
246.23566 1.6178306
243.37387 1.6471455
241.74998 1.6695796
240.28065 1.6916654
238.84337 1.7098967
238.43915 1.7271206
238.54384 1.7582071
234.87334 1.7815387
232.17047 1.8104417
231.31091 1.8334911
231.75589 1.8562709
229.84789 1.8860747
227.07928 1.9179225
222.08752 1.945321
216.80043 1.9706383
212.43309 1.9973447
208.7175 2.0266588
205.79419 2.0455217
200.20088 2.0767534
195.45506 2.108857
190.23889 2.1439605
188.39381 2.1694257
184.98405 2.2153172
182.46164 2.239462
180.41617 2.2627907
178.64406 2.2858915
176.31108 2.3050678
173.82642 2.3415105
173.11745 2.370334
172.78284 2.4235034
173.67467 2.477929
174.9105 2.5069277
175.98897 2.5378501
177.2603 2.5912793
180.98965 2.6420672
185.44347 2.6900296
190.1249 2.7377026
193.7694 2.788941
198.11876 2.8342824
201.88155 2.8761973
206.40265 2.9082155
211.17241 2.9378107
215.63776 2.9786842
221.65897 3.0197089
226.79701 3.057875
232.32716 3.0865805
238.52246 3.1194386
244.99686 -3.1253138
248.87868 -3.1055398
252.35089 -3.0861092
258.8307 -3.0595336
265.52197 -3.0322974
269.49738 -3.0039258
273.64877 -2.9765744
279.01035 -2.9505956
282.01285 -2.9374132
286.68832 -2.9117804
289.65457 -2.8951612
292.3516 -2.873517
295.03564 -2.853971
297.434 -2.841539
299.1796 -2.8232217
301.58066 -2.8099134
304.18268 -2.7918277
306.383 -2.776069
308.6331 -2.7574708
310.5158 -2.7427382
312.1947 -2.7301652
312.56427 -2.7060723
311.30887 -2.6791744
311.4721 -2.6625457
312.57596 -2.6488855
313.40527 -2.6357558
315.64832 -2.610442
317.46127 -2.5947194
319.13248 -2.5758274
320.03363 -2.5486832
321.0713 -2.532951
322.33188 -2.516688
322.6168 -2.5009682
322.4365 -2.4762151
320.74963 -2.4530807
320.0188 -2.4256394
320.4106 -2.4095268
320.8035 -2.3857684
319.43085 -2.3599374
316.69003 -2.333217
315.40137 -2.3196418
312.92288 -2.2967947
311.09152 -2.2753513
308.49838 -2.2539701
304.9322 -2.2341683
301.1292 -2.2178373
297.1005 -2.1996706
293.05518 -2.1804378
288.54047 -2.1576602
284.1999 -2.1342812
280.40497 -2.112483
277.6381 -2.0902498
275.52078 -2.0614796
272.52466 -2.038477
269.4387 -2.015264
266.81686 -1.9941623
264.1248 -1.9709429
262.41653 -1.9449781
259.8442 -1.918899
257.63812 -1.8944784
254.53192 -1.8695132
253.01651 -1.8384928
252.48303 -1.8105963
250.69685 -1.7794702
249.17513 -1.7483367
248.49553 -1.732385
247.74602 -1.7126272
247.20543 -1.6963882
247.4216 -1.6678331
246.77577 -1.6356099
245.42366 -1.6075003
244.29192 -1.587174
242.54776 -1.5574781
242.46669 -1.529577
242.80362 -1.5039127
243.34334 -1.476434
243.75352 -1.4600679
244.23 -1.4437215
245.37065 -1.4114151
248.72774 -1.3809553
249.6313 -1.3489711
251.2641 -1.317711
252.55586 -1.2986368
253.94011 -1.2797433
255.11728 -1.2647161
256.35135 -1.2498325
257.6431 -1.2350787
259.42523 -1.207739
262.32565 -1.1771365
264.25925 -1.1598772
265.9996 -1.1451112
271.194 -1.1213332
274.31155 -1.0983204
277.5565 -1.0759339
283.1729 -1.0544666
287.2028 -1.0302637
292.69296 -1.0125381
297.23648 -0.99925834
302.1079 -0.9821063
306.05286 -0.9630706
310.2563 -0.94385606
314.85263 -0.92397624
316.84845 -0.9118831
318.36743 -0.8956256
320.50955 -0.87684596
321.27518 -0.8554533
323.9046 -0.8357037
326.4102 -0.81883204
330.90686 -0.7995082
334.4421 -0.78869504
336.03198 -0.77558005
338.2595 -0.75797915
341.1622 -0.7389245
342.32373 -0.7231895
344.97925 -0.7012613
344.96478 -0.6859962
344.3326 -0.665182
344.26083 -0.6506447
344.61044 -0.63263446
346.1917 -0.614303
345.30606 -0.6011337
343.50827 -0.5810124
343.00558 -0.5680419
341.00232 -0.55446017
338.59286 -0.5415875
336.1534 -0.52940077
333.16464 -0.51386184
330.2986 -0.50456375
327.45193 -0.495049
324.67856 -0.4856199
321.0382 -0.47058523
318.34424 -0.46077487
316.71622 -0.44300878
315.0214 -0.42388666
313.9122 -0.40804222
311.57898 -0.3903578
309.71286 -0.3754434
308.6488 -0.3595098
307.12683 -0.3439481
304.843 -0.3223811
303.29727 -0.30675802
300.65213 -0.2895139
298.2327 -0.27358305
295.95688 -0.25825185
292.72406 -0.2400108
288.0455 -0.21618295
284.67703 -0.19735515
280.6136 -0.1785025
277.63492 -0.15844363
275.7603 -0.13747494
275.09854 -0.11882984
272.7508 -0.10142631
268.15192 -0.07761396
264.81726 -0.059034005
259.64523 -0.034922007
256.406 -0.018062107
252.3557 0.0015012356
249.4232 0.021526176
244.5839 0.034937188
238.8263 0.056721944
234.24483 0.082461305
229.82312 0.10366134
225.25569 0.12585366
220.00214 0.1518636
215.72342 0.17367187
212.52211 0.19549745
206.75185 0.22075303
201.36514 0.24209735
196.94489 0.27314356
192.62807 0.30653083
188.71107 0.34604746
185.5395 0.3766946
183.54086 0.4105391
181.29501 0.44623825
178.14853 0.47354817
173.43333 0.49565017
171.13428 0.52807
170.10518 0.5660167
169.71147 0.6153687
170.4458 0.6413143
171.76212 0.6798313
172.82895 0.7076095
175.21878 0.7404674
178.6021 0.76904047
182.68759 0.8071296
186.0325 0.851178
187.77205 0.8732681
188.6661 0.9086921
188.94205 0.945384
192.19597 0.9827019
196.25894 1.0264373
200.53226 1.0623167
204.57391 1.0953202
208.1726 1.1255823
213.5565 1.1572847
216.4629 1.1732738
222.40059 1.2038093
226.21048 1.2200898
229.67317 1.2350514
232.50615 1.2663656
235.66043 1.2958304
240.3758 1.3198708
244.69853 1.333897
249.12323 1.3452958
252.95721 1.3599781
255.55046 1.3809171
258.4702 1.408687
259.8213 1.4327328
260.05255 1.4562438
259.41214 1.480196
259.0485 1.4972491
257.986 1.5235528
256.75516 1.5394427
252.63828 1.5705144
248.755 1.5984709
244.21364 1.6308352
243.11662 1.6496772
242.61365 1.6724399
242.61365 1.6724399
