Stilus
13
266.42404 1.3955853
264.9575 1.4302531
264.40286 1.4459518
263.8255 1.4648072
263.25983 1.4874066
262.83014 1.5100304
262.53415 1.5328391
259.36423 1.5594037
256.36737 1.5825226
254.48454 1.6031592
252.81212 1.6310822
253.99136 1.6544566
254.99966 1.684534
255.74086 1.7075824
255.77922 1.7286268
256.50772 1.751028
258.4691 1.7701105
260.63876 1.7908913
263.45074 1.8079034
265.96988 1.8260993
267.27594 1.8441957
268.94907 1.8655673
271.39798 1.8850998
273.91486 1.8983958
276.50024 1.9143066
281.1536 1.9311254
285.40338 1.9479649
289.28113 1.965023
291.36523 1.9797273
292.98215 1.9922807
294.37637 2.0086994
295.07715 2.0235825
295.64487 2.0481567
295.55347 2.067438
296.8767 2.0842392
296.03738 2.1063614
293.84924 2.1266055
290.3955 2.1462314
287.0482 2.1664681
284.05157 2.1863997
282.98267 2.2054949
280.57462 2.2304957
276.50778 2.2555382
274.594 2.2713141
272.19193 2.2836792
269.46017 2.298712
266.9885 2.3120527
263.82526 2.323084
260.9002 2.3389378
256.13696 2.3625977
253.28596 2.3740654
246.53174 2.3923798
243.07893 2.4016364
240.20386 2.4133556
234.74805 2.4267337
228.6924 2.4440894
221.49994 2.4636793
217.415 2.4723003
211.38974 2.491637
206.66318 2.505887
200.81142 2.5139017
195.74132 2.522554
189.59286 2.5422373
182.78293 2.558102
176.33466 2.572762
170.38962 2.5922332
164.04262 2.6116436
157.43172 2.6306913
152.69685 2.660028
147.8891 2.6941957
143.87506 2.7209978
142.53766 2.760929
145.98593 2.806883
150.38591 2.8465276
155.23727 2.877525
161.01553 2.8936226
167.60834 2.903569
175.14282 2.9198456
182.58789 2.9390357
188.29001 2.9560661
193.83595 2.9719071
200.11267 2.9974642
207.30621 3.021969
215.60315 3.0452328
219.51973 3.0595932
228.19127 3.081261
232.8929 3.09114
237.05014 3.0962694
244.94766 3.105886
252.8156 3.1227918
259.9756 -3.14063
264.991 -3.12561
272.11288 -3.1076343
280.14484 -3.0879185
287.72324 -3.0683506
294.725 -3.0586035
300.93768 -3.0510242
305.446 -3.045102
310.57715 -3.0318415
316.46664 -3.0141816
321.24466 -2.9972315
327.0941 -2.9812808
333.30246 -2.9607282
338.02023 -2.9505475
343.28772 -2.933339
348.52432 -2.91828
351.25516 -2.9002333
353.70697 -2.8843956
355.0629 -2.8702564
356.77664 -2.8534942
358.10052 -2.8412707
360.243 -2.8226268
361.5754 -2.8116505
362.92838 -2.8009322
365.00916 -2.7851992
365.77835 -2.7719595
366.57465 -2.7590265
366.74884 -2.7400548
365.13528 -2.7208977
364.0615 -2.707487
361.6905 -2.6891263
359.00897 -2.6667864
355.1986 -2.6511025
350.00394 -2.6366475
344.94327 -2.6285198
339.73892 -2.619868
335.0616 -2.6083653
330.7752 -2.593636
327.3357 -2.5771344
322.7634 -2.5637019
317.1064 -2.552023
310.52158 -2.5377693
307.6852 -2.5282621
304.99548 -2.5179572
301.20557 -2.5010533
297.36523 -2.4901228
291.44965 -2.478909
288.30594 -2.4703708
285.18237 -2.461641
281.32056 -2.450491
278.24728 -2.4413195
275.67984 -2.429921
270.59702 -2.4123056
265.50732 -2.4001558
262.55902 -2.389824
256.81033 -2.3686857
253.22983 -2.3603735
247.65544 -2.3377976
242.32489 -2.3190353
237.13994 -2.3033118
231.1899 -2.2874842
225.12024 -2.2698724
221.1638 -2.2483158
218.04877 -2.2303584
214.01631 -2.2056632
210.59532 -2.191473
206.98845 -2.175214
203.79987 -2.152174
201.48825 -2.1344762
199.31763 -2.1001709
197.7704 -2.065803
197.2281 -2.0371256
197.31378 -2.0050576
198.54816 -1.9690318
200.96764 -1.9319156
204.30019 -1.8948416
207.09294 -1.8633258
209.80118 -1.8264285
215.1095 -1.796083
219.6813 -1.7712656
224.13596 -1.7457536
228.79765 -1.7276453
234.32303 -1.7033147
238.37459 -1.687344
242.82391 -1.6532495
245.62971 -1.6343716
247.49101 -1.6143022
249.32169 -1.5938826
246.5176 -1.5749133
243.53735 -1.5574923
239.71156 -1.5335608
237.27057 -1.5055052
235.49176 -1.4806279
233.23732 -1.4510121
231.11281 -1.422475
229.63728 -1.3994166
227.36366 -1.369571
222.74306 -1.3343947
217.66 -1.3015698
214.30629 -1.2682213
210.59749 -1.2313111
207.66566 -1.2008182
204.28026 -1.167936
202.06839 -1.1399353
198.82373 -1.1077107
198.33664 -1.0764211
198.51459 -1.0439926
199.6028 -1.0222422
202.37305 -0.9911594
207.08961 -0.9656716
210.56084 -0.936369
213.10153 -0.90675265
215.48248 -0.8890709
218.07678 -0.86742735
223.2942 -0.851956
226.88602 -0.84154725
231.2003 -0.8313249
234.93701 -0.8171527
237.86958 -0.8041056
243.09839 -0.78626966
248.99199 -0.7643277
254.77551 -0.7481226
261.26404 -0.7381638
267.25958 -0.72541076
274.322 -0.7123943
280.81924 -0.700574
287.78253 -0.6860563
293.10666 -0.6756347
298.0542 -0.66976905
303.50836 -0.6567474
308.69473 -0.639818
313.7467 -0.62395656
318.2885 -0.60988665
322.8428 -0.5936141
325.51468 -0.5778758
329.39783 -0.5684064
334.16687 -0.55579334
339.0043 -0.54100364
344.0167 -0.5255232
349.1924 -0.5078671
353.0897 -0.5001211
358.42157 -0.48658633
362.75604 -0.47361818
365.82275 -0.4643233
368.63248 -0.45077792
370.59415 -0.43586195
371.93246 -0.41690645
370.85718 -0.40350586
368.9219 -0.3910364
367.0467 -0.37845165
364.87372 -0.3631801
362.45044 -0.34515926
361.1157 -0.33472794
359.19302 -0.31898123
357.65402 -0.3056837
355.69705 -0.28773832
354.5036 -0.27613553
353.17676 -0.262552
352.14896 -0.251463
350.76306 -0.23559232
349.05142 -0.22426412
347.06393 -0.21341272
344.43723 -0.1999037
340.84207 -0.18411814
337.3323 -0.1718453
332.13724 -0.15627255
327.66876 -0.14285466
323.15112 -0.13234387
317.55908 -0.11811323
312.05896 -0.10484475
307.754 -0.0957649
302.62372 -0.09153457
298.52026 -0.088650495
291.32968 -0.08130896
287.10684 -0.07200289
281.81192 -0.055617694
276.54413 -0.03494963
270.42627 -0.016443424
264.79883 -0.0066487156
259.60452 0.0012916849
254.42102 0.013089942
250.45996 0.02214369
246.38455 0.026566725
241.81012 0.038579497
236.86555 0.0445199
232.70189 0.0496158
226.92245 0.050880533
220.94086 0.052259278
215.74275 0.053519603
210.01694 0.059746068
203.90173 0.066450626
197.98935 0.073497556
190.22089 0.07650488
185.33688 0.08276169
181.42915 0.090117835
173.75713 0.11152509
168.18913 0.13314949
162.93326 0.15524288
156.48764 0.18849726
152.95529 0.20626028
147.02885 0.2426096
142.26364 0.28005853
138.75464 0.31427738
135.34903 0.34142187
132.27895 0.3820203
130.88248 0.43515664
130.8152 0.4875985
131.9 0.5337145
135.58794 0.56966966
140.56828 0.59886587
148.65312 0.61877906
154.48343 0.63789964
158.6193 0.6518552
163.15483 0.675346
169.36803 0.68557644
175.03618 0.6959371
181.65262 0.69236284
186.93759 0.68456763
194.16771 0.6874293
201.09189 0.697876
207.75375 0.7135469
212.57079 0.7252098
217.54295 0.7370686
223.18481 0.7565811
225.95299 0.76947176
229.45508 0.785103
233.01361 0.8002693
235.90631 0.8121043
240.80801 0.82559943
245.33345 0.83702004
251.21907 0.8526829
254.6222 0.87351304
258.332 0.8865148
263.63412 0.897979
269.5742 0.906037
276.00598 0.9127891
278.72974 0.9270573
282.34552 0.9410164
285.81503 0.9541248
289.3382 0.9669303
292.73462 0.9790285
296.35336 0.9912465
299.78134 1.0105554
300.85272 1.0314529
299.85455 1.0449723
298.9536 1.0624301
299.1986 1.0818936
299.19397 1.1037427
298.34564 1.1246871
295.5695 1.1463244
293.55652 1.1617613
290.36667 1.1787866
288.58716 1.1939821
287.03506 1.2078917
284.93512 1.2201211
280.94604 1.2385801
276.62115 1.2626663
274.27072 1.2780054
272.8319 1.2926381
271.49905 1.310382
270.49582 1.3246853
268.8751 1.3499544
267.2416 1.3790734
265.95734 1.405792
264.93085 1.4309658
264.2535 1.450539
264.31064 1.4717988
264.31064 1.4717988
