Finger
20
30.723091 1.8507584
37.148052 1.9806672
43.54626 2.0757287
48.51817 2.1317937
53.3638 2.168888
62.897114 2.2202115
72.513145 2.2579007
76.81391 2.2799387
85.94061 2.2963116
94.39465 2.3016272
100.85629 2.3135736
108.48183 2.3242805
116.88342 2.336282
125.37143 2.337649
133.84958 2.3388162
141.64394 2.34483
148.66422 2.354782
154.4777 2.3557317
162.8584 2.3636875
172.01524 2.375494
176.98413 2.3789573
185.44743 2.3778877
193.84213 2.3776448
201.7342 2.3796659
210.12396 2.3793268
220.05002 2.384695
228.69377 2.3893003
237.2252 2.3940744
244.89598 2.3962092
252.85185 2.4028776
261.85852 2.4098034
270.6388 2.4179502
279.938 2.4234731
289.88 2.426016
294.21506 2.4298038
299.76022 2.4325929
304.78104 2.4347274
313.609 2.4410348
317.9784 2.4443486
325.87534 2.448698
332.4205 2.4532864
339.86865 2.463672
346.25504 2.4776073
351.97845 2.490269
355.5766 2.504968
359.1329 2.5208468
362.72397 2.5321665
365.80173 2.551257
366.28305 2.5741282
365.52402 2.5929306
363.10052 2.6106286
360.38535 2.6292276
357.09854 2.6458375
351.3501 2.6596348
344.61694 2.672201
337.81656 2.679299
332.021 2.6874034
323.91907 2.698338
315.30862 2.7080882
309.03943 2.7155523
301.71628 2.7227933
293.69608 2.732046
288.73364 2.7368505
282.59088 2.7428699
276.43317 2.7491949
271.43887 2.754015
265.48322 2.7605708
259.36353 2.7677233
252.30907 2.7738323
243.96213 2.7858884
238.21762 2.8002558
234.45589 2.8171263
234.88516 2.835707
241.10962 2.861032
247.08429 2.880672
253.31923 2.895305
256.96225 2.9028826
264.2963 2.917427
271.61053 2.9320219
279.0424 2.944991
283.33072 2.9515975
287.47726 2.9579072
292.19287 2.9643798
296.69437 2.970515
301.886 2.9734852
307.44003 2.9790392
312.29654 2.9823816
317.08432 2.9879951
321.70917 2.9956505
326.46838 3.0017223
331.16568 3.0089645
335.90668 3.0168927
339.8866 3.0242765
344.61508 3.0317192
349.12262 3.0389192
353.2195 3.0429025
360.82687 3.05614
366.37708 3.0731559
369.29996 3.0879385
369.34497 3.1008656
365.41345 3.1174886
362.20566 3.1286864
357.3147 -3.141065
351.36636 -3.1268537
347.29364 -3.117647
340.78943 -3.1087945
334.9485 -3.098472
329.08676 -3.0894194
322.93127 -3.082194
316.35278 -3.0746422
308.51697 -3.0664315
300.7515 -3.0569363
295.78616 -3.0555117
291.1432 -3.0541356
286.20468 -3.0491168
280.2334 -3.0471404
275.2514 -3.0454257
269.3054 -3.0432956
264.33313 -3.0414405
258.35394 -3.0391145
252.39267 -3.0366852
245.72403 -3.0338273
239.51639 -3.031023
232.87317 -3.0278552
226.60292 -3.0246937
220.6241 -3.0215108
214.59248 -3.0228093
208.65959 -3.0194151
202.69016 -3.015798
197.89081 -3.0076373
192.64397 -3.003966
186.99466 -2.9997804
182.0201 -2.9958775
176.09305 -2.990936
170.91254 -2.9863331
165.29184 -2.9810085
160.2822 -2.9759438
154.3043 -2.9694633
148.39423 -2.969374
137.25304 -2.96264
132.1333 -2.963316
126.10456 -2.9608583
120.19955 -2.9538648
114.08923 -2.952606
108.05497 -2.9491634
102.06263 -2.9474413
95.917534 -2.9457064
89.815384 -2.9436743
83.74423 -2.9413028
77.640785 -2.9414208
71.4133 -2.9490354
65.35792 -2.9464602
59.242355 -2.9434874
53.13015 -2.9437718
45.97377 -2.9516966
39.80932 -2.95349
32.581165 -2.967157
26.534739 -2.9648888
21.406698 -2.970082
17.089699 -2.9978507
12.072243 -3.0212874
20.070091 -2.825228
24.54702 -2.7981865
29.915161 -2.7915199
35.296864 -2.7868414
41.45438 -2.790353
47.33842 -2.7684948
53.48635 -2.7733116
59.256 -2.7577722
65.58657 -2.751762
72.417625 -2.741741
79.38146 -2.7275646
85.57091 -2.7082915
91.49071 -2.6990535
98.45993 -2.6907198
105.92085 -2.6929445
112.89423 -2.6910229
119.48008 -2.692157
126.155846 -2.691419
132.89767 -2.690686
138.94893 -2.6876254
145.07135 -2.6911724
151.67508 -2.6920218
158.39127 -2.691404
165.19766 -2.6895611
171.32672 -2.6825542
178.45653 -2.6773658
185.92657 -2.6689796
193.20938 -2.663525
200.75577 -2.656193
207.98813 -2.6516526
216.15149 -2.6469696
224.06583 -2.6405241
232.59363 -2.6361313
241.20253 -2.6319587
248.33241 -2.6289308
255.97557 -2.6234148
262.63052 -2.6200519
270.12265 -2.6146016
277.1596 -2.6085346
284.6792 -2.6036687
291.70483 -2.5981803
298.59467 -2.5924835
304.56735 -2.5853767
310.64438 -2.5784788
315.5406 -2.5732195
325.4365 -2.5598857
330.68408 -2.5522592
336.38223 -2.5430176
341.26962 -2.537655
349.1301 -2.5252976
353.5889 -2.5171397
358.20154 -2.5089977
362.18848 -2.4998724
366.4243 -2.489034
369.51422 -2.4781694
372.11206 -2.4692876
373.90662 -2.455832
374.95224 -2.439968
373.10617 -2.418021
369.40497 -2.4009695
365.93808 -2.3922734
361.5527 -2.3809292
355.43735 -2.3713655
349.904 -2.3597624
342.7269 -2.3472552
335.7265 -2.3344421
327.53693 -2.3247883
319.12817 -2.3150637
311.44223 -2.3072214
304.3414 -2.3009133
297.39154 -2.29488
290.44925 -2.2885547
283.971 -2.2838838
278.51648 -2.2773824
272.46426 -2.2684906
266.78357 -2.2606275
261.91467 -2.251429
253.01324 -2.2392955
244.97302 -2.223849
238.78639 -2.210643
235.63727 -2.1942904
234.7605 -2.1761038
237.31349 -2.14469
240.10396 -2.1200347
242.97507 -2.099701
248.0509 -2.0785823
251.43427 -2.0699153
258.43295 -2.05521
262.34552 -2.050518
266.36215 -2.0469186
270.51898 -2.044247
275.02472 -2.0399387
280.39432 -2.037152
285.31018 -2.0324047
290.9491 -2.0304952
295.82404 -2.026027
304.83127 -2.0189426
309.4179 -2.0127306
314.37988 -2.008781
319.22403 -2.0042367
323.88382 -1.9984688
328.6777 -1.9942213
333.35947 -1.9888262
337.71747 -1.9831011
341.2465 -1.9753964
351.2656 -1.9547802
356.2542 -1.9423362
359.31207 -1.9245243
358.38004 -1.9080973
355.1897 -1.8905467
349.28598 -1.872907
343.6816 -1.859017
336.97125 -1.8440384
329.3452 -1.8284887
320.3502 -1.8165066
315.91757 -1.8126459
310.39862 -1.8071612
305.09525 -1.8012305
299.61188 -1.7961816
295.0274 -1.7919865
283.0074 -1.7770064
276.33893 -1.7673048
269.85065 -1.7607082
263.40494 -1.7529194
256.30597 -1.7472085
249.01651 -1.7431774
241.81953 -1.7372134
225.85443 -1.729536
219.72823 -1.7249529
212.51103 -1.7207179
204.4815 -1.7166438
196.54596 -1.7161306
189.05879 -1.716588
182.95123 -1.7119693
167.76166 -1.7006897
159.6104 -1.6947899
152.48854 -1.6875134
144.28534 -1.6801838
136.09096 -1.6719711
128.08133 -1.6705667
119.96922 -1.6666813
112.93084 -1.6637914
106.03893 -1.6698548
97.97655 -1.6780363
82.96826 -1.6854056
76.77785 -1.694692
70.24476 -1.7062829
63.317596 -1.7212126
56.283894 -1.7401814
49.42866 -1.7639512
37.179867 -1.8011612
31.387455 -1.844678
25.408655 -1.8700491
19.763136 -1.9595338
14.987366 -2.09416
10.302599 -2.252505
5.6809936 -2.8837087
7.0179224 -2.135019
13.889994 -1.5546514
18.060053 -1.4464698
23.277937 -1.3883101
29.304533 -1.3566352
36.294388 -1.362917
42.439487 -1.369402
49.367268 -1.3773977
55.737247 -1.3681846
68.32006 -1.3461912
75.565994 -1.3410612
81.87321 -1.3339654
88.87556 -1.341539
94.92723 -1.3456599
101.58261 -1.3578032
107.961555 -1.3611158
114.93151 -1.3584973
121.242165 -1.3613099
127.34401 -1.3614322
133.45853 -1.363516
139.686 -1.3600957
146.74652 -1.3634003
153.99033 -1.3600695
160.24803 -1.3557227
167.35829 -1.3573236
174.34045 -1.3557363
181.43549 -1.3572452
188.37668 -1.35981
194.93697 -1.3578762
201.21626 -1.3544714
208.46353 -1.3523215
216.43573 -1.351057
222.99802 -1.3484242
230.29506 -1.3466477
236.52005 -1.3440748
242.7838 -1.3416196
250.12679 -1.3401666
257.4084 -1.3388181
263.90634 -1.3369224
269.4643 -1.3304044
274.8283 -1.3276445
280.4056 -1.3215618
286.43307 -1.319762
292.04416 -1.314068
297.80853 -1.309652
303.21747 -1.306725
309.0233 -1.2992707
318.45517 -1.2870762
327.83807 -1.2763467
337.12103 -1.2669744
341.638 -1.2641609
350.78253 -1.2574637
356.6877 -1.2540058
362.0689 -1.2443235
368.9772 -1.231384
374.1809 -1.2164133
376.83508 -1.2070189
379.10168 -1.1916256
376.09778 -1.1726496
371.04193 -1.1566415
364.5434 -1.1427771
359.77585 -1.133661
355.68228 -1.1251667
351.85425 -1.1199633
343.554 -1.1049831
339.14066 -1.0984303
333.7735 -1.0901967
328.489 -1.0817908
323.21826 -1.0730934
318.20938 -1.0672472
313.0687 -1.0590558
307.3783 -1.0523722
301.1648 -1.0434409
295.2759 -1.0357205
289.66248 -1.0281663
284.69766 -1.022827
279.07712 -1.014708
273.47906 -1.0062633
267.85104 -0.9973453
262.40625 -0.98735785
257.93604 -0.9769932
251.93155 -0.95596975
248.6749 -0.9417335
245.85698 -0.9283032
243.70102 -0.9126162
241.65971 -0.8942139
243.63307 -0.8769532
246.92072 -0.854909
253.58423 -0.839839
259.56577 -0.8372262
268.14804 -0.83095306
277.96997 -0.8242626
283.3712 -0.81920165
288.4734 -0.81551987
298.12564 -0.8092103
307.29462 -0.80160904
315.91974 -0.7927735
320.6383 -0.78666663
325.6365 -0.7800666
330.0024 -0.7753963
333.78577 -0.7696183
341.45154 -0.7591404
348.63257 -0.74753624
353.0102 -0.73997355
357.37265 -0.73262334
364.11795 -0.72244304
367.1922 -0.71328694
371.82986 -0.69902885
377.39224 -0.6875222
381.32892 -0.6732306
383.66217 -0.6609998
383.5581 -0.64232874
380.80853 -0.6281653
375.772 -0.6140977
370.08594 -0.605139
363.96442 -0.6000947
356.45926 -0.5941231
348.5702 -0.58612376
339.98032 -0.5746088
333.26517 -0.56543213
323.51462 -0.5626097
313.5371 -0.5600351
303.20255 -0.55516446
292.21146 -0.5463297
286.10797 -0.5430231
279.5577 -0.5404841
272.59943 -0.53874654
265.84622 -0.54061943
259.2661 -0.5426202
251.97946 -0.5413006
244.22011 -0.5414874
236.74605 -0.54062295
228.20927 -0.53762543
220.62798 -0.5330609
212.64337 -0.5319691
204.20158 -0.52928585
194.88068 -0.5279162
186.80754 -0.5204535
178.7351 -0.50922966
171.1986 -0.5010215
163.4477 -0.49163827
155.25749 -0.48873404
147.68019 -0.4779499
140.50822 -0.47229636
133.33571 -0.4660307
126.247116 -0.45913273
119.04152 -0.45127103
111.23531 -0.4453559
103.895744 -0.43655038
96.78238 -0.4253068
89.98281 -0.41984072
83.662575 -0.40454727
76.8246 -0.38612568
70.0803 -0.37534302
63.416264 -0.366
56.788696 -0.35444513
50.09181 -0.33986914
43.420925 -0.3207993
37.53121 -0.28912902
31.471657 -0.2802145
26.086126 -0.2594699
20.77391 -0.22821286
16.384169 -0.21199018
9.598143 -0.15153058
16.043673 -0.090429984
23.176104 -0.13806428
30.398138 -0.17159109
38.62135 -0.18728635
43.69176 -0.18833324
48.634743 -0.17449296
53.7572 -0.1765693
58.791203 -0.17402904
63.88222 -0.17589694
68.97965 -0.17751606
74.07058 -0.17888506
79.154594 -0.18005261
84.28201 -0.1812281
89.34497 -0.1820602
94.30519 -0.17519204
99.36593 -0.17638992
104.45851 -0.1749513
109.50348 -0.17587273
114.825325 -0.18552822
120.05442 -0.19409254
125.176094 -0.19429433
131.01651 -0.19335806
137.06444 -0.19208747
142.4137 -0.19192694
148.262 -0.19120045
154.26599 -0.19011858
160.4063 -0.18923113
166.45294 -0.18833365
172.41699 -0.18328892
178.48412 -0.18268144
183.6517 -0.17748567
189.44333 -0.17736052
194.56633 -0.1778584
200.62654 -0.17748882
205.7036 -0.17799692
211.06836 -0.17823438
216.84843 -0.17811464
222.78947 -0.1733161
228.82867 -0.17312866
234.07034 -0.16921382
239.7199 -0.16518877
244.64085 -0.16183637
250.52454 -0.15800323
255.44894 -0.15493247
261.46503 -0.15415892
267.4987 -0.15167847
272.55756 -0.15255032
277.49225 -0.14981683
283.44632 -0.14664677
289.3899 -0.14361379
296.2737 -0.14025465
302.6908 -0.13393036
308.92233 -0.12876888
313.84308 -0.1259342
318.66245 -0.12086042
323.55515 -0.116684936
328.38687 -0.11191443
333.23306 -0.1072725
337.9811 -0.09982835
342.0147 -0.09279209
350.36838 -0.07689728
355.12967 -0.069588654
359.89474 -0.06034155
364.0439 -0.054147042
367.90674 -0.04538947
371.799 -0.03749412
377.45206 -0.033662263
384.1573 -0.02522323
388.58243 -0.019811917
394.75604 -0.006859233
397.0155 0.0076869763
398.0692 0.018307619
398.19208 0.030859381
398.3359 0.04091707
398.55606 0.0527117
392.31906 0.06449161
388.22937 0.07031142
382.55307 0.08184893
376.95154 0.093660906
368.4645 0.10127804
361.55472 0.1115939
354.22144 0.12243719
349.8882 0.12960038
345.70517 0.13419005
342.00168 0.14158589
337.3662 0.1495068
333.5632 0.15426394
325.30283 0.16523819
320.29807 0.17100954
314.81372 0.17724243
309.2301 0.18621351
304.54315 0.19330668
300.00522 0.20220308
296.0685 0.20834133
288.39224 0.22820777
283.77982 0.2355796
280.1182 0.2460767
275.53415 0.2539864
271.21973 0.2619243
267.4895 0.27056748
264.04718 0.28106526
257.2608 0.30084667
253.48964 0.32203075
252.99216 0.3436234
256.70792 0.36332142
263.52545 0.37783822
270.01492 0.38819805
277.62637 0.40038046
287.21558 0.4079223
296.2667 0.4104201
301.35056 0.41391605
309.53668 0.425979
316.59702 0.4367497
325.79495 0.4481995
334.1323 0.4585961
341.73322 0.47048306
345.57242 0.47785163
353.7218 0.4914399
358.55295 0.5032044
362.47488 0.5169744
364.61273 0.5326149
365.4646 0.5471543
363.5487 0.5633622
360.67908 0.5815744
357.56137 0.5974806
353.9714 0.6086674
350.07764 0.6164402
345.22958 0.6264258
338.7728 0.6402882
331.79907 0.6522446
323.7918 0.6605039
314.46103 0.6674936
309.25055 0.6684055
304.11136 0.67341495
298.3236 0.67601097
292.16016 0.6809659
284.84067 0.6882435
276.3393 0.694842
267.68546 0.7024527
257.75037 0.71098703
247.91792 0.71866727
238.44893 0.725686
228.84274 0.73787266
220.3241 0.74875855
211.73259 0.7606644
203.18379 0.7735592
195.41443 0.7838994
186.26035 0.7951563
176.58408 0.80475885
167.82101 0.8141104
158.27338 0.8248646
148.46413 0.8369791
138.73209 0.85072607
128.38148 0.86301637
117.68295 0.87447095
106.01299 0.8927818
94.986626 0.92027193
83.7802 0.9384139
73.85768 0.9617446
63.939125 0.9863913
55.692646 1.0166221
47.768986 1.044525
39.773205 1.0932778
32.1785 1.1456947
25.315794 1.174883
18.613348 1.199108
13.231164 1.2026203
8.548106 1.2409883
1.6273471 1.25889
9.194926 0.8663852
20.447567 0.8219127
27.363798 0.85713506
32.650597 0.904298
38.69882 0.928039
44.85935 0.95583284
50.32945 0.97627395
56.778904 0.9956961
62.286293 1.0087986
68.74604 1.0217068
75.059456 1.0374188
80.40695 1.0476881
85.4344 1.0452671
91.2886 1.0442456
102.69361 1.0413144
108.41681 1.040793
114.67394 1.0496927
120.49605 1.0511187
130.32681 1.06257
135.2618 1.0685202
140.38081 1.0804446
146.08112 1.0911164
151.2389 1.1013861
156.89053 1.1124887
161.113 1.118497
165.85826 1.1256912
171.03049 1.1336324
176.65733 1.1422595
182.55597 1.1509888
188.43329 1.1590916
193.64442 1.1652064
198.62665 1.170499
203.6184 1.175541
209.26956 1.1816286
215.2515 1.1880018
221.46524 1.1907512
227.75792 1.1923674
233.38362 1.1927084
239.11227 1.1977136
245.44118 1.1990421
252.6413 1.2017239
258.9733 1.2028853
265.28574 1.2039877
270.52933 1.2074833
276.31305 1.2115127
281.51425 1.2147282
287.2724 1.2184511
293.25488 1.2223107
299.25122 1.2260168
304.96225 1.2319359
309.67532 1.2372949
315.33652 1.243508
320.93695 1.2494264
326.76462 1.2553579
332.4186 1.2609034
337.2002 1.2654407
340.9915 1.2712636
345.71237 1.2762129
350.217 1.2830886
354.50223 1.2918139
357.813 1.3002714
363.32373 1.3208421
366.00342 1.3396777
366.63776 1.3567405
364.63733 1.3724622
360.38992 1.3897898
353.33163 1.4091241
342.39893 1.4297004
335.87628 1.4396764
329.35004 1.4515857
322.89087 1.4624319
316.49918 1.4729596
310.06607 1.4871168
303.79816 1.4985343
297.57858 1.5104177
291.35547 1.5203136
285.23196 1.5297418
279.1453 1.5395714
273.09418 1.5461996
267.1203 1.5502306
260.0498 1.5564878
254.80112 1.5601428
249.8127 1.5678841
245.79483 1.5719407
240.87479 1.5811623
240.46507 1.6000466
243.40984 1.6180003
250.50887 1.6397424
258.77502 1.6530054
268.10754 1.665135
274.03714 1.6703879
279.1788 1.6757021
284.37854 1.6808618
289.47772 1.6831636
295.66818 1.686873
300.8504 1.6915343
306.2479 1.6959319
311.57166 1.7027767
315.94406 1.7105286
326.032 1.7309604
335.27612 1.7507135
343.66544 1.7669784
350.7377 1.7803767
356.14972 1.7972343
358.42584 1.8093213
360.42285 1.8201343
362.2064 1.8303856
363.9795 1.8460664
361.8056 1.8628229
356.2596 1.8769249
349.26544 1.8892766
344.85693 1.8965497
340.39227 1.9034073
334.98868 1.9096768
329.32498 1.9157453
323.4183 1.9197055
317.49 1.9232012
311.47278 1.9268401
305.57257 1.9306082
299.55533 1.9345417
293.63342 1.9386221
286.7383 1.9441459
280.77054 1.9486264
274.88556 1.9532844
268.59634 1.9547116
262.31427 1.9562057
255.90431 1.9578061
249.61867 1.9594554
242.93782 1.957393
236.34146 1.9560484
229.95702 1.9569374
222.59113 1.956817
216.02675 1.9581741
209.42111 1.9566613
203.02876 1.9577136
196.73569 1.9598057
189.64401 1.9636732
182.94043 1.9625794
175.78734 1.9656737
169.00179 1.9645871
161.71562 1.9685535
154.23262 1.9681474
146.4314 1.9678639
137.82121 1.9643532
130.9204 1.9613535
123.23901 1.9589624
116.264404 1.9482962
108.64859 1.9463713
101.90224 1.9387606
94.00544 1.9278457
87.338875 1.9196817
79.801544 1.9145402
73.13064 1.9035228
65.44585 1.8921651
58.62451 1.8632008
53.011684 1.8516549
46.612186 1.8242536
41.091816 1.8089627
35.561134 1.7601383
30.298132 1.7312151
30.298132 1.7312151
