Mouse
27
124.35109 1.2682866
128.84932 1.287257
133.657 1.2977226
139.1889 1.3162675
143.06358 1.3233075
148.88802 1.3331797
153.75203 1.3408345
158.62451 1.3480195
163.50467 1.3547759
168.39188 1.3611404
172.1057 1.3716608
177.00964 1.3772488
180.9366 1.3815008
186.83282 1.3875437
190.76723 1.3913647
195.689 1.3959248
199.62921 1.3994108
203.4069 1.407609
209.32945 1.4122658
214.11626 1.420564
218.07204 1.4233094
223.73126 1.436093
228.55772 1.4433665
232.40303 1.449822
236.25774 1.4560668
242.0041 1.4671153
246.69162 1.481309
251.5047 1.4910063
255.34303 1.5000627
259.2017 1.5088501
261.93756 1.5286124
264.79828 1.5441831
264.72205 1.5592885
262.70627 1.5744267
258.73474 1.5860778
254.77411 1.594167
249.80133 1.5986369
244.83376 1.6032882
240.871 1.607977
236.91373 1.6128228
231.9633 1.6180356
226.07594 1.6281258
221.14519 1.6339358
217.29099 1.6442834
213.3791 1.6503336
208.47903 1.6570207
204.67946 1.668439
200.8008 1.6753373
196.05287 1.6881447
191.3387 1.7015853
187.50937 1.7096549
183.69278 1.7180605
179.0609 1.7332069
175.28285 1.742527
169.73933 1.760178
166.00816 1.7706302
162.0897 1.7755289
157.62881 1.794402
152.98924 1.8080232
146.6992 1.8324909
141.46384 1.8571231
137.63132 1.8653315
133.46967 1.8905486
130.00546 1.9075228
126.58078 1.925421
128.95244 1.9518204
137.32492 1.966664
143.09752 1.9725337
147.17148 1.9681599
152.02567 1.9761739
156.09723 1.9719552
160.9556 1.97941
167.1418 1.9894855
173.34375 1.9988409
177.81313 1.9997362
182.70157 2.0055633
189.83138 2.0113614
195.16458 2.0211596
202.3099 2.02605
208.56407 2.0327346
214.39018 2.0452971
219.32056 2.0491319
224.25401 2.0527976
228.7254 2.0524387
233.24701 2.0616791
238.19011 2.0648704
243.13553 2.067932
248.56418 2.0744016
255.36394 2.0821018
262.67514 2.0927086
267.78348 2.1033094
272.40567 2.110369
276.7096 2.1221583
280.51852 2.1305697
285.1903 2.1368692
292.096 2.142136
297.33456 2.1508255
304.81363 2.1583004
310.0921 2.1663587
314.8237 2.1715312
322.0993 2.1824393
327.43506 2.18968
331.39127 2.1960106
336.9769 2.1986883
341.75763 2.2030034
347.94318 2.2078028
354.13644 2.2124345
358.13834 2.2180398
364.34772 2.2223675
369.77158 2.228199
373.80405 2.2334
379.25085 2.238928
382.52225 2.245517
385.6654 2.255641
387.43906 2.26527
387.72595 2.2781494
386.00726 2.2888217
383.66766 2.2976437
381.9654 2.312212
380.38892 2.3231914
377.44482 2.3341787
374.547 2.3453374
372.40396 2.3547688
370.29446 2.3643088
366.80505 2.3740256
362.66446 2.385931
359.25403 2.3960607
356.55267 2.4043036
353.87595 2.4126713
351.22437 2.4211662
348.59848 2.4297898
344.70923 2.4429696
341.37943 2.450058
337.43585 2.4595816
332.7418 2.4674582
328.68777 2.4731674
324.64474 2.4790192
320.6131 2.485018
316.59326 2.4911697
309.58798 2.4942431
303.79095 2.4921947
299.78577 2.4987874
295.7939 2.5055583
291.81604 2.512514
287.85263 2.519662
281.9361 2.5307593
277.44568 2.5413878
274.37485 2.55136
272.16895 2.5635705
269.16052 2.5739875
265.98294 2.5930092
263.9191 2.6059418
261.9001 2.619076
259.92697 2.632412
263.76172 2.6534333
266.3814 2.6671073
271.28598 2.6804914
275.77277 2.6885586
279.37476 2.6948254
285.7037 2.7054112
289.33414 2.711252
294.7977 2.719743
299.36636 2.7265816
305.78516 2.7358117
309.4644 2.7409139
313.15146 2.745896
316.84613 2.7507622
321.1006 2.759574
324.44846 2.76703
329.68143 2.7765114
333.06915 2.783604
336.4733 2.7905529
340.83487 2.7983527
345.83383 2.8096373
350.87558 2.8205993
355.31366 2.82771
359.17 2.8399527
363.65536 2.8466632
366.9142 2.8550477
370.61697 2.869214
373.17093 2.885003
376.78775 2.9012072
379.75125 2.9139454
381.7985 2.9259255
383.6988 2.9403284
383.71295 2.9536173
382.81012 2.966449
379.997 2.978489
374.27417 2.9895017
369.87332 2.9958806
363.36926 3.0043745
356.89233 3.0131774
352.54968 3.020164
345.2444 3.0263336
341.04434 3.03081
335.85696 3.0350826
331.6707 3.0397964
327.49197 3.0446308
321.23874 3.0521176
315.0042 3.0599012
310.78415 3.068472
306.7226 3.0707707
302.59595 3.0764282
296.42474 3.0852094
290.2319 3.097805
285.1547 3.1040444
281.0885 3.1106205
276.01266 3.1209235
270.99454 3.1242316
266.9674 3.1314619
262.95923 3.1351106
256.95697 -3.1365511
250.9642 -3.1324458
244.97586 -3.12814
240.99199 -3.1237676
232.0684 -3.1101508
224.14653 -3.1001103
220.19452 -3.0948193
214.25166 -3.0888476
209.31516 -3.0828173
202.39088 -3.0758533
197.54674 -3.0640879
189.65508 -3.0555649
185.67018 -3.0537138
181.77838 -3.0463026
176.90233 -3.037986
170.93562 -3.0343559
165.08522 -3.024443
159.25224 -3.0138028
155.2857 -3.01052
149.47841 -2.998641
145.52034 -2.994725
141.71848 -2.9836142
137.76973 -2.9790463
133.99425 -2.9668505
129.25755 -2.9525063
125.52878 -2.938692
124.69007 -2.8961701
130.28018 -2.8831573
136.85445 -2.8731687
142.75868 -2.8554406
152.52728 -2.8469372
156.93752 -2.8421445
161.65329 -2.8317113
166.38567 -2.8218706
172.40385 -2.80896
178.11345 -2.8022063
183.23317 -2.7888885
190.25299 -2.780052
197.6502 -2.7671275
204.15213 -2.7532911
210.69072 -2.7403111
217.2627 -2.7281144
222.95439 -2.7147863
228.26006 -2.7060888
231.77756 -2.6940815
238.45671 -2.6748745
242.05737 -2.6638343
246.63158 -2.6459582
250.79256 -2.6322126
255.50003 -2.615527
257.5318 -2.6020947
260.98563 -2.5876255
258.36356 -2.5675683
252.51411 -2.5525148
247.8089 -2.5446599
243.37715 -2.5422177
237.87265 -2.5314596
234.02602 -2.5251682
229.607 -2.522204
223.5682 -2.5139077
218.94432 -2.5041928
215.14041 -2.4968638
210.74294 -2.493042
206.9574 -2.4852183
200.99437 -2.474884
195.68266 -2.459938
188.12747 -2.43392
182.94508 -2.4167526
177.76546 -2.3906417
174.17043 -2.379168
169.17535 -2.3589458
165.64746 -2.3461978
160.77327 -2.3238986
157.32394 -2.3096957
152.49625 -2.2942908
149.11702 -2.2786248
143.73329 -2.2559538
139.66548 -2.2428386
135.01381 -2.2230794
129.61256 -2.2064717
125.88602 -2.1792243
132.79399 -2.1614518
138.06525 -2.153315
145.27625 -2.1535873
149.71762 -2.1500368
155.54434 -2.148582
160.82852 -2.142019
166.96458 -2.1326666
170.88722 -2.125148
175.67386 -2.1150057
180.98915 -2.1101565
184.43274 -2.0990176
188.3951 -2.0929012
194.5972 -2.086433
200.80695 -2.0803645
205.27448 -2.0793645
214.60347 -2.0711539
220.83028 -2.0660655
229.77025 -2.0648348
235.12155 -2.0622401
241.82722 -2.0614693
246.29774 -2.0609787
251.24026 -2.0640178
255.71048 -2.0635006
262.41592 -2.062758
266.4158 -2.0589745
270.4194 -2.0553029
274.42654 -2.0517383
279.3256 -2.0466313
284.2317 -2.0417004
290.03812 -2.0353875
295.85565 -2.0293226
300.34732 -2.0219538
303.95212 -2.016216
307.56665 -2.0106127
313.00604 -2.0024512
316.6436 -1.9971659
322.11597 -1.9894624
325.77457 -1.9844707
333.50967 -1.9775738
339.02838 -1.9705716
343.10278 -1.9687189
349.5663 -1.9609592
355.12274 -1.9545331
362.55328 -1.9462718
366.27756 -1.9422671
370.94095 -1.9373742
375.61304 -1.932603
379.0074 -1.9263997
381.73584 -1.9153842
381.34787 -1.9046257
380.05603 -1.8946817
376.9002 -1.8863093
372.5164 -1.8760484
368.17273 -1.8655443
365.11142 -1.8566524
362.07947 -1.8476108
359.5198 -1.8323168
356.56934 -1.8229302
353.6508 -1.813388
351.73804 -1.8030317
347.6929 -1.7910228
342.515 -1.776479
338.7774 -1.7667291
334.88925 -1.753828
332.2138 -1.7430843
328.59033 -1.7326564
322.7293 -1.716804
319.06567 -1.7026675
315.58597 -1.6913524
310.94162 -1.6737424
305.48682 -1.6591432
300.0995 -1.6440165
295.90308 -1.634894
290.73346 -1.6256979
285.58932 -1.6161697
280.47208 -1.6062928
275.3832 -1.59605
269.3116 -1.5817641
265.3026 -1.5781604
260.29752 -1.5667768
256.3135 -1.558911
255.42218 -1.5392891
255.57945 -1.5236456
261.91785 -1.5018411
266.20987 -1.487886
271.54745 -1.4747306
276.9302 -1.4620847
281.1279 -1.4565561
288.4325 -1.4489893
293.6417 -1.4442977
300.97153 -1.4373438
305.34488 -1.4293492
309.7372 -1.4215808
314.98138 -1.4176615
319.24258 -1.4133813
327.78183 -1.405155
333.04514 -1.4017074
340.62967 -1.3935901
346.27 -1.3847646
352.1311 -1.3734363
356.64822 -1.3673872
362.36484 -1.3593634
368.3228 -1.3489393
372.1436 -1.340228
376.23007 -1.3291119
379.3939 -1.3175775
382.34705 -1.3087597
384.366 -1.2993821
387.2602 -1.2826595
389.30722 -1.2654194
390.52847 -1.2556506
391.16025 -1.2427049
388.6957 -1.2296464
385.95242 -1.2188538
382.32 -1.2069794
379.30783 -1.198299
376.32465 -1.1894804
371.90585 -1.175989
368.60645 -1.1693109
364.80533 -1.1589082
359.72278 -1.1496831
356.076 -1.1450912
350.55835 -1.1316487
346.94208 -1.1267468
341.97128 -1.1165684
337.93118 -1.1074172
334.3578 -1.10207
331.25195 -1.0939215
327.70334 -1.0883188
324.16528 -1.0825936
320.63806 -1.0767423
317.12207 -1.070761
312.74344 -1.0630956
309.25406 -1.0568072
305.77725 -1.0503756
300.5864 -1.04045
297.14276 -1.0336406
290.62964 -1.0242722
287.21982 -1.0170342
281.60004 -1.0088495
276.84207 -1.0022826
269.87445 -0.9945632
264.59418 -0.9906051
259.3182 -0.9864858
251.82837 -0.9810889
243.78683 -0.97875726
238.52438 -0.974017
234.09258 -0.97148114
228.27199 -0.9699776
221.88684 -0.9721089
216.89198 -0.9731416
212.2053 -0.96377856
207.78003 -0.96070325
200.91096 -0.9488997
196.27576 -0.93819964
188.66707 -0.92167807
183.48058 -0.9138887
177.36092 -0.8942506
172.99232 -0.8887882
166.44977 -0.88005763
162.73926 -0.86913407
158.2941 -0.85356957
154.63364 -0.84144026
150.32304 -0.83362794
146.70229 -0.82034624
140.28093 -0.80681825
136.71606 -0.7918589
133.18343 -0.77610224
128.99915 -0.7538697
134.0277 -0.73921376
138.33646 -0.7304175
144.81818 -0.71820605
149.15045 -0.71065545
154.90025 -0.70427805
161.4231 -0.6943743
165.77988 -0.6882052
170.9199 -0.67866266
174.6699 -0.6687432
181.42326 -0.65347004
184.6152 -0.64029753
189.01938 -0.63613975
193.64757 -0.6249538
198.29884 -0.61429137
202.97163 -0.60411876
208.49373 -0.591719
213.76219 -0.58643746
218.20135 -0.58392715
222.64182 -0.5815169
228.21815 -0.57073706
232.12816 -0.5650526
238.27132 -0.558658
243.57312 -0.5547401
248.87851 -0.5509891
252.81313 -0.5460759
255.72887 -0.5346107
253.21788 -0.5176192
250.78146 -0.5002925
247.53645 -0.4845062
245.69887 -0.47009936
241.67705 -0.4554029
238.13704 -0.44401136
234.21167 -0.42840073
229.42946 -0.4140084
225.08717 -0.40310034
218.54248 -0.3910297
213.89153 -0.37476295
209.07521 -0.36841315
203.91594 -0.35717762
197.84308 -0.3470715
191.7917 -0.33632648
187.03186 -0.3282431
180.38733 -0.32322305
175.96033 -0.3196658
171.22762 -0.31037378
166.51051 -0.30055442
159.89503 -0.2937423
153.28763 -0.28634253
148.61345 -0.27457973
142.73798 -0.25710315
138.11946 -0.2434604
133.52844 -0.22887662
130.71838 -0.20254277
128.98775 -0.17372154
130.33672 -0.14083545
135.28903 -0.13564764
139.12549 -0.124637626
143.09532 -0.121162586
149.0531 -0.1162972
153.02678 -0.11326413
157.00182 -0.11038461
160.97806 -0.10764732
167.93924 -0.10316905
172.91342 -0.10019107
179.87967 -0.09629866
183.86154 -0.09420686
188.83997 -0.09171619
193.81949 -0.08935349
197.71892 -0.08251064
201.70558 -0.08087624
206.54158 -0.069268614
210.46663 -0.0632132
215.39748 -0.05711347
221.28589 -0.046542183
225.1991 -0.036844227
229.16241 -0.03184049
233.13129 -0.027006995
238.085 -0.018042477
245.05702 -0.009366978
249.04964 -0.005201437
253.04643 -0.0011674151
258.04724 0.002730472
262.05182 0.0065048276
267.05997 0.0101274485
274.0713 0.013517295
280.0858 0.016797751
284.08524 0.016561246
290.12375 0.023111472
294.1472 0.026195971
301.20264 0.032225046
306.27 0.03822588
313.39142 0.046938077
318.48465 0.052474298
324.6448 0.06073317
328.7635 0.066066906
333.8888 0.07105524
338.10254 0.07906606
343.33368 0.08662644
347.5883 0.094229415
352.85733 0.101360515
357.0427 0.105799735
361.34622 0.112886675
366.54245 0.11677173
370.75134 0.120872475
376.21225 0.12982479
380.5749 0.13628063
384.10696 0.14553685
386.68332 0.15502194
388.3075 0.16480204
389.9685 0.17449977
390.8676 0.18709789
390.84836 0.2001436
388.94113 0.21427634
387.11237 0.22854549
381.00073 0.24037755
375.66452 0.24935086
372.29324 0.25720832
366.75348 0.2640069
361.92908 0.26761192
354.49164 0.27630007
349.0017 0.2837467
344.4897 0.29059684
340.9504 0.29676837
336.4701 0.30395612
331.05585 0.3122628
324.0865 0.32571945
319.06476 0.33767587
315.6301 0.3448638
310.33563 0.35443273
307.29572 0.36505434
304.29114 0.37588698
299.4718 0.38945445
296.54987 0.40081525
293.26755 0.40927663
290.0067 0.41792893
285.78763 0.43604478
282.1275 0.44995612
278.97305 0.45942017
274.51816 0.4756427
271.43372 0.4856661
267.49805 0.4976977
263.60226 0.5100868
259.74814 0.5228455
257.82156 0.54067504
259.58218 0.5591732
262.26886 0.57533467
266.68555 0.5869847
270.31155 0.60033715
274.80276 0.6112393
278.51337 0.6238811
281.67435 0.63333285
285.66107 0.6404762
291.06284 0.6480909
294.2861 0.65687597
298.31882 0.6634003
302.98572 0.67233783
307.04752 0.67847323
312.5276 0.6849042
318.79135 0.68911386
324.2919 0.6951316
329.15976 0.69862664
333.26862 0.7039574
338.79684 0.7094761
344.33505 0.71481746
347.7202 0.72162
352.53308 0.7285201
358.0338 0.7373055
361.47055 0.74363756
367.01715 0.7519809
371.17477 0.75997883
375.35565 0.76779914
378.8455 0.77729446
382.3689 0.7866156
385.92487 0.79576576
387.43875 0.8103283
386.8871 0.823164
385.658 0.83429587
385.22583 0.8472195
383.55652 0.86412233
381.09653 0.87580454
377.14014 0.8842893
371.65576 0.88957864
366.03003 0.8911858
359.9364 0.89891344
353.865 0.9069068
350.6218 0.9141346
346.79355 0.92379385
341.0063 0.9366375
336.4447 0.9450873
331.33014 0.95623034
326.00455 0.9634552
322.08658 0.97010964
315.407 0.9786348
311.5227 0.9857054
305.98102 0.9893839
302.12115 0.9968125
297.43503 1.002629
291.38034 1.0097061
286.71747 1.0159506
280.17264 1.0266322
274.68292 1.0315521
268.69238 1.039876
261.35608 1.0499866
255.90036 1.0557675
250.45357 1.0618001
241.82408 1.074987
233.70468 1.0853552
228.76836 1.0887954
221.14032 1.0962524
216.65514 1.1063479
210.39732 1.1127008
205.04883 1.1215702
198.38728 1.1333282
192.16945 1.1411602
187.28636 1.1468264
182.40962 1.1527958
177.14192 1.1642663
170.97617 1.1741911
164.45467 1.1904907
158.338 1.2022266
153.53178 1.2110679
148.39812 1.2268093
142.35724 1.241417
136.66112 1.250355
132.2363 1.2551817
127.81477 1.2603422
123.396904 1.2658726
123.396904 1.2658726
