Mouse
17
3.6502721 1.8285741
7.586949 1.6937604
14.559433 1.6347554
20.550743 1.6160935
24.605516 1.649338
30.669994 1.6664941
34.752655 1.6841402
38.72963 1.6724589
42.814514 1.6862136
47.042984 1.7186588
51.148224 1.7264752
56.410633 1.7477593
60.71342 1.7685899
68.41038 1.8058218
73.74278 1.8164085
79.34027 1.8377639
83.73074 1.8482014
88.12944 1.8575978
93.78528 1.8731983
99.15491 1.8774359
103.5744 1.8841875
108.948044 1.8875024
115.9115 1.9041748
120.347145 1.909002
126.06473 1.9182917
132.50252 1.9409227
137.32349 1.9507531
142.53918 1.966407
151.33737 1.9851673
156.21083 1.9924374
165.07394 2.0082474
169.50229 2.0221262
176.64888 2.027688
181.56445 2.0327973
186.04643 2.044856
191.90573 2.0585225
198.67667 2.0689614
203.23395 2.0791981
209.17596 2.0907698
215.14442 2.101701
219.76521 2.1104853
223.54935 2.121238
228.42854 2.1390462
231.44136 2.151288
237.26451 2.1655
241.99602 2.1722457
247.8859 2.1853554
254.04321 2.192357
259.404 2.201293
265.58798 2.2076204
271.78214 2.2136598
277.98575 2.2194295
284.19818 2.2249475
288.2259 2.2317383
291.48187 2.2404656
294.75955 2.2489994
299.46555 2.2578108
303.42703 2.268461
307.4221 2.2788355
312.76895 2.293758
319.53128 2.312809
322.93118 2.324222
327.75992 2.3397996
331.2565 2.3506465
338.34402 2.3674822
342.6296 2.375597
346.9787 2.3875852
350.64014 2.397347
356.4893 2.4085853
359.47192 2.416031
364.63855 2.424898
369.83307 2.4335165
374.4111 2.443939
379.0288 2.4541087
382.75885 2.4587214
385.87015 2.4652627
389.7821 2.473292
393.7187 2.4811614
397.26495 2.494403
399.2703 2.5044396
402.71207 2.513822
406.09457 2.5319192
407.6838 2.5435705
409.60974 2.558514
411.32397 2.5699573
412.56107 2.583357
414.21085 2.5999904
413.38123 2.6128492
413.11444 2.623652
410.66196 2.6342306
408.25598 2.6449354
406.36523 2.6535895
403.61813 2.6611814
399.54922 2.6699657
395.51178 2.6789303
391.94592 2.6857853
387.96597 2.6950881
386.25555 2.704429
384.57916 2.713852
381.61755 2.7246869
380.0154 2.734311
378.06274 2.746455
375.23895 2.7577274
373.0334 2.772642
370.3225 2.7842615
368.94244 2.7944186
366.6571 2.8037493
363.13553 2.8149145
359.6601 2.826297
356.5325 2.835224
351.52203 2.8426414
347.48944 2.8510993
341.00772 2.8637576
336.77496 2.875592
331.37225 2.889889
326.2757 2.9016776
321.4532 2.910808
315.2483 2.9257085
307.1565 2.9399078
303.43417 2.9508429
299.749 2.962048
293.80063 2.9791033
288.08716 2.9934232
283.69803 3.0018008
278.4711 3.0064108
272.99747 3.0184612
267.6773 3.0272899
262.48563 3.0326872
258.2966 3.038701
252.03134 3.0480964
247.86737 3.0546234
240.64502 3.0645163
234.44548 3.075304
230.38919 3.078485
223.22852 3.08992
219.18364 3.0935338
215.14174 3.0972834
210.06555 3.1057405
206.03407 3.1098952
200.98163 3.1190531
192.94716 3.1284816
187.9368 3.1334534
181.93118 -3.1390073
177.93665 -3.1333294
169.966 -3.1211734
164.02182 -3.1082351
155.11057 -3.0934126
151.11533 -3.0921378
143.18134 -3.0824
138.25531 -3.07304
130.4359 -3.0535405
124.556404 -3.0413067
115.83794 -3.0163467
110.023636 -3.000516
103.25267 -2.9813933
98.31993 -2.9732814
89.64931 -2.9454634
83.98674 -2.9198606
80.32601 -2.8967626
74.786644 -2.8643377
68.38826 -2.8222446
62.135876 -2.7715747
57.50271 -2.7401247
51.132507 -2.686603
46.69291 -2.6395278
41.53385 -2.569952
38.23109 -2.5133173
32.25784 -2.4541214
27.91491 -2.4185545
22.914082 -2.3395371
17.34726 -2.2524831
14.26682 -2.0780547
9.6651125 -1.7718955
4.926098 -1.1372467
6.0876245 -0.07733823
2.1222034 -0.22348234
4.54219 -2.2720673
8.8293495 -2.473407
18.235952 -2.530016
22.66883 -2.5590975
28.495678 -2.5677047
33.485374 -2.5573184
37.92883 -2.5715072
43.757557 -2.57546
50.96718 -2.572366
55.954624 -2.5657349
63.716484 -2.5511966
68.45536 -2.5270498
72.42666 -2.497844
77.85825 -2.469601
81.935295 -2.44659
86.0516 -2.4257705
91.61422 -2.4060771
95.06728 -2.3819344
98.57187 -2.359496
102.15731 -2.3247662
105.108894 -2.2987127
108.892525 -2.2681587
114.346695 -2.2288349
117.53693 -2.2080207
124.6247 -2.1762722
127.93388 -2.158476
134.88657 -2.1420424
138.26839 -2.1264005
143.91196 -2.1103125
147.86237 -2.1022174
154.05403 -2.0936723
158.51854 -2.0920024
166.0852 -2.086681
170.06152 -2.0801928
176.76297 -2.078457
181.23088 -2.0773714
187.93312 -2.0758398
192.40152 -2.0748777
198.22874 -2.0759463
203.18213 -2.0793402
211.24396 -2.0797448
216.98044 -2.0702953
220.97316 -2.0655975
228.08868 -2.058741
232.0928 -2.054467
236.5307 -2.0446367
241.44012 -2.0388725
245.46275 -2.035156
249.04562 -2.027963
254.44325 -2.0175538
259.3876 -2.0127025
263.0089 -2.0061984
266.64105 -1.999871
271.1958 -1.9922007
275.76596 -1.9847841
280.3508 -1.9776099
287.7153 -1.9666075
292.33508 -1.960013
298.82333 -1.9511238
302.54114 -1.9462157
308.13113 -1.939076
311.86624 -1.9344584
316.1952 -1.9258778
319.60645 -1.9185929
325.53366 -1.9054878
329.93787 -1.8976471
333.7396 -1.8843236
339.80582 -1.8723711
342.75818 -1.8605471
346.0335 -1.8517053
349.06787 -1.8402709
352.14706 -1.8290348
356.23962 -1.8173082
362.32538 -1.8045639
365.76456 -1.7967112
369.2259 -1.7890054
374.45804 -1.7777148
377.97205 -1.770362
382.29828 -1.7600776
386.48703 -1.7474782
390.73584 -1.735151
395.04272 -1.7230909
398.00565 -1.704181
401.10876 -1.6855571
402.6595 -1.6751195
402.26263 -1.6652297
401.822 -1.6528414
401.51398 -1.6429125
400.1865 -1.6306306
398.96848 -1.6207724
396.79025 -1.6109557
395.62137 -1.5984287
394.53122 -1.5883639
393.47144 -1.5731614
392.49146 -1.5604279
392.5995 -1.5451454
392.72244 -1.5349633
392.88608 -1.5247886
392.1495 -1.5119342
390.4805 -1.49885
387.96912 -1.4828683
386.5527 -1.4669514
385.1166 -1.4534996
383.62155 -1.4425339
381.32318 -1.4285226
379.10056 -1.4143442
374.98428 -1.3990949
369.9747 -1.3830076
366.6237 -1.3729317
362.54074 -1.3594023
357.32837 -1.3476701
353.88144 -1.3396573
349.72528 -1.3280318
345.61755 -1.3161283
342.26306 -1.307529
337.97128 -1.297965
331.79102 -1.286475
326.61276 -1.275444
323.084 -1.2688792
318.61688 -1.2612162
315.11917 -1.2543263
311.95612 -1.2442429
305.66348 -1.2337979
300.94928 -1.2283043
297.5262 -1.2206234
294.1211 -1.212764
289.80106 -1.203486
286.07147 -1.1984648
282.71942 -1.190023
277.92245 -1.1753184
274.23553 -1.1696991
269.12198 -1.1575735
265.4635 -1.1515226
259.99466 -1.1421278
256.36197 -1.1356422
250.93388 -1.1255625
247.32985 -1.1185974
242.39886 -1.1132952
237.47498 -1.107773
229.42586 -1.1097442
223.1643 -1.105809
218.69217 -1.1057817
212.43433 -1.1015309
208.4165 -1.097131
202.16705 -1.0923967
195.92242 -1.0873606
192.3898 -1.0776962
188.39569 -1.0723215
184.40724 -1.0667142
180.91508 -1.0560348
177.44438 -1.0449364
171.76648 -1.0324374
166.96971 -1.0222254
163.03981 -1.0146651
159.11969 -1.006732
155.21011 -0.99839854
149.09143 -0.9878767
144.65205 -0.984198
138.5579 -0.9722494
133.30533 -0.9635107
128.88084 -0.9585436
124.45976 -0.95322347
117.02663 -0.93948644
113.218056 -0.9257642
106.454056 -0.9012403
101.303925 -0.8860873
92.4965 -0.8496647
87.43925 -0.82908833
80.28585 -0.78012174
76.79139 -0.75225115
71.29513 -0.7099587
67.97127 -0.6749109
64.73942 -0.6363124
60.787758 -0.6029327
56.071136 -0.5745092
49.17901 -0.54440683
44.580215 -0.5024924
38.287575 -0.47382426
32.948757 -0.42116824
27.7363 -0.34845063
21.76799 -0.25402507
17.075907 -0.027547376
14.780617 0.31147152
12.001245 0.5752948
14.295033 0.17789783
18.077188 0.029304275
22.074438 -0.02130847
26.110859 -0.056341123
30.269022 -0.11490245
37.470882 -0.14651261
42.56409 -0.15260561
47.825493 -0.17804849
55.073868 -0.1912787
61.350185 -0.20469125
65.27174 -0.1922344
69.5905 -0.20946388
74.68917 -0.20864
78.6068 -0.19809976
82.53232 -0.18856122
86.46467 -0.17988954
90.402954 -0.17197287
95.33304 -0.16299756
102.24657 -0.15188755
108.04283 -0.13433516
112.00807 -0.12955222
117.84188 -0.11455899
123.80445 -0.10901916
127.78145 -0.10561323
134.55923 -0.08534735
139.46306 -0.07514677
143.38255 -0.06609756
147.37405 -0.06430485
151.30673 -0.05601051
158.20183 -0.040910665
162.19856 -0.039902043
169.12856 -0.026434671
173.10425 -0.020049013
180.08641 -0.01371794
185.07529 -0.007944617
189.07005 -0.0024876357
195.07018 0.0027152472
201.07527 0.0076074884
205.08507 0.0123350145
211.11806 0.02145724
215.11716 0.021058284
220.13892 0.025121612
226.27022 0.042128753
231.35693 0.04985561
235.45848 0.057492595
239.57333 0.06486765
243.70074 0.07199328
249.91411 0.082239546
254.16096 0.092710555
260.4243 0.10204795
264.72162 0.11178251
272.2679 0.12716483
276.62708 0.13608846
281.9972 0.14422311
287.38525 0.1520532
295.08737 0.16520913
299.53513 0.17289217
304.181 0.18358415
310.0356 0.1964966
313.77655 0.20713279
319.94028 0.22227204
323.76447 0.23228028
328.8317 0.24427737
333.94482 0.25590873
337.87393 0.26511455
344.02728 0.27533254
348.01498 0.28404993
353.56662 0.29716972
360.1297 0.309035
364.21567 0.31699216
368.955 0.32133874
373.7266 0.33403653
376.94043 0.34232226
380.5242 0.35293555
384.50653 0.36578056
388.55106 0.37836024
390.04636 0.38789025
391.5768 0.39734662
393.142 0.4067285
395.14673 0.41835
397.62204 0.43213883
398.36838 0.447919
398.32315 0.45914525
398.78232 0.47260794
399.36993 0.49163488
399.52008 0.5028245
400.5913 0.512777
400.97675 0.5294872
401.9942 0.54828644
402.08237 0.56278837
400.32718 0.5744578
399.18106 0.5883153
397.03522 0.6071791
394.9108 0.6171175
391.79825 0.6322248
389.7736 0.6424288
384.80063 0.655409
382.86954 0.66591805
378.01746 0.67943853
375.54852 0.6882028
370.05087 0.70402175
366.25394 0.7128585
360.9875 0.7255407
358.00476 0.7329545
354.24658 0.74638516
350.5923 0.75606877
346.25153 0.7679575
342.6725 0.7780937
337.72244 0.792643
333.53802 0.8054553
331.50735 0.81624675
327.42676 0.8295982
324.73947 0.83868444
321.4188 0.8502547
318.14203 0.86206496
311.3265 0.8728632
307.36368 0.88323617
302.65594 0.8918093
295.94675 0.90385044
291.90717 0.9103789
285.26767 0.92330676
280.46555 0.9282302
271.6901 0.9407751
264.93478 0.9501792
255.4192 0.961999
251.50009 0.97049844
246.77025 0.97700655
240.66496 0.9849268
235.95952 0.992022
229.04346 0.9983556
221.60274 1.008893
214.71326 1.0161922
210.06439 1.0248593
204.57335 1.0314177
198.5858 1.0426762
190.39204 1.0540166
185.81819 1.0647553
179.03186 1.0756462
175.39023 1.0902956
167.76675 1.1001933
161.95601 1.1165118
152.62819 1.1375992
147.3315 1.1508447
142.06258 1.1650753
137.59819 1.1669569
128.83328 1.1884335
123.07843 1.1958905
114.75274 1.2140995
109.025116 1.2238705
104.58471 1.2288502
97.929504 1.2371664
93.49692 1.2433679
86.85563 1.2538564
82.135544 1.2733856
75.52797 1.288083
71.13339 1.2993965
64.56149 1.3192503
59.225094 1.3309442
55.102047 1.3313277
49.563316 1.3662086
45.254913 1.3915265
41.141594 1.3981069
35.761955 1.4567564
30.599722 1.5031147
25.529757 1.5680757
21.549763 1.6139908
17.635649 1.6804843
13.843405 1.7841024
10.308425 1.9619921
10.308425 1.9619921
