Finger
9
247.04945 1.4959362
247.4993 1.5368546
248.38774 1.5548036
249.12482 1.574944
249.42154 1.593861
251.3148 1.6106397
252.50687 1.6263164
254.76773 1.6416341
256.67438 1.6724058
259.3809 1.7023942
262.506 1.7314861
264.54834 1.7492613
267.16367 1.7656361
269.0007 1.7803891
272.00836 1.7967157
273.9208 1.8101962
278.28845 1.8389846
280.40213 1.8554376
282.5874 1.8688266
285.0101 1.8844236
286.7369 1.9000124
289.06644 1.912674
291.51373 1.9279908
294.60593 1.9531107
295.48605 1.969259
296.24286 1.9837712
296.97147 1.9975382
296.52747 2.024236
296.51477 2.0393288
295.74084 2.0634747
294.27463 2.0895767
292.60205 2.1134043
289.48087 2.1402798
286.4773 2.1637917
282.36557 2.1908653
276.64334 2.2111716
274.04526 2.2228315
271.34616 2.2341244
267.5979 2.2461298
264.3295 2.2609634
260.99924 2.275443
257.35828 2.2886808
251.5143 2.3145397
248.42552 2.3260393
245.01535 2.3392246
241.9404 2.351584
235.59514 2.3725207
229.38641 2.394476
222.46373 2.4098077
213.72263 2.4219463
205.32835 2.4376848
197.76413 2.4515967
189.63434 2.470687
185.57405 2.4809167
178.1575 2.4981465
171.26474 2.5131333
164.15031 2.539995
157.16223 2.5628977
149.15733 2.5839708
142.49753 2.6061757
136.3576 2.6368065
131.3159 2.6762586
126.920616 2.7113907
124.53701 2.7552075
127.63763 2.8146539
132.61316 2.858667
136.44865 2.8843818
140.5374 2.9138086
145.7769 2.9432173
151.26953 2.9638708
158.83173 2.9852207
165.44328 3.0036857
173.13536 3.021563
180.8263 3.037732
189.3587 3.053005
194.4555 3.0604641
200.07281 3.072782
204.92322 3.084172
210.83305 3.095321
216.51404 3.1057556
222.69075 3.1121986
228.6328 3.1173346
235.37038 3.1256025
241.58098 3.1343222
248.56387 -3.140622
254.56792 -3.1327922
259.79153 -3.1222918
265.5972 -3.1144004
270.9403 -3.1045465
276.86053 -3.0944786
283.0079 -3.084193
289.2223 -3.0722933
295.43927 -3.0603158
301.00232 -3.0484357
306.29956 -3.037139
311.45587 -3.0259717
316.12814 -3.0172436
324.29913 -2.9962344
330.31143 -2.9774714
335.64526 -2.9558842
341.12747 -2.9349935
345.76688 -2.9141712
347.8218 -2.9015384
349.51312 -2.885081
351.78284 -2.871999
353.88168 -2.858993
356.04065 -2.84837
358.66458 -2.8271031
360.27237 -2.80516
362.05188 -2.7834234
363.27792 -2.761188
364.48148 -2.7387314
363.31403 -2.7186606
362.53766 -2.697113
360.68625 -2.6761513
357.4164 -2.6525784
354.08405 -2.6404977
351.5561 -2.6300392
346.62585 -2.6087048
342.9674 -2.5982592
339.41507 -2.58847
335.6772 -2.5780625
332.04938 -2.5675642
328.39978 -2.5567162
325.44684 -2.5469942
322.0745 -2.5361283
318.57446 -2.524663
314.4883 -2.5154166
310.4941 -2.5060809
306.4786 -2.496382
302.32672 -2.4860048
297.76297 -2.4741633
293.86343 -2.463662
289.2096 -2.4506357
284.5851 -2.4371219
280.0725 -2.423346
275.603 -2.4090834
271.87695 -2.396687
267.39163 -2.3862522
263.78638 -2.3733034
258.96518 -2.3606
254.74052 -2.3483918
250.56033 -2.332572
246.40637 -2.320699
243.02824 -2.3056533
239.72426 -2.2902706
236.18054 -2.2794988
232.35164 -2.2654088
229.0242 -2.2492137
222.68828 -2.220552
218.93732 -2.2053957
215.91867 -2.192492
209.55025 -2.167702
206.49106 -2.1543803
201.18953 -2.1302278
196.9385 -2.106814
193.38098 -2.0771644
191.9799 -2.0504382
191.8202 -2.0270197
191.99118 -1.9984734
193.48605 -1.9723237
195.73946 -1.9447764
198.60808 -1.9128551
202.39207 -1.8750058
206.31416 -1.8397961
210.2724 -1.814042
214.20676 -1.7855433
218.73987 -1.75859
224.75679 -1.7310005
229.24242 -1.7084683
233.3061 -1.6819049
238.81352 -1.6498978
243.35426 -1.6196201
246.32368 -1.5939562
247.25684 -1.5706208
247.35779 -1.5422255
246.72017 -1.5095534
245.09975 -1.4879526
240.19675 -1.4578893
235.6579 -1.4343207
230.34251 -1.4127401
225.29048 -1.3911481
220.38167 -1.3640459
216.03453 -1.3274646
212.61263 -1.2933444
209.27179 -1.2638988
206.37585 -1.2296926
205.103 -1.1911458
204.54488 -1.1475222
205.27037 -1.1060088
205.95702 -1.0683513
208.27856 -1.0370635
210.40448 -1.0040696
214.06728 -0.97606283
218.87056 -0.95218664
223.34207 -0.9320585
227.46228 -0.9080514
232.60007 -0.88701516
238.23495 -0.86374307
241.69128 -0.85333884
247.16716 -0.8294915
251.95525 -0.80896217
256.8034 -0.7893718
261.91693 -0.7752099
267.55118 -0.7547792
272.68353 -0.7372203
277.2917 -0.7222321
281.00974 -0.70595235
285.1046 -0.689221
290.5707 -0.6694241
296.85864 -0.6527717
302.65503 -0.63410467
308.54282 -0.61616814
314.53513 -0.59888935
321.4631 -0.58053106
326.8955 -0.5666963
332.1786 -0.5524325
336.71133 -0.5344339
342.12125 -0.51501316
345.9457 -0.5055816
348.54437 -0.49480054
352.44897 -0.47919506
355.24075 -0.46253717
358.84778 -0.44532907
360.95288 -0.42497435
361.79828 -0.4081086
361.94156 -0.38768134
362.20004 -0.36883822
360.645 -0.34759766
360.0136 -0.33641335
358.63593 -0.3142437
356.2507 -0.29294398
354.23038 -0.2734004
352.46097 -0.25488606
349.5546 -0.23342092
346.51266 -0.21783046
342.33112 -0.20262176
338.96597 -0.18656962
334.9583 -0.17074634
330.28622 -0.1547421
324.7083 -0.13873847
316.9693 -0.12299569
307.37607 -0.107289456
302.38162 -0.09918012
297.82663 -0.090472326
292.61487 -0.081872925
285.16968 -0.062019713
275.87305 -0.042336553
271.06458 -0.032092895
266.76392 -0.025123332
262.69614 -0.01500586
254.71233 0.0011168872
250.69135 0.009179335
242.76695 0.025956945
234.92882 0.04383029
227.11017 0.058539633
223.24211 0.06854368
216.45757 0.08110392
208.7328 0.09731958
203.88963 0.10450146
199.39488 0.11697929
195.33478 0.12445658
191.47168 0.13373406
184.69809 0.1537169
177.42354 0.17291263
169.18384 0.19344841
165.21356 0.20268238
158.60115 0.21942851
153.41133 0.24539937
150.50015 0.2847192
149.49773 0.32672694
150.09085 0.36273205
151.01558 0.39604828
153.29988 0.41823786
157.49564 0.4463361
161.61804 0.47033033
165.71004 0.49176323
171.1027 0.51311475
177.55945 0.53149974
183.71513 0.5559606
191.40866 0.58049726
198.19647 0.5957753
205.32426 0.6120843
212.39235 0.63470423
215.58737 0.6468978
219.41185 0.6623031
223.1494 0.6763343
226.60551 0.6882064
229.93227 0.6988811
233.73169 0.71157557
236.75009 0.7245468
241.29744 0.7394677
244.72244 0.7546853
248.34998 0.7700922
251.85397 0.78433347
255.23096 0.7975062
258.80807 0.81090975
262.46628 0.824072
266.12762 0.83673096
269.82727 0.8490342
273.0375 0.8641559
275.7753 0.8760879
281.3374 0.8969964
286.06494 0.91569465
289.4245 0.9363518
290.8214 0.96516055
290.78738 0.98996747
292.8614 1.0216503
294.34372 1.041713
295.244 1.0706079
295.6322 1.097099
294.7765 1.125803
294.16635 1.1547474
292.21426 1.1814015
290.71332 1.194183
289.0189 1.209296
287.52847 1.2232634
285.18454 1.2388484
282.7122 1.2535692
280.26785 1.2692508
277.86246 1.2853657
275.2657 1.3014734
272.49115 1.3149233
269.32532 1.3309982
266.29178 1.3464545
263.98737 1.3637307
261.29272 1.3812559
259.561 1.3965344
257.7399 1.415025
256.03244 1.4336338
254.42435 1.4524287
252.81444 1.4744034
251.33125 1.4951546
250.74579 1.5149152
250.53412 1.5329156
250.53412 1.5329156
