Mouse
30
21.764105 1.9486668
27.149254 1.9491897
31.240534 1.931633
35.33921 1.9181454
39.44298 1.9074627
44.823593 1.9127281
49.265636 1.9237499
54.64896 1.9264647
59.097015 1.9346201
63.54845 1.9416335
68.0026 1.9477284
73.76191 1.9605951
79.92712 1.9831166
85.71353 1.9918073
91.92569 2.0092928
96.39648 2.0104597
100.86739 2.0115228
105.76974 2.021043
110.24149 2.0215867
116.05021 2.0260842
120.522194 2.0263944
126.333145 2.0303047
133.04129 2.0305133
137.96013 2.0371368
141.9855 2.030761
148.69366 2.0309272
153.16577 2.0310297
158.08467 2.036794
162.5568 2.0367293
167.02892 2.036668
171.50104 2.0366101
176.42453 2.0416195
181.35222 2.0463567
187.63301 2.0531092
193.03941 2.0618556
199.81693 2.0721219
206.61409 2.0817137
211.19658 2.091289
216.66116 2.098125
223.50534 2.1061995
228.1343 2.1145704
233.63074 2.120364
238.60915 2.1223295
244.11554 2.1276996
253.76764 2.136536
259.2915 2.1412897
268.6844 2.1542897
272.5664 2.1624944
277.8563 2.171408
285.38004 2.1788514
291.52512 2.18509
296.2862 2.1902864
301.055 2.1953182
307.2283 2.2009082
311.20795 2.2075062
316.0016 2.2120397
323.80093 2.2133293
330.0033 2.218196
337.00854 2.2210822
341.82065 2.2250826
345.05804 2.2325172
349.09915 2.2380366
352.369 2.2451975
355.6566 2.2522266
359.59747 2.2612743
362.15823 2.2697892
365.39554 2.2802644
368.67218 2.2905543
371.3212 2.2986548
373.9942 2.3066401
376.63443 2.318263
377.91113 2.3296237
379.93317 2.3427958
382.02353 2.3521242
383.444 2.363204
381.38974 2.3762212
379.35654 2.3856514
375.94424 2.3953288
373.2402 2.4031975
369.14755 2.4113913
365.0802 2.419768
359.529 2.424693
356.15475 2.431315
351.38696 2.4383922
346.63727 2.4456637
341.13477 2.4512744
334.23636 2.457495
328.75748 2.4635146
325.47903 2.4711583
320.81644 2.479497
316.7858 2.4855745
312.76715 2.4918084
306.76273 2.501465
301.37836 2.5088253
296.82233 2.5184245
291.47733 2.5263474
287.54318 2.5336933
282.23505 2.5421643
276.6777 2.5459447
268.3495 2.5519087
261.9701 2.5539854
256.97803 2.5550723
249.76694 2.555115
243.11067 2.5517342
238.67477 2.5493755
233.68149 2.5504725
227.85822 2.5491755
222.86488 2.550321
216.48471 2.552787
211.49236 2.5540795
203.17953 2.56229
198.1901 2.5639086
192.65836 2.5699637
185.7543 2.5780394
180.7707 2.5802484
173.03296 2.5862517
168.58011 2.5838227
161.37245 2.5851734
155.54227 2.5845735
150.03777 2.5931096
142.83258 2.5951042
135.97266 2.607411
130.50095 2.6181865
125.91857 2.6337924
118.2533 2.6460676
113.31035 2.6525733
107.91277 2.6678839
101.646645 2.680463
92.735535 2.7048204
86.93797 2.7117598
80.740845 2.7309897
72.731285 2.7429984
66.038704 2.7496018
61.57888 2.7548015
55.823734 2.770786
50.08613 2.790439
43.426853 2.80778
38.04839 2.8143866
30.779041 2.8028233
26.676851 2.788348
22.582283 2.7686179
16.860912 2.8262863
12.751291 2.8035629
16.351624 2.9428322
21.276102 2.9892516
25.237076 3.0133064
31.31651 3.0061479
36.277 3.02476
41.247032 3.0388908
48.21549 3.0537758
55.27754 3.0468612
60.351974 3.0382023
64.33194 3.0446196
68.31425 3.0502887
72.39151 3.0415704
78.363815 3.049216
82.44138 3.0416133
87.41784 3.0473225
92.39684 3.0524163
98.46314 3.0477273
103.44219 3.0522578
108.42317 3.0563722
113.40582 3.0601249
117.393005 3.0628977
121.381035 3.0654883
127.29594 3.0769053
133.28394 3.0798151
139.21748 3.0896456
143.21225 3.0910957
147.20729 3.0924673
151.15808 3.1003745
157.11671 3.1083074
161.11456 3.1091337
165.08386 3.1159744
170.06035 3.1226058
174.04396 3.128787
181.03133 -3.137332
186.05034 -3.1266966
190.06711 -3.1217494
196.11464 -3.1121602
200.14427 -3.107754
207.21542 -3.0992506
211.25578 -3.0953228
215.2993 -3.0915422
220.34435 -3.088145
226.39021 -3.08515
232.49939 -3.0780172
240.6149 -3.0718343
246.67068 -3.0694854
252.72777 -3.0672493
256.79196 -3.064523
261.93604 -3.05838
267.08963 -3.0524735
274.43845 -3.040226
280.72128 -3.0317569
286.03036 -3.0232477
290.24246 -3.0180323
294.5922 -3.0095997
298.68936 -3.0080433
304.05304 -3.000454
308.15427 -2.999067
312.256 -2.9977167
316.50458 -2.993275
321.74762 -2.9894235
326.8415 -2.9887183
331.93555 -2.9880345
337.02972 -2.9873714
342.27975 -2.9838417
347.69577 -2.9775796
354.2808 -2.9692059
358.56686 -2.9656243
364.2028 -2.9572144
368.8822 -2.9485424
373.7901 -2.937467
376.78888 -2.9255483
378.86627 -2.9132235
380.0294 -2.9004078
381.25458 -2.8876724
378.68396 -2.8722382
376.20474 -2.8565967
373.23105 -2.8458695
369.65155 -2.8315759
366.4657 -2.8230486
361.738 -2.8099773
356.73676 -2.7992005
352.37247 -2.7917633
348.96515 -2.7851424
344.06308 -2.7736094
340.69885 -2.7666473
335.4965 -2.7573242
332.17194 -2.7500188
325.71274 -2.7418168
322.0319 -2.736982
317.4417 -2.7307816
313.7786 -2.7256908
309.21143 -2.7191577
304.65787 -2.712429
299.69748 -2.708521
294.3199 -2.7075596
289.84973 -2.7080164
285.80078 -2.7053118
281.754 -2.7025294
276.80585 -2.6981208
273.19815 -2.6918385
264.67557 -2.6804578
259.316 -2.670162
250.86394 -2.6574197
245.9774 -2.651556
240.2207 -2.6434731
235.35536 -2.6370556
231.37279 -2.632482
227.8884 -2.6239269
221.68826 -2.6183732
217.72667 -2.6131718
213.26411 -2.6118145
209.3103 -2.6062799
203.99123 -2.6022093
199.5322 -2.6005135
193.36404 -2.5933971
189.43303 -2.586898
183.28511 -2.5789323
179.37294 -2.571752
173.79802 -2.5579712
169.35889 -2.554811
161.8746 -2.5463004
157.18636 -2.5337305
151.12944 -2.5219195
146.71327 -2.5171828
142.08781 -2.5023198
136.28653 -2.4980972
132.49619 -2.4860213
128.10901 -2.4793625
122.94525 -2.4671848
114.98673 -2.4563422
109.86158 -2.441634
102.051445 -2.4412344
96.299385 -2.4315913
89.1462 -2.421747
83.50232 -2.4261847
78.62118 -2.4395595
73.75595 -2.4547021
68.12879 -2.4628682
63.294422 -2.4823039
55.489773 -2.4872925
49.08816 -2.4899585
42.687 -2.4934244
36.286537 -2.498113
31.89655 -2.4730322
28.188824 -2.412876
23.199734 -2.333589
18.434898 -2.2121804
15.033494 -1.9834962
10.960866 -1.7570477
8.017183 -1.3224922
8.303762 -0.7684511
8.989874 -1.3498331
11.945007 -1.7415446
15.954577 -1.9583545
21.771906 -2.1020355
27.8475 -2.1841636
33.43488 -2.2131302
39.665585 -2.253661
44.662144 -2.2492552
51.06523 -2.248789
56.69273 -2.2594857
62.325546 -2.2682498
69.37206 -2.2772024
75.01261 -2.2831533
81.41156 -2.2801955
87.16498 -2.268945
94.33571 -2.2605422
100.73817 -2.2595885
105.10217 -2.2500892
110.87992 -2.2428093
116.66297 -2.236251
121.04767 -2.2288458
125.43854 -2.2219584
132.03508 -2.2124872
136.43881 -2.206682
141.65585 -2.1970787
148.27953 -2.1897533
152.6994 -2.1852229
157.37495 -2.1720989
161.24548 -2.163179
165.12823 -2.1546779
169.02238 -2.146568
175.1512 -2.1374938
179.0675 -2.1302133
184.69836 -2.117562
188.63911 -2.1110654
197.4075 -2.0963027
203.11089 -2.0857427
211.94583 -2.0730422
216.81514 -2.065983
222.57835 -2.0571263
227.04936 -2.0566797
233.2912 -2.05225
237.30153 -2.0481794
243.55162 -2.0441542
247.56943 -2.0403836
254.7205 -2.0349498
258.30353 -2.0280173
265.93628 -2.018111
271.78378 -2.0118794
278.12985 -2.0011344
282.18338 -1.9984416
286.74057 -1.9912097
290.8013 -1.9887351
295.3779 -1.9818646
299.04895 -1.9765197
303.64944 -1.9700207
308.64667 -1.9667089
312.34106 -1.96177
317.34634 -1.9586791
321.05276 -1.9539667
326.99417 -1.9499431
331.64426 -1.9443629
335.73373 -1.942788
340.3966 -1.9374491
345.06885 -1.9322547
349.75024 -1.927199
355.37936 -1.9213083
361.02042 -1.9156015
365.0676 -1.9058158
366.61658 -1.8928211
367.27454 -1.8807662
368.94168 -1.8679603
370.38937 -1.8526804
371.92288 -1.8375231
372.82364 -1.8257593
372.8053 -1.8146999
371.177 -1.7963982
368.34906 -1.7870286
365.554 -1.7775147
363.7732 -1.767317
360.06537 -1.7580485
356.21362 -1.7458248
350.44278 -1.7342594
345.86084 -1.7247303
339.189 -1.7128754
334.8131 -1.7056972
330.45496 -1.6983291
326.1152 -1.6907645
320.9148 -1.6864419
316.71442 -1.6816264
311.52716 -1.677021
307.34167 -1.6719302
303.26172 -1.6699812
299.28162 -1.6713047
293.1145 -1.6665698
289.03787 -1.6644492
284.87296 -1.6587725
278.72427 -1.6535159
274.57776 -1.6474606
269.44406 -1.6414809
265.31833 -1.6350263
261.26346 -1.6321894
255.15724 -1.6258086
251.10951 -1.6227081
247.01761 -1.6154627
241.97919 -1.6122568
235.87602 -1.6006032
229.80658 -1.5883324
224.79166 -1.5842745
220.78058 -1.5799897
213.77124 -1.5709352
208.7735 -1.5661486
203.77354 -1.5660347
197.78107 -1.560834
193.78125 -1.5606284
188.78152 -1.5603591
182.78186 -1.5600165
178.7821 -1.5597754
171.78255 -1.5593263
165.78294 -1.5589112
160.78333 -1.5585417
155.7837 -1.5581483
150.78412 -1.5577289
145.78456 -1.5572808
141.78493 -1.5568994
137.78532 -1.556496
132.78586 -1.5559576
127.80576 -1.5475534
123.83491 -1.5387295
119.83703 -1.5376594
114.878815 -1.5275172
110.932014 -1.5169508
104.94121 -1.5138737
100.01443 -1.5010468
94.029945 -1.4965997
90.12437 -1.4822439
84.250145 -1.4641218
80.3919 -1.4464549
74.44194 -1.4364586
69.64073 -1.4126103
63.9024 -1.3823614
60.18544 -1.3535867
55.313423 -1.334105
51.433502 -1.3158678
46.612152 -1.2888141
41.832767 -1.2555493
38.050106 -1.2229495
33.39308 -1.1718876
29.325544 -1.1503291
24.378977 -1.1040417
19.906868 -1.1033437
13.680179 -1.036171
8.399621 -0.93759334
3.8940656 -1.3189673
7.8315816 -1.4465805
13.805382 -1.5004537
19.795036 -1.521759
23.791035 -1.5300004
29.787046 -1.5382158
34.89788 -1.485579
40.9641 -1.4737223
46.158974 -1.4410907
50.405376 -1.4120058
54.51433 -1.405495
60.769638 -1.3892783
64.88497 -1.3852484
71.156136 -1.3731794
75.274864 -1.3705863
81.55637 -1.361184
85.892334 -1.3480986
90.479195 -1.3255229
96.07299 -1.3078676
102.93219 -1.2854911
107.93039 -1.2603564
112.35221 -1.2542819
118.37016 -1.2353146
122.55156 -1.2125522
127.72164 -1.1942023
133.31801 -1.170358
139.39693 -1.1419026
145.57924 -1.1158444
150.50464 -1.0947595
155.01949 -1.080693
160.92207 -1.0649794
169.5929 -1.0460134
174.2043 -1.0347698
180.0352 -1.0346274
185.0072 -1.0317322
192.20999 -1.029897
197.18437 -1.0272999
202.16 -1.0248306
207.99086 -1.024986
214.34244 -1.0211451
220.69698 -1.0175252
227.90387 -1.0164264
234.79266 -1.0095304
240.84947 -1.0007951
246.08698 -0.99026775
253.29735 -0.97582036
258.59598 -0.9663099
263.3425 -0.9602867
270.07236 -0.95057434
276.23895 -0.9442613
281.826 -0.941086
287.20413 -0.9331673
293.00812 -0.93509877
302.8005 -0.9302228
309.40625 -0.93403876
315.59958 -0.92883664
321.99933 -0.92818487
328.2018 -0.923293
333.6177 -0.9167634
339.04733 -0.9104427
342.92032 -0.9007159
346.19742 -0.89345396
350.12555 -0.88411576
352.675 -0.8753444
356.54916 -0.8624241
361.89285 -0.8495322
364.54654 -0.841292
367.22467 -0.83317155
370.6058 -0.8231868
373.33688 -0.81532985
376.09067 -0.80758744
379.58463 -0.8017936
382.3771 -0.7942763
384.48337 -0.785032
382.37973 -0.7757837
380.30908 -0.7664339
377.5861 -0.7550574
374.91263 -0.74351716
372.21674 -0.73560673
368.13266 -0.72735935
365.48526 -0.7191846
362.86267 -0.71089107
359.5027 -0.7042746
355.5173 -0.6953778
352.96796 -0.6866765
348.89014 -0.68144417
342.79184 -0.67336273
337.33472 -0.6673218
331.89032 -0.6610825
323.65518 -0.65349585
318.8443 -0.64925563
311.84012 -0.64617807
305.63998 -0.64099747
300.8468 -0.636304
294.6631 -0.63072276
289.3005 -0.6228802
281.74603 -0.6159366
274.77884 -0.6115965
270.85303 -0.60374504
265.5557 -0.59465873
260.8349 -0.5883993
256.12466 -0.5819093
251.42566 -0.5751764
244.82205 -0.56349975
240.15587 -0.5560915
234.12897 -0.54697186
227.26407 -0.5396235
221.78146 -0.5334176
215.44408 -0.5292313
210.98175 -0.53062046
206.01436 -0.5278866
199.68234 -0.52319443
194.7194 -0.52011263
186.16217 -0.51549315
181.2042 -0.51197064
176.73741 -0.51319295
170.42078 -0.5071495
165.08012 -0.51126975
158.37985 -0.51328605
153.91339 -0.5147278
146.3459 -0.5204321
139.64902 -0.5231584
132.9533 -0.5261592
128.49019 -0.52833354
120.4283 -0.5289486
115.96606 -0.5314651
111.504616 -0.534183
106.53586 -0.5290626
102.07371 -0.5319266
94.8748 -0.5276667
90.41228 -0.53083116
84.08035 -0.51990926
79.120895 -0.51211876
74.16688 -0.5032869
66.51594 -0.48094204
61.587173 -0.46780223
56.240974 -0.43638682
48.730797 -0.39542758
42.425957 -0.4064011
37.962006 -0.3996608
29.313381 -0.3038783
24.440577 -0.19647971
20.048733 -0.08846208
14.972085 0.0152796805
10.480101 0.31317925
7.316238 0.61627144
10.830051 0.401137
14.596326 0.293928
20.413153 0.20866965
24.186811 0.13389225
30.143755 0.10731794
35.119076 0.09206751
39.103863 0.08266293
45.086098 0.071674556
53.017204 0.042050816
58.013165 0.03842763
64.00915 0.03482643
68.00687 0.03277844
75.003456 0.029719802
81.00101 0.027518684
86.97902 0.0141275525
93.97062 0.002434378
97.970604 0.0023349859
102.97323 -0.007489786
108.98473 -0.016252903
112.98422 -0.015677523
119.98341 -0.014762912
124.001305 -0.022350337
129.0001 -0.021484118
132.99922 -0.020838024
136.99837 -0.02022965
140.99757 -0.01965579
146.99646 -0.018853545
154.99512 -0.017880486
158.99449 -0.01743067
164.9936 -0.016796835
169.99294 -0.016302813
173.97935 -0.010180926
178.9791 -0.009896514
185.97876 -0.009524028
191.97188 -0.004017475
199.97046 0.001143968
203.97046 0.001121534
209.97394 0.0058519966
213.98195 0.0104158325
218.99414 0.014744124
224.03136 0.02334153
230.05467 0.027078437
234.05322 0.02661572
241.1108 0.03413517
247.14272 0.03735051
254.21844 0.044184104
258.26 0.047368284
263.30286 0.05026277
267.34924 0.053246778
271.39792 0.05614178
276.4471 0.058738526
280.49994 0.0614603
285.61835 0.06737423
292.7411 0.0725809
297.8774 0.07806019
302.11105 0.086927705
306.27402 0.09229931
310.54453 0.10073156
314.83652 0.10893447
321.25305 0.11928156
327.83295 0.1322473
333.33313 0.14216475
337.72638 0.14928001
342.2933 0.15909809
348.04697 0.17100686
352.5065 0.17746224
356.3691 0.18978651
361.06583 0.1985761
365.9967 0.20981318
369.77863 0.21870361
375.9916 0.2313964
380.0813 0.24239092
382.02954 0.25192708
384.79825 0.26889724
386.15668 0.28138036
387.2865 0.29130262
386.54468 0.30270097
382.3833 0.31159157
378.88876 0.31734037
375.09055 0.320668
367.82993 0.33010358
364.0482 0.3336651
360.27118 0.33730134
353.33734 0.34118697
349.5705 0.34501576
343.5876 0.34818292
339.83032 0.35219896
335.1417 0.3573455
331.04492 0.35874206
322.63333 0.3685362
318.90518 0.3730548
312.39706 0.38122153
307.76163 0.3872661
301.83127 0.3917057
297.2161 0.3981281
291.69464 0.40610284
288.0243 0.41158894
283.95914 0.41399696
280.30167 0.41973755
274.41925 0.42532003
269.8726 0.43296468
264.91708 0.43745703
259.9671 0.44212052
254.12161 0.44866586
249.65 0.4483975
243.3774 0.45167983
237.10757 0.4551358
228.60469 0.45873183
223.23639 0.46061695
219.21054 0.4646415
212.95235 0.46887088
208.93416 0.47325236
202.6843 0.47796178
196.43921 0.48297074
185.79855 0.5009336
178.82275 0.52242
170.56276 0.54367006
165.45697 0.56242937
161.54501 0.57039636
156.80762 0.5822464
152.09361 0.59483296
148.227 0.6043674
142.74504 0.62248874
138.92058 0.63342905
133.11592 0.6374973
129.31601 0.6496938
122.729836 0.65980434
118.34667 0.66716945
111.78514 0.6792989
106.7885 0.68097466
98.203415 0.68629074
93.20824 0.6885854
88.21361 0.69113994
83.86276 0.7031673
77.46243 0.70551676
72.47271 0.7097926
66.73244 0.724522
59.596508 0.7409901
53.89497 0.76254654
49.638596 0.7890794
45.4237 0.82056206
41.262993 0.8584379
36.56523 0.9262283
27.967894 1.0477594
24.362377 1.1491629
20.134302 1.2697437
16.347933 1.4499774
20.134302 1.2697437
26.604603 1.0615467
33.185524 0.96228707
42.173557 0.9073996
47.01855 0.8796574
52.652985 0.86954534
58.201485 0.8371581
65.94198 0.8203459
70.91542 0.8278722
79.39387 0.8233341
85.04692 0.82081145
91.4332 0.82607585
95.73787 0.8390336
100.81126 0.85741466
106.049965 0.8873127
109.79693 0.9032575
114.36605 0.92345655
118.17091 0.93712
121.99645 0.9499288
128.62622 0.95809466
133.05042 0.9630862
136.91306 0.973772
140.23914 0.98980767
144.98015 1.0029708
150.07327 1.0244739
155.73592 1.0390044
159.69485 1.0463086
164.91571 1.0645287
168.90222 1.0708348
172.89514 1.0768498
179.12944 1.0828996
183.13419 1.0883151
191.15875 1.0984646
195.17798 1.1032262
202.3327 1.1099957
205.92317 1.1186334
209.52847 1.1269743
215.38309 1.1347431
219.92534 1.1443458
223.57323 1.1517464
228.14969 1.1606637
234.05547 1.166967
237.73892 1.1735784
243.66264 1.17932
247.74231 1.1817493
251.8234 1.1841
257.20847 1.1842296
262.0474 1.1793809
266.89227 1.1747081
268.86093 1.1575502
274.54825 1.1467221
278.0313 1.1365694
283.77798 1.126515
290.0155 1.1214718
295.82275 1.1196786
302.53046 1.1194009
308.803 1.1220486
312.84192 1.1247157
318.26532 1.1328492
321.89227 1.1381191
325.52798 1.1432714
330.08447 1.149552
333.7388 1.1544528
338.8383 1.1643133
343.04773 1.1727537
347.28098 1.1809889
351.53723 1.1890253
354.88495 1.1958395
358.2488 1.2025261
361.9835 1.2065042
367.2463 1.2148696
370.3131 1.223696
375.62692 1.2316332
379.69333 1.2409818
382.52844 1.2517885
384.15182 1.2641252
384.58658 1.27809
385.37253 1.2895259
385.24496 1.3002216
384.19516 1.3102543
382.21548 1.3196926
377.11823 1.3298999
371.60968 1.3456255
367.17407 1.3623854
364.40652 1.3719891
360.69098 1.381218
357.99066 1.3911387
353.52603 1.3974662
349.07593 1.4039553
344.48282 1.4134775
338.93268 1.4228225
333.55246 1.4295083
327.1967 1.4360034
321.84714 1.4431524
317.62848 1.4477948
311.43094 1.4518045
307.34094 1.4534903
302.0337 1.4614172
297.84332 1.466626
293.7616 1.4685959
286.50104 1.4765198
280.34305 1.4816074
272.11713 1.4899698
267.97394 1.4962038
262.91406 1.4985794
256.79013 1.5046617
252.67262 1.5115137
247.62317 1.5143486
241.52557 1.5212146
237.48228 1.5245855
232.44269 1.5278894
225.36975 1.5354234
218.31041 1.543445
214.2864 1.5475994
208.2666 1.5517315
203.25047 1.5561817
199.2385 1.5609069
195.23871 1.5607042
189.23125 1.5656685
185.22876 1.5709565
177.23175 1.576606
172.23184 1.5767747
166.23195 1.5769905
161.23206 1.5771825
157.23213 1.577345
153.23222 1.577516
147.23236 1.5777898
143.23247 1.5779852
137.24377 1.5855856
133.24422 1.5860295
129.24469 1.586501
122.24561 1.5874002
118.24618 1.5879619
111.24728 1.589042
107.24796 1.5897224
101.2491 1.5908439
97.24994 1.5916684
91.251335 1.5930407
85.25292 1.5946062
77.255424 1.5970714
72.25727 1.5988895
64.26082 1.6023864
60.26295 1.6044828
53.26744 1.6089088
48.23975 1.5921427
40.22877 1.5715337
35.242123 1.5432594
26.246702 1.533818
22.24993 1.5271717
16.347933 1.4499774
12.3864765 1.4110461
12.3864765 1.4110461
