Mouse
32
24.662422 2.444222
29.031448 2.4799063
34.6521 2.459761
41.69169 2.4422262
47.33012 2.4319563
52.972477 2.4238734
57.959896 2.4302702
63.602615 2.4236877
70.659195 2.4169385
75.64382 2.4222968
81.289185 2.4177003
90.50777 2.4192553
96.90411 2.422399
103.30131 2.4251535
108.94541 2.4215758
113.93142 2.4249306
121.739914 2.426337
130.20569 2.4217696
135.85089 2.419041
142.24704 2.4211924
149.30386 2.418116
157.02786 2.4105563
162.00931 2.4132545
168.99797 2.4025135
174.64896 2.4010139
183.12611 2.3989377
190.19096 2.397349
195.10954 2.3926842
202.90878 2.3947682
208.56154 2.3937223
214.21452 2.3927314
219.86769 2.3917916
227.6665 2.3936796
234.73276 2.3925507
243.26634 2.3970926
250.33167 2.3959377
256.78168 2.4032075
261.08893 2.4078546
266.8136 2.412053
271.13113 2.4163873
275.45358 2.4205856
282.7019 2.4289606
287.6902 2.430161
293.43774 2.4335427
297.77893 2.4371767
304.29785 2.4424334
308.64832 2.4458144
313.00217 2.4491014
319.53912 2.4538636
323.2695 2.4593282
327.0093 2.4646676
331.38147 2.467524
336.53983 2.4721544
340.3013 2.4771442
345.65375 2.4855702
351.63437 2.4914713
355.4274 2.4960434
359.22772 2.5005193
363.03506 2.5049012
367.65634 2.5107996
371.7058 2.5187333
376.59537 2.5280275
381.51663 2.537083
384.25186 2.5451407
383.6853 2.556694
381.24686 2.5712645
378.5707 2.582382
375.94202 2.593656
372.85162 2.6073928
369.96597 2.615322
365.24667 2.6267765
358.82565 2.6358416
353.79095 2.644097
348.3706 2.6487076
342.95792 2.653464
338.01904 2.6557531
333.082 2.65811
327.26065 2.659124
322.32632 2.661611
316.0467 2.665532
310.66312 2.6710753
303.05334 2.6768057
298.14682 2.6872869
293.7046 2.6950424
288.37552 2.701563
284.87564 2.711276
278.25653 2.7201111
273.49384 2.7323058
269.1612 2.741504
264.47293 2.7544985
259.83096 2.7679598
256.52643 2.7796314
254.19734 2.792955
250.97005 2.8052123
249.36435 2.8241405
252.63263 2.8491237
255.90453 2.8611143
261.141 2.8748343
264.48914 2.8861153
269.32983 2.890807
272.9636 2.8979924
279.52835 2.9075046
283.1937 2.9142156
287.84723 2.921516
293.70544 2.9259758
298.59158 2.9295583
302.29703 2.935577
306.21353 2.938249
311.8957 2.945274
315.6287 2.9508536
321.52188 2.9543915
325.27048 2.9597008
329.2053 2.9618988
332.9665 2.967001
336.73618 2.971989
341.33844 2.9802368
345.12967 2.9849584
348.92844 2.9895775
352.73447 2.9940972
356.26788 3.0040765
360.57938 3.0197136
365.0847 3.0322542
368.65073 3.044224
373.2649 3.056192
375.9367 3.0674744
378.65567 3.0785959
381.37012 3.0921762
382.1552 3.1053734
382.00684 3.118454
377.93552 3.1287904
373.9091 3.136676
368.90637 -3.1384437
364.91827 -3.1329284
360.94147 -3.1272914
354.97684 -3.1214163
350.99945 -3.1183379
343.0551 -3.111967
339.0569 -3.1116178
333.09164 -3.108077
329.12933 -3.104633
325.17105 -3.1011055
320.26367 -3.0942338
313.3217 -3.089988
307.38403 -3.0857322
299.51813 -3.077574
293.59766 -3.0728674
287.61212 -3.071435
278.7091 -3.065592
271.80954 -3.0599682
262.92673 -3.0533864
256.9506 -3.0513296
251.06987 -3.0452087
247.18852 -3.0396247
239.23146 -3.0362206
233.37558 -3.0292554
226.42107 -3.0257897
221.57567 -3.0186994
213.7677 -3.009469
207.82149 -3.0056655
198.90825 -2.9995341
194.10762 -2.990787
186.20229 -2.9843323
180.2788 -2.97912
170.59212 -2.9638524
164.87614 -2.9514484
160.95001 -2.9467514
154.08841 -2.9379556
147.23985 -2.9283412
137.48267 -2.9129467
129.70355 -2.898966
125.82439 -2.8913283
119.05508 -2.8767662
111.35367 -2.8579607
107.51931 -2.8475497
99.88958 -2.824336
93.26449 -2.8009195
84.83503 -2.7654657
80.74913 -2.7587883
72.58996 -2.7431803
66.28575 -2.7358727
58.160816 -2.7131784
54.11211 -2.6992793
48.738365 -2.6924543
44.266747 -2.6939201
38.462536 -2.6498175
33.9924 -2.6461174
29.522873 -2.6412969
25.55465 -2.6005375
20.25704 -2.5580275
16.425217 -2.4745522
12.079091 -2.3996968
8.156921 -2.0699492
5.162564 -1.5523106
7.294656 -2.1356173
14.242405 -2.442834
20.25704 -2.5580275
29.05644 -2.6714993
35.323906 -2.6979651
43.843147 -2.7144825
50.137043 -2.727749
58.66998 -2.7357652
63.13517 -2.7316718
68.51819 -2.7339833
73.90152 -2.735958
78.36656 -2.7326493
83.74969 -2.7344775
89.532265 -2.7258215
94.91427 -2.7278218
98.98121 -2.7348197
103.44642 -2.7323623
110.145294 -2.7290497
116.84525 -2.726117
122.227264 -2.7276573
129.84274 -2.7281878
135.22511 -2.7294977
141.0101 -2.7242057
145.4776 -2.7227843
152.17935 -2.7208083
156.64749 -2.719585
163.76382 -2.7123091
169.56003 -2.7084951
175.7838 -2.6997783
183.82301 -2.69639
190.96347 -2.691016
199.44756 -2.6837327
203.91962 -2.683606
210.17743 -2.677054
216.89908 -2.6667721
222.29202 -2.658995
228.58058 -2.6536455
237.11044 -2.6488595
242.05489 -2.645757
249.71591 -2.639577
254.66695 -2.6368084
262.34085 -2.631187
268.16922 -2.6305346
274.98254 -2.623568
280.44238 -2.618239
285.40695 -2.6161392
290.8774 -2.6111405
296.70807 -2.6109447
301.32608 -2.6045341
306.81253 -2.6000023
311.4509 -2.5939627
318.85364 -2.5860615
322.67096 -2.578798
327.34732 -2.573353
332.57678 -2.5655358
336.44052 -2.5588036
343.09387 -2.5506184
348.37973 -2.5434985
353.68277 -2.5365915
360.39514 -2.5292108
364.3372 -2.5233824
367.4802 -2.5160892
371.2346 -2.5067477
375.02072 -2.4975939
378.6535 -2.484922
381.72647 -2.4745474
382.65488 -2.463101
380.04654 -2.4507465
376.08755 -2.4385314
373.04504 -2.4315987
369.1762 -2.4189503
366.18552 -2.4117258
361.73605 -2.400666
358.79483 -2.393141
355.18893 -2.3875403
350.9064 -2.383891
347.31937 -2.3780677
341.63535 -2.3742912
335.24005 -2.368308
329.5609 -2.359934
323.19586 -2.353444
319.6733 -2.3467777
315.4475 -2.342168
311.2286 -2.3374333
307.74127 -2.3303258
304.26984 -2.3230557
299.4018 -2.3154266
295.22458 -2.3100545
289.6438 -2.3042762
286.23236 -2.296234
281.429 -2.2876558
275.2371 -2.278383
271.88763 -2.2695935
268.55975 -2.2605853
264.6261 -2.248415
261.3511 -2.23889
257.48987 -2.226052
252.8722 -2.2151937
249.0923 -2.2015574
246.75441 -2.1884658
249.15042 -2.1670258
253.30327 -2.1559415
256.6473 -2.1473331
260.5493 -2.1421819
265.3024 -2.1351604
271.44598 -2.1295629
275.89825 -2.1280234
279.30115 -2.1204495
283.23706 -2.1160827
288.38373 -2.1052914
292.69745 -2.0965893
296.16394 -2.0898106
300.51572 -2.0815578
305.76404 -2.071965
309.68607 -2.0613759
312.7554 -2.0525298
316.73923 -2.0424178
320.3077 -2.036744
323.44324 -2.0284257
328.83652 -2.020364
332.4436 -2.0151353
338.77722 -2.006253
343.3171 -2.0001097
348.37302 -1.9903306
353.86108 -1.983424
357.52896 -1.9789373
361.733 -1.9709136
365.95978 -1.9630749
368.90683 -1.95392
369.86508 -1.9383489
368.44666 -1.9282175
367.06635 -1.9180088
364.78094 -1.9086304
360.31253 -1.8982973
356.19644 -1.8903737
352.10327 -1.8822652
346.78143 -1.8720753
342.0755 -1.8671702
337.09216 -1.8592869
329.932 -1.8499323
324.30246 -1.8452877
319.64413 -1.8396455
313.77142 -1.831588
309.3923 -1.8286759
304.7653 -1.822505
298.93817 -1.8137115
293.36835 -1.8078852
287.80887 -1.8018335
280.8451 -1.789395
274.13278 -1.7798971
269.60538 -1.7720917
263.92273 -1.7610295
257.2898 -1.7501725
251.84319 -1.7419935
246.41418 -1.7334536
241.1591 -1.7286274
236.89828 -1.7229438
232.64542 -1.7170521
226.56378 -1.716545
222.32011 -1.7102573
218.22038 -1.7082673
214.12152 -1.7062012
208.04153 -1.7053316
203.94405 -1.7031033
196.87332 -1.7027589
191.91792 -1.7061869
185.83795 -1.7052131
180.8843 -1.7089174
175.79448 -1.7071991
170.70523 -1.7053784
166.60783 -1.7026519
161.52011 -1.7005844
155.3164 -1.6928154
151.34694 -1.6960323
145.26923 -1.6943614
140.1846 -1.6916784
132.00575 -1.6839461
124.93777 -1.6823193
120.96343 -1.6859995
115.882385 -1.682387
111.79725 -1.6774821
105.72548 -1.6741205
101.74765 -1.6781753
95.78436 -1.6848887
91.698105 -1.6790203
84.742424 -1.6879426
80.65468 -1.6814255
73.70152 -1.6919116
68.61843 -1.6862487
61.550117 -1.683211
57.46577 -1.6737274
48.41071 -1.6722821
43.43939 -1.6839437
37.366184 -1.6754823
33.28858 -1.6581618
26.322367 -1.6813676
22.243309 -1.6565257
15.280777 -1.6957597
10.201803 -1.6595807
4.2587953 -1.7848275
0.9188966 -2.9647868
4.5767326 -1.9999949
8.663059 -1.9127014
14.456419 -1.7730925
22.697847 -1.7885951
27.600878 -1.7494413
35.653942 -1.7371706
39.604248 -1.7204436
44.554604 -1.7037117
50.634586 -1.7075833
55.592064 -1.6953186
61.550117 -1.683211
66.52092 -1.674779
72.49119 -1.666188
77.469925 -1.6600406
84.304405 -1.6290061
89.24707 -1.6145605
96.16588 -1.5802028
100.16761 -1.5598601
106.20674 -1.5416468
111.27834 -1.5249903
115.38 -1.5092614
119.436295 -1.502964
125.65246 -1.4823786
129.82378 -1.4697537
137.10962 -1.4531341
142.31673 -1.4433022
149.65588 -1.4293658
153.90437 -1.4201639
158.1652 -1.4114571
165.56288 -1.4002748
172.97949 -1.3900502
179.24347 -1.3850913
187.66562 -1.3772511
192.95953 -1.3720638
199.44145 -1.363257
203.77087 -1.3576975
211.03604 -1.3554499
215.37383 -1.3503468
221.8905 -1.3430666
226.24118 -1.3384464
232.31058 -1.3402046
236.66406 -1.3358403
242.96542 -1.3335838
248.53648 -1.3265787
252.65959 -1.3265663
257.02637 -1.322779
263.58313 -1.3173337
267.95844 -1.3138516
275.23694 -1.3132868
279.6159 -1.310013
283.99777 -1.3068404
288.12015 -1.307112
292.5045 -1.3040751
300.31802 -1.2973702
306.90784 -1.2932374
311.30386 -1.2905796
315.42444 -1.2910401
319.8222 -1.2884831
326.4227 -1.284777
331.7842 -1.2832457
338.39072 -1.2797728
342.5095 -1.2803268
346.91562 -1.2781055
351.61526 -1.2732186
356.62216 -1.2657839
359.10535 -1.2533389
362.91382 -1.239352
365.51294 -1.2273071
367.227 -1.2144865
369.3627 -1.199262
370.83362 -1.1892112
370.49387 -1.1771809
369.28915 -1.1640615
365.5082 -1.153624
362.26532 -1.1466266
357.22458 -1.1371624
353.5988 -1.1324093
349.98117 -1.1275579
345.47098 -1.1213508
340.97446 -1.1149799
337.38745 -1.1097609
333.8098 -1.10443
329.35147 -1.0976038
325.79608 -1.0920085
322.25113 -1.0862899
318.71698 -1.0804442
315.19394 -1.0744678
310.80637 -1.0668069
307.30978 -1.0605211
303.82562 -1.0540909
299.48856 -1.045843
294.31183 -1.0356257
290.87823 -1.0286125
286.60696 -1.0196104
283.2071 -1.0122136
278.1372 -1.0007805
273.94104 -0.9909307
270.60376 -0.9828315
265.89584 -0.97553056
262.02692 -0.9701307
257.34473 -0.962355
252.9202 -0.9598037
248.84134 -0.9482764
245.01334 -0.9420729
241.78964 -0.9323434
242.42982 -0.9084045
245.5365 -0.8923467
248.06639 -0.8797925
254.10219 -0.86357933
257.47235 -0.85429287
262.27582 -0.8449246
266.432 -0.83867866
271.3388 -0.8351049
276.1872 -0.8265431
281.1051 -0.8233055
286.0259 -0.8201792
290.90793 -0.8122998
295.83804 -0.80946046
300.04926 -0.8044083
304.96585 -0.79714507
310.60257 -0.78782535
314.14017 -0.7810452
320.53867 -0.77010155
324.80524 -0.7659478
329.8015 -0.7598088
334.0815 -0.75590193
337.68408 -0.74993145
342.03482 -0.74210703
345.66443 -0.7364184
350.79678 -0.7270426
355.20648 -0.71979
361.15 -0.70909435
367.01376 -0.7025851
370.71713 -0.69767135
374.42926 -0.69285494
373.5883 -0.67742735
371.87918 -0.66736066
369.4169 -0.6588557
366.98166 -0.65023726
364.57407 -0.6415043
360.20706 -0.62981975
355.07578 -0.61948144
351.1312 -0.6135136
348.02103 -0.60577035
342.71628 -0.5987612
335.2112 -0.5923828
327.4428 -0.5899456
321.89554 -0.58653265
314.1321 -0.5838476
309.14114 -0.5828833
299.71002 -0.5836476
294.1701 -0.5797942
286.95923 -0.579588
282.5176 -0.58141917
276.14297 -0.5792584
271.44812 -0.57297623
264.84973 -0.5621276
259.3363 -0.55729777
254.15965 -0.5468445
245.41135 -0.5351935
239.43129 -0.52575094
233.96857 -0.51954347
230.25989 -0.5087762
225.3062 -0.5057954
218.99687 -0.50087917
213.57335 -0.49344438
205.51385 -0.49243623
200.5722 -0.48868468
192.9842 -0.49198756
188.51392 -0.49265978
181.80864 -0.4937301
177.33858 -0.4944886
170.16031 -0.4905314
164.33687 -0.48876202
154.92728 -0.48451287
147.75664 -0.47947115
137.90054 -0.46762934
132.98055 -0.46105063
128.50842 -0.46096027
122.69675 -0.45718807
116.886986 -0.4530408
112.41511 -0.45261887
107.94326 -0.45216194
102.13629 -0.44712985
97.664795 -0.44637352
93.19336 -0.4455446
83.826355 -0.43284798
77.12161 -0.43016937
66.861115 -0.4183348
62.393898 -0.4150881
57.534904 -0.39540902
50.476 -0.3680611
43.467094 -0.33185878
37.498543 -0.27441835
31.909502 -0.22636358
26.286285 -0.12056835
22.125973 -0.05252449
16.11728 0.052040886
8.301572 0.22330062
4.9828887 0.6060498
4.284907 2.0313861
4.489145 0.42192402
13.146878 -0.08847255
19.217419 -0.112720944
28.565664 -0.1816912
35.632244 -0.17379622
39.74599 -0.18117426
46.99709 -0.19619645
53.27775 -0.21106228
57.398655 -0.21349813
63.689854 -0.22422709
71.71644 -0.21301803
80.93586 -0.21366173
84.849144 -0.20366548
90.9277 -0.20108947
96.02668 -0.20089331
100.14594 -0.20270777
104.06716 -0.19496952
109.16617 -0.19508284
113.09295 -0.18822655
120.156876 -0.1855011
126.23844 -0.1845205
135.27078 -0.17958036
139.20828 -0.17444798
146.1071 -0.1661324
150.21776 -0.1682943
156.13622 -0.16185753
162.21895 -0.16198093
171.10728 -0.15349807
177.03912 -0.14831628
183.12105 -0.14887539
187.07774 -0.14570394
194.00623 -0.1404653
199.94891 -0.13626412
208.86905 -0.13041072
215.81154 -0.12619272
226.61067 -0.11570544
235.55278 -0.1112944
239.52846 -0.10943968
245.49342 -0.10677025
250.46552 -0.10464285
258.42313 -0.10140933
266.2869 -0.09463183
275.24796 -0.091542184
279.23145 -0.09023267
283.2154 -0.08895999
288.11038 -0.08396099
293.01233 -0.07912913
296.99997 -0.07806453
300.91266 -0.07371476
306.82608 -0.06902423
313.74393 -0.0643057
317.6739 -0.060355164
323.6055 -0.056152225
328.59775 -0.05529825
332.5386 -0.051630843
337.48267 -0.04790707
342.43127 -0.04429087
347.3449 -0.037901152
351.27283 -0.031780142
355.2408 -0.028608782
359.16687 -0.019940859
365.13193 -0.014136788
370.0973 -0.0031386963
374.0964 0.002241079
378.11493 0.010151529
382.15665 0.017895132
382.24915 0.028358027
379.38574 0.039121564
373.52164 0.047775455
368.6848 0.056550983
362.94635 0.068488926
357.18195 0.078018054
352.5361 0.09043562
348.83945 0.10003614
345.06747 0.10696086
341.31238 0.1140383
335.71274 0.12495042
331.01123 0.13282798
321.52536 0.14619575
315.8936 0.15522651
308.4822 0.16884445
304.88663 0.17751576
299.53754 0.19091135
295.80508 0.1967965
292.49258 0.2095295
289.00955 0.21917729
283.8369 0.2340906
280.42465 0.24433696
276.07495 0.25574774
271.06506 0.2720554
265.8467 0.2853669
262.29828 0.2933182
256.8578 0.30379918
253.34923 0.31228873
247.96242 0.32356107
244.49802 0.3326406
247.11505 0.35044447
253.54524 0.36219618
259.2859 0.36618298
263.73718 0.36783305
268.55182 0.3729008
273.37317 0.37778994
280.42957 0.38315576
284.88745 0.38441795
290.10397 0.39202905
294.94934 0.39624724
299.41147 0.3972532
305.1839 0.39997926
313.584 0.40597305
321.0786 0.41290012
325.94824 0.41640624
333.05573 0.42010334
338.34537 0.42607588
343.15964 0.43573064
348.00504 0.44511738
351.54315 0.4529376
354.20685 0.4618564
358.69894 0.4743467
360.54352 0.4842163
362.42288 0.4939845
364.33646 0.50365096
367.2698 0.51795965
369.2666 0.5273712
371.29575 0.5366807
372.50238 0.547282
374.28094 0.5600804
374.738 0.5719593
374.96716 0.5875028
374.2118 0.60825557
372.6738 0.6209954
369.2079 0.63107806
365.98593 0.63752663
361.98032 0.64574826
355.9905 0.65140426
347.0281 0.66025394
341.0689 0.66641176
335.1231 0.6727883
330.74973 0.67559564
322.94095 0.6751327
317.31903 0.673171
307.3236 0.6741362
300.92047 0.6741234
291.7066 0.6730331
285.9279 0.6757296
279.37354 0.6807839
275.0081 0.6842873
267.0588 0.6892502
260.52493 0.69501007
251.06535 0.70572996
244.45883 0.7180753
235.73581 0.73361117
229.95407 0.74462146
223.47523 0.75926864
217.76291 0.7715744
212.793 0.7878669
209.27356 0.79804534
203.67357 0.812283
199.47633 0.8199419
193.2036 0.83205295
189.03839 0.8405727
183.47623 0.84996927
179.3416 0.85936505
175.22356 0.8692033
169.58722 0.8719955
159.86317 0.8861651
152.98491 0.90001243
141.13913 0.9147304
133.52798 0.9274949
123.96021 0.9501002
116.99058 0.9600102
107.53236 0.9889591
100.61744 1.0031666
90.46328 1.0361359
83.144905 1.0675911
74.14305 1.0929583
67.87521 1.1114147
59.89857 1.1568003
55.04143 1.1774676
47.98682 1.2065414
43.20249 1.2384467
53.371346 1.2049017
57.82378 1.1973534
64.8877 1.1736892
73.814575 1.1656322
84.58205 1.1687717
92.593864 1.158597
99.29379 1.1551226
109.14262 1.1548926
116.25375 1.1442698
126.1023 1.1449182
133.22392 1.1361811
145.7299 1.1306193
155.1018 1.1234331
159.60585 1.1229734
168.581 1.1221309
174.85652 1.1267091
182.46667 1.1283447
186.93785 1.1278377
193.64465 1.127121
199.92375 1.1309685
208.44084 1.1342874
214.2412 1.1314644
222.75854 1.134551
228.62495 1.1416758
236.73657 1.1480539
240.39005 1.1548805
246.28717 1.1610093
250.35533 1.1637112
256.26508 1.1693981
261.2604 1.173352
268.1078 1.1800188
272.18784 1.1822195
278.12265 1.1870655
283.13498 1.1904019
289.44888 1.1916826
294.4654 1.1948119
298.55368 1.1966159
303.00818 1.1952972
309.8915 1.2005793
315.2764 1.2004035
324.393 1.2046992
328.4863 1.2062156
335.7399 1.2080842
339.48264 1.2122649
345.45398 1.2156488
350.1463 1.2206143
357.0675 1.2247093
360.8329 1.2284696
366.49026 1.2339653
371.213 1.2384169
375.30328 1.2478014
375.9563 1.2595795
374.45547 1.2722912
373.01562 1.2851031
370.94592 1.2946897
368.91068 1.3043829
367.62595 1.3175042
366.40497 1.3307153
364.27402 1.3433951
361.44016 1.3529297
358.63965 1.362614
353.71597 1.3741075
349.82333 1.3864492
344.0148 1.3980733
341.37604 1.4086095
335.51178 1.4238522
331.97708 1.4344484
327.48834 1.4448892
324.0297 1.4559736
319.6171 1.4669726
315.43527 1.4719647
311.26157 1.4770908
306.10013 1.4820676
301.0317 1.4839046
296.87778 1.4894468
292.81055 1.4917405
287.7478 1.4938327
283.61087 1.4997793
278.55325 1.5020866
273.37195 1.5117792
267.2185 1.5216622
263.09088 1.5323048
257.9944 1.5431788
252.90492 1.5623968
247.91267 1.5823964
244.02312 1.6030765
240.18976 1.6202596
241.48637 1.6407361
243.79143 1.6565307
247.15105 1.6716169
252.4398 1.6814473
257.75195 1.6908733
265.06955 1.6989462
272.26993 1.702946
276.5024 1.7082099
282.7222 1.7123103
286.68277 1.7103424
291.9152 1.7147447
296.86435 1.7123286
303.0886 1.7160689
308.1808 1.7169309
312.28403 1.7182338
318.51465 1.7216775
324.90396 1.7280304
329.17056 1.7321285
335.58047 1.7380801
341.0168 1.7443134
345.3044 1.7480184
349.96188 1.7572542
355.82443 1.7684579
360.75195 1.7798707
365.94485 1.7936414
369.02707 1.805658
373.1315 1.8168195
375.34738 1.8290908
376.38898 1.8393657
376.78592 1.8528649
373.4266 1.8694528
370.50845 1.8803682
367.32117 1.8888719
363.21396 1.8984073
359.42902 1.9019884
355.64877 1.9056456
349.98758 1.9112794
344.94144 1.9133874
339.56018 1.9127862
332.9026 1.9103408
327.85577 1.9125441
322.14157 1.9089717
318.0366 1.9101782
313.9321 1.9114162
307.94458 1.9148644
303.84195 1.916207
297.85974 1.9198682
292.8203 1.9224993
286.25894 1.9309236
282.16354 1.9326024
275.2671 1.9382061
271.1753 1.940063
265.58856 1.9482169
261.50214 1.950299
254.08864 1.9619633
250.01024 1.9643656
242.24788 1.9732176
237.2579 1.9775931
229.5261 1.9873829
224.14453 1.9882495
217.76414 2.0012825
213.71313 2.0048409
209.243 2.0042083
203.86557 2.0056052
199.81804 2.0094988
192.2068 2.010838
186.83145 2.0125532
179.22107 2.0141194
173.84685 2.016064
165.33644 2.0205283
159.06566 2.025603
149.22383 2.0280168
143.41386 2.024638
133.57172 2.0272636
127.30729 2.0339363
117.4692 2.0377007
112.10509 2.0418458
103.6193 2.0510845
99.14781 2.0518353
92.4407 2.0530972
86.620255 2.049187
78.56538 2.045006
74.093506 2.0456433
67.385765 2.0467582
62.91399 2.0476336
56.20644 2.0492077
50.84979 2.0595598
45.027622 2.0528734
40.100677 2.0328321
34.736168 2.045458
30.264345 2.0470855
25.792627 2.0492773
21.321087 2.0523884
13.740103 2.0948727
13.740103 2.0948727
