Stilus
13
293.54562 1.6099335
294.0604 1.6417344
294.58383 1.6634297
295.08817 1.6802967
294.5859 1.6948625
292.60208 1.7156374
293.17023 1.732959
292.6522 1.7526736
293.13324 1.7665142
292.19122 1.7846185
291.16153 1.8002127
289.68445 1.8226777
289.3784 1.8479829
288.64606 1.8732208
288.0247 1.8892528
287.73782 1.9079291
287.92935 1.9260788
287.3967 1.9446713
287.76376 1.9681579
287.0119 1.9866351
286.76822 2.0100186
286.68164 2.0333798
286.3206 2.059143
286.4648 2.0783324
286.99295 2.095698
286.59372 2.1138806
287.63184 2.1394863
289.13916 2.1651103
291.08856 2.1821525
292.37204 2.2000954
293.76666 2.2207716
295.11612 2.2399836
295.99835 2.259176
296.1062 2.2765462
296.3015 2.3018215
297.25464 2.3213773
297.29135 2.3458307
297.4635 2.3724654
298.65454 2.3901446
299.13205 2.411024
300.25797 2.4320974
301.14688 2.4596367
301.33453 2.4812388
303.20963 2.4994304
304.2216 2.5181751
304.66614 2.5400493
303.9477 2.5582514
303.3344 2.5826914
303.34668 2.6067355
303.10764 2.6291265
302.2809 2.646474
301.25446 2.667139
300.79562 2.6849396
299.64862 2.705944
298.9249 2.7218442
299.22107 2.7447758
299.6112 2.769892
299.02737 2.794043
299.01337 2.8124077
298.25833 2.832731
298.9602 2.85734
298.42606 2.878275
298.66385 2.9020693
299.24957 2.9230974
299.95065 2.9412796
301.61798 2.9653935
303.50708 2.98693
303.76935 3.009514
303.7601 3.0301924
303.2403 3.0556986
303.68042 3.0690432
303.58453 3.0863295
303.32086 3.1052978
304.16116 3.1251101
305.1249 -3.1351528
305.28146 -3.1089237
305.59036 -3.0860188
305.98123 -3.066485
306.4194 -3.049416
307.00165 -3.030778
308.84653 -3.008553
309.73367 -2.9886327
309.54874 -2.972206
308.32455 -2.957613
306.54337 -2.9365957
305.16357 -2.9189003
303.4637 -2.9016533
303.8262 -2.8883054
303.35892 -2.8715658
303.82825 -2.8515298
305.10654 -2.8378081
304.70526 -2.8205671
305.2557 -2.8073053
305.58328 -2.793405
306.17786 -2.7778237
305.8614 -2.7556133
306.02383 -2.7356095
304.64548 -2.7142868
303.33118 -2.6955826
301.92908 -2.6672099
301.50983 -2.6469162
301.3037 -2.6276336
301.3113 -2.609639
301.96375 -2.5913796
302.25253 -2.566805
302.6277 -2.5446284
302.8792 -2.5283499
302.83572 -2.5087686
302.19095 -2.4906316
302.63065 -2.474228
301.67224 -2.4512472
301.6143 -2.4259102
303.18042 -2.4032109
305.16455 -2.3821435
305.12546 -2.3583913
303.9317 -2.340401
303.20712 -2.3199768
302.05286 -2.3012362
301.3122 -2.2845132
300.14774 -2.2688303
299.09253 -2.2485743
298.38425 -2.23328
300.2892 -2.211755
301.33963 -2.193618
301.53986 -2.1760607
301.78064 -2.159398
301.5215 -2.1352427
300.4252 -2.1199682
299.95886 -2.1044674
298.8022 -2.0844266
297.61505 -2.0703466
297.69403 -2.0511894
296.52786 -2.0342915
297.04584 -2.0148282
297.36386 -1.9931123
297.231 -1.9776547
297.14932 -1.9594737
298.125 -1.9428045
298.6249 -1.9261334
298.55655 -1.9030386
299.73257 -1.8858695
299.27023 -1.8671271
299.6622 -1.8511976
299.40244 -1.832292
300.11832 -1.8148812
298.92377 -1.7982816
297.95328 -1.7837547
297.6695 -1.762409
296.4591 -1.740075
295.4717 -1.7192533
294.888 -1.7053732
295.17734 -1.6859931
294.52628 -1.66498
293.97064 -1.6422296
293.55334 -1.6183884
293.32907 -1.597949
292.45233 -1.5766898
292.25287 -1.5561861
292.42853 -1.5331815
292.6071 -1.5194657
292.84116 -1.5057399
293.1438 -1.4914577
293.49908 -1.477463
294.07578 -1.4584447
293.88245 -1.4361502
293.0137 -1.4097915
292.92484 -1.3958864
293.42368 -1.3822724
293.07837 -1.3577346
293.44482 -1.3335803
292.29565 -1.3106985
291.23294 -1.285723
291.41705 -1.2714058
291.77194 -1.2429774
291.493 -1.2173191
290.91296 -1.1936305
290.71136 -1.1681925
290.881 -1.1498555
291.1004 -1.1235703
290.71667 -1.1029222
291.23593 -1.0845382
291.08325 -1.0658131
291.19815 -1.0491854
291.146 -1.0291874
291.62512 -1.006908
292.49298 -0.98350227
293.04504 -0.9677934
294.7779 -0.9528363
296.30014 -0.935472
298.2847 -0.919717
299.3215 -0.9043092
299.4072 -0.8800262
300.25223 -0.86372304
300.53662 -0.8435023
301.08798 -0.8217435
301.62927 -0.80068314
301.60248 -0.7771995
302.37726 -0.74718267
303.53674 -0.72600454
303.92584 -0.7073293
303.41885 -0.6795676
304.1251 -0.65603095
303.79825 -0.63713115
302.5397 -0.61568135
304.10046 -0.59522957
305.2415 -0.57007456
304.79062 -0.5479041
304.97113 -0.5245776
303.94095 -0.5038703
303.33508 -0.48632878
304.30515 -0.46538004
304.55356 -0.44299132
303.93628 -0.42295375
303.48718 -0.404953
303.04056 -0.38406065
302.69836 -0.36332357
302.19275 -0.3473536
304.61905 -0.32277605
304.91742 -0.30179968
305.10846 -0.28109518
305.42932 -0.26041675
305.88565 -0.23985873
304.73276 -0.22386588
305.46124 -0.20401806
306.99612 -0.18323435
308.7608 -0.15914947
309.70667 -0.13584694
310.20334 -0.11610463
310.382 -0.099000484
310.1203 -0.08059522
310.44202 -0.061022684
310.3423 -0.038494572
310.15222 -0.016031476
310.1138 -0.003059696
310.1535 0.016285893
310.30872 0.03557468
310.59338 0.05566152
311.03946 0.07722776
311.58636 0.09730745
312.22443 0.116380945
312.25287 0.13571936
312.85513 0.15480979
313.83746 0.17372216
315.06973 0.19475067
314.6017 0.2143822
312.76843 0.23226105
310.14197 0.25171605
309.0799 0.27601495
307.8591 0.296009
306.5786 0.31568432
305.32462 0.33435223
304.44003 0.35525814
303.8895 0.37162024
302.50793 0.39341918
302.21262 0.4162969
302.6496 0.43739745
304.2146 0.4631918
304.10153 0.4893381
303.12094 0.5106853
301.1307 0.5259151
300.63666 0.5491819
300.90277 0.58012414
301.8738 0.60997796
302.26712 0.63439226
303.31216 0.65143365
302.1786 0.67214715
302.81415 0.69173986
304.2411 0.7156288
305.50674 0.74002314
307.19696 0.76562726
308.72986 0.78911275
308.262 0.8058034
306.1042 0.8215227
304.31595 0.8339508
303.8846 0.8503443
302.3132 0.8664337
300.9586 0.8873713
298.9471 0.9118851
297.57553 0.93891585
296.04 0.9620455
297.65247 0.9842339
298.3885 1.0176429
297.9303 1.0475763
295.58014 1.0704534
294.20767 1.0919379
294.1746 1.1146276
294.24908 1.1369042
294.78952 1.165916
295.10342 1.1818004
296.132 1.2009577
296.5053 1.2166243
297.20447 1.2395257
299.21628 1.2622055
301.28876 1.2852762
302.11765 1.2999061
302.23517 1.3273181
301.77322 1.3480847
302.23895 1.3687482
301.32434 1.3882644
300.16504 1.4105331
299.09918 1.4343326
298.2288 1.4575509
297.3834 1.4861454
297.05624 1.5003057
296.6016 1.5271024
295.66785 1.5446227
293.5631 1.564088
291.56686 1.578552
290.4344 1.5984713
290.6251 1.6163816
290.89673 1.6336033
292.9998 1.6501521
293.68155 1.667069
294.20673 1.6840591
294.20673 1.6840591
