Stilus
14
120.78106 1.8687379
126.38816 1.9324098
129.23999 1.9623923
136.27718 1.9787956
143.33173 1.9888955
151.88455 1.9855635
157.49217 1.9887183
163.96242 2.0130196
170.09207 2.0336068
176.23897 2.0430012
182.73743 2.0494747
189.43152 2.048924
196.14053 2.0484345
202.41843 2.0546172
207.28458 2.0681727
213.30264 2.090261
222.00342 2.1042054
231.37396 2.1066217
238.99419 2.1033626
247.15353 2.10157
252.99158 2.1097293
263.72537 2.115118
272.79337 2.1186056
281.74683 2.1230752
289.09018 2.1246958
293.45676 2.1204855
299.76938 2.1300642
308.29883 2.1340694
316.95993 2.1402302
323.7611 2.1492918
330.81473 2.1597424
336.4433 2.1673453
345.11154 2.1747456
352.26788 2.1840653
358.1582 2.1964161
362.50784 2.2082217
365.832 2.215863
368.94705 2.2270014
372.54794 2.239453
376.29123 2.2519457
379.40222 2.2619996
379.3675 2.279096
376.61035 2.3000324
373.4136 2.3222055
371.36804 2.3320467
368.28873 2.3438256
365.42264 2.358224
359.34134 2.376406
355.3483 2.388179
350.52365 2.395646
345.6909 2.4023201
338.4581 2.4080565
334.34717 2.4134595
329.3845 2.4210181
323.69556 2.431314
318.88223 2.4430552
314.9209 2.4531631
310.85526 2.4600725
306.19485 2.4685943
301.028 2.479497
296.59647 2.4933398
291.42822 2.5055482
286.25595 2.5183191
281.6145 2.5292068
276.64404 2.5473096
272.77347 2.5686457
268.52274 2.5936716
266.4891 2.619454
264.4954 2.6344974
266.68774 2.6551108
268.86194 2.6719458
276.3564 2.6905863
280.66376 2.6980057
284.48395 2.7043767
290.14212 2.7134721
296.3066 2.722946
302.83762 2.7397027
309.8395 2.7527757
316.94446 2.7645764
325.24918 2.7754023
333.63928 2.7850282
340.85605 2.7952724
347.41058 2.8112328
353.30304 2.8280637
359.2516 2.8425107
365.70697 2.8625755
371.64185 2.885998
377.14807 2.9041297
380.56973 2.9143693
384.43997 2.9320397
379.70917 2.9501896
372.85812 2.9689562
365.12518 2.982774
357.43167 2.993501
350.56976 3.0049624
343.97858 3.0169766
336.81055 3.0262427
329.2961 3.038894
320.87442 3.051816
312.52322 3.065414
304.1061 3.0831285
295.87537 3.098404
287.82596 3.104959
283.1109 3.1078804
278.81384 3.1073604
274.79886 3.1068602
266.78833 3.1058168
257.82156 3.1074924
252.7932 3.1146765
247.73303 3.1222384
243.69958 3.130136
236.84795 3.1392725
228.96436 -3.1352649
223.75081 -3.1273189
218.75389 -3.1223767
213.78423 -3.1172578
208.83879 -3.1070771
203.57861 -3.0957785
198.09978 -3.0799422
189.353 -3.0612373
184.5111 -3.0523896
179.60565 -3.044358
174.63843 -3.041583
167.54886 -3.0313382
161.04912 -3.0158625
153.16154 -3.007779
145.22995 -3.0004232
139.07166 -2.9941273
137.8396 -2.9505112
141.01614 -2.912392
147.8394 -2.8804307
157.16116 -2.8566883
164.57402 -2.8333735
174.85829 -2.8145516
179.48567 -2.811592
184.81255 -2.8101509
189.96681 -2.808308
194.89297 -2.8021114
204.4863 -2.773162
209.10956 -2.7560391
214.81201 -2.7404032
220.47133 -2.7266002
228.37999 -2.714435
236.76956 -2.689151
241.31279 -2.6700766
244.98662 -2.6500783
247.72101 -2.631862
250.69188 -2.6110482
248.51097 -2.590628
244.28885 -2.5702772
239.34468 -2.5506682
233.57095 -2.5339901
229.25427 -2.524847
224.07007 -2.5192893
218.16127 -2.5154557
212.39539 -2.513086
203.85617 -2.5187356
195.70638 -2.526611
190.6826 -2.5273924
184.72885 -2.5262456
179.5821 -2.5193489
174.29103 -2.5118988
169.6688 -2.4993145
165.52048 -2.4824536
161.29189 -2.469918
152.8728 -2.4339647
147.85469 -2.4112785
143.31027 -2.3945634
138.29207 -2.3779736
134.5384 -2.3641176
130.85133 -2.33599
133.31087 -2.3057122
136.16718 -2.2772298
140.83446 -2.2492793
145.99963 -2.227584
151.38364 -2.2168899
155.91241 -2.2097826
162.03401 -2.2055826
169.48154 -2.195287
185.09555 -2.1747935
191.11806 -2.1721115
196.92395 -2.1703184
203.56618 -2.1658525
210.1841 -2.161706
217.21983 -2.1512728
224.17392 -2.1416128
229.7716 -2.1311712
235.59737 -2.1168346
243.42792 -2.1058671
251.27484 -2.0965543
258.5595 -2.0891857
264.77557 -2.0845075
270.54156 -2.0767999
278.22482 -2.0696146
286.6924 -2.0576026
293.99976 -2.052137
298.8389 -2.0470374
304.6948 -2.0420299
311.97513 -2.0328782
319.33902 -2.0222726
326.2565 -2.0154054
330.9963 -2.0085943
335.9892 -2.0016494
342.21707 -1.9933003
348.77988 -1.9848567
355.43814 -1.9766392
361.51144 -1.9671367
365.0645 -1.9600543
370.83075 -1.9478341
375.9288 -1.9310645
379.27274 -1.9187945
378.9768 -1.9036988
377.7129 -1.8854425
375.77435 -1.8758631
370.58347 -1.8577473
365.9772 -1.8436866
362.03864 -1.8274891
356.9509 -1.8139384
348.87 -1.7992812
343.0461 -1.7880335
337.84692 -1.776348
332.1306 -1.7675982
323.99878 -1.7507575
315.89215 -1.7328925
310.64655 -1.7227209
304.13824 -1.712731
297.60095 -1.7022053
291.1591 -1.691314
286.47787 -1.6793126
282.04367 -1.666621
276.70425 -1.653958
271.8154 -1.6471567
266.62375 -1.6373863
261.50418 -1.6310292
257.08304 -1.6203837
249.63937 -1.6018629
244.55847 -1.5861955
244.9984 -1.5548272
249.89627 -1.5299531
257.09076 -1.5155094
264.66302 -1.4981946
271.89294 -1.4754419
282.4618 -1.4537325
287.9049 -1.4419872
294.38828 -1.4311326
299.11545 -1.4199674
308.01303 -1.403814
317.06207 -1.3870119
327.2304 -1.3710132
336.49197 -1.3553672
344.8684 -1.3428702
351.12463 -1.3294468
355.29205 -1.3200498
359.17154 -1.3091248
362.7485 -1.2939793
365.8383 -1.27713
367.92337 -1.2589362
369.9569 -1.2423135
369.17557 -1.2257656
366.5617 -1.2080406
363.5337 -1.1989572
356.5334 -1.18223
352.14856 -1.1732724
347.9543 -1.1650838
342.34116 -1.1516514
333.8867 -1.1370468
329.3849 -1.1307071
323.9356 -1.1227709
318.5493 -1.1146281
314.73904 -1.1086792
306.14218 -1.10106
301.02853 -1.0961323
295.46024 -1.0902522
289.55182 -1.084471
283.4555 -1.0800698
278.36618 -1.0743532
272.4086 -1.0707855
267.28473 -1.0646229
261.79718 -1.0573305
256.0819 -1.0492195
249.92752 -1.0442259
244.103 -1.0363159
238.90692 -1.0319198
233.12468 -1.0233251
226.45314 -1.0143869
219.28539 -1.0047071
212.74864 -1.0004604
207.96327 -0.9985421
201.54991 -0.99566567
194.87566 -0.9918129
187.3689 -0.98474723
181.2592 -0.9756086
175.19705 -0.96588546
169.73917 -0.9579602
163.88417 -0.947747
158.4851 -0.9386936
153.30328 -0.9218658
147.91226 -0.9111378
142.13934 -0.897441
137.59029 -0.88955915
133.21281 -0.88228136
127.1775 -0.8659854
123.17849 -0.82986355
127.28002 -0.77568686
135.12883 -0.75011635
141.8971 -0.7182419
150.40804 -0.7019551
158.97946 -0.69754726
168.80348 -0.6932285
174.68504 -0.68929857
181.51003 -0.6850803
186.22205 -0.6800222
191.37038 -0.6717305
199.54861 -0.6648038
207.65181 -0.65413946
214.444 -0.6416565
220.65587 -0.62636304
226.36218 -0.60824084
232.32974 -0.59046483
237.95279 -0.57470924
243.85619 -0.5591092
248.79468 -0.5432458
253.07298 -0.51940566
255.07968 -0.49699685
252.82495 -0.4716758
247.69044 -0.45511782
240.26181 -0.44598058
232.22926 -0.44343865
224.60548 -0.44473583
215.4059 -0.44090906
209.84013 -0.43757492
203.16403 -0.4367252
196.04245 -0.43117717
189.81325 -0.42301923
183.22438 -0.40934208
176.13048 -0.40205476
170.25552 -0.39591387
163.95549 -0.39876324
157.43336 -0.3975948
151.40158 -0.39278743
145.8415 -0.3716523
140.40521 -0.3505106
134.97362 -0.32588008
130.55046 -0.3029182
126.270134 -0.27231503
120.09469 -0.24123283
117.76548 -0.20264034
119.55585 -0.15709239
122.642426 -0.11390245
127.88282 -0.07719124
134.93814 -0.049860388
139.93578 -0.04607275
145.6084 -0.037408624
150.61002 -0.036165766
154.86104 -0.03517258
162.53862 -0.027360193
167.7277 -0.026513534
172.77417 -0.021544859
178.4877 -0.019315286
183.75299 -0.013322947
188.72429 -0.009127055
195.72092 -0.0022973856
203.41577 0.011146834
208.43515 0.017019263
213.48953 0.02471682
217.75922 0.025469663
225.78564 0.032202713
229.8212 0.03600617
237.84038 0.040132392
241.89253 0.043594103
246.64366 0.045719355
250.91559 0.0460116
259.89395 0.044421006
264.52783 0.043642364
268.86542 0.042937845
275.86365 0.041847933
284.89465 0.044031277
293.0039 0.05215155
301.18808 0.06398598
305.31796 0.06969576
313.19266 0.077051304
317.5363 0.08048723
322.43414 0.08463274
326.7655 0.08656862
334.99084 0.0934194
341.61658 0.10866073
346.39813 0.121691145
351.9925 0.13717732
356.81467 0.1522999
361.81738 0.16721494
366.79803 0.1809676
372.01175 0.19743945
374.0515 0.20730864
376.08633 0.21976237
372.4396 0.23088434
367.5605 0.2451963
362.7561 0.25989667
358.2646 0.27985868
351.37427 0.2981114
347.9088 0.307184
343.46652 0.31433406
339.33978 0.3245233
335.26797 0.33490416
330.52985 0.34633094
326.292 0.3575332
321.312 0.36663482
316.50195 0.37341756
312.19833 0.38227156
308.27618 0.39089525
304.56644 0.39849335
300.0622 0.40582442
295.72284 0.41213796
290.93225 0.41934806
285.70316 0.42752215
280.23907 0.43642408
275.7779 0.44398263
271.89798 0.4507811
267.4078 0.45892465
263.19266 0.4668537
259.86035 0.47765243
256.25208 0.49251065
253.18068 0.52172524
253.72234 0.5563047
255.55414 0.5748763
257.5582 0.5884862
260.34604 0.604344
265.80927 0.616034
270.58447 0.6278392
275.5889 0.64044136
280.81522 0.6533565
285.5734 0.6636208
289.63773 0.6702804
298.26932 0.68502283
302.89267 0.693425
307.09113 0.7045922
311.6105 0.7166014
316.3976 0.72434264
321.37967 0.7324371
329.57547 0.7378474
340.07236 0.7462597
346.3516 0.75207
352.6637 0.7587121
358.446 0.76356906
367.06577 0.7684079
372.85577 0.7757997
379.01407 0.78851765
383.33594 0.80690134
385.36908 0.82788026
386.50687 0.8488272
385.20117 0.8655847
383.17007 0.87896657
380.342 0.893204
375.53333 0.90927815
370.0913 0.92840147
365.88437 0.93587637
361.7371 0.9421011
354.0189 0.95343685
345.49573 0.9681059
339.7364 0.9770826
333.2576 0.9857833
327.87427 0.9940735
322.6544 1.0019776
313.0197 1.0191749
308.73868 1.0294999
304.35196 1.0408804
299.09598 1.0528256
293.02893 1.0616472
287.1279 1.0700356
282.04343 1.0733571
275.92258 1.076579
269.59283 1.0808771
263.83142 1.0896202
259.92874 1.0999727
255.14192 1.1110843
249.55887 1.122537
242.87549 1.1322198
236.20726 1.1353483
229.50394 1.1361645
223.52908 1.141825
217.89224 1.1504439
206.30188 1.1620338
199.05823 1.1686227
191.99352 1.1755369
184.35591 1.1759578
178.61821 1.1806556
173.57274 1.187236
168.74135 1.1948599
163.253 1.1965182
157.21295 1.1950159
150.6072 1.1972935
144.62486 1.2033112
138.88295 1.2105417
132.47638 1.22663
128.84955 1.254413
125.64149 1.2824901
124.31162 1.3210826
125.64957 1.372676
129.7643 1.4025298
137.46133 1.4212933
145.22536 1.4362844
149.20023 1.439889
157.10776 1.4465128
162.0551 1.4503257
167.09433 1.449616
172.93982 1.4478265
178.16142 1.4401244
182.47937 1.4377909
189.44745 1.4412724
193.43776 1.4439589
198.11961 1.4469718
203.3494 1.4501721
209.0416 1.4534721
214.24347 1.4563334
222.13622 1.4637824
229.77638 1.4804094
233.75075 1.4830931
242.53923 1.4934102
247.14062 1.5030075
251.25952 1.5120769
256.2827 1.531715
257.41354 1.5483941
257.3508 1.5746033
257.42416 1.5949713
250.1451 1.6156518
241.30748 1.6297554
236.46272 1.6393994
228.73235 1.6560456
224.23486 1.6654286
219.33482 1.6721659
213.56158 1.6843686
207.71567 1.6924375
202.7779 1.7052846
197.94403 1.7137512
190.98936 1.7288462
186.20651 1.7351271
181.01175 1.745488
175.24553 1.7570946
169.695 1.7692631
164.60141 1.7798507
160.70776 1.7868812
157.01505 1.7985713
152.38237 1.8123691
147.02446 1.8264908
141.56389 1.8458748
136.79152 1.8633518
132.01353 1.8742713
125.42909 1.8991535
125.42909 1.8991535
