Finger
11
13.75875 0.9950908
18.234085 1.3501275
23.184042 1.4972677
27.875446 1.580897
32.17279 1.6417412
37.351196 1.6858084
42.496193 1.7184175
52.104736 1.7692585
57.62646 1.8031446
62.713863 1.8165371
67.31654 1.8301191
72.639206 1.8390002
77.985565 1.8570449
82.66469 1.8684136
88.31966 1.8842384
92.774635 1.8914931
97.22173 1.898065
106.69043 1.9253238
115.69314 1.9607898
120.95803 1.9788785
131.59271 2.0106885
140.90007 2.0343492
149.8135 2.0491664
158.79553 2.062392
164.262 2.0724373
175.10707 2.0904367
186.07153 2.1064274
194.46635 2.1166267
203.39146 2.124504
212.98967 2.1351118
218.58006 2.14085
228.11212 2.1556516
232.83655 2.162883
242.27994 2.1764085
250.97353 2.1912723
258.91724 2.2074304
268.32574 2.2233243
277.7699 2.2334595
285.40744 2.2437508
292.90903 2.2539158
300.91937 2.27075
304.85782 2.2808018
309.03015 2.2867332
312.45966 2.2943397
316.00644 2.3013363
322.0621 2.313772
329.04413 2.3314104
332.50665 2.3422914
335.8926 2.3526015
338.8144 2.3612497
344.41434 2.37722
347.38806 2.3853958
350.16742 2.3967445
353.36136 2.4088573
357.14914 2.421137
362.86224 2.4421182
366.04834 2.452908
369.286 2.4635677
372.49005 2.4772367
376.0438 2.4913688
379.06552 2.5040298
381.3301 2.518133
383.4518 2.5316677
385.40356 2.5437715
389.72406 2.5735238
392.16806 2.5925264
394.35413 2.6125965
394.62854 2.6333275
394.45184 2.6447823
393.44473 2.6549609
392.2236 2.67367
389.61307 2.6929827
387.88342 2.7023377
386.19128 2.7117574
384.1342 2.723592
380.98517 2.7426088
379.42773 2.7524602
375.11368 2.768583
370.86472 2.7834797
366.2436 2.80204
363.02338 2.8106394
356.02463 2.827502
352.62698 2.8363721
347.43472 2.8557184
342.1834 2.8782377
338.9102 2.8911772
335.0304 2.9036047
329.1017 2.9241412
321.94867 2.944322
317.17383 2.9544
312.50287 2.9646275
307.75967 2.9782314
303.15747 2.9891644
294.2501 3.0093715
289.7748 3.0204034
280.51556 3.0352085
275.2015 3.0441453
270.85263 3.0498781
266.5892 3.0597374
262.42166 3.0661254
254.09154 3.0834007
248.96474 3.0932715
243.90593 3.1014059
238.81276 3.108984
233.84692 3.116665
224.74773 3.1335423
219.7361 -3.1407075
215.73624 -3.1348767
210.78487 -3.1299784
205.05116 -3.12478
199.84291 -3.1156533
194.9485 -3.1100528
189.91508 -3.1037445
181.00014 -3.0907605
176.07352 -3.087938
170.2953 -3.0861156
164.34805 -3.0780149
159.16321 -3.0759408
153.4687 -3.0686092
148.27126 -3.064353
142.57492 -3.0612605
136.61113 -3.0577455
129.9598 -3.0457215
124.04886 -3.0357642
117.8725 -3.0273268
112.05875 -3.0213704
106.03659 -3.0145068
99.08773 -3.0055408
92.11541 -2.9951713
86.23512 -2.9851074
80.294174 -2.9734225
74.47357 -2.9601383
68.541245 -2.9442346
61.9374 -2.9228673
55.885654 -2.8987298
50.14085 -2.8702395
38.67613 -2.7867012
33.08013 -2.7232227
27.008741 -2.6207645
21.246277 -2.5160604
17.427029 -2.3466103
13.955007 -2.1804402
8.742681 -1.68383
12.978425 -1.6478246
18.244745 -1.7501117
25.411554 -1.8495127
32.26889 -1.9936272
39.62633 -2.0490077
47.06411 -2.086957
55.476887 -2.1253636
62.468826 -2.1313012
69.68354 -2.1341035
76.25461 -2.1417265
84.07086 -2.1383197
91.49248 -2.1384547
99.31724 -2.1358538
108.31887 -2.1460643
115.86669 -2.1474748
123.701546 -2.1448002
131.73833 -2.1414413
139.78296 -2.1384635
148.12888 -2.126514
155.88298 -2.1183167
164.04184 -2.1093476
172.43498 -2.100493
176.9092 -2.0988154
182.01839 -2.095169
186.95183 -2.0876672
191.152 -2.0811992
200.28616 -2.0711763
205.33775 -2.0648909
209.35873 -2.0599704
214.1338 -2.0520935
218.68271 -2.0425274
223.58417 -2.0363681
228.40948 -2.0294652
232.99927 -2.0209234
238.60966 -2.0142212
243.48225 -2.0081816
248.30891 -2.0001676
253.28778 -1.9955091
257.91556 -1.9905946
262.5773 -1.9837154
267.1463 -1.9762347
271.07278 -1.9700257
279.4031 -1.9574802
284.00104 -1.9508967
288.28836 -1.9412429
296.33694 -1.9271171
300.66614 -1.918228
305.16623 -1.9128932
309.55496 -1.9044324
314.03964 -1.8969494
318.66156 -1.8912401
322.47208 -1.8849038
329.49744 -1.8716099
336.56186 -1.8589199
343.6264 -1.8460158
350.5342 -1.8315978
357.34607 -1.8156886
362.46448 -1.8008618
366.0091 -1.7926344
370.9122 -1.7755215
374.6284 -1.763948
378.05197 -1.7514887
382.7793 -1.7306768
387.4211 -1.7104635
390.72723 -1.6912237
393.1776 -1.6725372
395.33688 -1.6561497
396.68484 -1.634489
397.39856 -1.6217679
398.2024 -1.6109784
399.21793 -1.590782
397.40607 -1.580218
395.40295 -1.563221
393.2967 -1.5428228
391.86053 -1.5223883
390.82053 -1.5119989
388.54465 -1.4935452
386.09976 -1.4768847
382.826 -1.4584223
379.61087 -1.440869
376.4803 -1.4237123
372.54813 -1.4085536
368.22888 -1.3928787
363.2683 -1.3764565
357.21652 -1.3617045
350.5211 -1.3459702
347.07642 -1.3377796
340.4429 -1.3187568
334.35815 -1.2947317
330.6551 -1.2821432
327.15247 -1.2725654
319.80807 -1.2523991
312.2244 -1.236738
308.5679 -1.2291893
304.4671 -1.2209066
300.79865 -1.2129102
295.78577 -1.2029481
291.5011 -1.1935945
287.2491 -1.1839719
282.3976 -1.1769637
277.08984 -1.1689905
272.18942 -1.1643174
267.3061 -1.1574689
262.03778 -1.1486337
256.84946 -1.1438181
251.3252 -1.1370395
246.45647 -1.1290343
240.83412 -1.122571
235.68005 -1.1167489
229.75262 -1.1125948
224.62236 -1.1062422
219.11475 -1.0986329
213.15688 -1.0910838
207.01321 -1.0851208
202.00766 -1.079052
195.9131 -1.0724592
190.37323 -1.0684928
184.3578 -1.0629976
178.19511 -1.0564789
171.61424 -1.041473
164.86467 -1.0314242
157.81201 -1.0194507
151.4428 -1.0090224
144.66193 -0.99586374
138.34644 -0.9834066
131.42116 -0.9665316
124.11546 -0.9526479
117.13725 -0.9337622
109.93398 -0.91592497
103.32193 -0.9035578
96.757416 -0.88953084
90.397125 -0.8890909
83.74898 -0.87446725
77.946724 -0.8625795
71.468506 -0.8398869
65.73862 -0.8229619
59.8628 -0.7999324
54.214714 -0.7754058
49.497993 -0.7351936
44.730534 -0.68231076
40.621967 -0.63282657
36.662746 -0.57651234
32.865788 -0.507231
25.65651 -0.38843778
20.538065 -0.28128204
25.146616 -0.25388485
30.515257 -0.2633534
35.47636 -0.24030752
42.660957 -0.264832
50.22593 -0.22980896
57.054825 -0.20189595
63.19727 -0.1820407
69.82475 -0.16459584
78.41702 -0.1464226
83.372696 -0.13766205
88.333176 -0.12988634
93.22631 -0.12303346
97.524315 -0.11758552
102.22933 -0.112150386
107.18184 -0.106947966
112.151115 -0.10219228
117.13868 -0.09782686
122.357605 -0.09364173
127.317345 -0.08998377
132.2634 -0.086610176
137.27794 -0.08343894
142.19145 -0.07538652
147.90524 -0.07065691
153.81789 -0.06315562
159.79913 -0.059125047
164.71704 -0.05128263
168.93657 -0.04564357
176.9237 -0.04208792
185.84099 -0.034686856
190.79483 -0.028546263
195.78372 -0.024061775
200.74481 -0.02215199
208.74147 -0.0129611045
216.70253 0.0013215215
224.7213 0.014625299
233.74776 0.022615572
241.83574 0.038352642
249.0339 0.053370148
257.2282 0.06719253
266.18936 0.07627233
270.5537 0.08240214
276.31476 0.091611214
282.16776 0.103937455
289.54 0.11514387
297.08783 0.12914589
305.82358 0.14522313
313.90817 0.16079299
319.83777 0.1767957
325.63733 0.18915969
330.6854 0.20393656
336.07462 0.22193412
340.64413 0.24074912
345.1996 0.25758326
350.1848 0.2774223
356.0165 0.2933335
362.1908 0.3112163
367.5728 0.32948112
372.0201 0.34529033
376.6692 0.36347753
379.87787 0.3799616
383.84494 0.39836052
387.63144 0.41462862
390.6416 0.430145
393.29376 0.44461554
396.22986 0.45992354
397.5068 0.47599742
399.53058 0.4924357
401.11954 0.5100636
400.23148 0.52865654
398.41727 0.54663473
397.65106 0.5626022
397.53003 0.5807789
397.54672 0.5988766
397.6905 0.61701334
395.9772 0.6325542
391.60867 0.653534
389.02405 0.66275513
386.19598 0.67410135
383.2996 0.6845195
381.10892 0.6950806
378.69247 0.7038808
375.78696 0.7139209
372.18616 0.7233776
367.7251 0.7341419
363.2733 0.74525654
358.20557 0.7545558
352.66632 0.76549006
346.97946 0.7773132
341.31604 0.78960747
335.66156 0.8024515
330.11343 0.8123814
323.85892 0.82383585
317.1738 0.837422
311.02554 0.84983754
305.43893 0.86085856
300.02734 0.87168044
293.88345 0.8807343
287.5474 0.892686
281.4109 0.90697956
275.42755 0.91880935
270.00833 0.93133
264.04684 0.94275874
258.09222 0.9547968
252.27112 0.9622613
246.35455 0.9753473
239.70845 0.98667765
233.61224 0.9951042
226.9935 1.0077041
220.96162 1.0171516
215.32582 1.0242547
209.33739 1.0346997
203.47774 1.0446447
197.5099 1.0563889
191.07466 1.06293
183.72409 1.0714902
177.01689 1.0814346
170.64088 1.089717
164.38344 1.0971874
157.19829 1.1024306
150.02808 1.1081672
142.25879 1.1122031
134.85646 1.1181872
127.78265 1.1257203
121.822716 1.1323798
115.7669 1.1364725
109.2951 1.1392947
102.61677 1.1414036
96.33397 1.1343441
90.811676 1.129719
84.67682 1.1222105
79.33057 1.1176195
73.943474 1.112285
67.394554 1.1091337
61.021843 1.0987754
55.412777 1.0875847
50.04729 1.0765383
44.117077 1.0550246
38.8007 1.0363427
33.708267 1.040915
29.099703 1.0389731
24.637285 1.0265645
16.251587 0.9847145
10.948433 0.93607783
7.130547 0.6913808
2.503397 -0.07213257
2.503397 -0.07213257
