Mouse
17
220.06412 1.5368035
223.96402 1.5552613
225.93758 1.5731016
228.03023 1.5993966
229.17859 1.6167192
231.45796 1.6379036
233.7535 1.654404
237.10649 1.6701592
241.39824 1.680882
246.95685 1.6987824
251.60165 1.7164644
257.14963 1.7290328
262.9078 1.744817
266.577 1.7576473
272.44794 1.7722714
278.16257 1.7827637
282.9312 1.7936108
288.70505 1.8032964
293.77597 1.8167214
297.67618 1.8273013
302.3123 1.8335433
306.95984 1.8395965
309.96817 1.8503244
313.01147 1.8608447
314.17883 1.8730448
316.96603 1.890178
322.1267 1.9177058
324.3933 1.9365427
330.24374 1.971518
334.01505 1.9888681
331.6063 2.0020335
328.40063 2.0098913
324.74902 2.0220113
322.041 2.0330164
319.3726 2.044207
315.86044 2.05706
312.88177 2.0730057
309.48984 2.0864472
306.1551 2.100184
303.73572 2.112518
298.81662 2.1303325
295.67267 2.1450417
291.76324 2.1619687
289.58292 2.175402
286.87714 2.1861959
284.79282 2.2000387
282.56705 2.2190373
281.06503 2.2411249
281.24356 2.2588975
281.5108 2.276642
282.4494 2.3019984
283.66452 2.3172035
285.66928 2.3298604
289.13324 2.3424065
293.3485 2.3570678
299.78546 2.3782792
304.83133 2.3895164
309.91443 2.4003863
312.8767 2.4090183
318.68503 2.416944
321.69086 2.4251864
325.36963 2.4309416
329.0589 2.436568
333.65115 2.4482222
337.3714 2.4535203
340.47073 2.4609811
346.72482 2.4755008
349.8785 2.4825652
355.43848 2.494625
360.2441 2.5046647
364.27588 2.5128279
367.9881 2.5268135
372.3373 2.5383022
375.90515 2.5480394
380.34262 2.5590425
383.44308 2.5705721
385.74667 2.5805392
388.2375 2.5996678
391.23767 2.6220365
393.73444 2.63149
395.7868 2.6430397
395.65598 2.6543362
393.33975 2.6655686
391.52292 2.6746495
389.29773 2.6861184
387.5548 2.6953874
384.93967 2.7036402
381.93567 2.7143857
376.3399 2.728012
372.51822 2.7381449
367.42917 2.7499585
364.06558 2.7580168
359.9977 2.7713938
355.76355 2.7788246
351.20303 2.7891037
345.73865 2.7986825
341.25226 2.8095255
337.7561 2.8215904
332.10138 2.8349516
329.0029 2.8447075
323.1773 2.8618
317.7101 2.8764744
310.85474 2.8970976
307.96466 2.908128
304.13748 2.9186413
301.11407 2.9333673
298.35092 2.945099
295.44772 2.960376
293.76718 2.973156
292.13516 2.9860811
289.4219 3.0020788
287.90076 3.0153549
286.21262 3.035713
285.81754 3.04963
285.478 3.063583
287.1283 3.0814874
290.86777 3.0994735
295.72482 3.1137
301.6397 3.1275108
307.61234 3.1375372
311.61475 -3.1359687
317.64536 -3.1266305
321.70322 -3.117492
323.86096 -3.102206
325.09488 -3.0869584
326.33557 -3.0748863
326.62662 -3.062667
326.96628 -3.050471
327.67743 -3.0291955
328.4045 -3.0110397
328.1034 -2.9955328
328.70935 -2.9834933
328.3773 -2.9709845
327.4847 -2.951891
326.50623 -2.9356961
324.63855 -2.9187295
322.62912 -2.9045825
318.03262 -2.8848693
313.98596 -2.8715842
310.67877 -2.8619454
307.11713 -2.8552208
300.699 -2.8454547
295.26443 -2.836285
290.80664 -2.8278372
284.15656 -2.820234
279.417 -2.814582
274.68668 -2.8087351
270.30014 -2.7991943
265.00067 -2.7880378
261.25174 -2.7827365
257.29825 -2.7686334
253.94884 -2.7592268
250.24216 -2.7532628
246.00925 -2.7418046
241.29698 -2.7244904
238.05852 -2.7138429
235.2743 -2.6990547
232.10262 -2.687781
229.41176 -2.672301
226.77716 -2.6564577
223.32442 -2.6380937
220.81651 -2.6214197
218.37138 -2.604367
220.12352 -2.5825257
221.97899 -2.5610394
225.58682 -2.5449371
229.49918 -2.5354156
234.82559 -2.5251954
240.98643 -2.5178611
248.55702 -2.5100162
253.1394 -2.498739
257.1459 -2.490951
261.1675 -2.4834027
267.6919 -2.4643295
271.62418 -2.4522913
276.24075 -2.4378319
279.60184 -2.4292388
283.5599 -2.4132242
286.23807 -2.4027953
290.31235 -2.3875158
293.0653 -2.377567
297.95105 -2.3606024
301.49185 -2.3488235
305.79465 -2.3350518
308.69464 -2.3260849
313.09012 -2.3129478
316.04974 -2.3043935
319.78113 -2.2939246
324.30386 -2.2816813
327.3454 -2.273708
330.67447 -2.257363
332.52548 -2.245086
330.39505 -2.22712
327.9695 -2.2174573
323.2124 -2.197702
320.88217 -2.1876063
315.80222 -2.1757712
312.71658 -2.167069
307.43625 -2.1590915
304.39722 -2.149983
300.84558 -2.1378927
298.71588 -2.126598
296.62485 -2.1151423
294.06665 -2.1005964
291.57178 -2.0857985
289.62256 -2.0737784
286.31396 -2.0523562
284.4834 -2.0398943
283.62387 -2.0178351
282.82526 -2.003553
280.76508 -1.9873854
279.70062 -1.9695904
278.7254 -1.9516652
277.84033 -1.9336199
277.6526 -1.9108584
280.13583 -1.8926337
283.0114 -1.8781065
286.23596 -1.8672192
290.4533 -1.8556051
294.01855 -1.8485184
298.29684 -1.8374748
301.89865 -1.8307879
305.76596 -1.8274249
309.63663 -1.8241459
314.23422 -1.8170768
319.81863 -1.8094705
324.21915 -1.7998307
328.43243 -1.7874782
331.9049 -1.76364
334.747 -1.7437569
336.0561 -1.7310072
337.8453 -1.7062118
339.3134 -1.6937352
341.82776 -1.6810452
345.29572 -1.6653775
349.84363 -1.6497989
355.47223 -1.6344442
359.288 -1.625403
364.13147 -1.6164271
367.96857 -1.6050718
371.8521 -1.5939522
376.76974 -1.5803773
379.75266 -1.5697688
379.77783 -1.5592362
379.84512 -1.548706
377.9897 -1.5353642
375.15573 -1.5244251
371.3127 -1.5158548
367.49756 -1.5071061
362.78787 -1.4952252
358.13077 -1.4830337
354.62448 -1.4679992
352.0769 -1.4558234
348.59036 -1.4431076
346.1515 -1.4305421
342.93402 -1.4144739
338.18805 -1.3912636
335.98032 -1.3779546
331.1052 -1.3596597
329.0414 -1.3458619
326.06955 -1.331167
321.7468 -1.3086237
317.99622 -1.2923988
313.66776 -1.2718139
309.47592 -1.2506621
304.76163 -1.2351223
301.32278 -1.227616
297.9013 -1.2199367
294.1482 -1.2152629
291.47296 -1.2008365
292.0156 -1.1868267
292.87292 -1.1621053
293.5731 -1.1482481
294.32938 -1.1344594
294.67892 -1.1162122
295.56436 -1.1025672
297.4365 -1.0830474
299.3319 -1.0712423
302.252 -1.0538163
304.2489 -1.042387
307.31757 -1.0255253
309.94028 -1.0117321
313.70917 -0.99281454
316.74448 -0.98396206
320.36615 -0.9726942
322.63538 -0.96244836
326.10165 -0.94734955
328.45306 -0.93746215
330.8361 -0.9277163
331.48444 -0.9102176
329.4218 -0.8937128
327.58246 -0.8813037
323.50934 -0.86276793
319.72766 -0.8525976
317.39175 -0.841932
314.29614 -0.82446986
312.0574 -0.81341404
309.13925 -0.7999513
306.98553 -0.78392917
304.9117 -0.7676849
301.50607 -0.7510622
300.26895 -0.7367789
298.34412 -0.72459656
295.70795 -0.7144679
293.22083 -0.699351
290.66205 -0.6888195
286.88568 -0.6726731
284.41058 -0.6616724
280.76385 -0.6448112
277.5726 -0.6354593
271.614 -0.6242367
267.66135 -0.61647797
261.76367 -0.6044018
257.8539 -0.59604496
253.13097 -0.5896208
248.13837 -0.58853567
242.59329 -0.5839748
237.89104 -0.5768997
235.73317 -0.5626771
233.62386 -0.54819465
231.05753 -0.5297249
228.57178 -0.51084685
226.16925 -0.49156076
226.97986 -0.46978444
228.79895 -0.44627938
231.65457 -0.42138502
234.51216 -0.40662557
238.72652 -0.39449412
242.04745 -0.38432837
246.68982 -0.37672892
250.41364 -0.37085253
256.01498 -0.36235893
262.2282 -0.3493301
265.99014 -0.344183
271.64578 -0.33672997
275.42432 -0.3319315
278.88916 -0.32386765
285.2247 -0.31273353
293.21008 -0.2967991
297.7088 -0.28867504
301.26593 -0.2817132
305.2647 -0.26771912
308.6076 -0.2580404
311.4928 -0.24234657
315.20493 -0.2231395
316.0936 -0.2063126
317.0713 -0.18958476
316.98102 -0.17039965
317.1596 -0.15432768
316.4296 -0.13871352
316.89343 -0.12577555
316.41653 -0.113233514
316.88593 -0.097198755
316.43982 -0.0814719
316.13943 -0.06886089
315.8348 -0.053066686
315.57343 -0.034079306
314.4428 -0.018295098
312.3951 -0.0056097247
310.39835 0.0072409483
307.45367 0.020321723
303.5986 0.037055943
297.8337 0.054579545
293.95712 0.062115517
285.25906 0.07806999
280.44043 0.086570516
276.73486 0.09862067
272.96164 0.107355066
272.55048 0.12598889
272.23416 0.14467251
272.99985 0.1627972
276.63016 0.17530836
279.32022 0.18816087
285.19495 0.20210437
289.16946 0.21696138
295.1531 0.22985832
299.0028 0.24059848
305.0722 0.25261086
309.25375 0.26584154
314.72522 0.28089762
317.77274 0.2912473
319.89883 0.30232728
324.27472 0.31429273
326.48102 0.32499775
329.6686 0.334559
333.56546 0.34958097
335.89236 0.35974976
339.91205 0.37420055
343.24884 0.3829178
346.99393 0.39413044
350.78174 0.40510228
354.61087 0.41583842
357.1563 0.42495266
360.63855 0.4327713
363.23813 0.44161364
365.86566 0.4503297
368.9647 0.46135062
372.99863 0.4709673
375.29382 0.48284
377.6413 0.49456674
379.55618 0.5038427
381.12546 0.5165986
381.3883 0.52830833
379.47385 0.54044986
373.90152 0.56200963
370.76196 0.57376087
368.2282 0.5879742
365.2042 0.60012525
362.48102 0.6086341
359.78445 0.61727107
357.11514 0.62603784
353.07553 0.6343356
348.06516 0.6485689
344.7056 0.65964293
339.98422 0.6704584
336.85925 0.67783654
333.75293 0.68535244
328.36346 0.69884586
323.79294 0.7107674
320.77213 0.71890306
317.02658 0.7292897
314.0553 0.73777676
308.91144 0.75301963
304.5613 0.76649207
301.69266 0.7756885
296.73557 0.7922072
293.967 0.80670524
291.2138 0.8166227
289.9644 0.8313999
287.4572 0.8515119
285.5977 0.8643553
284.5556 0.8796112
284.36115 0.8971754
284.25452 0.91475815
283.4334 0.9302461
284.88794 0.947081
285.8531 0.9666136
287.76093 0.98792565
289.79767 1.0089476
292.81827 1.0314262
295.6124 1.0488217
297.61942 1.0642611
299.64294 1.0869497
301.8186 1.1093227
304.5306 1.121052
307.34872 1.1398458
310.16714 1.1510918
313.54712 1.1663281
316.4557 1.1771126
319.40045 1.1876993
323.16977 1.208991
324.5952 1.2237883
323.87445 1.2393569
322.59503 1.2510817
320.40744 1.2619525
317.3024 1.2720466
315.18915 1.2832417
310.2307 1.2919493
304.06696 1.303232
295.75592 1.3165401
290.89255 1.3263903
284.8545 1.3391744
277.88885 1.3517306
274.11057 1.3635963
270.37198 1.3757919
264.34982 1.394395
261.70352 1.4081016
256.98218 1.4247808
253.32678 1.4425861
248.54782 1.4684637
246.09373 1.4878458
241.73796 1.5070884
237.47496 1.5270295
232.28905 1.5518955
228.2479 1.5690868
228.2479 1.5690868
