Stilus
21
30.224644 2.0704734
38.23321 2.1461365
44.392807 2.1953526
48.642982 2.235417
53.489872 2.2597113
60.496765 2.2762156
67.06416 2.2710671
74.231544 2.255397
80.29576 2.234072
84.68628 2.223539
91.95725 2.2246099
98.37613 2.2386527
106.66795 2.238571
111.87692 2.2370787
116.755394 2.234355
125.72136 2.2317488
131.98473 2.2333918
137.7477 2.2374797
144.4841 2.2518327
149.23471 2.2778363
156.57791 2.3050601
160.75595 2.3152015
165.53712 2.321602
173.56592 2.3272636
179.25504 2.3202896
186.90845 2.3171403
194.6642 2.3223472
201.6746 2.3305106
207.57642 2.3448522
213.61682 2.3616948
218.6896 2.3654892
226.15492 2.3735664
234.59601 2.3848424
239.83916 2.3875427
249.09317 2.3948855
255.8146 2.3978531
261.19388 2.4012198
269.16742 2.403085
276.35165 2.4120967
282.22375 2.4248347
290.09494 2.435737
295.59943 2.4417214
302.9882 2.4422128
311.39023 2.4481664
318.71353 2.4549708
322.70453 2.4606085
327.09918 2.4635718
330.84787 2.4687977
336.9445 2.4766948
341.47498 2.48151
347.28006 2.48846
352.3783 2.498241
358.3981 2.507319
363.4336 2.5174744
367.2197 2.5311644
366.7563 2.5523121
365.85483 2.5709567
364.6291 2.5825214
360.7452 2.594627
356.80115 2.6075346
353.8967 2.6215796
351.3359 2.6344545
345.6442 2.6476948
339.88348 2.659359
332.86145 2.660843
325.0362 2.6695707
317.33798 2.6816416
309.77408 2.6947453
302.60333 2.7061076
297.66986 2.7172358
291.6001 2.7225168
286.35986 2.7216153
278.00977 2.728246
270.04987 2.738567
261.1798 2.7499976
255.27939 2.7650692
251.37166 2.7810066
247.0354 2.7959359
245.2764 2.8137114
249.33817 2.83258
254.04376 2.8398783
258.08035 2.8447423
262.58002 2.8530345
266.91833 2.8618224
270.7172 2.8697374
276.42978 2.876241
282.032 2.8816352
289.4302 2.8955534
294.04913 2.9029946
302.1501 2.9189482
306.59094 2.9307604
311.83475 2.9423232
318.92175 2.9595652
325.349 2.9757047
330.76514 2.9875405
336.23087 2.9998078
340.79138 3.0098927
345.6835 3.0248685
350.32996 3.0446696
353.72058 3.0642824
355.67725 3.0824888
355.44702 3.094694
353.4854 3.1076725
350.36145 3.1188672
347.0864 3.1307971
342.7842 -3.1365156
338.61716 -3.1262481
334.61566 -3.120025
330.66318 -3.113709
325.7423 -3.1071625
320.75565 -3.1027985
313.65277 -3.0955422
306.08298 -3.0845954
301.1296 -3.0803328
296.19843 -3.0759313
290.47906 -3.0711887
285.51852 -3.0699632
281.32523 -3.0688937
275.2659 -3.0607743
268.77737 -3.047633
264.10376 -3.0421484
259.20822 -3.0394535
254.21169 -3.0374386
249.22919 -3.0353487
245.0561 -3.0335324
241.07367 -3.0317402
232.35364 -3.0275998
227.40132 -3.0251062
222.46324 -3.0225084
217.44853 -3.0197484
212.28069 -3.016767
207.35922 -3.0137882
198.43832 -3.0080092
192.75035 -3.0040424
186.74945 -2.999593
180.85376 -2.994931
175.9775 -2.9908364
171.78122 -2.9871244
166.81612 -2.9824884
161.9007 -2.9776146
156.2138 -2.9715881
150.33534 -2.964872
145.36815 -2.9587662
140.24911 -2.9520135
132.41876 -2.9406543
123.61877 -2.9261324
118.765816 -2.9171808
113.13877 -2.9058132
108.06721 -2.894523
103.03851 -2.890102
95.00376 -2.8815134
86.525986 -2.8553462
81.52643 -2.8500686
76.41513 -2.843643
71.10546 -2.8470337
66.723885 -2.8460362
60.815613 -2.8662403
55.57294 -2.8932939
45.90928 -2.929568
40.456676 -2.9710925
35.18451 -3.008881
26.948898 -3.0797977
22.880558 -3.1132033
16.926151 3.06161
12.649786 2.8159513
13.520406 -3.067314
17.43887 -2.7752285
26.089445 -2.6537783
36.535374 -2.587133
45.97082 -2.586265
51.030273 -2.6199167
56.591152 -2.619297
62.439236 -2.61978
71.32373 -2.6251097
76.46197 -2.6332889
81.99112 -2.6428728
87.33248 -2.6501255
92.46443 -2.6429293
100.82255 -2.6316514
110.85322 -2.630889
116.010155 -2.6261234
121.36858 -2.632091
129.36644 -2.6487405
134.04378 -2.6657648
139.40002 -2.6854665
145.54141 -2.706067
154.35938 -2.7055504
164.04718 -2.6941483
172.283 -2.6782143
179.3098 -2.6602318
189.2225 -2.6399317
198.2358 -2.6407838
202.23407 -2.6459365
207.0785 -2.6531572
214.06099 -2.6535563
221.31668 -2.6381698
232.5077 -2.6293023
238.63026 -2.6196496
244.95311 -2.6156702
250.68884 -2.6142654
255.82806 -2.6123893
262.27353 -2.6170661
269.715 -2.610249
281.40448 -2.6046436
288.0466 -2.5982652
293.75485 -2.5939813
304.76434 -2.5852258
310.18393 -2.5832806
316.16522 -2.5703943
323.88974 -2.556282
328.29675 -2.5470147
333.59512 -2.539625
338.74078 -2.532143
347.23163 -2.5274067
354.87033 -2.5166678
359.5875 -2.5086892
364.17374 -2.5008533
367.9907 -2.4915657
371.17007 -2.4812064
373.77246 -2.4722936
373.42184 -2.4537303
369.3369 -2.4375272
365.4349 -2.4241374
359.5803 -2.4098406
355.89587 -2.400504
352.2202 -2.3909123
348.59738 -2.381173
344.9884 -2.3711739
338.6184 -2.361092
331.2432 -2.3546267
325.59396 -2.3506114
319.3482 -2.3477175
313.4563 -2.3434043
307.1064 -2.3399737
302.08066 -2.333139
293.04236 -2.3295617
284.51364 -2.3192844
277.59735 -2.2984726
272.43118 -2.2870502
267.64957 -2.2778642
263.4049 -2.2706835
256.50323 -2.2628632
249.26202 -2.2519999
242.54063 -2.2373607
237.67131 -2.2201297
235.89484 -2.192178
239.79253 -2.1679413
243.34987 -2.155572
251.54958 -2.1341426
256.65958 -2.1216164
262.67206 -2.1155634
267.6974 -2.1086643
272.4455 -2.1072195
281.26346 -2.1005876
286.9665 -2.093021
293.13666 -2.0887423
299.01874 -2.0814059
303.47803 -2.0738852
310.5003 -2.0681431
319.70523 -2.0567303
325.42148 -2.0509322
330.80746 -2.0424716
335.26123 -2.0357072
338.97293 -2.0302227
345.11374 -2.0214384
349.16824 -2.012661
353.45853 -2.0038116
358.1406 -1.9947149
362.24323 -1.9843016
366.01575 -1.9738839
369.2168 -1.9665136
370.5227 -1.9518601
370.12378 -1.9400201
367.03537 -1.9236258
362.9394 -1.9157357
358.68484 -1.9057709
353.50687 -1.8986795
348.1938 -1.8888867
342.37793 -1.8820564
337.1074 -1.8745968
330.2946 -1.8589324
322.85736 -1.8463936
313.52304 -1.834242
307.7241 -1.8266926
301.40573 -1.821908
296.50226 -1.8148793
291.72028 -1.8056936
283.50244 -1.7900552
272.73303 -1.7763957
267.3278 -1.7702127
260.79916 -1.7634041
256.08456 -1.7551166
250.43948 -1.7507446
242.82079 -1.7433252
234.40533 -1.7335083
227.06549 -1.728662
221.23369 -1.7192384
215.14037 -1.7105492
209.71194 -1.6984875
202.31067 -1.6844611
195.38275 -1.6770433
188.97505 -1.6700407
183.61343 -1.6661305
178.57384 -1.6632112
173.71405 -1.6600304
168.75993 -1.6626573
163.55101 -1.6655916
157.76675 -1.6643085
152.724 -1.6608886
147.62634 -1.6571425
143.37253 -1.6579832
136.40102 -1.6624516
130.7952 -1.6740656
124.82349 -1.679025
118.752785 -1.67612
112.73536 -1.6728548
107.38171 -1.668612
100.604675 -1.6677749
92.784836 -1.6651081
84.745255 -1.6622804
78.418495 -1.6568269
73.174835 -1.6596305
67.37037 -1.6524233
60.61342 -1.6492443
52.58454 -1.6422777
45.233814 -1.6314492
39.22586 -1.6155149
33.615067 -1.6153777
26.456816 -1.6274513
19.347456 -1.6483057
12.578788 -1.6901777
6.96111 -1.6425935
2.0026562 -1.3187733
2.9557722 1.0392675
5.415889 -1.1444579
10.255143 -1.3248476
18.442905 -1.3246257
23.309576 -1.3328987
29.392574 -1.3480918
36.44932 -1.3638134
43.294464 -1.3969054
48.431408 -1.4155083
54.282024 -1.4184428
60.964188 -1.4192407
68.04428 -1.4308995
75.25689 -1.4443829
81.17986 -1.4536504
87.15388 -1.4617134
93.18906 -1.4580238
101.03976 -1.4568754
108.94241 -1.4651713
115.182846 -1.4709136
121.29101 -1.4615772
127.40697 -1.4568837
133.51846 -1.454591
140.31932 -1.4530826
146.48038 -1.4531776
152.68764 -1.4494879
158.8156 -1.4432125
164.84329 -1.4462694
170.91689 -1.4448283
177.05328 -1.4393355
184.29256 -1.4335234
189.77213 -1.4268683
198.07623 -1.4130282
204.07196 -1.4076393
210.5071 -1.4027563
216.7377 -1.3983082
222.22177 -1.3935522
227.52388 -1.3887439
231.8267 -1.3833826
239.46065 -1.3724297
247.94626 -1.3659477
256.1923 -1.3646713
261.1798 -1.3618298
265.73068 -1.3578124
270.0879 -1.353687
277.50586 -1.3374598
282.97726 -1.3285125
288.57492 -1.3225375
294.39618 -1.3135837
300.08716 -1.3073143
305.684 -1.302115
314.01608 -1.2928948
321.58743 -1.2867184
330.39557 -1.2818863
339.20123 -1.2773101
348.00262 -1.2729712
352.95416 -1.2683815
358.578 -1.255755
362.62564 -1.2397579
364.50708 -1.2270414
366.2198 -1.2142066
365.48157 -1.1978838
361.518 -1.1759257
357.9476 -1.1657262
353.91754 -1.1546634
349.76062 -1.1462662
344.083 -1.1347764
339.74246 -1.1288153
334.91003 -1.1219764
330.0534 -1.112353
324.8061 -1.1034987
320.1392 -1.0961294
313.05685 -1.0844692
304.47073 -1.0695006
300.4808 -1.0594093
295.41962 -1.0487367
290.205 -1.0383681
286.18655 -1.0330486
282.33618 -1.0260077
277.31686 -1.0192374
271.73138 -1.0097259
265.68045 -0.9965435
260.11652 -0.9872496
255.7435 -0.9759172
249.40201 -0.96349514
243.45694 -0.94336563
240.74532 -0.92958
236.9384 -0.9066409
234.4458 -0.88586736
236.41545 -0.86271816
241.53563 -0.8536035
246.9955 -0.8513148
258.17123 -0.84298545
262.5469 -0.83734137
270.16013 -0.82278574
277.79504 -0.8090723
284.49606 -0.8010369
292.5522 -0.7909892
297.49612 -0.78377235
302.42056 -0.77682877
307.4155 -0.77005
312.34927 -0.76356226
318.27972 -0.7588853
322.88843 -0.75349075
327.43585 -0.74509037
331.79196 -0.7371011
336.15958 -0.7293265
340.56363 -0.72173893
344.2377 -0.7162428
348.49725 -0.7066407
355.53796 -0.698998
361.23468 -0.6876032
361.32642 -0.66708606
358.7902 -0.6488063
354.8359 -0.63274467
349.5111 -0.6287305
342.1397 -0.6201713
334.8579 -0.60639143
328.09317 -0.5911004
319.7253 -0.57857466
312.9923 -0.5763614
305.18906 -0.5773991
294.89297 -0.5688606
285.0424 -0.55362314
277.45435 -0.53662544
270.21982 -0.5257172
262.69577 -0.52919656
257.10098 -0.5284072
250.65726 -0.5261373
244.32008 -0.52224064
235.65578 -0.5091981
225.6727 -0.4933585
219.7839 -0.4910807
214.04924 -0.48972246
208.60327 -0.49254137
203.25078 -0.49549684
197.91718 -0.49860957
192.96986 -0.4948675
182.21182 -0.48515937
175.61105 -0.47896177
168.66122 -0.47353962
162.18698 -0.46643278
155.90672 -0.45787895
144.8837 -0.45498666
139.19325 -0.45313686
132.51508 -0.45261785
124.496216 -0.44832146
116.81307 -0.43519604
109.60697 -0.41604766
102.26512 -0.39357293
94.51022 -0.36756682
86.93475 -0.36435312
79.296364 -0.36033824
72.3135 -0.33788407
66.389854 -0.30982834
58.734787 -0.26494604
51.439877 -0.21521585
43.750664 -0.14437722
37.397106 -0.05458925
32.07676 0.06219454
26.741734 0.18854992
22.493757 0.32928568
19.032406 0.4655156
14.873309 0.76246375
18.8661 0.6582453
22.76343 0.53169537
27.22617 0.43773818
32.1689 0.3101579
37.448837 0.21039326
41.88263 0.11552556
46.224575 0.04259462
53.21537 -0.02145183
60.43957 -0.0644349
67.581604 -0.091366954
74.114296 -0.1202454
79.64822 -0.14071845
84.87543 -0.15575205
90.9605 -0.1755596
97.2589 -0.18780547
103.54163 -0.19598575
109.62062 -0.1942887
115.69339 -0.19276267
120.6167 -0.18707086
126.5313 -0.17823023
132.3965 -0.17025554
138.33661 -0.16287799
144.25336 -0.1561413
149.46266 -0.1506569
154.38617 -0.1458174
159.3231 -0.14126816
164.26283 -0.13699274
169.23279 -0.13294534
174.17903 -0.12914859
179.132 -0.1255585
184.08244 -0.12216477
189.05951 -0.11893329
195.98471 -0.11471185
200.67809 -0.1120176
205.58356 -0.10933389
210.70303 -0.106667146
215.67358 -0.10419979
219.88148 -0.10219866
223.86359 -0.10037455
231.06906 -0.09723449
237.73607 -0.0944994
244.76231 -0.09177891
252.68102 -0.088894956
257.58435 -0.08330489
264.6431 -0.07350399
270.38583 -0.07194012
278.4722 -0.07616521
283.15762 -0.075766094
287.40576 -0.074644096
291.36993 -0.07105136
298.23065 -0.062666215
303.1443 -0.058365032
310.84488 -0.050759073
318.91455 -0.042907685
326.8387 -0.03571827
331.7796 -0.034490693
338.68176 -0.02269322
345.40042 -0.009060848
352.59015 0.0065510366
360.65582 0.020271536
366.92282 0.025683401
371.74146 0.032423604
375.85562 0.04008288
385.0756 0.05272753
389.91464 0.057190273
394.33536 0.06478724
390.57327 0.07444374
385.22476 0.08647025
378.52057 0.09597241
371.74725 0.10314391
365.99152 0.11027363
360.27625 0.11760301
355.2166 0.122086555
349.66873 0.12765318
343.84296 0.13275957
337.99188 0.13733137
332.23056 0.1435038
326.5524 0.15146513
321.9486 0.15754099
316.47235 0.16558737
310.62048 0.17312577
304.77945 0.17980962
298.9997 0.18591441
294.10245 0.19333197
289.80566 0.20239706
285.905 0.20965603
278.2 0.22291249
273.1842 0.22978495
268.06546 0.23532222
262.6919 0.24414775
257.86304 0.25281593
251.86198 0.2744425
247.46089 0.29950592
245.35695 0.3288444
247.96883 0.3584335
252.50192 0.3856323
256.66656 0.40439555
264.25555 0.4251565
272.09424 0.43322912
279.47537 0.43281338
287.4824 0.43523273
295.69156 0.4447357
302.23782 0.45923322
308.94745 0.4737849
317.3398 0.47876063
322.139 0.47886968
331.20535 0.48083413
340.34467 0.49256507
349.03635 0.5084917
353.9712 0.5160829
357.7693 0.52356094
363.25055 0.53166664
368.4193 0.5446819
371.5675 0.55851024
368.24677 0.5806251
364.6121 0.58846897
360.76703 0.5955986
356.07928 0.601141
351.94864 0.60921246
344.4037 0.618318
340.56244 0.6227316
331.13806 0.62832934
326.38205 0.6342254
321.39438 0.6389709
314.86676 0.6433808
308.9802 0.6450112
303.20874 0.6445888
296.25958 0.6487233
287.9897 0.64976215
280.37228 0.65116596
273.12845 0.65283775
266.4189 0.6568103
260.46103 0.6599716
255.14761 0.66991556
249.40503 0.67930067
242.04172 0.6878886
234.48523 0.69375867
227.27203 0.6916092
219.45073 0.69149923
211.63383 0.69137853
202.64235 0.69657135
196.33318 0.70825845
189.77646 0.71693677
184.4798 0.73312926
179.3804 0.7513854
173.28899 0.77057266
166.43037 0.78788733
159.36087 0.80580044
152.70013 0.81362313
145.7856 0.8161459
138.80452 0.81779486
131.14577 0.8236148
123.97401 0.8358189
117.768616 0.85647464
110.05328 0.8679303
102.344635 0.8707051
93.992294 0.8763172
84.87914 0.87772375
76.53207 0.9063767
69.522705 0.9365946
62.87357 0.97528416
56.583397 1.0129213
50.853855 1.0176299
45.69259 1.0246336
40.708786 1.0365005
35.72418 1.0516641
28.311638 1.0649521
31.500257 1.1719034
36.464306 1.1999575
41.856117 1.1987102
47.92366 1.2033654
54.9039 1.2134031
63.422436 1.2170782
71.252556 1.2128769
77.57292 1.1884577
83.502785 1.1674844
91.28633 1.1540846
99.00058 1.152682
106.56357 1.1535633
113.127144 1.159864
119.12112 1.1544151
124.255684 1.1551237
128.59544 1.1613778
133.55804 1.1694181
139.62556 1.1723118
145.2226 1.1736712
151.63649 1.1700567
156.66096 1.1646047
162.84831 1.1560018
167.60109 1.1530217
174.10768 1.1498101
180.14476 1.1526927
186.87866 1.1510863
192.48965 1.1527197
201.81596 1.1461906
207.61154 1.1429524
212.42928 1.1468203
216.73035 1.1507182
222.39499 1.1571676
227.66008 1.1589544
232.96547 1.163031
241.11816 1.1686062
250.47717 1.180139
257.04028 1.1864438
263.5534 1.1892892
268.78427 1.1931129
275.85403 1.1944888
280.8672 1.197716
286.71362 1.201953
292.7909 1.2063153
298.68802 1.2102661
303.9832 1.2133203
310.1108 1.21726
317.572 1.2225729
327.2996 1.2301055
332.38248 1.232338
338.36298 1.2354287
342.38544 1.2395204
349.06018 1.2430695
352.8648 1.2467331
357.29102 1.2538347
363.5819 1.2652711
366.67273 1.2749654
370.23416 1.2927142
371.07654 1.3073123
371.5429 1.3207035
370.43506 1.3359721
367.83792 1.3459432
363.87265 1.3598132
358.975 1.3709924
354.2443 1.3805426
350.23828 1.390124
343.11588 1.4093198
335.3716 1.4311877
328.7213 1.4449074
322.18213 1.4579283
315.75757 1.4692441
310.49384 1.4802554
302.81665 1.4954542
297.97336 1.5032053
291.70102 1.5098848
284.78842 1.5189762
278.41788 1.5285301
273.0174 1.5387083
265.6672 1.5501181
260.63068 1.5601828
256.3594 1.5794848
257.20538 1.6027402
259.38794 1.6216623
263.60162 1.6416714
271.86868 1.6623658
276.98486 1.6752883
281.52863 1.6818227
288.89587 1.6928272
295.58615 1.7095224
299.9747 1.7175874
304.27127 1.7230897
310.20874 1.7266526
315.27512 1.7273095
320.8344 1.7309082
325.12442 1.7350355
332.648 1.7478266
337.52478 1.7578502
342.34167 1.7674062
347.96432 1.7757277
352.7458 1.7845876
360.58313 1.7984996
363.9675 1.8137999
363.9203 1.8307896
361.01654 1.8516953
357.99683 1.8629162
351.90692 1.879347
347.96277 1.8832232
342.56754 1.8895833
336.39145 1.8925178
329.43604 1.8963616
323.45444 1.899347
318.8815 1.8985913
313.74838 1.8973895
307.503 1.8974907
300.39267 1.9009304
293.46274 1.9054284
282.4691 1.9114807
277.231 1.9117186
271.04404 1.9146972
265.06516 1.918776
258.12952 1.9244123
252.17276 1.9289137
246.26256 1.9335694
240.58257 1.9425462
234.66142 1.9478213
220.25787 1.955472
214.93588 1.9591979
210.85464 1.9620017
206.61778 1.9673042
200.56781 1.9778221
193.7823 1.9873245
186.70338 1.9939989
180.391 1.9975669
175.37799 1.9987731
169.64142 2.0005114
162.03223 2.0016866
153.8075 2.0065174
146.27533 2.013513
139.00464 2.0164206
132.4566 2.0214097
124.26598 2.0286849
116.77805 2.038847
108.705444 2.048434
101.818726 2.0594342
93.095 2.0748131
83.98469 2.093849
75.44966 2.1139715
67.26789 2.117026
58.336872 2.1297338
48.415424 2.1376374
39.255997 2.1649177
24.421734 2.2312493
18.60638 2.2689908
12.156857 2.4992568
7.350223 -3.098258
7.350223 -3.098258
