Mouse
10
248.34247 1.5391841
248.24823 1.5552896
248.21843 1.5714031
248.29459 1.5955703
247.62305 1.6279733
247.12515 1.656488
246.19704 1.6976637
246.34926 1.7303963
246.03195 1.7470945
247.56036 1.7789143
249.10086 1.8064125
250.3153 1.8258365
250.66077 1.8461465
251.10931 1.8663921
251.35165 1.8827757
250.09569 1.9054868
248.6217 1.9246475
244.65111 1.9393983
239.43443 1.9523237
235.72675 1.9586419
232.41483 1.9691341
227.2957 1.9834288
223.1355 1.9965208
219.92046 2.0081737
216.73616 2.0201707
213.13841 2.0388143
209.68205 2.0687525
206.78317 2.09305
204.0098 2.1180234
201.67018 2.1368136
199.95753 2.160207
194.87762 2.202954
192.5198 2.2381387
188.88512 2.2809985
187.2016 2.3030322
185.57253 2.333072
184.1087 2.3559344
183.46709 2.3829155
182.95992 2.4100661
182.06844 2.4492755
181.27777 2.4810762
181.26166 2.5086603
183.03154 2.5424464
183.32132 2.5696974
184.44128 2.611736
185.95174 2.6411736
189.41103 2.686714
189.99805 2.717296
193.15912 2.7584035
196.9748 2.7933424
198.48734 2.817445
202.69151 2.8502626
206.39915 2.8757865
209.99983 2.9050186
212.02852 2.9266765
215.74516 2.9587953
219.00099 2.9800775
222.21487 3.0051827
223.69244 3.0241153
227.3394 3.0392833
230.95164 3.0582824
236.5203 3.0856767
240.3275 3.1032257
246.18678 3.124457
251.15184 -3.1384804
255.17867 -3.1267726
259.29938 -3.1077194
263.41425 -3.096851
267.61636 -3.0825875
274.0177 -3.0620189
278.34723 -3.0488358
282.72357 -3.0360587
286.15167 -3.0232618
290.88376 -3.0044014
293.4352 -2.9918296
297.18167 -2.9766989
300.0106 -2.9613526
300.75342 -2.9482677
302.5263 -2.935927
303.58685 -2.9198034
305.46448 -2.9077492
306.66162 -2.8918877
307.67453 -2.8792899
309.00876 -2.863662
311.0022 -2.842016
312.51428 -2.8267288
314.75247 -2.8055809
315.15405 -2.7925518
316.68393 -2.770699
317.2281 -2.7578042
319.13397 -2.7432761
320.7066 -2.7317798
323.1441 -2.7147489
325.67392 -2.6979778
327.85358 -2.6705618
328.80225 -2.6583407
330.2763 -2.643528
331.33273 -2.6314802
331.712 -2.6112776
333.07904 -2.5927
333.4162 -2.5685275
332.82727 -2.5493872
332.60837 -2.5343738
331.06918 -2.5200377
329.9896 -2.498895
328.01074 -2.4867048
326.701 -2.4719641
324.4214 -2.4464848
323.20425 -2.4270709
323.52216 -2.4072933
322.6005 -2.3920815
321.0623 -2.379033
320.98294 -2.3614132
319.60992 -2.339311
319.07404 -2.31933
318.58865 -2.3037214
316.87003 -2.2833128
315.79825 -2.2695873
313.52487 -2.2508307
310.40512 -2.2383056
308.73727 -2.226125
306.72467 -2.2066407
303.782 -2.1933978
301.14493 -2.1752748
299.16272 -2.159623
295.10538 -2.132376
293.32785 -2.116132
290.26096 -2.0984583
288.2676 -2.0864692
286.23587 -2.0665092
283.43106 -2.047887
280.72647 -2.0288994
279.45557 -2.0112689
276.13947 -1.9850603
274.70306 -1.9635992
272.67548 -1.9350871
271.87494 -1.9165915
269.26855 -1.8886365
268.04544 -1.8744606
265.76294 -1.8457319
264.70502 -1.8311877
263.22412 -1.8091601
262.30847 -1.7943416
260.84598 -1.7681705
259.91174 -1.7493056
258.9137 -1.7264981
258.32364 -1.7112004
257.55252 -1.6881313
257.01517 -1.6688098
256.4248 -1.641639
255.17429 -1.6262796
253.91248 -1.602902
253.80118 -1.5832105
252.78305 -1.5674362
252.8744 -1.543707
252.01526 -1.5277326
252.41351 -1.5000225
252.81628 -1.4802935
253.42902 -1.456713
253.91547 -1.4410614
255.07382 -1.4099566
256.10318 -1.3868288
257.26843 -1.3638984
260.29147 -1.3466763
262.18127 -1.3326485
264.1219 -1.3188242
265.41263 -1.3005794
267.74973 -1.2835791
268.91025 -1.2693131
270.125 -1.2551725
272.04724 -1.2342055
275.02448 -1.2148131
279.21555 -1.1858449
280.74207 -1.1726394
282.31702 -1.1595788
284.7685 -1.1402643
286.46097 -1.1275747
289.0849 -1.1088239
290.8898 -1.0965141
292.73822 -1.084358
293.3565 -1.0661029
294.44232 -1.0525689
295.74203 -1.0315934
296.96393 -1.0183055
298.47385 -0.99767596
299.82806 -0.98465776
301.5426 -0.9644112
303.60645 -0.94900095
304.93808 -0.9318518
306.5444 -0.9194316
308.02893 -0.90258557
310.86908 -0.88092303
312.55072 -0.8645105
314.9778 -0.84589636
316.9026 -0.8343553
318.81912 -0.81852233
320.12076 -0.80512965
322.18265 -0.78963894
324.3396 -0.76998883
325.8463 -0.7570365
327.46854 -0.73989064
327.8663 -0.71834433
329.0586 -0.69919074
330.3707 -0.6801823
332.41632 -0.6637051
333.15033 -0.64685
334.56876 -0.6324887
336.0556 -0.6182516
336.18286 -0.59266067
337.3121 -0.57620007
336.8391 -0.5630069
337.27798 -0.5482298
337.79028 -0.5334943
337.3885 -0.51365876
337.1945 -0.50041217
336.17642 -0.48854512
333.40247 -0.47265345
331.15613 -0.4592098
329.4027 -0.44832438
327.6887 -0.43732378
325.1045 -0.42748052
322.5523 -0.41748053
320.03287 -0.40732202
318.08524 -0.39288852
315.64737 -0.38239443
314.17673 -0.37058204
312.4007 -0.35566288
311.03046 -0.34360698
309.06076 -0.3253271
307.80563 -0.31301323
305.7227 -0.2912275
304.32474 -0.27548882
302.49564 -0.25321874
301.5184 -0.24037525
300.36734 -0.22420686
299.5034 -0.21118534
297.32172 -0.19215739
294.43845 -0.17678508
292.77472 -0.16393597
289.87628 -0.14463982
287.3441 -0.13186747
283.63556 -0.112286694
281.22498 -0.09894926
278.86526 -0.08538366
274.5629 -0.07211015
271.30875 -0.058201328
267.0286 -0.03663954
261.9132 -0.022076344
257.86438 -0.010787338
253.84946 8.602887E-4
246.90451 0.021136804
242.98839 0.03382858
237.1643 0.051541463
233.4135 0.06953952
227.74858 0.088892035
224.05565 0.10381413
220.53545 0.12373503
217.10559 0.14429374
213.93742 0.17011356
211.11383 0.20133673
209.02321 0.22295868
205.59142 0.25680444
202.7974 0.2808938
200.42747 0.31039953
198.84874 0.33416435
197.38408 0.35829568
196.03603 0.38277334
192.97247 0.41168305
189.60318 0.44852176
187.3523 0.4722109
184.33041 0.49904627
180.5819 0.52953935
177.00829 0.56129426
174.72841 0.5831714
172.53433 0.60561603
171.41115 0.6462144
169.46935 0.6698516
167.50128 0.7024308
167.1276 0.7361683
167.64253 0.7743006
168.36768 0.8037481
169.9787 0.8368757
171.77266 0.8693463
174.36638 0.8966167
176.28949 0.919646
179.92555 0.94870317
182.05371 0.9704362
186.4872 0.99303895
189.63455 1.0162758
194.10622 1.0484091
197.96896 1.0653893
200.53444 1.0837743
204.05843 1.1039044
206.7612 1.1212509
211.34195 1.1421125
214.6963 1.1645037
217.60712 1.1802117
220.57019 1.1955012
223.23274 1.2145739
228.80737 1.2375333
232.28691 1.2608495
235.21661 1.2781837
238.90845 1.3002535
241.74406 1.3206216
243.47693 1.3435706
245.54129 1.3621958
246.70753 1.3797376
247.94896 1.3971092
248.96057 1.4222376
249.39128 1.4386942
250.76959 1.4595112
251.3524 1.4757692
252.00133 1.4919478
252.65514 1.5119892
252.45161 1.5278071
252.31137 1.5436465
252.23448 1.5594996
252.23448 1.5594996
