Mouse
15
254.45422 1.5535376
256.41663 1.5692701
259.5005 1.596266
260.77164 1.6230062
262.0087 1.6380534
263.56766 1.6643001
264.1954 1.6869133
265.68008 1.701432
267.22018 1.7157865
268.97498 1.7336442
270.01266 1.7555732
271.17917 1.7773238
272.24847 1.7953001
274.13855 1.8087134
276.32745 1.8254461
279.13477 1.8488145
280.54822 1.8659533
283.61356 1.8885437
285.83447 1.9007446
287.1554 1.9139233
289.46317 1.9257745
291.81094 1.9374366
294.0152 1.9564885
296.46524 1.9677209
299.35022 1.9818343
300.9708 1.9940178
303.54263 2.0046802
306.1134 2.0224655
308.77942 2.0399492
311.07205 2.0542862
312.95157 2.065603
315.35657 2.079557
316.09048 2.0964546
315.5417 2.1121912
315.28802 2.1350398
314.93158 2.150867
314.39096 2.171144
312.00507 2.1881318
309.9262 2.2008653
306.30002 2.2176836
302.9369 2.2302656
300.4058 2.241055
296.50375 2.2515304
293.40613 2.2601106
288.80124 2.2733243
285.76007 2.2823691
281.33154 2.2912831
276.26047 2.2977836
272.61383 2.3047948
268.24414 2.3145125
261.75876 2.326995
256.0129 2.3429153
251.74834 2.353926
245.40163 2.3682747
240.48776 2.3773437
234.91048 2.3898911
231.45924 2.3995657
225.95122 2.4131577
221.24362 2.4303865
217.88803 2.4412985
213.92479 2.4561586
209.22766 2.4686081
205.96764 2.4807682
200.73672 2.4982517
197.55426 2.5114157
193.01318 2.5262392
187.95387 2.5461652
184.90298 2.5610425
181.05066 2.5734575
176.70244 2.5912194
171.55154 2.6069157
166.82477 2.6317556
161.79211 2.6496809
156.81477 2.6687505
152.33807 2.6831589
147.89491 2.6984363
144.90524 2.726653
142.41483 2.749528
138.7097 2.7773335
137.33554 2.8045516
137.6747 2.8436399
142.34569 2.8828864
146.70282 2.9047868
150.59412 2.9110181
155.24767 2.9246497
159.15623 2.9300594
163.06924 2.9352095
169.92674 2.9436512
173.85042 2.948176
178.57555 2.9590535
182.33557 2.968429
187.09761 2.9782987
192.57031 2.9987369
197.38434 3.007358
201.09644 3.0198765
207.71568 3.038305
212.40855 3.0547812
216.31096 3.06099
222.07709 3.076631
227.89479 3.091477
231.80002 3.1009588
237.72438 3.1103904
241.66937 3.1191788
246.63234 3.1277404
250.62033 3.131951
255.60933 -3.1393092
260.6215 -3.131679
266.64807 -3.1244018
270.6663 -3.120962
275.7423 -3.1104584
279.8089 -3.103759
286.9304 -3.0942335
292.07983 -3.0847843
298.31964 -3.072539
302.5293 -3.0635583
308.75522 -3.0553863
314.30222 -3.0377362
317.8386 -3.0230677
321.31088 -3.0118098
324.82306 -3.000794
328.37375 -2.9900153
332.29053 -2.9735281
334.9509 -2.962753
337.83926 -2.9492419
341.76724 -2.9365594
343.58075 -2.9257536
345.43396 -2.9150624
348.53394 -2.9023716
351.68903 -2.8899066
353.67224 -2.879657
355.96222 -2.8668168
358.02792 -2.8568213
360.129 -2.8469415
361.31088 -2.8363476
363.79474 -2.8240645
365.0634 -2.8136551
366.3713 -2.803319
367.7181 -2.7930572
369.10333 -2.7828717
370.8883 -2.7702482
371.80472 -2.7567406
371.8671 -2.7422588
371.60648 -2.7302487
369.16528 -2.7184675
366.776 -2.706531
363.57935 -2.6994
359.47897 -2.6847143
356.7893 -2.674738
353.67767 -2.6671226
351.0518 -2.656849
347.98947 -2.64895
343.67966 -2.6355653
340.30124 -2.6233027
337.334 -2.6148531
334.3913 -2.6062546
330.61856 -2.595938
326.88177 -2.5853846
324.02625 -2.5762458
319.81543 -2.5678704
315.6277 -2.5592723
311.19397 -2.5459843
308.45905 -2.5360255
305.75525 -2.5258894
301.68726 -2.5163176
299.046 -2.505777
296.4385 -2.4950497
293.25574 -2.4868324
289.92413 -2.473594
287.4218 -2.462242
283.41873 -2.4461954
280.35922 -2.4370542
276.47452 -2.4202418
272.73996 -2.4081347
268.9943 -2.39044
265.36172 -2.3775802
262.48807 -2.3670375
258.93802 -2.3535318
255.43651 -2.3396535
252.6716 -2.3282757
249.94014 -2.3166475
246.5745 -2.3017526
242.51129 -2.2891545
239.8976 -2.2766006
236.0499 -2.257254
233.5352 -2.244005
230.27298 -2.2331316
227.83499 -2.2192867
223.45314 -2.2005882
221.12086 -2.1859686
218.01239 -2.1736314
214.38318 -2.1570637
210.81483 -2.1399302
207.83612 -2.1263106
204.04082 -2.1148236
201.13582 -2.1003804
198.17242 -2.074248
196.23755 -2.045004
196.24129 -2.0222144
196.3469 -1.9994373
197.47339 -1.9746971
199.64854 -1.948397
202.3056 -1.9273213
205.05017 -1.9068009
208.52228 -1.880782
212.99333 -1.8691496
217.89566 -1.8478941
222.18216 -1.833079
225.30186 -1.8156146
227.06903 -1.7910467
230.1481 -1.7702879
232.1628 -1.7466154
233.31697 -1.7240144
235.71263 -1.7052999
239.84944 -1.6735777
242.46112 -1.6558969
245.14694 -1.6385981
247.81087 -1.613619
248.67151 -1.5973754
249.58443 -1.573235
249.60672 -1.5572093
249.6931 -1.5411904
248.89233 -1.5209899
247.19621 -1.5003839
245.51735 -1.4835582
242.91438 -1.4660771
240.51155 -1.4440964
239.07028 -1.4264411
237.70444 -1.4085771
235.99019 -1.377246
235.04883 -1.3547325
232.28473 -1.3300134
228.70128 -1.303565
224.9946 -1.2805476
222.05684 -1.2624464
219.1938 -1.2438661
216.4084 -1.2248007
213.4963 -1.1948222
210.38766 -1.1684084
207.43015 -1.1412219
205.07399 -1.1088955
202.93698 -1.0758532
203.6222 -1.0495764
203.59373 -1.0209376
205.40973 -0.99763787
207.33525 -0.9747585
209.60687 -0.9589651
212.74007 -0.94627315
216.50269 -0.930238
221.11234 -0.91751325
224.35231 -0.90606415
226.84157 -0.89218473
230.14429 -0.88138235
232.70909 -0.8681187
238.13557 -0.85431874
241.44868 -0.8387014
246.23227 -0.8232917
248.9688 -0.81150866
253.13664 -0.79431564
258.0795 -0.78044534
263.0998 -0.7617245
266.0087 -0.7513461
270.3585 -0.7414245
273.32187 -0.7315409
277.81567 -0.7171132
280.84277 -0.7077525
284.66046 -0.69633293
287.74072 -0.6874163
292.40283 -0.6743954
295.53772 -0.66594386
299.48532 -0.65562934
302.6658 -0.64757204
309.0839 -0.6319575
313.94513 -0.6206675
318.2736 -0.6071474
321.5668 -0.6000505
325.70557 -0.5913818
328.483 -0.58206546
332.12924 -0.57127404
334.96686 -0.56230575
337.30637 -0.55096686
340.03528 -0.53575134
343.34033 -0.5233079
345.33636 -0.50999445
348.27234 -0.49546763
350.3944 -0.48250756
352.57465 -0.46970564
354.37173 -0.45453086
355.3449 -0.44071007
357.29608 -0.42580837
359.32568 -0.41107178
360.51022 -0.39757508
362.6873 -0.38313586
363.64624 -0.36729842
364.69592 -0.35154822
364.89154 -0.33679563
364.21805 -0.32293108
362.96848 -0.3124803
361.75882 -0.30195847
360.3035 -0.28870875
359.1851 -0.27803314
355.91507 -0.26606634
351.47855 -0.25184008
348.3228 -0.23936883
344.4746 -0.23015268
341.63214 -0.22008826
337.4347 -0.2046763
333.70068 -0.19476679
328.8346 -0.18220297
324.02194 -0.16926382
320.40942 -0.15853526
316.83463 -0.14756332
311.1823 -0.13403219
306.5819 -0.119612604
299.9546 -0.10213853
295.6808 -0.09342455
290.35074 -0.08131438
286.20636 -0.07548466
281.00653 -0.066180855
276.88843 -0.059928868
272.7815 -0.053488366
266.64307 -0.043456316
262.5663 -0.036508143
257.47556 -0.025572902
253.43282 -0.018087355
247.39204 -0.0023593311
241.41554 0.0141516775
235.47879 0.02725135
231.54437 0.03635664
226.67902 0.050384693
222.85812 0.064733535
218.0879 0.07994431
213.37036 0.095831506
208.5993 0.10766906
202.86606 0.120649345
197.30544 0.13940479
193.63876 0.15250385
187.04854 0.16875799
181.68094 0.19058442
177.9513 0.20036042
174.45113 0.21615966
170.76855 0.22690335
166.37503 0.24537799
162.04135 0.26484773
158.73227 0.28360566
154.83061 0.31124747
150.11102 0.34251833
145.91763 0.38215935
142.07289 0.40834853
138.33098 0.4359744
135.59496 0.46180487
136.13812 0.5012411
138.10475 0.5266444
140.68434 0.557374
145.89928 0.5755818
151.15921 0.59252775
155.8903 0.6030658
160.40111 0.6216681
165.76799 0.63564813
169.76431 0.6476141
175.18686 0.66004556
180.0142 0.66738063
186.88295 0.6793507
191.73398 0.68575054
198.00053 0.6925016
203.511 0.7019993
209.03883 0.7109955
213.1716 0.7190908
220.06433 0.7340449
224.91118 0.74459416
229.782 0.7546972
233.26138 0.76425254
236.76146 0.77352613
242.40164 0.78547096
245.96284 0.7998447
248.84744 0.81104565
253.90907 0.824466
257.6024 0.8376446
261.33914 0.8504485
266.64017 0.8677668
270.4739 0.8797189
273.56802 0.8890384
277.46826 0.90039414
280.61356 0.90925056
284.57535 0.9200447
287.9731 0.93332607
292.2323 0.9482962
295.98505 0.9656062
298.9929 0.98062176
302.90622 0.99713165
306.05194 1.0114872
307.88596 1.0266404
308.28622 1.050011
308.0632 1.0645047
306.0365 1.0905381
303.76254 1.1124983
301.2163 1.137788
300.4729 1.1512687
298.8659 1.1634923
296.16272 1.185196
293.38644 1.1997056
291.2643 1.2189044
289.90994 1.2318567
287.33783 1.2471113
284.53207 1.2659868
280.99933 1.2954751
278.46024 1.3152357
275.57214 1.3424094
273.71707 1.3558168
270.53775 1.3759086
269.44012 1.3977572
267.33438 1.4229093
265.7832 1.4372408
263.94772 1.4630235
263.54745 1.4781135
262.13455 1.4967538
259.8152 1.5153772
258.55252 1.5383354
257.45377 1.5537386
256.4296 1.5809695
255.5018 1.5966645
253.78145 1.6244456
253.78145 1.6244456
