Stilus
15
232.24648 1.443592
229.75679 1.4699689
228.28964 1.4922807
227.00618 1.5095376
226.49704 1.5377185
223.61507 1.5576608
221.38882 1.5811108
221.5212 1.6068729
221.71727 1.6262013
228.74602 1.6501454
235.22194 1.6720282
242.02623 1.6952599
248.76595 1.7161281
253.34631 1.7302552
258.26965 1.7499175
260.43924 1.7688016
263.7029 1.7840519
268.33328 1.8036349
273.76605 1.8225864
281.09195 1.8407966
286.63583 1.8587366
291.53473 1.8637141
299.02167 1.8770939
304.4807 1.8928732
307.1472 1.9055779
309.77985 1.9197968
312.64432 1.9342744
315.37143 1.9554933
314.98148 1.9730471
310.8688 1.9990829
308.49646 2.0133486
302.15845 2.0381074
297.97824 2.0497682
294.35434 2.0746179
290.03043 2.0916278
287.11847 2.108692
284.06702 2.1233556
281.79575 2.1451085
280.6632 2.1648262
279.27908 2.1890113
279.68115 2.2075365
281.2598 2.2291098
281.8005 2.2592843
283.76666 2.276441
285.92224 2.2885456
287.96466 2.3018444
290.3457 2.324995
293.71957 2.346709
295.83066 2.358765
299.28503 2.3760273
304.4301 2.3966208
306.34506 2.4102235
311.159 2.4291866
316.75513 2.4484553
319.9025 2.4566
323.9456 2.4706984
329.6304 2.4843135
333.40314 2.4930174
338.2756 2.5038905
343.69385 2.5119295
348.5664 2.522077
354.02014 2.5303373
359.06396 2.5394032
363.1884 2.547188
368.35883 2.556646
371.1923 2.5674016
373.66772 2.578007
376.03455 2.588602
378.0291 2.6099553
378.61887 2.6284368
378.5537 2.646416
376.8439 2.664984
375.12747 2.6812685
372.4054 2.6962361
369.052 2.7091649
366.3502 2.7254305
361.66852 2.7413435
358.3562 2.7563026
354.95383 2.7727864
350.31735 2.7875416
346.67194 2.7974489
340.56317 2.8129065
335.53238 2.8273454
330.139 2.841111
325.5995 2.855292
321.53925 2.8653011
315.48203 2.8737764
308.414 2.8892312
303.14612 2.9022458
299.01093 2.9134574
294.9248 2.930656
289.79065 2.9480367
287.70422 2.9633498
284.3159 2.9808168
284.12686 2.9966745
283.2895 3.0185733
283.71268 3.0364976
284.89987 3.0580628
286.40726 3.0821328
289.93457 3.0974903
293.99323 3.1142325
298.89243 3.1356108
302.88904 -3.1310332
305.97787 -3.1148095
309.2375 -3.0931926
311.76547 -3.0767903
314.26385 -3.0558221
315.56473 -3.0371482
316.4173 -3.0206861
315.33862 -3.0043123
314.66666 -2.9911215
315.5813 -2.9730787
314.86053 -2.9502394
312.6195 -2.931804
310.1741 -2.9167628
307.16718 -2.900961
303.37778 -2.884609
298.6509 -2.8665905
292.9937 -2.850349
288.0992 -2.8407054
283.4664 -2.8254743
279.45035 -2.8122528
272.8129 -2.796151
267.29974 -2.7847316
262.61252 -2.778069
257.95663 -2.7711935
254.57053 -2.7544453
250.50032 -2.7392602
245.36499 -2.7290654
240.54625 -2.7202814
235.97865 -2.71159
230.1877 -2.6964555
227.35724 -2.6794515
227.20114 -2.6519263
228.23973 -2.623194
229.31836 -2.5917456
230.75325 -2.5635087
233.83484 -2.5360668
238.5345 -2.5152736
244.0422 -2.49632
248.8828 -2.4792318
253.06851 -2.4583035
255.78807 -2.4453464
260.90704 -2.428022
266.18735 -2.405403
273.06586 -2.3886514
276.55005 -2.3805237
280.0712 -2.3725283
286.12885 -2.3592877
291.3381 -2.3428793
297.65747 -2.3224094
300.76694 -2.3127902
303.745 -2.3038385
308.98785 -2.2886636
312.13013 -2.2756968
314.6254 -2.259274
316.4654 -2.2448344
318.25473 -2.2278602
318.51035 -2.2081296
317.9958 -2.1899924
316.36548 -2.1716266
313.64642 -2.157209
310.21875 -2.1403632
307.1667 -2.1246533
304.57742 -2.1107502
301.54666 -2.093739
297.8568 -2.078772
294.99036 -2.061034
291.1968 -2.0436273
287.30374 -2.0244124
284.31998 -2.0023873
282.80737 -1.9842724
281.76105 -1.9666059
281.93994 -1.9395758
283.0831 -1.920152
285.73444 -1.8936348
288.30832 -1.8760501
293.28537 -1.8529949
298.64093 -1.8305558
304.22824 -1.8086767
311.11154 -1.7901347
316.167 -1.7706023
322.8468 -1.7504994
330.02673 -1.7342919
337.13657 -1.7158636
342.81525 -1.7016951
348.9776 -1.6878132
355.4804 -1.674372
361.3425 -1.661624
367.65723 -1.646326
372.7175 -1.6372026
377.27112 -1.6159132
379.31442 -1.5998968
381.19614 -1.5859737
379.41016 -1.5734563
377.16925 -1.5622216
374.36343 -1.5511425
371.90414 -1.534534
367.9302 -1.5185598
363.52838 -1.5041999
358.55432 -1.4920907
352.9173 -1.4794612
347.8135 -1.4616454
342.34732 -1.4473052
338.63205 -1.4399897
332.14526 -1.4222972
325.16656 -1.4066504
320.74463 -1.3893644
314.87854 -1.3688773
308.41153 -1.348067
301.5351 -1.3292449
295.07034 -1.306403
290.50186 -1.2913384
286.14938 -1.2723864
282.05374 -1.2483168
280.1521 -1.224406
279.45203 -1.2006383
279.6984 -1.1778438
280.8942 -1.1575496
282.6811 -1.1349143
283.2347 -1.1144536
284.5103 -1.0920442
286.67252 -1.0684363
290.46487 -1.0451614
292.5009 -1.033283
295.31042 -1.0175291
297.45038 -0.99974287
301.0209 -0.98153716
302.0889 -0.9662468
305.05417 -0.94506353
308.00183 -0.92651725
310.5059 -0.91585755
313.3447 -0.90415037
314.6944 -0.8810638
315.15512 -0.858504
312.73978 -0.83063483
311.13742 -0.817003
306.2594 -0.79286647
303.92392 -0.7806034
301.30408 -0.7703797
298.34 -0.7600868
292.28046 -0.74812144
285.66565 -0.7318042
282.03134 -0.7242742
275.38235 -0.71177137
270.51947 -0.69806826
267.17816 -0.6889286
259.821 -0.6725207
253.58871 -0.65220165
250.93039 -0.640145
248.55376 -0.62719333
243.5537 -0.60553205
238.46667 -0.5947454
232.26746 -0.57802755
227.12018 -0.5613995
223.48518 -0.5349789
221.70328 -0.51213855
221.34853 -0.4916396
223.18698 -0.4627987
227.12227 -0.4479611
231.20914 -0.4347137
235.5863 -0.4214505
240.26826 -0.4036694
243.35811 -0.38992694
246.85309 -0.3748428
250.99997 -0.3482555
256.13104 -0.32915863
262.27722 -0.31151083
268.1541 -0.29376268
274.993 -0.28149283
280.21338 -0.25860578
285.76154 -0.23902272
292.7917 -0.22176366
300.2298 -0.21024653
306.81415 -0.20148835
311.23553 -0.19858749
314.5782 -0.17883499
317.79147 -0.15780292
318.88248 -0.1382544
318.25623 -0.11633937
317.71292 -0.10065383
315.15826 -0.08168657
312.12436 -0.069553666
308.8631 -0.056483522
303.61768 -0.03941137
297.73206 -0.025852595
293.39862 -0.009205166
289.40033 0.00793127
284.50745 0.025571236
281.71786 0.04716865
279.01385 0.06553766
278.27975 0.089996815
278.91098 0.11231722
280.6373 0.13317476
281.1964 0.14727528
281.92685 0.16381799
284.7761 0.18049604
287.8685 0.199702
291.09628 0.21897888
294.33954 0.23655732
297.5505 0.25217184
302.12726 0.26447028
307.56232 0.2765494
312.8686 0.28921402
317.72577 0.30437756
322.1054 0.31639284
326.29114 0.3283263
330.05588 0.3404591
336.8817 0.35530558
342.26862 0.36478052
347.19553 0.37711975
352.28772 0.38998732
356.39474 0.40123317
360.60114 0.4143433
365.77994 0.42603338
370.52695 0.44097275
373.12805 0.4555194
376.1505 0.4716568
378.56442 0.48400912
380.03336 0.4968528
382.05603 0.5118928
383.37668 0.5263654
383.02878 0.5402244
382.50317 0.5537008
380.94427 0.57175654
378.8391 0.5919503
375.002 0.60531247
370.88147 0.6163187
365.19476 0.6273928
358.7633 0.6404543
355.16315 0.65156364
350.2477 0.66593426
346.8092 0.68114334
342.59637 0.70159143
336.69345 0.7175002
332.02014 0.72985005
328.9287 0.74653584
324.71872 0.76284623
320.4077 0.78016585
314.77478 0.79803354
309.91916 0.8142373
305.1888 0.83080405
299.84036 0.85055476
294.63702 0.87091804
289.54846 0.89205474
284.59784 0.91391945
279.3527 0.9386684
276.87213 0.9510057
274.00824 0.9658065
271.74582 0.9779533
267.36508 1.0027331
264.39627 1.0278475
267.08093 1.0512644
271.74353 1.0736735
276.98956 1.0920757
282.41922 1.1109391
286.3503 1.1205691
292.55518 1.1318017
299.07217 1.1346531
305.12503 1.146547
310.08887 1.1581918
315.43896 1.1690469
316.02698 1.1894146
315.82407 1.2061977
315.25812 1.2224061
313.265 1.2403687
311.67978 1.2555325
309.94745 1.2731462
308.4482 1.2894232
305.6038 1.3031988
300.19275 1.318948
292.02823 1.3334255
284.8121 1.3452774
277.3657 1.3538977
272.71533 1.3586287
266.44855 1.3612304
258.19986 1.3690412
253.02968 1.3769186
247.43837 1.3849727
241.57048 1.3961362
234.25314 1.4209379
226.21361 1.4546278
226.21361 1.4546278
