Stilus
15
8.900731 1.2864542
15.218924 1.7145188
21.10183 1.8737454
25.570162 1.9019759
32.773552 1.9563682
39.530807 1.9731768
45.944324 1.9846694
51.452335 1.9754764
58.136234 1.9821934
65.74272 1.9814042
74.07157 1.9766324
79.48421 1.9777462
85.33862 2.0092657
92.27889 2.021912
99.62441 2.0308342
107.49058 2.0361269
113.749 2.0281696
119.733475 2.031415
127.58298 2.0358322
135.3346 2.0390427
142.70709 2.0450559
150.81937 2.0474372
158.19951 2.0519066
166.2043 2.0660808
172.60582 2.073734
179.59392 2.0890784
187.02542 2.1038287
194.40822 2.118107
201.78136 2.1305938
207.62315 2.1397672
214.37498 2.1433094
219.2247 2.1546652
227.77432 2.1629682
236.09756 2.1692271
242.35826 2.1770682
248.5385 2.1844482
254.68933 2.191442
260.0304 2.2003531
266.10135 2.2060857
271.4686 2.2143054
276.97852 2.2274458
281.45636 2.2421327
287.39835 2.2524219
292.54288 2.260045
296.2831 2.2672863
302.21817 2.2758172
308.4072 2.2843323
313.8309 2.2935646
318.74326 2.3062088
324.12933 2.3162005
329.2191 2.3275583
336.0633 2.3369365
341.10275 2.3471828
345.30133 2.355399
350.42026 2.365939
354.43527 2.3730745
359.45184 2.3826566
362.49063 2.3905776
366.23114 2.40007
369.83118 2.4125779
373.73438 2.428956
377.7686 2.4450643
381.267 2.462857
384.07684 2.480334
386.07776 2.4984272
387.61337 2.5147436
391.43884 2.5327377
392.99304 2.549064
393.10178 2.5665917
393.78665 2.5828114
393.26016 2.5980256
393.14288 2.6150057
391.68637 2.627588
391.35767 2.6422424
390.35385 2.6551242
388.974 2.6674685
387.61395 2.6801054
385.05478 2.6936553
383.76038 2.7068655
382.5859 2.7198567
380.4957 2.732273
378.568 2.7441745
374.8688 2.754032
371.7113 2.76797
369.654 2.7824337
366.27533 2.7935157
364.62482 2.804219
361.01575 2.8182776
357.26822 2.8323915
352.91434 2.8432941
348.8727 2.8517442
344.40283 2.8652296
338.88583 2.8797474
330.43243 2.8908567
323.58594 2.9021626
316.99207 2.90762
309.05496 2.920144
302.22903 2.9289286
295.74326 2.9381382
289.82245 2.9479628
285.3243 2.9556003
279.85846 2.9628549
273.64557 2.9699318
268.3866 2.9749603
263.86795 2.9855566
258.0573 2.9986362
252.57996 3.0114403
246.38371 3.0245197
240.71828 3.0385082
235.38081 3.0531614
229.42017 3.0639555
222.1986 3.075025
215.80087 3.0869374
210.70897 3.095128
204.00864 3.0948005
197.6398 3.1034124
191.82993 3.1126795
185.82841 3.1225028
178.79099 3.13293
172.53589 -3.1389866
165.82034 -3.126829
159.62317 -3.1137326
151.95964 -3.0991676
144.12498 -3.077806
136.44604 -3.050292
128.75258 -3.0234096
120.12243 -2.9981835
111.54927 -2.9688683
106.69433 -2.9584157
102.762634 -2.9513233
98.83197 -2.9436576
92.0041 -2.9287508
85.884796 -2.913326
78.37804 -2.8910162
69.452126 -2.8729289
61.48328 -2.8540509
53.32226 -2.8427474
45.131844 -2.8328245
36.586037 -2.844627
28.074314 -2.8634453
20.293764 -2.90734
13.916879 -2.8912785
9.03875 -3.036382
13.302103 -2.572722
17.688 -2.3835073
24.022139 -2.2985866
31.25157 -2.2730787
37.812023 -2.2633543
45.019432 -2.2466922
52.00898 -2.2379286
59.104126 -2.228579
65.8149 -2.227347
71.5932 -2.2178814
77.9316 -2.2200322
83.56236 -2.2292426
91.245636 -2.2191358
99.30158 -2.2085507
104.30026 -2.2088091
108.73385 -2.2016232
114.18357 -2.2009892
120.38122 -2.2030926
126.76756 -2.2052162
134.10449 -2.1952245
138.4107 -2.188325
145.62823 -2.172204
152.22678 -2.1505752
157.46378 -2.1495452
164.52806 -2.1379464
171.51013 -2.1258712
175.48874 -2.1185257
182.36147 -2.106703
189.38638 -2.1016471
193.4904 -2.092214
200.0161 -2.0792787
207.0187 -2.0699751
214.66974 -2.0573435
221.55345 -2.046042
227.11014 -2.0384123
234.1645 -2.0314906
242.07596 -2.0165563
245.97414 -2.0089972
250.47363 -2.000596
254.57709 -1.9975253
259.06586 -1.9896615
262.7717 -1.9833914
267.11884 -1.9762789
271.70428 -1.9690454
276.3122 -1.9620394
279.9749 -1.9538916
284.51355 -1.9464009
287.99997 -1.9389045
291.52286 -1.9296093
295.6241 -1.9208122
299.06198 -1.9130715
305.05164 -1.9001409
308.54395 -1.892806
312.03494 -1.8856912
318.83496 -1.8778868
324.95505 -1.8687031
331.08676 -1.8567274
336.54895 -1.8457868
343.00784 -1.8292855
349.06256 -1.8157971
353.65497 -1.8088495
357.65576 -1.7963233
362.8802 -1.7808828
366.49097 -1.7728299
371.29562 -1.7568778
375.62628 -1.7458466
379.75476 -1.7313536
382.83896 -1.7096585
385.03442 -1.6932446
386.5214 -1.681628
388.81912 -1.6635555
390.22797 -1.6452798
391.80685 -1.628955
393.17712 -1.611677
393.249 -1.5940361
393.17453 -1.5834979
390.42236 -1.5657955
389.2265 -1.5504578
388.4332 -1.5323896
387.01242 -1.5160168
384.45346 -1.4982032
382.6531 -1.4821972
382.03467 -1.4715031
380.60703 -1.4572129
377.49112 -1.4436507
373.36133 -1.4260979
368.50223 -1.410509
364.10678 -1.3946072
358.97867 -1.3798314
353.5921 -1.3595804
349.5614 -1.3425709
342.98215 -1.3260411
337.91974 -1.3101648
332.26035 -1.2962501
327.99454 -1.2830664
324.73492 -1.2736276
319.61002 -1.2654864
313.55154 -1.2526627
306.6957 -1.2373756
300.73248 -1.2234445
296.81467 -1.2150744
292.75244 -1.2062652
286.22296 -1.1975456
279.99017 -1.1888131
276.2759 -1.1834066
268.51437 -1.1756177
264.43082 -1.1691675
258.92072 -1.1643149
253.39459 -1.1623149
245.90715 -1.153583
238.5187 -1.1410532
231.92604 -1.1279858
226.49474 -1.1200572
220.01865 -1.1123102
214.95251 -1.1145055
207.18808 -1.1032275
199.86732 -1.0942819
193.26277 -1.084121
187.15039 -1.0773766
178.49829 -1.0640162
173.70107 -1.0551355
168.12338 -1.0500472
162.79604 -1.0454212
157.34686 -1.0418518
150.49603 -1.044071
145.85022 -1.0412863
140.51424 -1.0355878
135.251 -1.0294781
129.85762 -1.0227858
122.14049 -1.0128465
113.4529 -1.0065678
104.98459 -0.9920012
99.86588 -0.97928286
95.41419 -0.96033645
90.7532 -0.95141214
85.52974 -0.9365071
80.155426 -0.93556947
73.986694 -0.92182726
65.86845 -0.8901988
57.8719 -0.86133623
53.019363 -0.8317821
48.52955 -0.80305076
43.431725 -0.7522838
35.69264 -0.7252336
28.79682 -0.6614365
22.918951 -0.5349028
16.728224 -0.34734923
11.000004 0.049980838
16.161095 -0.17863338
20.58642 -0.25392985
28.500715 -0.3285952
37.102985 -0.3419144
43.91598 -0.35327223
49.034832 -0.34183174
53.840305 -0.32980028
61.05048 -0.31988782
69.02637 -0.3005359
76.96546 -0.2822096
84.66781 -0.2559297
90.489746 -0.23913062
97.45885 -0.22971462
105.30814 -0.21466249
112.3769 -0.20096844
119.988815 -0.18806146
126.87166 -0.17774698
133.7538 -0.1685112
141.6255 -0.15906294
149.41957 -0.14554639
156.40521 -0.13102251
163.09631 -0.113277204
170.57622 -0.09651216
178.28741 -0.075452745
187.08307 -0.055842906
192.33205 -0.043914344
199.0225 -0.01481722
205.78343 0.011235702
213.8684 0.034138575
220.19423 0.043350503
226.98497 0.046459205
233.2926 0.05377911
238.51097 0.068347245
245.27051 0.08227695
251.11642 0.096851595
257.5919 0.1138773
262.75775 0.12601621
268.09894 0.1347681
273.61395 0.1468182
279.16058 0.15289728
283.52185 0.15721503
289.9413 0.16724482
295.3159 0.17792623
300.93964 0.18804766
306.86087 0.19767404
312.76224 0.21019967
316.68927 0.22086522
322.8196 0.23285222
327.85468 0.23786116
334.83987 0.24812229
340.21896 0.25931117
346.0902 0.275024
350.97052 0.28735915
353.77884 0.29904637
356.23224 0.31161305
360.32977 0.32839933
362.83377 0.33992377
364.26587 0.3508714
366.01544 0.3637062
370.0461 0.37691936
373.38995 0.38492724
376.50638 0.39808035
379.2733 0.41508502
381.73337 0.42947426
384.3699 0.44421488
387.32367 0.4599778
389.21982 0.46971565
391.6513 0.48594338
393.03476 0.49921292
393.81592 0.5126728
392.9388 0.52855784
391.3969 0.55170566
390.66412 0.56796694
388.92795 0.58922076
387.8646 0.6035502
384.6766 0.61320156
380.81168 0.6260588
377.32208 0.6368306
374.38104 0.64848876
370.3753 0.6609882
366.17612 0.6760623
364.7777 0.68977594
361.7331 0.7012036
357.17847 0.71202004
351.36368 0.7263924
347.8701 0.73242044
341.29938 0.7458918
336.57748 0.7579271
331.00665 0.769767
323.90222 0.7825125
317.61823 0.79336953
314.80154 0.8025033
310.46213 0.8170776
305.88626 0.83315444
301.22607 0.8503416
296.0553 0.87046903
292.90775 0.8793268
289.5778 0.8877888
285.04718 0.8962734
280.30234 0.90194494
274.03372 0.90721464
267.0302 0.91205585
261.7013 0.9184189
256.23935 0.92683345
250.74521 0.93424875
246.00932 0.94146085
237.90077 0.95815194
232.0482 0.97179526
224.65248 0.9768255
214.88475 0.9843394
208.61534 0.98779076
202.90909 0.9926797
197.34404 0.998607
188.92723 1.0091747
183.0178 1.0274758
176.67079 1.0435774
169.60152 1.0583462
164.26233 1.0691549
159.59087 1.0823196
150.8228 1.1039072
143.70894 1.1254369
136.96176 1.1442413
131.2975 1.1662495
124.71309 1.1912864
114.742165 1.2246981
105.15917 1.2546301
96.99437 1.2811425
89.88662 1.3153173
83.098366 1.343633
76.36046 1.3635191
68.3197 1.3721384
60.894276 1.3768739
55.608963 1.3948928
49.735867 1.3992665
41.687172 1.3901284
36.891243 1.3939017
32.53056 1.393407
27.563948 1.3701662
23.44519 1.3779049
18.994574 1.3796484
10.671166 1.3346224
5.15319 1.0649679
2.9902875 -0.94379634
9.490582 -1.5982767
17.128017 -1.7266061
17.128017 -1.7266061
