Finger
15
171.85594 1.1165634
164.4323 1.1321166
157.80927 1.1473114
149.26085 1.1598825
142.19008 1.168792
137.24121 1.1928372
133.49464 1.2219065
135.81676 1.2706722
140.88185 1.3075328
148.11961 1.3360162
152.93867 1.3502439
160.20343 1.3719187
164.80963 1.3787265
168.8085 1.3893497
173.58466 1.3991171
178.347 1.4048342
182.45117 1.4086009
186.27757 1.416459
193.99028 1.4287363
198.7635 1.4321702
202.78354 1.4399048
207.59969 1.4468836
211.59656 1.4501419
215.59297 1.452389
222.50925 1.456086
228.32803 1.4714707
233.9507 1.4910482
239.6566 1.5096895
243.54898 1.5313845
244.50572 1.551991
240.59814 1.5718924
233.86247 1.5890412
227.0473 1.616027
220.353 1.6400954
212.6247 1.6567311
207.9894 1.6645714
203.95815 1.6751485
200.08472 1.6822171
192.28207 1.6931651
187.3486 1.6964042
181.58754 1.7004114
175.64787 1.7048205
169.70448 1.7095441
164.9143 1.7197226
160.88828 1.7282805
156.94627 1.7337903
149.61171 1.7554231
145.85773 1.7725884
142.1212 1.7852887
135.55898 1.8109022
130.51442 1.844208
127.93974 1.8905426
130.61223 1.9320797
135.27072 1.9589185
139.60078 1.977341
147.4997 1.998557
154.13278 2.0145807
161.08603 2.0216389
168.18234 2.0274837
174.90369 2.027744
181.59196 2.027984
188.70303 2.0329547
195.9175 2.0375626
203.25388 2.041309
212.0018 2.052062
220.54857 2.0574496
229.43741 2.0654082
236.91621 2.0686216
245.05516 2.0784225
254.25519 2.088716
264.1681 2.0934422
272.57983 2.1011183
280.77573 2.108694
288.14236 2.1176586
297.24408 2.1305501
305.92206 2.1435525
313.6721 2.158107
322.24054 2.1700835
326.1908 2.176808
334.4862 2.1914856
338.5915 2.1982415
346.31476 2.2141356
353.71683 2.226647
357.55997 2.23257
361.01926 2.239216
364.91177 2.2482538
370.2614 2.2617953
373.49948 2.2763484
372.36172 2.2922924
370.07327 2.3095257
366.28915 2.3255434
363.5501 2.3335648
359.06198 2.3524077
353.06485 2.3704317
349.615 2.3806381
346.17694 2.3911254
343.30545 2.400139
337.95773 2.4175854
334.24283 2.4267647
330.35968 2.4359677
326.75424 2.444065
322.94086 2.4533703
319.47888 2.4616477
313.41812 2.4755855
306.14346 2.4848187
298.69125 2.495253
292.55817 2.5061038
285.58328 2.5217206
279.74597 2.537351
274.98706 2.556286
271.5937 2.5754147
267.5086 2.5999155
263.9731 2.6226041
262.59384 2.6458313
263.31754 2.6659625
265.14716 2.6868577
268.7755 2.6975684
274.25616 2.715072
277.50192 2.7243226
283.81894 2.7418246
287.32657 2.7507412
291.67365 2.7596314
295.96063 2.7691007
300.96884 2.7791524
306.49957 2.7868345
312.43396 2.797261
318.0223 2.806884
323.37183 2.815895
328.73544 2.824601
333.14273 2.8320887
337.2135 2.8359466
341.77036 2.8424463
345.97913 2.8491685
349.7803 2.8554246
354.29703 2.8621094
357.88406 2.8679154
364.7968 2.8817356
371.28455 2.9002376
375.50076 2.910493
379.69244 2.921172
382.85434 2.93909
382.6774 2.9549303
380.45615 2.9725187
376.48746 2.9922216
371.6671 3.0072284
365.97375 3.0209363
359.6568 3.0335758
352.2275 3.0455012
345.63266 3.0552595
338.59985 3.0653267
330.3606 3.075529
325.23172 3.0806704
316.0188 3.091585
310.2091 3.0970845
305.13968 3.1028962
300.2176 3.1054761
294.07336 3.1116204
288.0238 3.1179383
281.97833 3.1245356
276.96146 3.1287847
271.9764 3.1349058
265.96918 -3.1409059
259.97168 -3.1360195
253.27478 -3.129038
247.775 -3.1236458
242.0963 -3.116097
236.13531 -3.1112218
230.14923 -3.1060438
224.22116 -3.1006768
218.26326 -3.0949535
213.04872 -3.089089
208.12848 -3.0830636
203.18326 -3.0803273
198.20319 -3.078786
192.45305 -3.076907
186.5191 -3.0748458
181.24779 -3.0729017
175.53821 -3.0706637
171.21227 -3.0688684
166.29596 -3.0606875
161.53876 -3.0582995
157.3483 -3.056076
152.57079 -3.0533912
148.46458 -3.0457683
143.50705 -3.040809
135.65173 -3.02754
127.980515 -3.0068095
122.202415 -2.9901533
117.343636 -2.96861
113.5125 -2.9516342
110.582855 -2.8816006
113.0565 -2.8456156
119.504074 -2.8074899
125.8316 -2.7902048
132.96121 -2.7706423
140.74701 -2.7463841
150.04794 -2.7361572
159.3828 -2.7271187
168.73022 -2.7190804
178.75516 -2.7137127
184.75111 -2.7064278
190.6047 -2.703162
196.7104 -2.6995654
202.54964 -2.6967306
208.41159 -2.6902795
213.56244 -2.6862476
218.58347 -2.6810284
223.85791 -2.6738417
232.91277 -2.663561
239.8001 -2.6465719
245.82108 -2.6272776
249.11397 -2.6060202
249.87225 -2.579718
250.53008 -2.5527878
248.69579 -2.5234668
245.34698 -2.507594
241.5778 -2.4960732
236.33237 -2.4833689
230.83014 -2.4716163
225.02878 -2.4612572
219.60435 -2.4483173
214.52211 -2.4393065
208.75766 -2.4286196
202.56006 -2.4198065
195.94377 -2.4109836
189.53491 -2.4016986
183.83046 -2.395428
178.10419 -2.3887281
172.42596 -2.3816233
166.56732 -2.3731365
161.4536 -2.361442
156.54161 -2.3481395
151.658 -2.3339748
148.0165 -2.3201683
143.97473 -2.3081553
141.15688 -2.2881672
136.25684 -2.25756
132.38593 -2.2334454
135.39551 -2.1812482
140.40727 -2.1546898
145.93123 -2.1371348
150.46558 -2.1250772
155.11694 -2.1218047
163.33936 -2.1124141
172.40996 -2.101019
177.72249 -2.0965097
182.3096 -2.0944457
187.2285 -2.096699
192.62683 -2.0935411
198.45561 -2.0940528
205.01682 -2.0925539
211.72746 -2.0906909
218.36261 -2.089012
223.67973 -2.085718
229.66754 -2.0859187
235.73822 -2.0811677
241.92812 -2.0762823
248.13606 -2.0716314
254.7351 -2.069938
261.0593 -2.0663543
267.30734 -2.0622482
273.0429 -2.055129
279.59772 -2.046923
285.5883 -2.0407937
292.66357 -2.035404
298.50024 -2.0293841
303.95 -2.0212595
310.54306 -2.0145752
317.24783 -2.007385
323.67868 -1.9987576
329.7232 -1.9937303
335.4116 -1.9886527
341.9775 -1.9808415
347.16605 -1.9718312
352.29794 -1.96261
356.73145 -1.9544545
361.00827 -1.9466873
367.75275 -1.9336224
372.59763 -1.9144017
377.6255 -1.8961476
380.683 -1.8768882
380.95483 -1.85972
380.7282 -1.8385376
377.97406 -1.8214352
372.36487 -1.8032093
363.7483 -1.783889
358.83145 -1.7727052
352.93018 -1.7587701
346.14154 -1.7478607
338.60562 -1.7369311
331.66742 -1.7250856
325.04672 -1.7128432
317.6215 -1.7008282
310.04837 -1.6877414
301.85107 -1.6744211
294.10324 -1.6599364
286.69366 -1.6446661
279.4694 -1.6289555
273.21375 -1.6145918
267.07776 -1.6006359
261.06174 -1.5927992
255.76965 -1.581544
249.50078 -1.5586044
249.36119 -1.5416458
252.34677 -1.519254
259.37732 -1.5014096
265.1763 -1.4868958
269.96307 -1.4771698
276.65787 -1.4613144
283.7918 -1.4499782
291.28635 -1.4391927
298.97415 -1.4291463
306.24106 -1.4193456
313.35504 -1.4034244
320.98233 -1.3893092
329.185 -1.372227
336.7249 -1.3555228
344.10855 -1.3394367
348.69434 -1.330736
351.85275 -1.3211784
358.26013 -1.307785
363.18033 -1.2922027
367.8221 -1.2758989
370.8452 -1.2608469
372.96167 -1.2435924
375.01172 -1.2278502
373.64087 -1.2087636
371.59067 -1.1879231
368.35376 -1.1718875
363.74136 -1.1545566
357.35953 -1.1397475
350.97025 -1.1250609
345.1159 -1.1137172
337.96408 -1.1032827
333.15955 -1.0993567
328.48627 -1.0946802
323.60236 -1.0903525
319.4085 -1.0869862
313.40475 -1.0841166
308.51654 -1.0793997
302.25 -1.0758442
296.04556 -1.0721731
289.8227 -1.068331
282.59866 -1.0653567
275.01544 -1.0625725
266.58035 -1.0578002
258.22574 -1.0527315
250.74107 -1.0493152
243.04265 -1.0456339
234.70406 -1.0396242
226.62013 -1.0303059
219.38907 -1.0211141
212.39943 -1.0119392
206.24638 -1.004719
199.29485 -0.9943709
192.34746 -0.9832495
185.45804 -0.9713462
179.38162 -0.9616711
172.86159 -0.9547986
166.24687 -0.9486739
160.06383 -0.9382457
154.09482 -0.925772
148.117 -0.91221315
142.60864 -0.8933462
137.95084 -0.8753449
134.12755 -0.85131305
129.4525 -0.80860215
130.753 -0.74483675
136.27469 -0.7127387
143.33037 -0.6979032
147.71016 -0.6908393
157.49022 -0.6865696
162.67068 -0.68651265
173.85706 -0.6836763
179.80162 -0.68023163
184.84052 -0.6791884
190.58217 -0.67500055
196.22806 -0.66486543
202.12686 -0.6610867
207.48694 -0.65317994
212.05649 -0.64262456
217.22125 -0.636241
221.8589 -0.626476
226.67622 -0.618053
236.26585 -0.5945786
240.4306 -0.5829111
246.21019 -0.5591809
252.47002 -0.539252
255.79172 -0.5301708
258.7822 -0.5189584
265.22424 -0.500839
268.53006 -0.48989055
268.7837 -0.4653723
260.5495 -0.45125076
252.58058 -0.44026822
243.09871 -0.43147996
238.17262 -0.4270562
232.97046 -0.4195723
226.9161 -0.4126692
220.90344 -0.40448838
214.29555 -0.3921681
207.91481 -0.38034877
202.44838 -0.36873484
196.65987 -0.3584372
191.1585 -0.34650987
184.55824 -0.33687583
177.51306 -0.32667115
171.5083 -0.31393242
165.4418 -0.30490053
159.90431 -0.2965142
150.48239 -0.27384844
144.08977 -0.250334
139.31554 -0.20741236
138.50136 -0.17732252
144.14748 -0.13707848
151.80035 -0.116933234
156.73607 -0.11147764
161.5478 -0.10192418
166.21933 -0.0946573
171.16508 -0.09031594
176.11562 -0.08777056
181.13174 -0.085333906
186.01726 -0.083087474
192.0502 -0.08047167
198.05412 -0.07802717
204.02199 -0.07574035
210.00723 -0.0699923
215.94211 -0.06691377
221.82047 -0.061868865
227.82924 -0.059023682
233.74266 -0.053247396
239.64967 -0.048924875
244.90065 -0.04372735
250.57263 -0.037693117
256.52698 -0.030020894
262.4794 -0.024556572
267.67032 -0.020346355
272.6474 -0.01362864
278.37482 -0.0061409413
284.3169 9.632378E-4
290.37006 0.007885023
296.3881 0.014471814
301.68924 0.023300484
306.73904 0.030270189
311.8223 0.038559172
316.91348 0.04508268
325.14264 0.059311073
330.04288 0.06751762
335.2567 0.07470893
339.7201 0.08255676
343.90225 0.08814488
351.4262 0.1033782
359.11948 0.12001997
366.26025 0.13765837
372.05713 0.15175945
377.93686 0.16544636
380.96866 0.17678073
385.0559 0.19135772
386.60315 0.21101947
387.5445 0.22207402
384.0394 0.23714502
379.43878 0.25093758
374.21942 0.26074687
369.9354 0.2722414
365.23715 0.28437474
358.4605 0.2986432
355.1583 0.3066468
350.3991 0.31991553
344.71906 0.33461687
337.86502 0.34795046
333.2799 0.35376793
329.1916 0.36160177
325.21896 0.366226
320.57455 0.37178844
316.15475 0.37724534
312.21436 0.38225093
308.77698 0.38930044
301.19727 0.40420574
297.5979 0.4120834
290.81488 0.427065
284.30084 0.44427434
277.67844 0.46071845
272.33862 0.47872397
268.98285 0.4966795
267.4275 0.51697314
270.574 0.5390208
275.5504 0.55488384
280.82492 0.57146335
288.34326 0.5878473
294.28693 0.6041292
300.35275 0.62146467
305.65988 0.63437027
310.2338 0.6434865
317.096 0.6578337
324.351 0.6716374
331.73837 0.68493414
338.66684 0.6959271
345.5866 0.7018313
352.32132 0.714429
356.36478 0.7231902
360.9387 0.73330706
364.99374 0.74151367
368.65332 0.74831605
373.6192 0.76252335
377.26523 0.77539176
379.37567 0.79214793
382.26123 0.8042049
381.71555 0.8198758
380.0523 0.8362961
377.00522 0.8503698
371.7873 0.86650705
368.58704 0.8767883
364.80176 0.8850169
361.33182 0.8924195
356.9779 0.9031636
352.55478 0.91120386
347.31467 0.9213251
340.14236 0.93105674
332.4152 0.94240767
324.40375 0.9552631
316.5681 0.96855855
308.78818 0.98253196
301.68173 0.994313
294.89407 1.0048202
288.29584 1.0149709
282.13876 1.0233369
274.32828 1.030241
267.35638 1.0367553
260.93973 1.041012
254.58511 1.044642
248.28777 1.0484433
241.11397 1.0503931
233.93747 1.0524634
226.7292 1.0546753
219.57144 1.0570157
212.33794 1.0595418
205.15955 1.062225
197.53891 1.0695101
190.03047 1.0761137
182.72198 1.0811138
175.95123 1.092819
170.34987 1.1020979
164.9523 1.1128324
156.62659 1.1309303
151.8639 1.1472027
151.8639 1.1472027
