Finger
6
349.2123 0.93189657
346.7029 0.9791444
344.88968 1.014858
343.3189 1.0393382
342.54688 1.0615331
342.11652 1.0812886
341.6554 1.0976486
341.20087 1.1134135
340.13364 1.1403406
338.9897 1.1550963
336.78036 1.1716537
335.77454 1.1866814
335.01657 1.1990267
333.73798 1.2104707
332.73907 1.2348152
331.32748 1.2488511
329.79425 1.2630936
328.0246 1.2805499
326.58847 1.295655
325.26004 1.3105143
324.088 1.3244587
323.0969 1.3369701
321.2194 1.351552
319.22937 1.3654976
317.99405 1.3813717
316.20874 1.3987519
314.53058 1.4114327
312.7705 1.4267695
311.13235 1.4414709
309.50635 1.4577913
307.94525 1.4758184
305.4343 1.4947909
303.0473 1.5139693
299.03113 1.5300398
295.66458 1.543849
292.57358 1.5606434
289.5611 1.5770217
286.87665 1.5917287
284.78204 1.6094416
282.256 1.6275418
280.34683 1.6448115
277.95978 1.660737
276.19977 1.679638
271.74194 1.717515
269.32147 1.7376418
266.56586 1.7592413
263.59485 1.7796556
261.55862 1.79812
257.6766 1.8336055
255.81187 1.8681746
254.48274 1.8900958
254.20802 1.9112651
253.95935 1.9314927
252.9242 1.9511698
250.82147 1.9923905
249.87856 2.0127134
248.36813 2.0368266
248.12186 2.0611324
248.05217 2.087889
247.59325 2.1087124
247.64253 2.1320913
247.00359 2.171902
246.26524 2.1942384
246.46141 2.2226756
246.39217 2.2484243
246.0204 2.2724025
246.2744 2.2983263
246.41447 2.342212
246.68115 2.387094
246.25623 2.4132483
245.99385 2.4391646
246.48203 2.4670768
246.76239 2.4935553
247.81189 2.521433
248.25046 2.5473511
249.38821 2.569669
249.73813 2.5969632
250.16144 2.626233
251.90227 2.65288
255.72415 2.7043939
257.60812 2.7260785
261.86768 2.766013
263.6167 2.7923052
264.9312 2.8149104
266.22794 2.8363287
268.348 2.8582485
269.93085 2.8794105
272.56226 2.9009442
275.3254 2.922102
277.07336 2.9448779
278.98267 2.9649386
282.51102 3.0058343
283.86533 3.0242825
285.31982 3.0426207
286.81567 3.0600035
288.46765 3.0781274
290.16162 3.0964923
292.0203 3.1142204
293.91068 3.131308
296.90274 -3.134914
298.97086 -3.1182742
303.2766 -3.0891001
305.64832 -3.0705159
307.98166 -3.055188
310.51044 -3.0392063
312.92514 -3.0265708
315.41083 -3.0146115
317.07 -2.9999154
318.0261 -2.9844472
319.99835 -2.9665074
321.67392 -2.9516096
322.85846 -2.9366949
324.68604 -2.9219558
325.8392 -2.909515
326.95026 -2.895548
328.22464 -2.8805356
329.81247 -2.8630838
331.29666 -2.8478231
332.75372 -2.8336792
334.01526 -2.8220167
336.60733 -2.7995098
337.0393 -2.787286
338.03848 -2.7630548
339.23526 -2.738978
339.9111 -2.7141361
339.26974 -2.6904278
338.81918 -2.6667926
339.41608 -2.6383915
339.72925 -2.6246836
340.3235 -2.598467
340.61365 -2.5748174
340.65646 -2.5531387
340.30533 -2.5246854
340.67328 -2.508296
339.99686 -2.491231
339.2817 -2.4746785
339.43466 -2.4599135
339.55466 -2.4364636
340.25912 -2.411784
341.8467 -2.3841765
341.99908 -2.3552413
342.0082 -2.326702
342.22614 -2.3015823
342.69058 -2.2809665
343.29755 -2.260433
343.71255 -2.2379003
344.22244 -2.2112048
344.2669 -2.1965485
343.76312 -2.1691496
344.49924 -2.1461713
343.819 -2.126789
344.2242 -2.106384
342.12442 -2.0830083
340.04486 -2.0596535
338.51065 -2.0381248
337.3064 -2.017474
336.16232 -1.9961292
335.17877 -1.9746923
333.6238 -1.963644
330.6527 -1.941359
327.1782 -1.9219738
324.89603 -1.9022697
322.38544 -1.8788434
319.37894 -1.858953
315.47583 -1.836377
313.51 -1.8149457
312.1135 -1.7962848
310.63187 -1.7744508
309.84537 -1.76177
307.27713 -1.7336158
305.84216 -1.7211175
304.80444 -1.7012668
302.99933 -1.6793858
301.41785 -1.6532533
300.88248 -1.637396
299.63422 -1.6236211
298.3199 -1.5970532
295.41708 -1.5832214
292.23825 -1.5601469
290.53934 -1.5437379
289.5116 -1.526224
287.9125 -1.5112854
285.50665 -1.4826753
283.35132 -1.453731
279.62146 -1.4232856
275.96237 -1.3888806
274.9515 -1.3697193
272.837 -1.3379369
269.77383 -1.30766
267.33115 -1.2719796
266.94525 -1.2520121
265.94308 -1.2307692
262.28522 -1.1923213
257.31628 -1.1584094
255.1067 -1.1211396
254.63835 -1.0982958
254.68466 -1.0732815
254.60486 -1.0490983
254.56464 -1.0262744
252.10771 -0.9827824
251.63072 -0.9574069
251.93466 -0.93376094
252.42216 -0.9068127
252.43892 -0.8812404
252.11302 -0.8582865
251.76218 -0.8358149
251.44333 -0.79081285
250.90028 -0.74863154
252.14082 -0.7019399
252.86609 -0.6788811
254.31056 -0.6347544
254.40666 -0.61501414
254.35033 -0.5923955
255.17097 -0.5706075
254.93729 -0.5526078
256.70514 -0.5122008
257.03668 -0.49053842
258.63187 -0.4686941
260.01093 -0.44464847
260.73373 -0.42313424
261.9885 -0.4035709
262.84897 -0.3814488
263.91656 -0.36049572
265.031 -0.3420157
265.53656 -0.3213268
266.86533 -0.29994386
269.0422 -0.27812004
270.668 -0.2581956
273.2957 -0.23700628
276.25183 -0.21850301
278.15103 -0.19861941
279.4511 -0.18033019
281.44647 -0.16376887
282.88626 -0.14504105
284.9116 -0.12645264
286.60052 -0.10889859
288.1503 -0.09360962
288.7174 -0.076097466
290.40704 -0.059085086
292.18225 -0.044223092
293.9864 -0.027050182
296.89954 -0.009887297
298.8997 0.006960399
300.96555 0.022717338
303.06924 0.036419384
305.3045 0.05263711
306.84027 0.06865695
308.98315 0.08445198
310.50772 0.10261409
312.07675 0.11896242
313.80038 0.13678686
315.55853 0.15286352
317.4565 0.17024045
318.76395 0.1886482
319.7892 0.20476194
320.99332 0.2221016
322.37988 0.24040645
323.6755 0.25622526
326.13965 0.272478
327.57922 0.2877864
329.26227 0.3045796
330.15482 0.32038286
331.77573 0.3370455
332.59293 0.35278514
333.94052 0.36991164
335.64352 0.38470423
336.2319 0.40258184
337.29935 0.4171226
337.64978 0.43387228
337.98148 0.44953325
338.39624 0.46570933
338.01212 0.48283532
338.60535 0.4986767
339.16702 0.513847
339.53952 0.527566
340.36746 0.5430942
341.2811 0.55866736
342.27768 0.57417214
343.2287 0.58908194
344.77087 0.60084534
345.8456 0.6154301
346.687 0.6286259
347.25665 0.6454441
346.7084 0.66117793
346.26187 0.6917844
346.88892 0.72059673
348.53677 0.7471714
349.63354 0.75998116
350.4081 0.789756
350.13776 0.8234824
349.48492 0.83829933
349.50452 0.8687163
350.31406 0.89283884
350.73166 0.91548073
348.5591 0.9392632
346.42477 0.9526955
346.42477 0.9526955
