Finger
17
15.593873 0.8332123
19.177021 1.2012118
24.383787 1.4180088
28.87079 1.5106959
33.068005 1.5789915
38.00245 1.6288834
42.236626 1.671528
49.899887 1.7572478
54.43345 1.7977682
63.580856 1.8572539
68.105606 1.8725318
76.532135 1.9067326
85.5537 1.9320029
94.77786 1.951447
104.37094 1.9741703
109.23509 1.9850566
120.71129 2.015575
131.33032 2.0298023
136.4377 2.03573
146.2569 2.0478482
150.7781 2.0474408
161.35004 2.0534449
167.48688 2.0614989
173.08904 2.0702925
179.35258 2.0764391
184.80974 2.0849047
195.23404 2.0959704
200.33098 2.0999713
205.83665 2.1009908
211.07608 2.1029842
216.92682 2.1031916
222.52615 2.1039777
228.02216 2.1085553
233.57448 2.114555
244.46718 2.1255105
249.54543 2.127377
259.4554 2.1306713
264.49918 2.1323013
272.71564 2.1391492
282.41125 2.1536312
287.40024 2.1604228
296.21783 2.1729932
304.02124 2.18712
312.96817 2.1942847
322.16284 2.2072496
326.30313 2.2140927
330.09393 2.224349
334.1502 2.2302556
340.8175 2.2445588
344.16785 2.2520633
348.26694 2.2632728
351.74258 2.2738235
354.9826 2.284526
357.77557 2.293494
361.12933 2.303963
365.0119 2.3237386
367.3995 2.3413546
368.77365 2.3605347
366.26443 2.38326
362.46832 2.399527
359.76053 2.4077733
357.0667 2.416178
353.4172 2.4247744
349.4596 2.4335668
345.44345 2.442713
341.42215 2.4521372
337.24557 2.4580324
333.13522 2.4636054
329.0299 2.4693253
324.3996 2.4774933
319.7407 2.4859743
315.14435 2.4946444
306.55933 2.5102198
301.93964 2.5156069
297.13 2.5206234
286.60736 2.5242267
276.34564 2.5331345
271.55237 2.5389407
261.2509 2.5489967
252.85263 2.556234
247.40611 2.5599473
242.27014 2.5620456
231.47963 2.5710769
225.46939 2.580117
219.88107 2.5859153
214.94469 2.5938895
204.72145 2.6032865
199.05835 2.6039956
193.19348 2.6052012
187.96509 2.6073356
182.3808 2.6082423
176.76665 2.614382
166.36986 2.6265287
160.7878 2.6281507
153.96895 2.6273608
147.53497 2.6321313
141.64496 2.634843
135.43721 2.641195
130.47455 2.646711
124.520905 2.6504834
118.366356 2.658654
111.43026 2.6663861
104.29776 2.6741512
98.15901 2.6795785
92.00123 2.6920226
86.36268 2.6975057
79.65189 2.7038088
66.155396 2.7089074
58.63687 2.7020686
52.32119 2.6916273
46.413998 2.6965728
40.204998 2.6845095
34.612118 2.692723
28.185589 2.671747
22.344631 2.6899521
17.676233 2.6878667
13.193078 2.6913056
5.430231 2.5457218
11.633117 2.8317318
15.582969 2.9119437
24.413649 2.995779
29.106823 3.0194192
34.094547 3.0373628
38.877346 3.0502238
44.880787 3.062473
49.849636 3.0703735
55.824364 3.078007
60.84138 3.0832565
65.80789 3.0876637
70.02829 3.0909166
75.79957 3.0947778
80.80562 3.09768
86.01644 3.0915267
91.84639 3.0920718
96.85171 3.0843022
101.07659 3.0866992
106.80758 3.0896473
111.82406 3.0919797
117.67719 3.0944493
122.813194 3.0964222
128.75206 3.098507
134.76263 3.106234
140.68341 3.1147377
147.4154 3.1175275
153.62915 3.118501
160.64615 3.1257308
167.61476 3.1323526
175.41563 3.1384597
182.37225 -3.134886
190.36008 -3.1247017
198.4021 -3.1203063
206.53384 -3.1113536
214.51952 -3.103237
222.5523 -3.1001184
230.5311 -3.0962825
238.61841 -3.0903742
246.71202 -3.0839374
253.72227 -3.0816143
260.90045 -3.0755205
268.0119 -3.069803
274.33267 -3.0641725
281.457 -3.0590184
288.36697 -3.054055
295.43796 -3.0461047
301.99557 -3.0413845
308.15683 -3.0368805
314.4474 -3.0293853
320.6263 -3.0252857
325.81937 -3.0209734
331.1338 -3.0138087
335.66385 -3.0072193
344.7264 -2.9873314
348.69583 -2.9746103
354.06488 -2.9541183
359.5428 -2.9343698
362.52747 -2.9221046
364.39645 -2.911978
365.79065 -2.8987324
367.7966 -2.8776164
368.04575 -2.855236
367.52377 -2.8365958
365.04062 -2.8212125
359.51932 -2.8061252
354.35318 -2.7950482
347.7424 -2.782042
343.4396 -2.7742128
338.06396 -2.768086
331.5275 -2.7603474
326.07373 -2.7536337
319.53058 -2.7452507
314.01688 -2.7378912
308.17508 -2.7325964
302.6026 -2.7253351
295.86166 -2.7182324
290.35275 -2.7103965
283.58752 -2.703288
276.53012 -2.6984594
268.99097 -2.69012
261.91098 -2.6846066
254.87463 -2.6762896
247.15665 -2.6687276
239.133 -2.660943
230.76344 -2.6556823
223.01303 -2.6525013
214.68925 -2.647783
206.24167 -2.6422195
197.83105 -2.6361873
189.41573 -2.6296167
180.95714 -2.6224189
171.81837 -2.6121674
162.59023 -2.6001887
152.47177 -2.5832407
141.87189 -2.5698073
130.7575 -2.5510366
120.09984 -2.531434
108.21277 -2.5110047
96.6511 -2.4851751
85.44912 -2.445512
74.49215 -2.4093888
65.17863 -2.3626256
57.149605 -2.321728
49.059834 -2.261454
40.787163 -2.2003286
33.77311 -2.1138442
27.648802 -2.0187502
17.381008 -1.8017098
10.753379 -1.4532703
17.61527 -1.8562099
23.083132 -1.9235861
28.55659 -2.0036426
34.615696 -2.05113
40.83733 -2.0811663
47.206615 -2.103388
53.54053 -2.1202824
60.68641 -2.1247938
67.94154 -2.1284032
75.11193 -2.1312854
82.31922 -2.1336753
90.13255 -2.131299
97.57262 -2.1318898
105.4203 -2.1299536
112.85865 -2.1305947
121.53934 -2.1246088
130.41023 -2.1184478
139.34517 -2.1130376
148.23906 -2.108302
157.74353 -2.1017425
167.62619 -2.0950372
177.45901 -2.0885286
187.40343 -2.0832596
196.69214 -2.074124
206.19052 -2.0668333
214.57338 -2.0614748
223.08817 -2.0563803
231.57143 -2.051699
239.99837 -2.0474083
247.38799 -2.0411186
255.18063 -2.0343635
261.68665 -2.0304997
268.80237 -2.025636
275.99863 -2.0209885
281.93256 -2.01575
288.11545 -2.0122395
294.0311 -2.007435
299.2446 -2.0029922
304.75848 -1.9973257
310.35574 -1.9900599
315.82187 -1.9823592
320.9605 -1.9719989
326.4205 -1.9649137
331.63028 -1.9551386
336.92413 -1.9464242
342.17273 -1.937224
347.4408 -1.9283229
352.6798 -1.9198133
357.30264 -1.9121091
362.38135 -1.9042343
366.80383 -1.897163
370.916 -1.887736
374.31677 -1.8791871
377.54385 -1.8709015
380.73193 -1.8601089
383.15933 -1.8419307
384.06982 -1.8231075
382.62662 -1.8052409
379.27438 -1.7904595
374.21637 -1.775142
370.47992 -1.7662069
362.5581 -1.7508898
357.91324 -1.7418861
353.1475 -1.7298735
347.65747 -1.7209326
341.35855 -1.7117723
335.02463 -1.7054551
328.64813 -1.6980621
322.33597 -1.6912069
316.02182 -1.6840664
309.01227 -1.6777192
301.86182 -1.6727781
294.59268 -1.6650702
287.9991 -1.654175
280.8197 -1.6456763
272.85266 -1.6358494
265.46216 -1.6263932
258.28998 -1.6162782
250.49422 -1.6097305
242.49878 -1.5987481
235.3565 -1.5909996
227.62122 -1.5832266
219.4076 -1.5789009
202.85785 -1.5683346
194.46506 -1.5594385
186.62814 -1.5538001
179.23871 -1.5473528
171.63814 -1.5405971
163.55545 -1.5327972
156.4953 -1.52451
149.50089 -1.5206711
142.55223 -1.5129184
135.58507 -1.5081422
127.71283 -1.5042746
120.424484 -1.5002421
113.45369 -1.4958992
106.42885 -1.4909455
99.71372 -1.4855553
93.49444 -1.4798698
87.45742 -1.4850423
80.407455 -1.4869081
74.42485 -1.483458
69.34559 -1.4914994
64.0875 -1.4966166
58.477776 -1.4938642
53.300907 -1.5051662
49.006527 -1.5145458
43.9856 -1.5139998
37.998993 -1.5050397
32.01305 -1.4927211
25.805042 -1.473885
19.594551 -1.4430213
13.078054 -1.4359955
18.154648 -1.1001197
26.416351 -1.0472689
34.15839 -1.0084419
42.762962 -0.99690753
52.25414 -1.0233238
57.337605 -1.0212669
66.75502 -1.0200443
72.14022 -1.0295472
77.87384 -1.0325968
83.6881 -1.0324913
89.53086 -1.032319
95.85628 -1.0233115
102.194756 -1.015405
107.19006 -1.0112746
112.97801 -1.0123451
118.9633 -1.01125
125.17533 -1.0072445
131.04042 -1.0082113
136.82895 -1.0092227
149.04108 -1.0051744
155.39366 -1.0007123
162.24648 -0.99906135
169.55142 -0.99836975
176.80188 -0.9977399
183.99367 -0.99716413
190.62297 -1.0010325
197.36578 -1.0033906
203.68726 -1.0012368
210.22586 -0.9987633
216.6083 -0.99572414
222.98962 -0.99286157
229.3182 -0.99020785
235.32782 -0.99023503
245.67648 -0.98520523
255.39864 -0.97751164
264.06274 -0.9711414
273.44135 -0.96470845
278.4214 -0.95956665
287.9401 -0.9531125
297.67322 -0.947587
306.8233 -0.9410562
316.2708 -0.9324153
320.39545 -0.9254943
329.19614 -0.9152516
332.66693 -0.90805954
336.53534 -0.90177155
343.06763 -0.8871526
346.40036 -0.8799995
353.06738 -0.8661608
357.19183 -0.8612523
363.4374 -0.8497188
370.07278 -0.83759147
372.96085 -0.8300615
379.11984 -0.8163045
384.10413 -0.79980063
387.06787 -0.78822017
388.49228 -0.77683765
389.2978 -0.76111066
387.76526 -0.7484046
384.35138 -0.7349229
380.36746 -0.7232589
376.44452 -0.71137476
371.7795 -0.7008673
367.84186 -0.69560456
364.516 -0.6889362
357.92484 -0.67179495
350.81088 -0.6588169
341.21683 -0.6510827
331.83694 -0.6424122
326.38348 -0.6356259
321.20776 -0.6292977
316.2425 -0.6239915
300.32642 -0.6129564
293.93564 -0.61160386
287.16626 -0.60689104
281.0818 -0.6016581
274.49295 -0.59913725
267.8054 -0.59375435
262.02637 -0.5901522
255.80942 -0.5875146
248.93646 -0.58192974
234.23367 -0.57207024
227.32286 -0.56548345
221.061 -0.55659825
214.27545 -0.54920954
207.23715 -0.5472254
199.50934 -0.541466
191.91771 -0.5362656
185.44762 -0.53043634
177.72763 -0.5232369
171.15204 -0.51381904
165.34608 -0.5040188
159.00394 -0.49709734
151.9833 -0.49207985
145.07974 -0.47871655
138.76611 -0.46962368
132.73705 -0.45916408
127.16739 -0.4455491
120.61942 -0.42752522
114.54765 -0.411559
108.371414 -0.39616883
101.63557 -0.38987103
95.59224 -0.3730733
89.61778 -0.3628815
83.74132 -0.33862403
78.82192 -0.32050088
73.083954 -0.30048162
66.66588 -0.28325433
61.10755 -0.25902602
55.577103 -0.24831502
50.216145 -0.23402834
45.155 -0.21568131
40.5583 -0.18938844
33.960403 -0.13680667
26.689228 -0.054312743
20.667097 0.02659422
16.054918 0.09661708
21.15674 0.07326997
27.929127 -0.016100232
33.294132 -0.066440426
41.039024 -0.059687417
46.02175 -0.07497669
51.10159 -0.08214806
55.13306 -0.08073863
63.190445 -0.08628683
71.14166 -0.076622784
80.184326 -0.08046343
85.09007 -0.075815246
90.15253 -0.07976587
94.183624 -0.07912124
102.20961 -0.08270312
106.26328 -0.08660533
115.138565 -0.09731428
120.13958 -0.09537576
124.32972 -0.09215213
129.43262 -0.096262775
134.1496 -0.092868015
138.4403 -0.095358916
143.42506 -0.093841754
149.155 -0.090226725
155.18822 -0.09317481
161.15764 -0.08971407
167.14903 -0.08649011
172.11317 -0.08398956
178.10661 -0.08115692
183.99156 -0.0731093
189.96252 -0.0708074
195.87836 -0.064898595
201.82744 -0.061677437
206.73448 -0.05537
211.97304 -0.05053798
217.65613 -0.044604674
223.62985 -0.038897876
229.55367 -0.033580028
234.76964 -0.027455663
240.4612 -0.019579312
245.41539 -0.0140473675
250.38736 -0.00685808
256.38095 -0.0017538208
262.37418 0.0048861043
267.3753 0.00952995
272.3792 0.015696885
277.4167 0.0226245
283.47754 0.02921443
289.49356 0.0354706
296.6174 0.044752356
302.71002 0.05372189
308.17294 0.062545896
313.34464 0.071082726
321.69522 0.08480476
330.22153 0.10086369
339.01996 0.121154875
346.1748 0.13980137
352.11386 0.15675485
358.19086 0.1738674
362.48248 0.18859836
366.5145 0.20590132
371.16113 0.22536506
375.51584 0.23984137
378.90836 0.2539437
380.47223 0.26649836
381.55435 0.27669692
377.46753 0.29145893
373.63058 0.30573928
369.4792 0.31497106
364.4242 0.3252757
359.6119 0.33567184
355.61444 0.34785286
350.6836 0.35903782
346.46155 0.3674222
340.5296 0.3772901
332.38782 0.38701567
328.49582 0.3918493
323.88974 0.39773294
320.19785 0.40258193
312.852 0.4126023
305.56955 0.42305857
301.02045 0.4298733
293.0013 0.43577152
287.89478 0.43644682
283.19122 0.4363774
277.84808 0.4374581
272.99246 0.44073203
267.48834 0.44312
261.8902 0.44909558
256.30664 0.45093405
250.259 0.4537681
245.20602 0.4594615
239.06139 0.46265334
232.1391 0.46793094
225.67157 0.47248206
218.5507 0.4788912
210.72456 0.48746642
202.26514 0.49287337
194.0829 0.49975765
184.86162 0.50822777
176.11171 0.5148924
167.6436 0.5228711
159.31618 0.5314595
150.95474 0.5426519
143.61617 0.5553434
136.24583 0.5651332
128.13777 0.57775885
119.84491 0.5931957
112.32905 0.60592234
104.91715 0.6203455
96.481575 0.62239313
88.36531 0.62943393
80.29883 0.6405916
72.88904 0.64774877
66.19601 0.66332585
60.2018 0.6777338
54.530113 0.69196385
49.41577 0.7254126
44.38521 0.73492247
35.704254 0.76683515
29.342422 0.8350046
25.41812 0.940489
32.00558 0.9642517
38.466675 0.9856841
45.069374 0.98362494
50.108986 0.9961215
54.563072 1.0052334
62.584465 1.0111879
71.49737 1.0232048
75.95788 1.0281557
84.596275 1.02403
92.87837 1.0023192
102.78904 0.99213576
112.8619 0.9976115
117.86645 0.99726784
123.3019 1.004084
132.68646 1.0046438
142.45123 1.0148551
147.58159 1.020447
153.04762 1.0271322
159.4687 1.0309774
164.88655 1.035023
170.57875 1.0359814
176.02034 1.0395964
181.7393 1.0403588
188.00499 1.0462812
194.22762 1.052868
199.991 1.0622439
205.29805 1.0667111
210.3164 1.0745153
215.90637 1.0831913
222.23228 1.0933502
228.37599 1.1021261
234.14882 1.1098648
239.86684 1.117193
250.74673 1.1292975
257.48447 1.137388
264.0574 1.1447195
270.09036 1.1508554
276.386 1.1531022
283.05255 1.1596054
289.71573 1.1650316
296.78668 1.171595
302.87448 1.1764903
308.4168 1.1839561
319.57022 1.1981332
324.83145 1.206927
330.3936 1.214136
334.72372 1.2221285
339.40775 1.2295392
344.02304 1.235014
348.24408 1.2422726
351.99606 1.2482268
356.35983 1.2559265
363.03003 1.2705567
366.36905 1.2784284
371.2569 1.2907662
375.47662 1.3127217
377.84177 1.33039
377.69125 1.3468802
373.71637 1.3608325
368.39603 1.3771431
365.65726 1.386906
359.60312 1.4062629
355.99896 1.4159731
352.41748 1.4259056
343.4376 1.445529
338.9512 1.4558408
334.56555 1.4689935
330.09363 1.4800745
318.73105 1.5019618
312.49347 1.5134004
306.35043 1.525201
300.9738 1.5344198
295.18326 1.5437125
283.03723 1.5541296
277.05206 1.5573454
271.0572 1.5615846
264.05283 1.5651227
258.07202 1.5688612
252.02295 1.5718931
246.08357 1.5728256
239.99815 1.5770385
234.02388 1.5805473
227.97629 1.5817488
222.03067 1.5820421
216.00461 1.5823559
210.02968 1.5826848
204.04659 1.5830333
198.01562 1.5834061
191.06569 1.5838648
185.04648 1.5788922
179.05309 1.5791633
173.07076 1.5794525
166.0273 1.573804
158.28241 1.5739512
151.23233 1.5740982
145.04274 1.5742391
138.04297 1.5744138
130.26573 1.5746298
123.31119 1.5748459
116.09995 1.5750974
109.10686 1.5753732
102.35126 1.5756752
95.37643 1.5655603
87.31039 1.5650766
80.11734 1.5520959
73.10776 1.5503027
66.119576 1.5481364
60.10583 1.5458688
54.11168 1.5615673
48.93364 1.5605907
43.96896 1.5594383
38.962063 1.5579786
34.913605 1.5564922
26.919794 1.5522442
21.732546 1.5478154
14.738871 1.5369073
10.55357 1.5234592
10.55357 1.5234592
