Stilus
11
296.3526 1.5556301
293.86792 1.5790379
290.08743 1.6199045
287.46936 1.6487718
285.2855 1.6748643
283.8291 1.6970277
281.80978 1.7166752
277.605 1.7417152
272.41425 1.7739438
271.0564 1.790208
269.35043 1.8152
268.19055 1.8394601
266.0072 1.8652292
264.96524 1.8901181
264.00842 1.9145144
262.3955 1.9396375
260.89633 1.9680847
259.62512 1.9953849
259.2621 2.0215416
258.62817 2.0408807
258.25217 2.0706403
257.99567 2.0948238
256.52927 2.1199663
255.61716 2.1509695
256.06927 2.17315
255.41808 2.1979253
254.84717 2.22913
254.6775 2.2596924
254.73924 2.290167
254.57504 2.3130414
255.0848 2.338085
254.3753 2.3741257
253.99898 2.3986342
254.49707 2.4319263
255.4937 2.4516826
256.40717 2.4780016
255.82512 2.5072055
257.23486 2.539789
257.3391 2.567168
257.2034 2.5899105
257.97372 2.6151059
259.00534 2.6474354
260.5875 2.6774917
261.22806 2.7073224
263.2795 2.7369642
265.9503 2.7613285
268.22894 2.780713
271.0278 2.8149462
272.62677 2.8323755
275.8786 2.8587506
279.7382 2.8858843
283.22656 2.913599
285.99673 2.934667
288.0331 2.9571195
290.55228 2.9824953
292.50793 3.007855
294.6207 3.0326006
296.20755 3.0468035
297.8485 3.060811
301.4104 3.0825884
304.32043 3.105282
307.8854 3.128406
309.87158 3.1414888
313.1858 -3.1193912
316.17844 -3.0974
317.8108 -3.074871
320.16397 -3.0511012
322.1362 -3.0290945
324.08386 -3.0057583
326.10007 -2.9847515
326.74918 -2.972652
328.3993 -2.9573908
329.93573 -2.9376214
331.43884 -2.9167483
333.0712 -2.896238
334.84802 -2.875873
335.97055 -2.8638613
336.71625 -2.8458433
337.79556 -2.8258655
338.50998 -2.8102744
338.85107 -2.7917778
339.36774 -2.771043
340.37515 -2.7557092
341.13797 -2.7351205
342.02322 -2.7202485
341.53976 -2.6972094
341.48352 -2.6840346
341.08325 -2.6606102
341.44717 -2.644513
341.2022 -2.6230972
341.174 -2.6001637
341.35974 -2.582495
341.57657 -2.5612023
341.47675 -2.5438056
340.2186 -2.520214
337.75693 -2.5003598
335.8285 -2.477247
335.65167 -2.4530263
335.8583 -2.4360895
336.18207 -2.4201572
336.48126 -2.3968804
336.94177 -2.3696313
336.92267 -2.3486104
336.32614 -2.3297012
336.58997 -2.3086581
336.9732 -2.2889342
337.55923 -2.2668562
338.58524 -2.2378097
338.37042 -2.2225285
339.1001 -2.1968806
340.66742 -2.1704562
340.43393 -2.1548543
341.0725 -2.1361322
340.71048 -2.1221468
338.83228 -2.1015267
337.60025 -2.0833306
336.4441 -2.0648048
335.3944 -2.0525713
333.9568 -2.0376675
333.57925 -2.0218635
332.29697 -2.0067627
332.0237 -1.9919373
330.64212 -1.9733456
328.3467 -1.9565973
326.15768 -1.9397212
324.29898 -1.9246007
323.58716 -1.9094199
322.72623 -1.8920982
321.1733 -1.8772388
319.7059 -1.8623834
318.23438 -1.8465595
317.94095 -1.8313463
316.6928 -1.816129
315.40045 -1.7991897
313.89142 -1.7774935
313.00244 -1.7634802
311.90765 -1.7445725
311.0458 -1.7280064
309.20932 -1.7101753
307.6871 -1.6977335
306.07452 -1.6811618
305.56424 -1.6648974
304.42014 -1.6496865
302.73346 -1.629393
300.44495 -1.6098851
298.2725 -1.5900774
294.72144 -1.574185
291.51273 -1.5571835
287.65332 -1.5361022
284.9577 -1.5138755
282.28897 -1.49558
279.81406 -1.4733973
277.56952 -1.4481474
277.13025 -1.4261408
276.5061 -1.4002639
276.59427 -1.3736795
275.32242 -1.3477623
273.8638 -1.3230511
271.81445 -1.2945083
270.21017 -1.2628924
267.1147 -1.2384713
265.2972 -1.2131082
263.19806 -1.1816865
262.6528 -1.1548945
263.43445 -1.1311698
262.464 -1.105143
260.98322 -1.0828725
259.45468 -1.0555733
257.4482 -1.0229855
255.99756 -0.9883194
254.60666 -0.95982546
255.46666 -0.9283566
257.20483 -0.90045094
258.0234 -0.8780579
257.50714 -0.8420641
257.87054 -0.80907476
258.30893 -0.7742568
258.8752 -0.74664074
258.96478 -0.72544926
261.18707 -0.7103353
261.92444 -0.6854108
262.3419 -0.65591383
262.13837 -0.6222941
261.70615 -0.5863641
262.66183 -0.5567853
264.87247 -0.52090275
264.77896 -0.49519277
263.761 -0.4715875
263.83972 -0.43771464
264.61508 -0.40737298
266.92834 -0.37939742
268.76715 -0.34486085
270.9207 -0.31086537
272.7024 -0.28188458
273.19345 -0.2577353
272.99506 -0.24002886
275.73203 -0.22260089
276.23102 -0.19631287
276.7518 -0.16658905
278.74234 -0.13636059
280.063 -0.11687611
282.2882 -0.099058144
283.74768 -0.077354394
285.53323 -0.052250743
288.22318 -0.024047008
289.91177 -0.010103091
291.155 0.011390974
295.06714 0.03490753
297.5618 0.053965144
299.70328 0.07367419
301.43298 0.09319599
303.04172 0.112572156
305.52884 0.12562582
307.15063 0.1405961
309.67496 0.15655208
312.58502 0.17373998
314.09985 0.19552617
316.3475 0.21426351
318.6468 0.2319645
321.2385 0.25486103
324.0745 0.27257594
325.7392 0.29029733
327.50717 0.3078528
329.3712 0.32518038
331.00067 0.3394794
331.98785 0.35442743
332.59537 0.36979544
333.79922 0.38699678
333.57355 0.4066301
333.358 0.42747656
332.2856 0.44886854
331.25467 0.46969745
332.30023 0.49436125
333.35007 0.5069401
333.57956 0.52060467
334.2097 0.5473277
335.3759 0.5697926
336.71017 0.59209126
338.2083 0.6141603
340.47757 0.6347601
343.10245 0.65832865
343.83508 0.6797853
343.92795 0.69839746
343.13644 0.72242296
344.1761 0.74315274
344.6443 0.7657738
345.46204 0.7888343
346.25015 0.8071988
347.15448 0.82547265
345.77338 0.8481379
343.09293 0.86150324
341.34552 0.88009554
339.42633 0.90106976
340.36743 0.9263011
339.87915 0.9524841
338.57968 0.97947276
337.63138 0.9944088
337.02853 1.0081651
335.96707 1.020262
335.33615 1.0407584
334.0922 1.0653799
332.0673 1.089351
330.02982 1.113296
327.71008 1.1367188
326.95767 1.1566455
324.83987 1.1797291
323.0581 1.1933306
321.96158 1.2086607
320.45505 1.2234255
320.44965 1.2400324
320.04828 1.2534919
319.4154 1.2725203
318.0227 1.2985616
317.35162 1.315631
316.36703 1.3309371
316.13785 1.3477874
315.8067 1.3637954
315.84683 1.383237
316.1067 1.4081888
315.14673 1.4364274
314.48224 1.4530845
313.95703 1.4681958
313.55234 1.4816053
311.31537 1.5002617
309.05627 1.5215123
305.62616 1.5480136
302.31555 1.5741857
300.40277 1.5949198
297.6125 1.6153067
295.9608 1.6366488
295.9608 1.6366488
