Finger
11
229.67763 1.4289955
229.63486 1.4566098
229.3353 1.4790885
228.78317 1.5108035
228.4944 1.5380077
226.37982 1.5631155
227.14986 1.5817887
230.28311 1.6056964
233.07005 1.6258817
235.99718 1.6439425
241.1299 1.6630528
245.62201 1.6809933
250.1028 1.6960636
257.82883 1.7156994
263.7913 1.7382147
269.97516 1.7607875
275.05972 1.7793466
280.1056 1.7947158
286.29596 1.8104982
291.43735 1.8246101
295.14542 1.8423754
299.22983 1.8655368
301.9792 1.8835999
304.81116 1.9011962
304.62988 1.923983
303.18454 1.9415963
299.86902 1.9674413
296.0805 1.9948891
291.97217 2.0211117
287.47595 2.0442827
284.028 2.0664454
281.59036 2.0873883
278.56717 2.105977
275.52377 2.1295545
272.02463 2.1550837
270.73615 2.1760585
271.3005 2.2029161
272.18533 2.2210808
273.6684 2.2400475
275.86713 2.2613335
279.53668 2.2786307
284.13965 2.2973568
289.5107 2.3179934
294.25372 2.3401275
299.90295 2.359389
305.1032 2.3796012
310.79343 2.401242
313.74765 2.4109182
316.7397 2.4193516
319.76193 2.4276485
325.07385 2.441721
331.24118 2.4572978
337.41315 2.4759018
340.31882 2.4852893
344.09735 2.4947104
347.8925 2.5029244
350.76962 2.5125284
354.18506 2.522995
357.66022 2.5323744
361.21387 2.5425956
364.13678 2.5512297
366.95224 2.5597422
370.48987 2.5712967
370.70114 2.5857055
370.48932 2.607415
369.695 2.6272986
367.37585 2.6455443
364.45935 2.6605394
360.933 2.6796072
357.43707 2.6996548
355.02615 2.7089243
351.04718 2.7255316
346.44525 2.7416217
343.9805 2.7512233
339.1533 2.7708023
333.08047 2.7868586
327.02185 2.8020089
320.01047 2.817454
314.2546 2.8322039
308.4581 2.8491151
303.1357 2.8618438
298.53653 2.8805337
293.8154 2.901225
290.472 2.920337
287.0156 2.9390514
285.11288 2.9547338
282.05344 2.9750805
278.6174 2.9956486
278.49075 3.0119805
277.7546 3.0342114
277.1124 3.0584345
278.48492 3.0777347
282.1094 3.1062405
285.91986 3.1283193
289.8724 -3.1340897
293.00546 -3.1143882
295.47244 -3.0935192
297.5694 -3.0744207
300.92694 -3.0578299
303.28943 -3.0452108
306.9659 -3.0243657
310.09827 -3.0027957
310.98584 -2.9836726
310.871 -2.9664896
309.8215 -2.949448
306.52945 -2.9247558
302.86374 -2.9045026
298.5244 -2.8837106
293.08682 -2.8610616
288.9147 -2.8460438
283.83853 -2.8323505
278.77603 -2.8189943
273.0199 -2.8041914
266.56766 -2.7917
260.19662 -2.7827504
253.38669 -2.7651007
248.48727 -2.7476583
244.68782 -2.7323098
239.7842 -2.7188566
235.88 -2.7020566
231.52174 -2.6835856
227.15591 -2.6642084
223.97755 -2.642758
221.20935 -2.6172402
221.91003 -2.59228
222.25726 -2.5663202
224.4053 -2.5381238
228.78717 -2.5220609
232.55359 -2.506909
236.31839 -2.4925401
240.1977 -2.4782665
244.04277 -2.4648652
248.00984 -2.4514933
253.52078 -2.4376528
260.2069 -2.42527
266.18552 -2.4097784
271.2856 -2.3956804
276.61502 -2.3802772
282.91498 -2.3672333
288.57962 -2.3522296
293.60458 -2.3353899
299.3882 -2.3170202
302.37082 -2.307938
308.2822 -2.2906642
312.5011 -2.2756622
315.787 -2.254515
318.92 -2.2313132
318.91406 -2.214795
318.3324 -2.1899116
316.8273 -2.177705
313.19257 -2.155024
310.9931 -2.1442401
306.1608 -2.123889
303.80005 -2.112875
300.8885 -2.1031666
298.1754 -2.09293
292.56247 -2.0727649
289.41016 -2.0599573
286.56564 -2.0486114
281.61414 -2.0297978
277.48657 -2.009124
274.0021 -1.990203
271.6158 -1.9700413
270.99832 -1.9471282
270.80588 -1.9245216
272.16083 -1.8976867
275.54257 -1.8761967
278.64633 -1.8605361
282.16324 -1.8420438
286.8521 -1.8195488
292.2516 -1.7973272
298.04056 -1.7756587
304.12842 -1.7581037
311.04068 -1.7377293
314.7481 -1.7291607
321.01785 -1.7135384
324.74063 -1.7056124
332.10663 -1.6905711
335.8873 -1.6831627
342.62872 -1.6692287
348.95944 -1.6530279
355.4445 -1.6346995
361.33826 -1.6170152
367.80252 -1.5979427
371.6932 -1.584232
373.15952 -1.5731641
375.18143 -1.5593541
375.3208 -1.5412381
375.4609 -1.5305501
374.94263 -1.5145161
372.29028 -1.5001895
369.75623 -1.4839915
365.4328 -1.4691741
360.06927 -1.4538647
355.49258 -1.4380163
350.2506 -1.4215508
344.97427 -1.4069872
337.97595 -1.3916088
330.86212 -1.3754127
324.63452 -1.3590292
319.65686 -1.3428792
312.99158 -1.324777
307.23303 -1.306625
301.6369 -1.2849993
297.41544 -1.2626219
294.561 -1.2380892
292.5334 -1.2073612
291.99774 -1.1838313
291.92105 -1.1652322
293.7657 -1.1425822
295.05423 -1.1251898
297.68372 -1.1070404
300.79834 -1.0867473
304.10486 -1.0664574
307.54724 -1.0465363
310.7741 -1.0226476
313.62305 -1.0020026
315.01443 -0.9807232
315.7109 -0.964391
317.50076 -0.94454646
318.69122 -0.92450696
318.79248 -0.9036435
319.35492 -0.8863374
318.9318 -0.867936
317.7725 -0.8485892
315.44464 -0.8292577
312.41177 -0.8114958
306.78915 -0.7932123
303.94592 -0.78396064
299.0565 -0.7674262
294.92776 -0.7528033
291.598 -0.74473196
288.77472 -0.73494697
281.54297 -0.716032
278.098 -0.70714104
271.41187 -0.6895052
263.275 -0.6757411
258.10138 -0.66804737
253.32101 -0.65794194
248.6808 -0.6469033
243.9558 -0.63484097
239.4224 -0.623032
235.4613 -0.61416066
232.20409 -0.602933
225.72165 -0.57481647
222.01659 -0.54291743
221.58643 -0.5128627
225.32945 -0.48739466
230.17552 -0.4617049
235.80907 -0.44436544
241.73312 -0.42818078
248.1008 -0.40847677
252.61555 -0.40000015
256.10492 -0.39002436
263.16534 -0.37493652
266.99292 -0.36194533
270.49164 -0.3532363
274.3778 -0.34019992
278.71957 -0.33023614
282.08963 -0.3192962
287.83957 -0.30175316
293.66766 -0.2849239
298.49673 -0.26630053
304.82257 -0.24369106
310.6836 -0.22580078
315.83966 -0.20906176
318.75415 -0.19116412
319.82294 -0.17195642
320.82367 -0.15243153
319.71072 -0.12779392
319.22552 -0.115362994
318.4027 -0.090362564
317.82715 -0.06748815
317.5479 -0.052902937
316.37985 -0.027664594
313.26846 -0.0051223873
309.33768 0.01675983
302.647 0.037095826
294.86166 0.052161984
288.94028 0.0671413
283.45 0.08960435
279.09125 0.112582624
278.5398 0.13095498
280.5004 0.15463167
283.30203 0.17456007
286.6807 0.20046964
292.2455 0.2244413
295.1225 0.23621939
301.91266 0.2580614
309.27634 0.2718966
318.94983 0.28946623
323.19678 0.29851833
330.3928 0.31724402
337.67096 0.33508214
344.13205 0.35321105
350.68106 0.3706119
357.3325 0.38737005
364.50302 0.40609995
369.7672 0.4236441
373.5988 0.43960232
375.37988 0.45566916
376.27023 0.46641186
375.19507 0.4828029
374.90836 0.49829492
375.58194 0.5179468
373.8942 0.53670746
370.18875 0.5553255
366.37326 0.56825864
363.2959 0.5801901
360.84393 0.5913864
357.8427 0.60378927
353.6168 0.62594855
350.95044 0.638511
348.17532 0.65161186
344.03546 0.6645272
340.26364 0.6740752
336.83514 0.68606156
332.893 0.6988219
329.2365 0.70909935
324.67264 0.721223
320.22464 0.73350227
315.10718 0.74391913
310.0486 0.7546071
305.0229 0.7656602
300.9415 0.7752375
295.94904 0.7870531
291.00046 0.7992704
287.2348 0.81175226
283.82297 0.82451046
278.456 0.84559625
275.7387 0.8667816
274.84998 0.8876435
277.09564 0.9216568
279.2415 0.93624824
281.773 0.94828856
288.23502 0.97600967
292.27966 0.98619944
295.9052 0.9983068
298.4996 1.010989
303.7554 1.033311
309.12408 1.0547034
312.04626 1.0645489
316.96686 1.0838623
319.52972 1.100416
320.21674 1.1191195
319.95404 1.1429998
317.8251 1.1674591
317.00125 1.1902202
313.1861 1.2127134
308.7821 1.2348986
307.05527 1.2492952
305.01404 1.2615498
302.56204 1.2763125
300.25916 1.2905337
296.99255 1.3048071
293.9731 1.3168762
290.80524 1.3318176
287.78146 1.3462095
283.92438 1.3584123
275.07642 1.3744669
270.41644 1.3853043
265.75165 1.3973546
260.4747 1.4091059
255.70099 1.419036
250.46333 1.431004
244.94237 1.4443895
239.537 1.45824
234.11772 1.4728681
229.64194 1.4849576
224.90811 1.5019108
224.90811 1.5019108
