Stilus
23
12.55016 1.610596
23.211962 1.9141558
29.070627 1.967989
34.20758 2.000951
40.833843 2.0345216
46.44693 2.0460942
53.1342 2.0445123
59.667603 2.042451
66.548615 2.0424964
74.8437 2.0309737
80.92397 2.0450208
86.92092 2.051988
92.52102 2.0691717
98.603195 2.0816157
103.788734 2.067278
108.65508 2.0535197
114.3688 2.0546448
120.394585 2.0565667
127.800415 2.0699074
135.37796 2.0720463
144.62262 2.06963
153.5382 2.0675747
160.55374 2.0667617
166.75203 2.0723758
174.55899 2.0738037
179.77524 2.0657604
186.16972 2.0641336
193.53152 2.0670767
202.24794 2.0762293
207.69415 2.0891652
212.04153 2.1058445
216.87112 2.118288
222.50806 2.1251824
229.51128 2.1267402
236.17308 2.1241243
243.36674 2.1251466
251.83295 2.1323674
258.82312 2.1462193
263.65875 2.1535077
271.77512 2.160245
279.52948 2.163175
286.15536 2.160174
293.94144 2.1629486
302.1166 2.1676822
309.0131 2.1760442
313.4696 2.1895635
318.39407 2.2016327
322.51324 2.20857
327.5625 2.2160141
332.36868 2.2231972
338.11517 2.2314863
344.45642 2.240276
349.17444 2.2515724
354.35547 2.2615893
359.09296 2.2721517
363.20087 2.2812304
367.1931 2.2896547
371.6411 2.2991974
374.8479 2.3087368
376.43033 2.3211663
379.07642 2.3381636
377.9538 2.3554213
376.57535 2.369969
375.24866 2.3817806
371.47763 2.3929906
367.20255 2.4015665
363.17838 2.4137828
358.72928 2.4278138
355.1609 2.439493
348.79385 2.4445422
343.85992 2.4525597
337.36658 2.4622324
330.25012 2.4694614
322.90244 2.4820504
318.2955 2.490522
310.5514 2.4927506
302.51477 2.5005233
294.3235 2.509453
287.58008 2.5180433
280.69604 2.5278053
274.90863 2.5340705
270.32953 2.5324543
264.33603 2.5304108
256.76413 2.533517
249.60753 2.5379415
242.11902 2.5466065
235.44589 2.558201
228.95074 2.5695636
222.32985 2.5743663
216.00018 2.570813
207.9807 2.568834
200.01219 2.5729172
193.88196 2.5771067
185.2937 2.5796964
177.36934 2.5847597
168.7764 2.588023
160.44719 2.5924375
153.29681 2.5811524
146.01288 2.5801327
138.18478 2.5786498
130.2644 2.585453
121.06175 2.5868373
116.605995 2.5833528
108.66194 2.5918458
100.31305 2.5992815
92.24647 2.5972638
85.88547 2.5794744
78.053696 2.576834
70.0001 2.5715978
62.597504 2.5714679
55.521435 2.5733197
47.504185 2.568431
39.454655 2.5574229
32.06189 2.5544481
25.425924 2.5220282
18.694159 2.4762151
12.410242 2.264435
15.036745 2.7638676
21.061342 2.8256083
27.301512 2.861623
33.09731 2.9116335
37.969807 2.941574
44.8008 2.9497216
51.9974 2.9420567
57.92358 2.9585786
64.815346 2.978224
71.89108 2.9803612
77.16487 2.981354
83.884895 2.9915369
89.807175 3.0015
95.65106 3.0182354
103.56797 3.029927
110.73015 3.037177
118.44568 3.044001
126.32931 3.058049
134.23314 3.0704434
142.20036 3.074436
149.17273 3.0775793
153.76537 3.0794935
158.12086 3.0812063
166.12567 3.0841193
174.08688 3.0867503
181.97516 3.0988495
190.88564 3.1125364
198.84563 3.1187265
206.82388 3.124441
215.79439 3.1344156
220.51025 -3.1406322
224.77458 -3.1317136
229.01654 -3.1221757
233.85269 -3.1107514
241.98888 -3.0952644
246.8156 -3.0880997
251.183 -3.0810182
256.26163 -3.0744677
260.3412 -3.0716264
266.5586 -3.0619524
273.78964 -3.0522413
281.945 -3.0477157
289.9619 -3.0476463
294.839 -3.0424614
299.30707 -3.0371623
307.68765 -3.0269482
315.801 -3.0176096
321.1725 -3.013175
325.50095 -3.0085435
333.97214 -2.999846
339.27185 -2.9939446
344.83908 -2.9845576
349.72934 -2.978153
354.95294 -2.9734452
360.46408 -2.9605217
366.78323 -2.9463475
372.06793 -2.9305813
376.50992 -2.9140952
378.48764 -2.8950312
374.37793 -2.876367
370.18787 -2.8592653
366.83014 -2.8401575
365.35168 -2.823875
365.3253 -2.8007793
361.75836 -2.7795968
356.53482 -2.7650065
350.7988 -2.7523875
344.4538 -2.744084
340.7483 -2.7395136
337.0691 -2.7348673
332.70474 -2.7292101
328.84393 -2.7240682
324.2827 -2.71782
319.42703 -2.7135754
314.36203 -2.7105458
306.5496 -2.7095885
299.88422 -2.7054749
295.25983 -2.7031298
289.59396 -2.700658
283.635 -2.695571
277.43762 -2.6919718
272.22067 -2.687713
264.29245 -2.688916
259.37924 -2.692573
249.12369 -2.694977
243.76176 -2.6935225
235.23036 -2.6902947
227.52611 -2.6798213
221.18571 -2.674455
215.04997 -2.6612425
208.86813 -2.645758
201.8051 -2.6380694
197.42824 -2.6361024
193.33649 -2.6316292
186.06938 -2.6330204
177.35852 -2.6313856
172.0122 -2.6273425
166.67805 -2.623043
160.68294 -2.616053
156.02072 -2.613563
147.95653 -2.6130853
138.54878 -2.6151514
130.02287 -2.6056347
122.275215 -2.5848067
113.91736 -2.5700774
106.964005 -2.563988
99.43343 -2.5588443
91.84353 -2.5576818
84.01778 -2.5529885
79.009186 -2.5564365
71.606926 -2.555063
64.39521 -2.5552785
57.38068 -2.5575485
51.318405 -2.5256724
45.329517 -2.513222
38.324234 -2.5090685
30.506353 -2.5248332
22.984522 -2.5992675
17.048523 -2.740335
11.844055 -2.9831228
14.819305 -2.5725923
22.80395 -2.364413
30.612167 -2.293233
39.699333 -2.2856185
45.26871 -2.2665036
50.537594 -2.2369843
56.3131 -2.2240415
60.90532 -2.2078497
65.31912 -2.1960125
69.7438 -2.1856685
74.16945 -2.1765702
83.856476 -2.1546695
89.13729 -2.1424623
94.409225 -2.1316426
103.85363 -2.131402
112.18712 -2.1455777
121.55749 -2.1467583
126.58449 -2.139565
132.3115 -2.1384916
138.57443 -2.1271555
143.19241 -2.1234381
147.665 -2.1207302
157.43765 -2.112504
162.73936 -2.1071975
168.7295 -2.0998964
174.93994 -2.092429
180.2217 -2.088277
184.91043 -2.0863395
189.37985 -2.0851095
194.98167 -2.07608
201.09178 -2.069321
207.37813 -2.0639038
213.57133 -2.0588834
218.95042 -2.0562189
223.57231 -2.0553372
228.06187 -2.054922
233.73674 -2.048054
239.87727 -2.0431468
245.76627 -2.0365012
251.26225 -2.0334566
256.18878 -2.0282412
265.22678 -2.0207598
270.77777 -2.0149624
276.6139 -2.0080466
282.16956 -1.9997246
286.6736 -1.9925511
290.58017 -1.9865271
296.96634 -1.9770533
303.06488 -1.9719898
310.98352 -1.9612126
315.5809 -1.9552246
319.49652 -1.9502715
323.23727 -1.9456604
329.7498 -1.9379011
335.75546 -1.931032
341.9158 -1.9242541
347.81958 -1.9118981
351.44122 -1.9052322
357.24118 -1.893694
361.00723 -1.8791583
363.11765 -1.8606663
366.27274 -1.8441405
367.40393 -1.8317826
367.2682 -1.8172382
366.29013 -1.8063895
363.10968 -1.7898781
358.87363 -1.7752364
356.6923 -1.7622299
351.7107 -1.7447447
346.78082 -1.7297375
340.3543 -1.7180086
332.77863 -1.7084453
324.34476 -1.6996472
318.67078 -1.68933
310.49762 -1.6795003
302.22568 -1.6717597
298.06006 -1.6672113
293.9423 -1.6643718
285.81857 -1.6600207
278.67963 -1.655117
270.5309 -1.650254
262.47867 -1.6450635
258.39774 -1.6423631
254.31224 -1.6404512
246.22571 -1.6346562
242.1534 -1.6306367
238.09167 -1.6274567
233.33069 -1.624327
228.34184 -1.6211177
223.2423 -1.6177889
218.95293 -1.614144
214.88626 -1.6103129
207.68018 -1.6116849
199.92117 -1.6132728
190.95943 -1.6152674
186.93987 -1.6162243
182.93367 -1.6172199
175.91327 -1.6133906
170.71051 -1.6146896
164.70563 -1.6117167
158.68289 -1.6117188
150.96198 -1.613813
146.92188 -1.6149967
140.66339 -1.6098579
133.9019 -1.6118314
127.923294 -1.6137503
121.932816 -1.6158621
114.99023 -1.618585
110.92455 -1.620338
104.729546 -1.6232711
99.73656 -1.6183947
92.95436 -1.6084112
88.87169 -1.6014215
84.85962 -1.6002239
75.87057 -1.6037117
71.8626 -1.6055481
66.665184 -1.6082587
58.158176 -1.6137418
52.974213 -1.63244
47.174187 -1.6449649
42.11665 -1.6777127
37.245205 -1.7127324
29.104275 -1.8581389
24.94821 -1.9609311
21.61234 -2.0774183
17.097677 -2.3073857
13.279702 -2.6157491
10.689413 -2.9970295
8.461008 -2.15945
15.04927 -1.6174456
20.239073 -1.5461193
28.119965 -1.48905
36.560654 -1.3979201
45.00771 -1.3626902
52.454685 -1.3536866
59.74712 -1.3293366
65.57831 -1.3010123
73.170135 -1.2757101
81.02606 -1.2536767
88.91712 -1.2355415
94.034195 -1.2194068
99.42045 -1.1867238
105.97117 -1.1606501
113.81718 -1.1349322
121.75192 -1.1273327
130.2227 -1.1157403
137.98495 -1.1029536
143.12097 -1.0818503
149.22452 -1.0595868
156.40309 -1.0410981
164.33975 -1.0329362
173.57565 -1.0312154
183.4367 -1.0265158
191.5539 -1.0092521
201.86777 -1.0005635
212.9511 -0.9892154
223.01666 -0.9857563
232.77417 -0.9784199
242.30434 -0.97019625
252.85118 -0.9652534
262.6227 -0.95850146
272.3736 -0.9522538
281.44458 -0.944792
289.1353 -0.93756676
294.95218 -0.923375
302.34973 -0.91201353
310.84772 -0.9039626
318.37756 -0.9033853
326.47748 -0.8965578
335.39468 -0.89102906
339.63528 -0.8859343
344.49255 -0.8824487
352.57004 -0.86894596
356.00482 -0.8619106
359.41855 -0.85513276
362.63782 -0.84498125
366.10495 -0.830318
367.45166 -0.8150912
366.7344 -0.7943702
366.03406 -0.77311736
364.1908 -0.75524527
362.89563 -0.73927313
360.5416 -0.72375643
357.3561 -0.7093308
353.47308 -0.69643563
349.51205 -0.68277067
345.76083 -0.66931856
342.07028 -0.65556157
338.59412 -0.6458049
334.0232 -0.6337324
329.06134 -0.6221586
322.01178 -0.6074226
318.9164 -0.5989095
315.01523 -0.5919945
308.17117 -0.5865155
301.7318 -0.5857643
293.43262 -0.58003634
288.71716 -0.57409656
280.4558 -0.55941594
270.2992 -0.54807097
260.24374 -0.5435853
254.39847 -0.54366
248.39563 -0.54062337
242.69754 -0.5354875
237.22 -0.5295834
230.30132 -0.5185316
223.45505 -0.51013815
216.2236 -0.50655955
209.42091 -0.5078839
203.63954 -0.5069632
197.64677 -0.50665075
185.5686 -0.49987882
178.00111 -0.49053624
171.17767 -0.48046985
164.1562 -0.47377667
158.55467 -0.46355188
153.51929 -0.4562676
143.74399 -0.44331795
134.94556 -0.42141658
129.27219 -0.4046317
122.42453 -0.3931245
116.0179 -0.36998472
110.84312 -0.35640055
101.10963 -0.32169032
96.56633 -0.31241325
91.921036 -0.2972998
81.85167 -0.26825243
76.31103 -0.23738088
70.74143 -0.21262364
62.59137 -0.13980792
55.014004 -0.049206104
48.123104 0.08390728
44.38367 0.14243595
38.83227 0.2416103
33.4268 0.3208446
27.797516 0.38896775
22.145664 0.4961219
26.435877 0.32907942
33.862297 0.22467387
40.58061 0.1674418
47.430202 0.13843101
54.38842 0.12062789
61.3444 0.10689389
66.29596 0.098882936
71.26295 0.091970615
75.249886 0.08708506
79.243095 0.08268639
87.21738 0.0751114
95.24892 0.0792874
103.29644 0.08280155
111.26083 0.0768622
118.18272 0.06567682
124.3613 0.06070026
130.35818 0.057904653
136.44002 0.06845899
143.27263 0.073644795
150.22629 0.07023018
157.16728 0.060753193
163.35818 0.058448114
170.20963 0.0665191
177.18431 0.06518146
183.42223 0.06296175
190.18893 0.06071883
197.17204 0.058565885
203.35193 0.056784112
210.09944 0.05495858
217.1166 0.053180628
223.32747 0.0551362
230.14348 0.05886437
237.2488 0.064589165
243.58998 0.071138546
251.5714 0.080843136
260.75137 0.0894701
264.94788 0.09568545
271.53854 0.1081731
276.7408 0.114164494
285.03378 0.12771605
292.3721 0.13558215
299.677 0.14159569
307.90884 0.14440079
314.33624 0.1478608
322.60425 0.15652609
329.26978 0.16322947
336.5561 0.17104225
343.3838 0.1794605
349.0231 0.1881724
354.668 0.19656897
360.37512 0.20477113
367.12613 0.21266985
373.44257 0.22713734
375.9322 0.2412671
376.97678 0.252282
373.67014 0.26892683
369.34598 0.28394163
366.33365 0.29916203
363.0338 0.31132975
359.0655 0.32443523
355.16525 0.33327332
350.28333 0.3389224
344.6426 0.34469804
340.88046 0.34866336
335.49362 0.35450634
327.97952 0.36299992
322.38083 0.36960465
316.79724 0.3764419
311.2223 0.3835328
306.7143 0.39257988
301.6279 0.40359512
296.12857 0.41153908
290.64017 0.4197961
285.1794 0.42835912
278.89932 0.43076563
272.61664 0.43329003
267.25674 0.43432918
263.626 0.4407273
258.6012 0.4499122
254.43593 0.45345995
246.35225 0.46043885
241.11717 0.46309382
232.85056 0.46160942
227.03603 0.45957145
218.77644 0.4528059
209.8665 0.45233765
201.68295 0.45968646
195.22337 0.4646505
188.96425 0.46942967
183.17825 0.47936067
176.35046 0.49959356
172.83842 0.5107176
165.54332 0.5302826
161.57608 0.5374612
154.57599 0.5401119
146.30405 0.54516256
136.57889 0.54440194
131.35667 0.55102605
126.16557 0.557343
121.51384 0.5618036
113.4685 0.5648157
106.27704 0.56322014
98.21326 0.5668358
92.0014 0.5811906
84.63006 0.5994109
77.40398 0.600493
70.7877 0.61335814
66.57059 0.63557726
60.667507 0.66678697
56.3756 0.704725
51.107185 0.7416454
45.40826 0.798443
39.142574 0.8546523
34.981407 0.90584487
38.5696 1.0414735
43.797115 1.0642154
52.135197 1.0434605
59.85492 1.0217799
68.41523 1.0128485
77.85905 1.0128174
85.29498 1.0158209
90.69559 1.0138669
95.337204 1.0160776
101.497826 1.0304615
107.66459 1.0431902
116.08819 1.0555582
125.02492 1.0592624
130.96962 1.0477843
139.16328 1.0255536
146.89055 1.0176578
154.95659 1.0194439
162.48535 1.0262845
166.43585 1.033596
171.31311 1.0422331
175.83017 1.044079
181.71655 1.0565137
187.65082 1.0742927
196.00038 1.0812378
204.11728 1.0901062
210.34616 1.094833
218.66031 1.1002879
223.6126 1.1064371
229.24762 1.1138217
234.80844 1.115992
239.47026 1.1162481
244.70457 1.1211185
251.1817 1.1219034
257.17795 1.1239243
263.2339 1.1265517
268.37973 1.1315557
274.05017 1.1372157
278.2623 1.1403311
282.6494 1.1426442
290.53503 1.1474687
295.50006 1.1513288
300.78125 1.1591451
305.58347 1.165996
309.8845 1.1746621
316.25912 1.1838275
324.7706 1.1911759
328.39124 1.1980747
332.9925 1.2042226
337.3725 1.2092022
341.0528 1.2164048
345.71896 1.2244672
350.49023 1.2373182
355.2475 1.2449298
359.5019 1.2550417
364.0323 1.2621349
370.77673 1.2763866
374.2709 1.2826264
378.22083 1.2960895
380.5646 1.3106823
380.78586 1.3218913
379.56143 1.337301
378.21832 1.3527335
373.26175 1.3662131
364.08585 1.3833375
358.62933 1.3889405
354.1555 1.3952359
345.54825 1.4032068
338.7692 1.4117895
328.84494 1.4161716
322.63672 1.4216472
316.15125 1.4283775
310.58038 1.4355346
303.12097 1.4514078
296.69827 1.4630735
290.40692 1.4718598
284.19394 1.4802365
277.9798 1.4854988
272.64725 1.4911389
267.49762 1.4971194
261.65292 1.499307
255.5823 1.5053797
248.42111 1.5116217
242.38106 1.518322
236.5466 1.5251317
230.59952 1.5324422
222.33319 1.5406319
213.493 1.5487531
205.27473 1.5527306
198.49043 1.5531843
190.31552 1.5576762
181.4938 1.5625417
172.54346 1.5679021
166.11195 1.56779
159.86115 1.5716771
152.28458 1.5740755
144.33138 1.5742562
136.30267 1.5744599
130.09502 1.5746348
124.38424 1.574811
118.19136 1.566571
112.09827 1.5574315
105.101135 1.5565416
99.1146 1.5657578
93.41704 1.5580819
85.48176 1.5532696
77.36961 1.5514318
69.35084 1.5491923
62.165943 1.546695
56.157925 1.5441159
51.442413 1.5416696
45.166393 1.5376209
39.161053 1.5325311
32.16784 1.5242069
26.195951 1.5135754
21.040403 1.499533
16.99931 1.4825525
10.889477 1.3751079
10.889477 1.3751079
