Mouse
14
303.5855 1.7228498
304.21707 1.735847
305.07846 1.7520143
304.8435 1.7655125
302.91733 1.7836239
301.09174 1.8019612
300.3377 1.8196929
300.64334 1.8366315
299.7965 1.8512584
298.94687 1.8765395
299.22556 1.8902937
299.56073 1.9040198
298.07214 1.9199939
298.52924 1.9337308
298.11282 1.9486568
298.1472 1.9667199
297.878 1.9816993
298.58667 1.9953189
299.77603 2.011892
299.25406 2.0312824
299.7324 2.0491924
299.8317 2.064107
300.4855 2.0819154
300.73093 2.09677
301.04257 2.1115973
301.42026 2.1263907
301.5651 2.1457253
300.99448 2.1668942
300.3259 2.1927764
300.8571 2.2120943
301.6795 2.2266858
301.78287 2.2432535
301.70993 2.2691364
301.92886 2.2903397
301.60944 2.3090556
302.0835 2.330211
301.27805 2.3512676
300.63318 2.3771312
298.71426 2.3985815
298.25903 2.4152632
297.35052 2.439285
297.0986 2.4560862
296.0525 2.4877012
295.44907 2.5073113
295.20337 2.5317152
295.41373 2.548632
294.08505 2.5740745
293.65506 2.5892222
294.00027 2.6137366
293.74722 2.6289303
293.96686 2.6487594
294.28937 2.676149
294.3153 2.6913445
293.9891 2.7096186
293.36078 2.7310483
294.17276 2.7507043
294.16614 2.7690108
294.6065 2.7841284
294.77975 2.8023932
295.05118 2.82063
294.76688 2.834578
295.21115 2.8527715
295.05917 2.8667324
295.67554 2.8848448
295.92197 2.9094431
296.5548 2.9306858
297.5111 2.9485278
298.73755 2.9629538
299.705 2.9838421
299.95035 3.0008292
301.15305 3.0214887
301.6943 3.0350492
301.2952 3.0482504
301.79257 3.0683553
301.46796 3.084897
301.18756 3.1047873
301.0669 3.1180649
300.99078 3.1346729
300.9977 -3.1319005
301.11566 -3.1119742
301.30518 -3.0953863
301.57748 -3.0788238
301.01663 -3.0587208
300.57788 -3.038551
301.0156 -3.025333
300.77972 -3.0051322
301.3499 -2.9919817
301.14944 -2.9750683
300.85437 -2.9614055
301.20795 -2.937945
301.06577 -2.924261
300.98 -2.9105668
300.47302 -2.8896034
299.5654 -2.8750072
299.19232 -2.843342
299.11053 -2.8222017
298.55664 -2.7967834
298.9957 -2.783062
299.4909 -2.769383
298.57007 -2.750128
297.76056 -2.7307608
297.48184 -2.7082405
297.38 -2.6932082
296.46246 -2.669119
297.41953 -2.6556127
297.15927 -2.6360183
296.1485 -2.614704
294.7531 -2.5961487
294.3057 -2.5792403
293.10632 -2.5604177
291.1869 -2.5395076
290.20905 -2.5203407
287.93915 -2.5017602
286.99875 -2.4773805
286.23 -2.452855
286.49966 -2.43542
287.43906 -2.4105048
288.6009 -2.3906655
289.89978 -2.3758707
291.26154 -2.361211
293.3865 -2.349124
294.89478 -2.3299744
297.1854 -2.3135111
298.1436 -2.297025
298.64514 -2.273387
299.7989 -2.2571278
300.5806 -2.2337162
301.92572 -2.2177305
303.79486 -2.1926908
304.76675 -2.174376
306.12436 -2.1516562
308.4871 -2.127431
310.16708 -2.1052256
309.76495 -2.0836222
309.03732 -2.0591197
307.6135 -2.0432396
304.92993 -2.0257175
304.5769 -2.0080845
302.90463 -1.9961214
300.61322 -1.9705048
297.95895 -1.9488618
295.79678 -1.930009
295.35522 -1.9161397
293.38174 -1.8861157
293.1208 -1.8720838
292.08194 -1.8481792
291.46338 -1.8274393
291.44446 -1.8132926
290.8194 -1.789099
290.36526 -1.7648153
291.06854 -1.7398899
291.25742 -1.722389
291.5354 -1.7049162
292.0203 -1.6908832
293.35254 -1.6697589
293.81754 -1.6491003
294.52966 -1.6352949
294.20386 -1.614942
295.02527 -1.5978603
294.92392 -1.5775222
295.9445 -1.5572244
296.12222 -1.5335854
296.298 -1.5200945
296.59344 -1.5032573
296.97278 -1.4864583
297.53827 -1.4663632
297.9818 -1.4530122
297.89523 -1.4292802
298.48566 -1.4160128
297.15677 -1.4016746
296.87277 -1.3878257
297.04343 -1.3673499
295.92444 -1.3527457
295.33676 -1.3314443
295.34235 -1.3174837
294.4411 -1.3026292
294.56555 -1.2886354
294.08563 -1.2704113
294.3427 -1.2564244
293.71094 -1.2413669
294.7668 -1.2210075
294.65057 -1.2027386
295.39215 -1.1781899
296.02673 -1.1644127
297.95337 -1.1415038
299.57437 -1.1144403
301.3585 -1.1025252
301.8782 -1.084754
302.01144 -1.0699494
302.33524 -1.0477749
301.6217 -1.0193856
300.60553 -0.9936674
300.31534 -0.9770542
301.25903 -0.9549733
301.16214 -0.93837655
300.77676 -0.9124571
302.14624 -0.890673
302.3706 -0.87414736
301.16763 -0.8533061
300.8367 -0.83454466
301.29813 -0.8133314
300.49344 -0.7969308
299.82108 -0.7662957
299.2498 -0.7497122
298.76108 -0.73307
298.4563 -0.7116507
297.5182 -0.6923375
295.9104 -0.6750156
295.97794 -0.65338016
295.37747 -0.633764
295.46848 -0.6168418
294.25415 -0.5990485
293.6839 -0.5839596
292.95447 -0.5612247
292.0346 -0.54308385
290.85034 -0.5295326
290.59015 -0.5141756
290.39865 -0.49879462
289.81247 -0.48034188
290.22095 -0.46028537
290.7458 -0.44029322
291.3864 -0.42038107
292.14203 -0.4005641
293.38495 -0.3840213
294.70746 -0.36762258
296.10852 -0.35137466
295.36945 -0.33431488
295.97946 -0.3193309
296.35745 -0.30119273
294.6332 -0.28174394
294.51047 -0.26775306
293.94974 -0.24716724
292.99677 -0.23392972
293.20386 -0.20580323
293.39426 -0.19176044
292.4825 -0.17497796
292.7998 -0.16093032
292.8886 -0.14016084
293.10367 -0.11941289
293.4447 -0.09870426
294.07394 -0.08483291
293.56372 -0.06107151
294.3456 -0.04729959
295.12262 -0.026830155
295.04242 -0.013277248
295.01642 2.8053919E-4
295.04468 0.013838223
295.15622 0.030777594
295.30637 0.044316847
295.57007 0.061217505
295.84174 0.07471333
296.16718 0.08818194
296.86554 0.111672185
297.59393 0.13170964
297.15616 0.14549638
298.08517 0.1654135
297.96573 0.18251835
298.71765 0.19568688
299.72998 0.21205091
300.59726 0.22506006
301.51514 0.2379922
302.48312 0.25084367
303.50076 0.2636111
303.60556 0.2771896
303.7663 0.2907563
303.6361 0.31157717
303.93835 0.32511312
303.6878 0.3428194
302.5971 0.36171523
303.4729 0.3782919
302.58643 0.3973107
302.7248 0.4150981
302.5407 0.42986315
302.4227 0.44464296
302.3708 0.45943105
302.4169 0.48161465
302.5303 0.49639526
303.20016 0.51403815
303.45828 0.52875715
303.78204 0.54344803
303.01028 0.5643994
301.82074 0.582687
302.1233 0.6019709
301.14285 0.62044144
300.0628 0.6436889
299.31625 0.6623998
298.04626 0.6785913
298.1397 0.7000697
296.9592 0.72122085
295.9126 0.7425311
295.72418 0.7616435
296.3486 0.7831704
297.08594 0.7998374
297.95264 0.8211615
298.87677 0.83762825
299.88147 0.85398906
299.55676 0.87063634
300.72214 0.88683665
300.56143 0.9034593
300.67703 0.92475605
300.7059 0.94138426
301.63647 0.9599115
301.8409 0.9764685
300.74423 0.9939677
301.11868 1.0105363
301.05945 1.0299019
301.11316 1.0492678
300.40356 1.0670171
300.25742 1.0819
300.1778 1.0967941
299.723 1.1146837
299.79004 1.1296015
300.01562 1.1519572
299.46872 1.1729785
299.4239 1.1909618
300.4114 1.2101232
300.5664 1.2280374
300.81778 1.2459273
301.46896 1.2606196
302.56708 1.2825319
302.14703 1.2993389
303.03308 1.3138256
302.77225 1.3306377
302.59717 1.3474739
303.6927 1.3617771
302.5046 1.381181
302.58725 1.3980327
302.60205 1.4181349
301.88217 1.4345058
302.3572 1.4480623
301.89362 1.4612128
302.47772 1.4747195
302.12027 1.4878986
302.7452 1.5046316
302.45578 1.5211276
302.24878 1.5376506
302.14267 1.5508825
303.08948 1.5641434
303.08926 1.577341
303.1418 1.5905361
303.24716 1.6037245
303.50394 1.6234843
303.74084 1.6366354
304.11075 1.653042
304.66235 1.6726706
305.0951 1.6857136
305.84116 1.7052035
306.55124 1.7213676
306.55124 1.7213676
