Finger
9
303.37952 1.8871489
301.12177 1.9117017
299.88824 1.9316279
299.83063 1.9495304
299.77667 1.9669092
300.30206 1.9814504
301.01105 1.9949661
302.2452 2.0194144
303.48108 2.0425053
303.86777 2.0715544
304.45285 2.088489
304.55884 2.1073117
304.59042 2.12645
304.85513 2.1460176
304.55115 2.1624277
304.37253 2.1916716
305.17154 2.2174473
304.74185 2.2518303
305.47266 2.2698698
304.59235 2.2906911
304.20782 2.3138924
303.86703 2.332871
302.52774 2.366094
302.69833 2.4030128
302.6728 2.4381135
302.54697 2.4589896
302.69803 2.4796827
302.5171 2.4967327
302.59625 2.5256677
302.37036 2.5500748
301.99933 2.5760162
301.21515 2.6057367
301.5774 2.6367772
302.2283 2.6680417
302.2163 2.6828697
301.8425 2.7006142
301.2318 2.7209318
301.80402 2.7397237
301.9183 2.757789
301.94925 2.7754893
302.3439 2.7908235
302.61923 2.8081207
302.2283 2.8224587
301.5886 2.841831
300.83347 2.8618448
299.49445 2.8778546
299.19614 2.8948898
298.0084 2.911248
298.05823 2.9256546
297.82544 2.942583
296.91373 2.9619339
296.89044 2.9823394
296.11536 2.9995608
296.338 3.0195076
296.58154 3.0366356
296.28143 3.0534425
296.87778 3.0705938
296.55515 3.0880287
296.3307 3.104771
296.18872 3.1216524
295.13245 3.1385365
295.15945 -3.127727
295.27026 -3.110887
294.5099 -3.0909505
293.95267 -3.0669239
293.38513 -3.0492384
292.89832 -3.031842
293.48593 -3.0149646
293.17197 -2.9975865
293.24664 -2.977491
294.11362 -2.957401
295.10425 -2.940178
295.3464 -2.9202318
296.47903 -2.9038517
296.7454 -2.8864787
297.06366 -2.8695936
297.5121 -2.852233
298.18045 -2.8355153
298.82782 -2.8178825
299.459 -2.8015046
299.28818 -2.783776
299.21896 -2.7655756
298.14133 -2.7490413
296.79752 -2.7183003
295.69186 -2.6868684
295.47476 -2.6712692
295.29984 -2.643363
295.13034 -2.6167433
295.78644 -2.598215
296.02853 -2.578974
295.65643 -2.550043
295.89923 -2.5250306
296.401 -2.505443
295.4331 -2.4817483
294.02228 -2.4562647
293.11945 -2.4260254
293.48203 -2.4063618
294.59402 -2.3774343
295.4001 -2.3505263
295.9397 -2.3242333
296.24835 -2.3004234
295.63663 -2.2763934
295.54813 -2.2483177
297.54276 -2.2277312
300.14813 -2.2035663
300.2939 -2.175584
300.54803 -2.1468904
300.08752 -2.119491
300.45782 -2.09554
301.4826 -2.0745478
301.81305 -2.048517
303.49405 -2.0227923
304.23322 -1.9970258
304.67236 -1.974077
304.60065 -1.9564419
305.36795 -1.9405724
304.4064 -1.918149
304.9075 -1.9031225
305.69333 -1.8819561
305.6084 -1.8586876
305.3504 -1.8291119
305.2791 -1.8150403
305.30753 -1.8015122
305.39343 -1.7880127
305.37952 -1.7720454
304.5693 -1.7585601
304.2879 -1.7386938
304.3976 -1.7155366
304.3404 -1.6890801
303.59372 -1.6661744
303.1621 -1.6499095
302.82022 -1.6340892
302.45016 -1.6103278
302.26837 -1.5897855
302.22086 -1.564001
301.37512 -1.538162
300.82053 -1.5217392
300.81628 -1.5075828
300.43103 -1.4808377
300.06134 -1.4598666
299.92657 -1.4362957
299.4729 -1.4064206
299.35822 -1.3895385
299.53442 -1.3651166
300.01944 -1.3423048
300.468 -1.3220819
300.2874 -1.3012967
300.02115 -1.280236
299.4905 -1.2526015
300.335 -1.2316608
300.5067 -1.2106736
300.48038 -1.1856791
301.1236 -1.1613588
301.8403 -1.1397904
301.78677 -1.1112671
301.52768 -1.0839139
301.2553 -1.0577345
301.65778 -1.0356137
301.3557 -1.0119574
302.0685 -0.9897723
302.9283 -0.9677266
303.11664 -0.944048
303.82135 -0.92426944
303.5451 -0.8986373
302.82678 -0.8754665
302.2009 -0.8486062
302.50146 -0.82172424
302.33035 -0.79949343
303.02512 -0.7738414
303.01627 -0.74996275
303.45505 -0.73073703
304.57172 -0.71001494
305.18292 -0.68694717
306.3814 -0.6670354
306.84988 -0.64654285
306.94437 -0.6247945
306.89264 -0.60193306
307.29504 -0.58057964
307.31665 -0.5612288
307.59857 -0.5378472
307.44714 -0.5193368
306.6191 -0.4994555
305.9844 -0.47464198
305.7584 -0.45305124
305.48376 -0.42831767
305.3762 -0.41141447
305.25653 -0.3938021
305.22934 -0.37604117
305.5667 -0.3607079
304.77704 -0.34427592
304.93265 -0.32326028
305.91946 -0.30423877
306.42032 -0.28415737
307.62668 -0.26526576
308.06277 -0.24469823
308.66345 -0.22507738
308.7573 -0.2076849
308.6011 -0.18873486
309.38434 -0.17103367
309.65533 -0.15130976
309.83118 -0.1324841
310.17236 -0.11524503
309.56403 -0.09679817
309.10178 -0.079931095
308.68243 -0.06065069
308.41992 -0.044480573
308.2178 -0.025846465
308.12686 -0.008817252
307.13138 0.00997584
306.2294 0.027050119
305.45233 0.046751674
304.7781 0.06573353
303.43777 0.083370395
302.19223 0.10943445
301.79504 0.12618415
301.35556 0.14650166
300.19714 0.16480015
299.09125 0.18235148
298.27908 0.20332293
297.54343 0.22358343
297.7858 0.24157788
298.26624 0.26132268
298.69623 0.2790601
299.15533 0.29603457
299.04968 0.31705
298.76422 0.33508834
298.77902 0.35283315
299.67438 0.37224102
299.77203 0.39094916
299.3596 0.4132698
299.47296 0.4304073
299.11533 0.44947204
299.19055 0.46518058
299.2811 0.48753467
299.7872 0.5046633
300.11862 0.52032584
300.91562 0.538045
301.27985 0.55285776
301.37866 0.5726641
300.5669 0.59779096
301.39557 0.61923945
301.8569 0.639561
302.97632 0.66485786
303.75497 0.6838793
304.04065 0.7054987
304.38068 0.7224743
303.97385 0.7497029
303.80997 0.77177215
304.33154 0.7933781
305.19183 0.81874555
305.1146 0.8396386
306.1816 0.86544305
306.05362 0.88631904
306.2319 0.9117215
305.9663 0.93049014
305.89124 0.95161337
305.89578 0.9744445
305.78305 0.9986996
306.5075 1.019481
307.2137 1.0473002
307.76715 1.0706979
307.71762 1.0917567
308.4799 1.1157725
308.78638 1.1439023
307.93033 1.1683518
307.89966 1.1919467
306.6561 1.2207428
306.36942 1.2429702
306.8357 1.2699927
306.34717 1.2864355
306.65295 1.3104436
307.40842 1.3369182
307.69186 1.3513879
308.0149 1.378097
309.3163 1.4043545
309.62405 1.4184529
309.92755 1.4339108
310.37283 1.455415
310.75977 1.4741089
311.29218 1.4912405
311.88446 1.5099233
312.5347 1.5325391
312.34546 1.5549029
312.31418 1.5780296
312.45874 1.602066
311.86124 1.6157105
311.8845 1.63167
312.15387 1.6444824
311.85028 1.6703049
311.60992 1.6856412
311.88226 1.6993597
311.53842 1.7149042
311.2934 1.7309464
310.46243 1.7486368
310.39197 1.7651837
310.42285 1.7815297
310.47412 1.8005757
310.29254 1.8279042
310.13608 1.8850302
310.13608 1.8850302
