Mouse
25
14.141873 1.5425471
19.203049 1.6542422
24.275925 1.6781272
29.357859 1.6937495
35.32023 1.672914
41.293503 1.6581014
46.36504 1.6701845
50.346863 1.6623012
56.414913 1.6702344
60.39646 1.6636596
66.46479 1.6702694
70.44614 1.6646304
74.42948 1.659595
78.50503 1.6677644
84.478836 1.6608881
89.55019 1.6669863
93.53249 1.662879
98.60472 1.6683149
104.57784 1.6627287
108.56158 1.6593462
112.546455 1.6562032
118.525696 1.6518849
124.50693 1.6479815
128.49539 1.6455812
133.48193 1.6427824
137.47188 1.6406897
146.45125 1.636398
151.38074 1.627641
157.37141 1.6254749
162.31429 1.6176397
172.22733 1.6033205
178.19563 1.5966166
185.17125 1.590242
190.154 1.5844728
196.14276 1.5789566
201.13713 1.5737821
208.14093 1.5640727
212.14981 1.5594859
217.16284 1.5551418
222.20184 1.5464942
226.22676 1.5425048
231.2888 1.5344725
236.32323 1.5310122
243.4522 1.5198425
248.49776 1.5168483
253.60422 1.5100366
262.71304 1.5045179
266.77148 1.5017707
272.89975 1.4959759
276.96417 1.4934549
282.10834 1.487756
286.17828 1.4854331
293.32663 1.4806743
297.40106 1.4785359
302.4724 1.4767668
308.5401 1.4753659
313.81323 1.4673676
318.9964 1.4627497
323.30667 1.4548589
327.6365 1.447176
333.10846 1.4371102
337.48145 1.4298799
341.87164 1.4228349
345.4464 1.4126623
349.2249 1.399876
352.87823 1.3901516
357.5463 1.3811562
362.2425 1.3723933
365.0087 1.3627294
369.7616 1.3543795
373.5648 1.3456459
379.5735 1.3357464
381.49506 1.32616
382.48358 1.3160132
382.80988 1.3027148
381.00497 1.2905053
377.92752 1.2715877
375.01135 1.2607993
370.56302 1.2541131
367.0799 1.2481309
362.3414 1.2437552
358.55573 1.2401714
355.1041 1.2338511
351.3315 1.230087
346.62296 1.2252669
342.86203 1.2213155
339.1066 1.2172765
333.83746 1.208244
330.10052 1.2039464
323.57605 1.1961869
317.99973 1.1892829
314.29083 1.1845442
308.74115 1.1772231
305.0508 1.1721945
299.92694 1.161357
296.26184 1.1559821
291.69284 1.1490737
288.4639 1.1402347
284.83386 1.1343733
281.21387 1.1283607
277.6043 1.1221915
273.10767 1.1142513
266.84244 1.1026863
261.50192 1.0923337
257.49243 1.0886289
249.48463 1.0808623
244.13239 1.0784533
237.50351 1.0682317
232.15933 1.0654075
224.6953 1.0520637
220.23009 1.0509456
214.8984 1.0474651
207.33795 1.0431248
202.01254 1.0392159
194.46017 1.0342675
188.28577 1.0271084
178.51859 1.0202047
174.06377 1.0179737
167.91356 1.0093473
162.6192 1.0033879
158.1718 1.0004596
154.27063 0.99191636
147.60893 0.9866911
142.33916 0.9790413
134.29942 0.97468626
129.8678 0.9701381
122.65731 0.9693941
117.40893 0.9593443
112.411606 0.9607696
107.989265 0.9547292
101.597855 0.958425
95.208015 0.96261686
88.82009 0.9674119
82.434525 0.9729498
76.88411 0.9866688
71.35041 1.0025192
62.761295 1.0096397
54.52112 1.0442542
48.197456 1.063872
43.24937 1.0796131
38.779125 1.076438
31.606813 1.0977733
26.692776 1.1295576
20.516985 1.2018335
13.568955 1.3175699
9.144958 1.5271065
5.483851 2.2870717
6.6019917 3.1209564
9.428616 -2.7193668
13.198913 -2.5033448
19.421124 -2.346612
24.386343 -2.319559
32.28918 -2.2626982
36.65929 -2.2350905
44.06359 -2.1907432
51.271534 -2.186251
60.414577 -2.1407754
64.8632 -2.1334581
71.54162 -2.124189
75.99681 -2.1189148
82.17227 -2.1016395
87.142395 -2.10809
94.696846 -2.0974727
101.39261 -2.0933053
107.22268 -2.0942793
113.91958 -2.090758
118.88307 -2.0959406
126.44714 -2.0887153
132.27669 -2.0897071
140.33894 -2.0897207
146.16861 -2.090578
150.63391 -2.0889122
155.59592 -2.092931
160.06061 -2.0912979
165.3948 -2.0867546
169.86098 -2.085378
177.43294 -2.0806792
184.13423 -2.0789955
195.30412 -2.0764458
201.52534 -2.0707068
212.69873 -2.0688012
221.63794 -2.067415
226.1077 -2.066763
233.22131 -2.0600219
237.69202 -2.0595407
245.28186 -2.05694
249.75288 -2.0565374
254.64552 -2.0508432
258.657 -2.0471306
263.56268 -2.0418036
267.58252 -2.0383506
276.07758 -2.0349905
281.89606 -2.0286334
290.8614 -2.0211244
295.8009 -2.0168107
304.36642 -2.007019
309.81494 -1.9988363
316.6048 -1.9925324
320.25848 -1.9874197
324.8371 -1.9811907
328.50882 -1.9763328
334.95245 -1.9680879
341.03964 -1.9574422
344.37585 -1.9503727
348.29868 -1.93972
351.67697 -1.9329661
356.60153 -1.9217598
360.9627 -1.9143959
364.0695 -1.9055222
368.78226 -1.8924937
371.95813 -1.8839923
375.16046 -1.8756355
378.38852 -1.8674208
381.35834 -1.8568317
384.0993 -1.8439021
384.0055 -1.8331691
380.30957 -1.8167561
377.41104 -1.8077668
373.3442 -1.7966348
369.5388 -1.7879031
364.78378 -1.779557
361.0349 -1.7704403
356.52588 -1.7644179
351.84512 -1.755449
347.36935 -1.7490737
343.08038 -1.7454041
338.46188 -1.7358186
333.04385 -1.7293993
325.51236 -1.7206615
319.98727 -1.710634
315.7508 -1.7061274
311.52084 -1.7014984
307.2978 -1.6967419
299.9837 -1.6897517
295.89377 -1.6880003
289.59305 -1.6801347
285.5084 -1.6781819
281.32138 -1.6726375
277.3424 -1.6741037
271.17163 -1.6690494
267.0935 -1.6667925
261.0256 -1.6651822
256.94992 -1.6627749
249.8879 -1.661363
244.90881 -1.6632094
237.75792 -1.6575503
233.60547 -1.6505046
225.55154 -1.6489093
221.48676 -1.6458174
212.36627 -1.6396025
207.24718 -1.6316336
202.19682 -1.6282005
197.14897 -1.6245917
193.10258 -1.6205344
188.06053 -1.6165453
183.02167 -1.6123366
177.9862 -1.6078897
173.95395 -1.6029977
168.92644 -1.5980339
160.8848 -1.5869613
155.872 -1.581065
149.86497 -1.5748038
145.86432 -1.568058
141.87068 -1.5609322
137.88466 -1.5533938
131.9076 -1.5450222
127.93943 -1.5364028
121.98332 -1.5265183
117.03885 -1.5160913
108.19031 -1.4930825
104.288216 -1.4805447
97.31875 -1.4740617
92.34338 -1.4688321
85.49858 -1.4488618
81.52973 -1.4428942
75.58262 -1.4327685
70.63352 -1.4230286
65.69213 -1.4118222
58.790844 -1.3929724
52.896107 -1.3729066
45.079685 -1.33801
39.98427 -1.3334976
33.22121 -1.2839445
29.10223 -1.2780137
23.081936 -1.2444634
18.975426 -1.2268047
12.1315775 -1.1095427
8.1526785 -1.0008011
3.7360892 -0.8733974
1.2043884 1.232763
6.3415456 1.8259528
10.756737 1.9121134
17.08053 1.9048687
22.46128 1.9159976
31.004715 1.9197369
37.327328 1.9151305
46.812233 1.9105542
53.47545 1.9260563
61.08301 1.9322419
65.5334 1.9392042
73.14463 1.9430021
77.23618 1.9362286
83.55516 1.9329232
88.00544 1.9380733
92.82591 1.952764
97.664444 1.9660016
105.279884 1.9667023
109.74218 1.9694607
117.749985 1.9776902
122.21518 1.9797659
129.3174 1.9896961
134.19644 1.9979944
139.99161 2.0027003
145.78963 2.007032
152.92174 2.0141613
157.82506 2.0204594
162.73427 2.026378
169.4397 2.039894
174.36601 2.04487
181.1101 2.0568297
186.52283 2.065774
193.3084 2.076249
197.88066 2.0865948
206.07182 2.097562
211.03859 2.1003215
216.00691 2.1029541
222.00243 2.11322
228.02013 2.1229448
232.99971 2.1249025
238.50946 2.1303394
243.18181 2.1377316
247.86691 2.1448445
254.78497 2.1506665
259.49182 2.157227
264.20944 2.1635535
269.2031 2.1644957
276.71265 2.1723597
282.84622 2.1789308
290.62796 2.181255
295.3832 2.186529
300.14642 2.1916356
308.52017 2.1961412
313.88776 2.2034612
320.0744 2.2086697
325.67087 2.211223
331.0715 2.2179182
335.0846 2.2238436
339.1092 2.2296286
342.3582 2.237079
346.40796 2.2425878
351.72464 2.252401
355.6663 2.2615469
359.63702 2.2704911
366.2511 2.2875333
370.30276 2.2959394
373.71143 2.3021753
376.39478 2.3100848
379.8356 2.3160927
382.55966 2.3237767
385.306 2.3313515
388.0236 2.3497512
390.1382 2.3588486
388.04245 2.3679743
386.73657 2.3826442
384.04562 2.3938825
382.07608 2.4033387
380.8877 2.4146404
378.33752 2.4262722
375.0772 2.4363353
371.08807 2.4448483
367.76224 2.4514449
363.67786 2.4564254
356.94266 2.4662921
351.4813 2.4720597
340.41772 2.4800286
334.80493 2.4821155
327.18146 2.4872453
321.765 2.4939
310.7666 2.5034053
305.17206 2.5061243
299.21188 2.5163116
294.44193 2.5213625
288.2861 2.5274117
283.5334 2.5328436
280.43875 2.5425057
275.15256 2.551365
270.439 2.5574794
262.9688 2.5660276
258.28067 2.5726974
252.22557 2.5808556
246.7141 2.5859635
239.83427 2.5926785
230.73672 2.5990329
220.01811 2.6077125
214.54387 2.6142747
201.39201 2.6279066
188.57892 2.6342726
182.87627 2.638547
175.54471 2.6506848
171.07428 2.6499722
162.08311 2.6622195
153.11913 2.675903
143.72849 2.6819925
135.24393 2.6921673
129.01059 2.7032561
120.56024 2.7161648
115.68372 2.7255158
108.58594 2.7368774
100.58063 2.74603
96.11933 2.7491953
89.81166 2.7442245
84.820305 2.7322829
75.787926 2.7092297
71.27883 2.6798325
66.37034 2.6597567
61.898994 2.6584427
58.38643 2.62661
54.423817 2.606401
48.80239 2.5613086
44.929394 2.531107
38.121273 2.4687886
34.412327 2.4190578
23.124454 2.2660902
16.697563 2.0577767
13.31437 1.8613064
9.998412 1.3503588
9.921296 0.8975475
13.081588 0.3721299
17.405867 0.15903392
24.187445 -0.010068628
28.275366 -0.07942925
32.61054 -0.16149355
38.08898 -0.21815448
43.658836 -0.26046678
51.799 -0.31896898
57.84416 -0.35753557
63.03479 -0.39478046
68.29951 -0.42632183
78.09433 -0.4539171
83.90499 -0.4599211
91.51895 -0.4797781
96.92861 -0.49733895
106.83191 -0.5109722
111.79002 -0.5168825
119.485054 -0.5284473
125.82324 -0.53586566
136.11493 -0.53369004
141.08588 -0.5375739
148.8049 -0.54578906
153.78181 -0.548961
163.21538 -0.54951805
168.19397 -0.55230784
178.15475 -0.55741954
185.36261 -0.5586091
196.17485 -0.5602296
201.69287 -0.56649166
210.28326 -0.56868976
215.2696 -0.57042575
223.86166 -0.57233953
228.84929 -0.573893
235.22076 -0.57663363
240.75764 -0.5815032
249.35374 -0.58283955
254.34473 -0.58403134
262.10858 -0.5873234
269.3197 -0.5873416
277.0862 -0.590363
282.07925 -0.5913045
291.23743 -0.5950099
299.27713 -0.5929682
306.48813 -0.5928514
312.04233 -0.59632045
318.1656 -0.60226274
324.6288 -0.614797
328.57657 -0.6212308
333.7158 -0.63236296
338.8951 -0.6431562
345.33252 -0.65822107
349.9839 -0.6660272
353.72253 -0.67936486
357.02237 -0.6863213
360.2116 -0.6970594
364.09244 -0.709695
367.37006 -0.72001934
373.43546 -0.73435956
376.1276 -0.7422533
379.52524 -0.7519623
381.5129 -0.76511526
382.85428 -0.7799632
382.16553 -0.796606
380.13235 -0.8096892
377.43243 -0.821109
375.45602 -0.8307215
371.52 -0.84645015
366.9189 -0.8607386
364.32407 -0.8690645
361.7548 -0.8775093
358.43765 -0.88430977
352.95358 -0.8898797
349.66733 -0.8969679
342.97403 -0.907459
337.72174 -0.91781133
333.70874 -0.9236907
327.92215 -0.9370451
323.94824 -0.94333905
318.59244 -0.9505155
314.6469 -0.95716536
308.75555 -0.967458
304.01978 -0.9726932
298.7352 -0.9808704
294.0217 -0.98649937
287.38925 -0.99623597
282.40134 -0.99745566
276.3362 -1.0048044
270.81778 -1.0093507
263.40198 -1.0185263
258.42316 -1.0202891
253.44519 -1.0221211
247.94965 -1.0274714
237.14427 -1.0295086
232.68587 -1.0280179
227.71176 -1.0302259
219.9974 -1.0356774
215.02742 -1.0381926
205.95668 -1.0460317
199.13275 -1.0551823
189.60971 -1.0690979
184.66124 -1.0729246
176.5407 -1.0865551
169.37003 -1.0909649
159.06194 -1.1067863
152.3693 -1.1214461
144.80545 -1.1345494
138.59181 -1.1454642
134.23018 -1.1633877
128.98955 -1.1795732
120.62766 -1.1957641
115.81436 -1.207216
107.51602 -1.2275288
100.85958 -1.2355161
91.996025 -1.2479626
85.35941 -1.2589924
77.48761 -1.280413
73.0865 -1.2909622
65.28199 -1.3202399
60.918343 -1.3357658
56.57165 -1.3536825
49.30717 -1.362711
45.18713 -1.3660766
41.0677 -1.3701173
36.94909 -1.3750591
32.831608 -1.3812406
28.715742 -1.3891944
23.617496 -1.3926041
18.519674 -1.397891
13.422767 -1.4071935
9.498548 -1.3385507
5.681035 -1.1757754
2.1997402 -0.11093605
6.336279 0.8490793
11.5524025 1.0057062
18.649221 1.116358
23.121204 1.1145768
28.935654 1.0976285
33.8739 1.072605
41.56177 1.0358993
47.06296 1.0060991
55.373592 0.9725472
60.12706 0.94567245
66.77132 0.8869212
70.8726 0.8609997
81.277756 0.7903593
88.43121 0.74196756
92.10263 0.7204702
98.73173 0.68891305
106.23768 0.6555692
110.0304 0.6406115
119.32326 0.60395163
128.08217 0.57636553
136.4372 0.562846
140.35966 0.55366486
147.72842 0.5309465
153.42416 0.5167646
157.39983 0.5097324
162.2597 0.5000759
166.25262 0.49381775
171.60434 0.49026948
176.95808 0.48693588
180.96378 0.4814767
187.67096 0.48083943
193.02979 0.47804502
197.04372 0.47321218
202.8619 0.47514248
208.68077 0.47696516
214.93152 0.47241613
224.3154 0.46606815
230.57599 0.46212333
238.63518 0.4546785
243.10713 0.4548435
247.14127 0.4513679
256.12115 0.4430668
261.07 0.43831664
266.02457 0.4337433
271.40222 0.4326875
275.45398 0.42989424
279.5078 0.42718202
286.30002 0.42023116
290.36084 0.4177553
294.93784 0.41087735
299.0051 0.40860018
302.68 0.4033494
310.43845 0.39619732
315.05704 0.3900728
320.61444 0.3829566
324.69885 0.3812101
330.27567 0.37445125
335.8671 0.36791715
341.4724 0.3615973
347.09088 0.35548183
351.7826 0.35053498
356.48267 0.34571844
365.90668 0.33645713
376.98074 0.32337847
383.70648 0.3175097
394.0417 0.3089023
397.61002 0.30331182
401.13452 0.2979543
405.3412 0.28961626
410.2602 0.2784315
411.80893 0.2647549
412.2705 0.25441304
411.0406 0.24264006
409.868 0.23079808
408.97153 0.22127664
404.20245 0.21379377
397.29465 0.20469925
391.40192 0.19478792
385.1291 0.19270855
380.6348 0.18698546
373.8292 0.17682701
368.21622 0.16852176
364.60406 0.1590863
360.18686 0.15262169
354.79572 0.14640686
350.54953 0.14242719
346.17255 0.13548887
341.94208 0.1312736
337.71783 0.12695281
330.40094 0.12062842
323.9795 0.11060009
319.78693 0.105764724
311.4071 0.0956818
304.215 0.09131816
296.9799 0.08340791
292.83185 0.077739775
284.5012 0.062401425
276.34094 0.053371612
266.1258 0.036614027
262.06183 0.02954603
253.97502 0.014733322
249.95352 0.006968393
239.87909 -0.009546275
228.71286 -0.024845963
224.31427 -0.03027347
217.08727 -0.040852495
212.13568 -0.046525173
206.14236 -0.04787885
201.14824 -0.049068537
192.2135 -0.056561504
185.28648 -0.06408571
181.36307 -0.0710007
173.38416 -0.07427395
166.40427 -0.077395506
156.43611 -0.08233801
148.46468 -0.08676979
144.48015 -0.08916904
135.51826 -0.095083095
127.556656 -0.101037495
117.611984 -0.10961374
111.649925 -0.11549256
103.70731 -0.124382004
97.7565 -0.1319966
90.82207 -0.14214073
86.86426 -0.14866418
82.91049 -0.15581013
78.96139 -0.16367128
74.03269 -0.17467621
69.11424 -0.18724915
63.22899 -0.20491509
58.34247 -0.22235473
53.24519 -0.22474469
48.91152 -0.20310654
42.637997 -0.18554826
35.575005 -0.19422196
28.32721 -0.1726377
21.101675 -0.13624392
17.008806 -0.10993441
9.943916 -0.087207854
5.969293 -0.14560464
1.910826 0.070137724
2.3811877 2.6452694
11.528027 2.8662763
15.6497345 2.8742678
19.772026 2.8789275
24.634766 2.9316528
29.955734 2.9011338
35.811626 2.9410446
46.009624 2.9417431
55.034924 2.9564
67.60014 2.9759934
73.05975 2.98847
81.74016 2.9912672
88.66742 3.0030906
92.63076 3.0090523
98.71049 3.0070434
104.790565 3.0052674
111.729675 3.013782
116.69063 3.0192437
125.62815 3.027987
129.71686 3.0238233
135.67712 3.0290194
141.64075 3.033778
145.61816 3.0367339
150.59161 3.040209
155.47197 3.049863
161.44768 3.0532672
168.33992 3.0628526
175.31908 3.0659933
180.23453 3.073621
185.2233 3.0754545
189.15265 3.0821273
193.14574 3.083358
198.03407 3.09491
203.94693 3.1060789
207.91202 3.1115687
213.86038 3.1217587
219.82976 3.1313965
223.82178 3.1360462
231.825 -3.1340067
237.84804 -3.1257894
242.8866 -3.1178813
247.97307 -3.1062646
253.04713 -3.0990636
258.18518 -3.0882778
264.41534 -3.0743804
268.6216 -3.0642374
275.7591 -3.0589678
279.91544 -3.0530267
284.98483 -3.0510833
289.05954 -3.0488887
295.2224 -3.0440245
302.38678 -3.039697
306.4683 -3.0377786
315.7374 -3.031282
323.91086 -3.027864
332.0879 -3.024614
336.2974 -3.0200958
341.38196 -3.0189633
345.5998 -3.0146356
349.95618 -3.007579
354.1905 -3.003492
360.55273 -2.9975414
364.80112 -2.9936898
370.19534 -2.987665
376.91245 -2.9769964
381.70163 -2.9657912
385.7423 -2.951836
387.69623 -2.9396572
389.1606 -2.9220343
391.21942 -2.8995798
391.48 -2.8865674
391.1092 -2.870432
388.63922 -2.8552792
386.91937 -2.8431718
386.20905 -2.8317497
384.60052 -2.8194659
381.77817 -2.808695
374.2265 -2.8017092
370.45773 -2.7981095
365.75366 -2.7935057
362.34198 -2.7871459
358.59332 -2.7832744
353.91522 -2.7783198
347.74423 -2.7684789
341.23538 -2.761001
334.74637 -2.7532332
330.12415 -2.7474978
323.14606 -2.7351344
318.55957 -2.7289288
313.07248 -2.7212427
309.425 -2.7159674
303.97043 -2.7078173
299.44086 -2.7007992
289.09048 -2.6876929
281.47415 -2.6784234
276.11932 -2.6687148
271.21613 -2.6636007
266.7864 -2.6549797
261.90323 -2.649427
257.9074 -2.6455154
249.05313 -2.6353772
244.58513 -2.634599
240.11728 -2.633792
235.64958 -2.6329544
229.43816 -2.6278327
224.97174 -2.6268368
217.40349 -2.622996
211.2047 -2.6171393
203.64531 -2.6126788
199.18292 -2.6112144
192.49017 -2.6088905
186.31052 -2.6017826
177.9128 -2.5931356
172.60576 -2.5879202
165.92581 -2.5842855
161.47382 -2.5816953
153.95384 -2.5740583
149.50655 -2.5709562
144.222 -2.5638995
138.9452 -2.5563064
133.67703 -2.5481143
129.24384 -2.5436344
124.813416 -2.5388365
118.749886 -2.524066
112.93715 -2.520089
107.71528 -2.5081563
100.92122 -2.4830704
96.537605 -2.4740999
92.16252 -2.4642766
87.165535 -2.4623373
79.98714 -2.4541218
72.953224 -2.4635985
66.55013 -2.4632854
59.524372 -2.4759831
53.912296 -2.4885223
49.117783 -2.5160923
42.723583 -2.5234692
36.078453 -2.5948126
30.24764 -2.5935867
23.433958 -2.664607
18.125532 -2.7594843
12.401613 -2.833676
12.401613 -2.833676
