Stilus
19
137.9971 1.9449586
142.11768 1.8917437
145.55997 1.8485256
150.09735 1.8037715
156.91222 1.7607911
162.38945 1.7420286
169.02861 1.7230834
173.99458 1.7118971
179.931 1.7072122
184.58754 1.694036
189.40076 1.6844147
195.9408 1.6703563
202.00002 1.6623942
208.79533 1.6594051
214.98024 1.6568495
219.596 1.6468643
225.90495 1.6393774
232.44345 1.6374453
238.40578 1.6324414
242.53676 1.6185861
246.07903 1.5945339
249.152 1.5664326
250.43855 1.5448713
247.12418 1.5243024
241.00627 1.5106708
235.1541 1.5006597
228.39087 1.4985791
221.40509 1.4962964
213.42918 1.4935069
204.71481 1.486283
200.67494 1.4785919
196.46237 1.4715014
189.78156 1.4679939
181.0573 1.4630214
176.07996 1.4599625
170.26231 1.4502524
166.21019 1.4412413
161.0548 1.4370698
154.30954 1.4311868
146.30579 1.4303927
142.31001 1.4264233
135.52954 1.4116868
129.9381 1.3906772
126.4348 1.3356035
125.696396 1.2864386
128.27103 1.2433394
132.77489 1.2148627
139.39684 1.202171
143.88835 1.1992022
153.17163 1.1877674
161.10979 1.1686164
166.0899 1.1475134
172.43057 1.1205454
181.722 1.1013135
191.10191 1.096934
200.50888 1.0929661
209.14381 1.0776416
214.90994 1.0592934
222.32733 1.0427963
231.47293 1.035002
239.33656 1.0302303
246.23903 1.0375278
252.63982 1.042525
259.37305 1.0263892
266.88016 1.0199741
272.66327 1.0157696
278.74512 1.0154165
284.31967 1.0112704
289.3087 1.0098174
294.30417 1.0084089
298.86044 1.0093533
306.82068 0.99799937
315.20383 0.99112356
324.38922 0.983004
329.18298 0.97790605
337.02026 0.97173095
346.3054 0.96828943
353.1078 0.96473205
359.29526 0.9540665
363.90112 0.9420939
368.24677 0.93056947
371.75592 0.92415106
373.8826 0.91497004
377.39108 0.9029806
381.44537 0.8896173
384.3339 0.87632555
384.7851 0.8635121
383.55643 0.84375167
381.90903 0.8221501
378.34875 0.80524004
375.49655 0.79419196
371.9256 0.78471386
366.03207 0.77485424
358.1563 0.7646039
354.59985 0.75834316
346.9204 0.7475262
339.84845 0.7457602
332.8408 0.7416438
325.6945 0.73583615
319.44962 0.72821826
314.05753 0.71470475
308.78366 0.69982904
302.8131 0.6905135
297.46014 0.6751045
291.52887 0.660522
285.90094 0.6406231
278.93408 0.62354416
275.16574 0.6056844
272.50732 0.59145075
269.06534 0.57212573
267.20013 0.5469848
266.89285 0.51927817
267.42535 0.49773708
270.22736 0.47956145
273.77484 0.46462598
279.16138 0.44705692
284.69247 0.43687356
290.8362 0.42703164
296.51013 0.4183413
302.84515 0.40187928
307.24268 0.39580402
311.1417 0.39057338
318.5783 0.37500918
322.15533 0.3673121
325.8212 0.36223543
332.6915 0.34873253
339.76172 0.3373663
343.30438 0.33139107
348.7979 0.32224652
353.94714 0.30997348
357.41595 0.30053404
361.62173 0.28838983
366.93985 0.27593607
372.64362 0.2680986
378.59433 0.25287485
385.2964 0.24505596
392.42017 0.22743046
398.02277 0.21902712
402.1591 0.20464522
403.9223 0.1886191
403.31143 0.17376648
397.5984 0.16417727
388.8303 0.14964585
380.1656 0.13917513
370.75098 0.13189101
362.3173 0.12385626
355.78043 0.112629816
350.13187 0.10230717
343.6098 0.086754024
337.2433 0.073551916
329.1677 0.060116306
321.7178 0.049038775
312.87143 0.040891908
308.10275 0.038290996
303.85104 0.037991416
299.85043 0.03849855
291.78833 0.03613593
283.75046 0.0274674
276.73688 0.023652326
269.99423 0.02195997
264.95886 0.014347133
260.658 0.0068573714
255.66049 -8.207717E-4
250.70175 -0.008757512
246.46683 -0.017073162
238.8444 -0.034307323
234.88324 -0.040212203
230.1599 -0.045383316
225.96407 -0.049617685
221.05273 -0.0551934
216.06992 -0.057607237
211.1043 -0.058963835
205.85414 -0.060469475
199.86879 -0.06228263
192.14679 -0.06478909
184.21553 -0.07173865
176.3564 -0.081964135
172.3699 -0.083864175
167.31914 -0.0969473
161.81046 -0.11267299
156.2279 -0.1360865
150.47302 -0.14963767
144.54863 -0.15581974
138.6348 -0.16252454
134.45213 -0.16762765
129.57002 -0.18576418
129.84149 -0.23269391
132.12787 -0.2772363
139.08897 -0.30055794
147.26118 -0.31889933
151.69171 -0.323161
159.92513 -0.31916323
168.75621 -0.32678273
177.0449 -0.3242488
183.99704 -0.31728637
190.87543 -0.30966094
198.77039 -0.3181032
204.68289 -0.32404518
209.61449 -0.34513587
215.29214 -0.366446
224.45837 -0.38798672
231.6045 -0.39509955
239.87578 -0.4021647
248.18747 -0.4186904
254.61472 -0.43429068
257.8436 -0.45851615
259.69244 -0.47273505
261.8237 -0.4884123
259.04468 -0.51283073
255.86845 -0.5379133
252.10265 -0.56087613
247.50568 -0.58223724
241.26729 -0.59555966
233.10828 -0.60499674
225.86618 -0.6206052
218.82466 -0.6381044
215.16449 -0.64634615
208.07228 -0.6647364
199.48686 -0.67459446
193.74423 -0.6785791
189.37181 -0.6836178
179.54738 -0.6869185
170.90318 -0.6829124
163.6071 -0.68594664
155.81088 -0.693547
149.0491 -0.71193606
143.38919 -0.7299685
136.93991 -0.74283
132.29225 -0.75332195
128.88489 -0.7771371
129.8967 -0.8302605
135.85776 -0.8816214
139.76645 -0.90445125
142.93364 -0.92175806
146.14223 -0.938312
153.66289 -0.9598532
161.94984 -0.97301984
172.27269 -0.98571134
178.35237 -0.9948952
183.62372 -1.0005755
188.78288 -0.99934596
194.28639 -1.0006926
200.12244 -1.0015614
205.95496 -1.0023814
212.22458 -1.0086764
218.0251 -1.0092348
223.54037 -1.0141813
227.99976 -1.0160083
233.30981 -1.0200145
238.2291 -1.0265641
244.05286 -1.0325986
249.32446 -1.0359526
254.67792 -1.039234
259.34354 -1.040888
267.40985 -1.0488012
274.35144 -1.055944
281.92844 -1.066078
286.30154 -1.0744967
291.17615 -1.0796542
295.06372 -1.0837927
300.2678 -1.0882849
307.97083 -1.0949342
312.8519 -1.0994116
317.42526 -1.105862
321.89188 -1.1128104
326.38974 -1.1195922
333.60684 -1.1300483
337.2294 -1.1351092
344.4951 -1.1449053
352.7056 -1.1554408
357.25412 -1.1610489
360.5457 -1.1680235
366.6254 -1.178029
372.34604 -1.1901706
376.24387 -1.2000151
379.5973 -1.2140291
382.54303 -1.2252314
383.14578 -1.2444321
382.4483 -1.2603439
379.94907 -1.2747102
376.07916 -1.2882569
370.83612 -1.300934
364.3865 -1.313777
359.02832 -1.3270919
353.23654 -1.3375584
345.81018 -1.3502433
338.87692 -1.3607703
330.12418 -1.3729054
321.1346 -1.3863134
313.89285 -1.4022074
305.2965 -1.4172695
296.50375 -1.4331353
287.93576 -1.4464937
280.52133 -1.4575285
275.8659 -1.4702108
269.28415 -1.4937764
265.7088 -1.5115622
263.463 -1.5300472
262.3284 -1.5455962
267.0063 -1.5642847
273.7814 -1.589036
280.20477 -1.6108998
287.2576 -1.6308324
295.62976 -1.6494192
304.1071 -1.6662166
311.0675 -1.6801788
318.38113 -1.6998632
325.36447 -1.7156321
333.27518 -1.7364365
341.50177 -1.756022
344.49792 -1.766284
348.24518 -1.7759191
354.37778 -1.7895596
360.08762 -1.8088368
365.18457 -1.8279763
367.9166 -1.8372916
370.2127 -1.8495613
371.79208 -1.8616953
373.9722 -1.8716854
376.13947 -1.8811452
378.01605 -1.8962685
377.37518 -1.9136338
376.97803 -1.9280641
371.1374 -1.9433143
363.46588 -1.9552817
359.9183 -1.9622735
355.29504 -1.9676508
350.99197 -1.9751261
346.2674 -1.9817464
340.89572 -1.9822214
333.39615 -1.9887773
325.38742 -1.9938163
320.95016 -1.9992151
317.1134 -2.0047479
313.47943 -2.0101266
306.40555 -2.0146472
297.44128 -2.0215662
292.1778 -2.0293703
287.4888 -2.0374384
282.60553 -2.0421915
278.67084 -2.0463593
274.06006 -2.0510175
269.10016 -2.0563452
264.3726 -2.0647564
259.60828 -2.0713453
250.75533 -2.0815706
243.57361 -2.087595
237.8905 -2.0963647
230.95808 -2.1050072
226.39775 -2.1118693
221.5796 -2.1196475
216.61473 -2.1283274
212.15999 -2.1303086
205.60956 -2.1273985
196.91623 -2.1309302
188.00873 -2.1355257
183.1353 -2.1443682
177.8679 -2.1568654
173.28705 -2.1623359
168.84453 -2.165725
163.80612 -2.1718554
158.79099 -2.1840236
153.50916 -2.2003765
148.70457 -2.2156894
143.53302 -2.2342138
139.60794 -2.2471745
133.21106 -2.259314
127.47037 -2.302353
123.97733 -2.330603
127.43865 -2.353231
130.31775 -2.3752139
138.01955 -2.401003
146.00038 -2.4228265
152.78398 -2.4441512
161.27916 -2.455967
165.64537 -2.4619067
176.41191 -2.4675062
183.2367 -2.471092
188.36852 -2.4726639
193.58977 -2.4722798
204.84602 -2.4736495
209.93208 -2.47926
214.6578 -2.4890144
219.23987 -2.4992115
224.05545 -2.509683
228.67053 -2.51901
235.81378 -2.5405886
239.34424 -2.550667
245.99446 -2.568696
249.3951 -2.5774672
254.46425 -2.5900218
254.5175 -2.6243534
250.6627 -2.6520636
248.14171 -2.6648765
244.53416 -2.6756897
238.30576 -2.6906123
230.54648 -2.7031481
221.53462 -2.723907
217.02342 -2.739792
212.47343 -2.7547302
207.1414 -2.7665625
196.51 -2.7793434
191.36806 -2.7803128
186.69875 -2.782295
177.80861 -2.7875423
168.6845 -2.802155
163.36656 -2.8177862
158.53728 -2.8279967
149.12201 -2.8497152
144.42928 -2.8616874
137.03093 -2.885857
129.23137 -2.9039216
124.54211 -2.9236712
120.14706 -2.968518
124.17352 -2.994654
133.10043 -2.9894178
138.21262 -2.9877183
142.40903 -2.9905138
147.37683 -2.9956436
151.34099 -2.999493
157.51463 -3.0050979
163.45813 -3.0100904
170.16895 -3.0153046
178.07146 -3.020937
185.90865 -3.0314558
190.7554 -3.0395322
195.62996 -3.0472155
204.25488 -3.0561228
208.39038 -3.062634
213.30049 -3.067951
218.2635 -3.070803
223.20062 -3.076858
231.79631 -3.086237
239.71346 -3.0938466
247.88135 -3.1024845
255.76976 -3.1154182
260.98663 -3.1207252
265.9467 -3.1277032
272.6597 3.1404927
278.9294 3.126206
284.93765 3.1221287
290.98337 3.1165035
298.74072 3.1163368
304.9682 3.1168528
310.96268 3.1173296
318.00467 3.1092675
324.14832 3.0975327
331.08548 3.0863447
336.64276 3.0723605
342.07477 3.0559127
345.53085 3.0422218
351.68198 3.027101
355.612 3.0126746
360.4004 2.9975421
364.44604 2.9817536
368.57468 2.9643064
372.66208 2.945816
374.0987 2.933685
374.763 2.9180126
374.19666 2.9012022
372.42795 2.8858495
368.8974 2.8692572
365.79196 2.8580034
360.5783 2.8425996
356.48633 2.832429
352.34128 2.822702
347.06128 2.8115945
340.79105 2.802178
334.44675 2.7954721
327.28558 2.784313
319.81763 2.7755818
313.2924 2.7675867
307.48898 2.7601683
301.25314 2.7518525
295.47287 2.7438035
289.27112 2.7347777
283.5565 2.7260783
278.6286 2.7153373
275.13278 2.697544
271.95084 2.6796615
270.10242 2.658567
270.1945 2.6345875
271.78366 2.616777
274.9739 2.597072
278.86533 2.5845299
280.97437 2.5693026
283.71753 2.554464
288.7249 2.5410242
294.78394 2.523238
298.5255 2.515683
303.6446 2.5107005
311.24332 2.508499
318.97916 2.4964988
322.4711 2.4888601
329.74634 2.4750857
336.09518 2.4595768
340.30527 2.4496722
346.26553 2.4386003
353.52893 2.4263859
358.61032 2.4155219
362.62277 2.403145
366.68134 2.3910654
370.62503 2.379724
374.7864 2.3681555
377.7667 2.3601084
381.5004 2.3476048
384.4169 2.3329692
386.24374 2.3191578
386.4642 2.3033447
385.18713 2.2889733
383.32977 2.2793608
381.06888 2.2672691
377.8822 2.2571235
374.1146 2.2447357
371.01913 2.2342203
367.38507 2.224741
361.72742 2.213342
356.39874 2.2026458
349.64932 2.1955705
341.67282 2.1881645
333.98972 2.1815414
325.48712 2.1709194
318.28705 2.1599317
311.45828 2.1502793
304.79004 2.145062
297.11478 2.137762
288.9821 2.1321905
282.17984 2.1268106
275.87814 2.1225357
269.93048 2.1180682
262.89685 2.1095798
257.14905 2.0946405
249.74503 2.0808306
242.65036 2.068228
233.61424 2.0558414
224.79607 2.0450866
215.09015 2.0281072
210.58592 2.017269
204.95 2.007565
196.85706 2.000259
188.19832 1.9923811
180.3511 1.9858158
173.24316 1.9830437
168.06978 1.9723474
161.54073 1.9559803
153.82596 1.9483403
148.09189 1.9471751
143.24657 1.92317
143.24657 1.92317
