Stilus
14
134.89732 2.8052962
136.62791 2.7359848
138.14859 2.7076333
142.21324 2.6646416
146.2011 2.642107
152.20702 2.6319458
158.09615 2.6308246
164.11551 2.617864
169.30515 2.6001644
175.99657 2.570954
180.94627 2.5601826
185.85635 2.5407784
192.15707 2.518993
197.59418 2.500007
203.77257 2.4746118
211.12988 2.4536157
218.57996 2.4340303
223.33643 2.4228861
231.78348 2.4066324
236.39865 2.398341
241.87112 2.3861876
246.79073 2.3769343
250.53091 2.3682559
254.68874 2.3572085
261.2719 2.3482356
268.25308 2.333181
275.31668 2.3178399
280.62347 2.301402
283.93243 2.286338
286.19275 2.2657838
291.06046 2.2431169
294.5877 2.2250478
298.40274 2.2069316
302.20236 2.1895394
305.45377 2.1779938
304.7531 2.1610744
304.988 2.1439881
304.80588 2.1255608
304.17426 2.107893
303.78638 2.0860608
302.676 2.0658207
302.40842 2.0500395
301.08502 2.0341396
299.72052 2.0113394
298.02454 1.9890289
295.51575 1.9694977
293.10486 1.9494959
289.82 1.9372555
286.82913 1.9218104
285.2328 1.9061931
281.09976 1.8906647
277.22986 1.8736035
273.83163 1.858308
270.54037 1.842718
266.84286 1.8202801
265.3737 1.8014114
264.12158 1.7802669
263.0831 1.7608072
262.18323 1.7420454
261.23074 1.7194899
260.53632 1.700491
259.8295 1.6776291
259.2586 1.6546257
258.7678 1.6277525
258.496 1.6046184
258.37906 1.5862586
259.36456 1.5592833
261.25323 1.5363649
261.8326 1.5098095
262.12692 1.4935772
262.63278 1.4717587
263.2924 1.4491224
264.96152 1.4233272
267.0259 1.4045469
270.72766 1.3853315
272.9235 1.3681929
275.38547 1.3441133
278.44284 1.3143857
280.25546 1.3003685
281.60944 1.2869227
284.01184 1.2709293
285.28122 1.245707
287.83566 1.2203288
289.59802 1.2040439
292.5486 1.1786258
295.29944 1.1566831
296.6105 1.1328009
298.3014 1.1111544
297.87845 1.093629
299.2157 1.0761046
301.3671 1.0562508
303.21164 1.0390551
302.15793 1.016621
298.05093 0.99895984
294.49268 0.9760077
291.85086 0.95733726
289.5417 0.93898565
286.062 0.9173601
283.10916 0.9050834
280.2604 0.8924671
277.23825 0.88169765
273.37057 0.86998534
268.918 0.86084014
264.18848 0.84535056
259.5449 0.8382809
251.55075 0.82581216
246.5747 0.8180813
239.86603 0.7989847
235.6612 0.7874691
232.26633 0.7774185
228.5837 0.76724404
222.35413 0.74602056
217.6681 0.72242296
210.33875 0.7025296
202.7952 0.6889479
197.6175 0.6828408
190.00931 0.6815359
183.44656 0.6632192
177.41693 0.6469849
173.29807 0.63444316
167.96858 0.6135943
164.86623 0.59720534
160.63654 0.57767683
155.02 0.5571376
150.38225 0.5354018
146.64796 0.5050416
142.74413 0.4688435
141.44853 0.4378041
140.54956 0.4021214
144.4461 0.36637643
149.74109 0.32626966
154.70805 0.2884924
159.35124 0.25781614
164.22273 0.23200214
170.11482 0.20435892
176.47408 0.1816555
180.43324 0.17136961
184.21361 0.16229968
188.02705 0.1535254
195.35263 0.14655595
201.4364 0.12825261
209.91481 0.10385033
217.48944 0.08179385
223.48518 0.06610457
230.12788 0.058868363
234.13942 0.05785863
239.03084 0.052486878
243.9116 0.03687619
251.76042 0.015903337
258.69455 -0.0037315602
264.99353 -0.019696992
269.39682 -0.041616093
273.6394 -0.059290756
278.43726 -0.072644785
283.63776 -0.08189355
291.0589 -0.097052306
297.84235 -0.1142773
302.20685 -0.12342036
307.064 -0.1437002
313.07993 -0.1635749
318.55093 -0.17163827
325.14856 -0.18026018
331.63373 -0.19087936
338.784 -0.20259309
346.3815 -0.21940958
349.4219 -0.23181841
351.84256 -0.24805073
356.3524 -0.2578743
358.68646 -0.26847348
361.8488 -0.28682485
363.45532 -0.30144873
366.86264 -0.32150486
370.75522 -0.33567712
372.42963 -0.34833446
372.51352 -0.36253837
372.45386 -0.37699965
373.5732 -0.3931743
374.89038 -0.4083227
375.23215 -0.4267927
372.98825 -0.44728318
369.37863 -0.4640403
366.70935 -0.47380137
362.94153 -0.48223668
360.98813 -0.49692065
357.68616 -0.5090379
354.5179 -0.520518
351.01907 -0.5361462
348.02145 -0.5446255
343.09 -0.56021637
338.33057 -0.5725746
333.12173 -0.5826871
327.67883 -0.59367365
321.08405 -0.60760117
314.55145 -0.6221161
308.08957 -0.6372393
303.91855 -0.6474374
299.5111 -0.6544006
294.94107 -0.66634274
290.142 -0.67941636
287.34872 -0.6963242
283.52197 -0.70766217
279.08466 -0.71658605
275.55664 -0.72779316
270.3003 -0.73524165
265.20068 -0.74762213
260.1568 -0.7604367
254.57889 -0.7716195
249.46815 -0.7848973
243.83167 -0.7964728
239.65794 -0.808388
235.48601 -0.82148635
229.45491 -0.83783764
225.18846 -0.8576859
220.10178 -0.87062263
216.59735 -0.88275284
213.29916 -0.8942668
210.38496 -0.9117084
207.19191 -0.93186647
204.828 -0.9475685
201.40263 -0.97163486
198.62209 -0.9924531
196.46117 -1.0095264
194.5339 -1.0334064
193.41026 -1.0610121
193.02351 -1.0863909
192.21933 -1.1092442
194.67627 -1.155097
196.41943 -1.1866508
198.3446 -1.2175105
202.04712 -1.2399873
206.5968 -1.2536961
209.83403 -1.2776811
213.45413 -1.307055
218.27072 -1.3319093
222.23749 -1.3546975
226.27301 -1.3775909
230.92868 -1.4069347
234.42786 -1.431393
236.77681 -1.4541142
238.2525 -1.4797013
239.844 -1.5011815
240.45773 -1.5304726
242.31104 -1.5504196
244.25932 -1.571973
244.3102 -1.591238
244.46727 -1.6120621
243.7903 -1.6367695
242.19728 -1.6587287
242.6629 -1.6783181
242.60104 -1.7032079
241.50931 -1.7298691
239.59639 -1.7564747
235.46448 -1.777127
231.45187 -1.798401
228.5031 -1.8194305
224.19852 -1.847398
221.41957 -1.8745224
218.68576 -1.9063067
215.77948 -1.9366722
211.68991 -1.9644532
207.85944 -1.994152
202.8239 -2.0108035
199.2839 -2.0292256
197.83539 -2.0612154
198.81377 -2.0930092
200.49858 -2.1171
202.16727 -2.1470912
205.33226 -2.1720912
208.78548 -2.1957927
212.9488 -2.2224035
217.15291 -2.2473795
220.93588 -2.2684276
224.84056 -2.2888968
228.8145 -2.3085546
232.89896 -2.3276486
237.03502 -2.3459475
241.256 -2.3636465
247.66916 -2.3777332
254.6978 -2.388853
259.3093 -2.3991673
265.81992 -2.4113693
272.31366 -2.4276762
275.36322 -2.4372315
281.48575 -2.4555728
287.55978 -2.4638555
293.36142 -2.4719205
299.41583 -2.4869478
302.8031 -2.495506
308.6413 -2.5137005
314.47653 -2.5271049
319.58054 -2.53833
323.25 -2.5535786
326.7395 -2.5709133
329.53766 -2.5870283
332.9146 -2.596814
336.50708 -2.603999
340.03546 -2.613579
344.05444 -2.6237245
349.07977 -2.6319072
353.63513 -2.639093
358.00018 -2.6457813
363.04315 -2.6595025
367.03986 -2.6735642
370.86987 -2.690768
372.46313 -2.7077594
372.83588 -2.7258313
371.85236 -2.7386591
370.7721 -2.752592
368.89548 -2.7651973
367.10196 -2.7777581
365.34747 -2.7905862
362.99188 -2.8087604
361.39233 -2.8218105
360.88654 -2.8351142
359.33478 -2.8490686
357.65112 -2.865129
356.3217 -2.878599
354.81622 -2.8948495
353.39484 -2.9113598
349.37155 -2.9263315
344.45285 -2.941631
340.5789 -2.9519935
335.59506 -2.9671748
330.5879 -2.983245
325.61383 -3.0000484
319.75577 -3.0194468
315.19434 -3.034461
309.89185 -3.0424254
305.5798 -3.0480237
300.55017 -3.05889
293.1483 -3.0772703
285.68784 -3.0971165
280.5173 -3.1141188
275.44293 -3.1281254
272.4179 3.1405225
265.73056 3.1254756
259.55212 3.1202247
252.89366 3.111757
248.90057 3.1043265
242.0806 3.0867052
237.55411 3.069242
231.58072 3.0502207
224.23175 3.0288024
217.60564 3.0113485
213.76448 3.0042386
206.95842 2.98867
201.29074 2.9756463
194.18642 2.9537222
188.57085 2.9412818
184.65099 2.9265978
179.37923 2.9152372
175.29057 2.9083333
169.71887 2.8944592
165.3596 2.8815548
158.88992 2.8641727
152.65103 2.8525147
147.8713 2.8428876
142.39055 2.8310134
142.39055 2.8310134
