Stilus
11
290.76263 2.0549214
292.18845 2.0766058
294.16318 2.0971184
294.71002 2.1119063
293.5621 2.130825
292.13687 2.1609523
292.19016 2.181573
293.09283 2.197677
292.45074 2.2220476
292.71542 2.2454515
293.55902 2.2652402
293.88626 2.287426
292.75482 2.313135
291.81528 2.3396327
290.6083 2.3630786
289.3109 2.3931813
288.82013 2.4116426
291.05115 2.4321017
291.94333 2.456334
291.8314 2.478634
289.77582 2.4991536
288.18997 2.5244122
287.96716 2.5499623
288.56857 2.5720778
291.23254 2.5903995
293.38953 2.610053
293.04053 2.6404305
292.8399 2.6709116
292.43762 2.6969993
291.69302 2.7118359
290.7175 2.7363038
289.09158 2.7587645
288.9634 2.7773323
289.10077 2.795837
289.33664 2.8145325
289.92746 2.830272
292.85452 2.8534517
294.38562 2.8854904
294.28036 2.9006445
294.37714 2.9153714
294.55807 2.9324563
294.70038 2.9470038
294.93414 2.9609919
295.6589 2.9820242
295.75085 3.0084565
296.09012 3.0265324
296.31662 3.0435596
296.87387 3.0707786
297.54672 3.088573
299.0244 3.1114268
301.89362 3.1349015
303.17953 -3.1219578
303.28452 -3.1087646
302.685 -3.0954652
301.8 -3.0746295
302.41638 -3.0490952
303.00107 -3.0302136
303.7201 -3.0107403
303.43478 -2.9937537
302.51724 -2.9757938
301.54977 -2.9517097
301.28616 -2.9232402
301.43573 -2.9063506
302.0263 -2.8849578
302.64536 -2.8649254
303.15936 -2.8474312
302.09564 -2.8281786
299.5366 -2.8016496
298.20773 -2.7750645
297.1842 -2.7474735
297.65103 -2.7330835
299.1227 -2.713743
301.0841 -2.6919801
304.18317 -2.6713095
306.7565 -2.6500115
306.91504 -2.635425
307.1407 -2.6207535
307.77872 -2.5919046
305.18826 -2.5701468
302.99344 -2.5496562
300.8654 -2.5205564
301.2534 -2.4895856
303.20758 -2.4652224
305.622 -2.4452035
305.28055 -2.4227843
301.93628 -2.4041224
299.0464 -2.3815553
297.5319 -2.353102
298.05573 -2.3223205
300.58765 -2.3043542
301.11755 -2.2775009
300.65967 -2.2495723
299.50873 -2.2272208
297.93408 -2.2091568
294.78296 -2.1887805
292.8657 -2.1674728
291.9739 -2.1459541
291.63803 -2.1184816
291.02557 -2.087858
289.80414 -2.0587587
290.49402 -2.0332625
291.17545 -2.0064962
291.04584 -1.9801135
290.96393 -1.9505093
290.4365 -1.9364278
289.88925 -1.9113952
289.21808 -1.8830225
287.37042 -1.8624464
285.98163 -1.8356103
285.9322 -1.8068917
286.49808 -1.7841071
286.1593 -1.7566693
286.0616 -1.7346631
287.01483 -1.7102633
288.0873 -1.6845204
288.3718 -1.6599863
289.84485 -1.6362568
291.49954 -1.6143997
291.30585 -1.5947236
290.45065 -1.5740699
290.2711 -1.5526483
289.44257 -1.5319365
289.7839 -1.5086263
290.21945 -1.4879494
289.03836 -1.465999
288.50967 -1.4449031
287.34784 -1.4233028
286.6692 -1.3990426
286.59668 -1.3769758
286.2447 -1.3525522
286.4659 -1.3304647
286.7286 -1.3127263
287.77563 -1.2992842
289.66354 -1.2767799
291.1092 -1.2523326
291.4083 -1.2280933
292.26566 -1.2100965
292.5839 -1.188561
292.41788 -1.1633046
292.5348 -1.1372377
292.85025 -1.111249
293.00116 -1.0876927
293.10938 -1.0646905
293.4526 -1.0427328
293.55832 -1.0222569
293.77737 -0.99548537
293.8997 -0.97028774
294.3089 -0.95059824
293.22885 -0.9268453
292.31387 -0.90288574
292.2509 -0.8807419
290.97064 -0.8535385
290.47382 -0.8206696
291.02396 -0.7987414
291.86566 -0.7812186
291.8145 -0.7575726
292.25397 -0.7237777
291.56912 -0.7041538
291.12778 -0.6821458
289.74884 -0.6595281
289.91626 -0.6374423
290.02704 -0.60852975
287.75366 -0.58472776
286.40253 -0.5710319
285.9566 -0.5554675
285.27402 -0.5242492
286.58194 -0.49681297
288.675 -0.47329882
289.72986 -0.44161826
289.55307 -0.4239738
288.44742 -0.40662453
287.72122 -0.39169332
286.90054 -0.36575752
286.4401 -0.34115514
286.0747 -0.32678643
283.84543 -0.30008134
283.639 -0.28547195
284.23352 -0.2701627
284.38364 -0.25543928
285.2594 -0.23896122
287.28534 -0.21768746
288.60248 -0.19963284
289.77673 -0.1834828
290.87433 -0.16537125
292.10547 -0.14814161
292.72797 -0.13313918
292.9596 -0.111631855
294.235 -0.09487012
295.7178 -0.07406149
295.5581 -0.053759933
295.2969 -0.033511885
295.14313 -0.009030392
295.15244 0.012018627
294.25015 0.028302088
293.5226 0.05149045
293.04453 0.078814335
293.68042 0.10264019
292.85 0.13034165
292.4348 0.14514033
292.41324 0.17117244
292.4174 0.18580684
292.195 0.19998525
291.19305 0.23235926
291.92938 0.24592361
294.24228 0.27550194
294.6091 0.30345246
294.88174 0.31742832
297.469 0.34291577
297.87982 0.3639386
297.7141 0.3873672
295.81738 0.411179
295.3219 0.43047962
295.52176 0.45553717
296.00525 0.48110023
296.68484 0.50683486
295.7944 0.52874154
295.3417 0.5524742
295.1767 0.5769137
296.575 0.60218954
298.16156 0.627223
300.27417 0.64360976
301.8923 0.6603658
302.64645 0.67945707
303.36682 0.697933
304.49496 0.7167539
304.76144 0.7428879
304.52496 0.76982754
303.78925 0.7917104
303.19162 0.8127443
300.78876 0.83593774
298.23773 0.8515994
296.3749 0.86398315
295.6023 0.8868245
296.40784 0.91551304
296.8479 0.94237953
297.14532 0.9625897
298.82742 0.97976655
299.9727 0.9982704
300.2847 1.0216419
299.62146 1.0396926
298.56522 1.0578216
297.1583 1.0747759
294.96518 1.088695
294.16388 1.1070144
295.16382 1.1314151
295.33182 1.1534631
295.5117 1.1721276
296.38904 1.1916054
296.273 1.209257
295.61075 1.2272046
296.60422 1.2461901
297.60187 1.2684485
297.73538 1.2893124
298.33127 1.3110626
298.5838 1.3320042
298.3846 1.3488853
298.5446 1.3662618
299.35544 1.387122
299.46408 1.4042263
299.5598 1.4235564
298.9634 1.4376804
298.33987 1.454323
297.90118 1.4676708
297.4478 1.4836297
296.97195 1.5044469
296.6348 1.5246145
296.44626 1.5414374
294.53864 1.5642688
293.34918 1.584702
293.49365 1.6051172
293.77194 1.6262205
294.2235 1.6491486
294.959 1.6762389
295.77765 1.6997757
296.755 1.723078
298.0717 1.7495763
299.59415 1.7757982
299.37564 1.8032677
297.66077 1.832429
296.2303 1.8491576
295.36737 1.8654346
293.80643 1.8929615
292.51807 1.9231678
291.65973 1.9536021
290.27582 1.9779185
289.06866 2.002075
289.66324 2.0166562
290.51785 2.030584
292.38754 2.058137
292.38754 2.058137
