Stilus
17
14.944296 -2.6956987
9.011026 -3.116183
8.105426 2.211058
11.845766 1.8132182
16.842424 1.5617546
21.12246 1.4649062
29.686382 1.3590156
37.19111 1.3475004
42.101093 1.3434775
50.04144 1.2827479
55.681316 1.2749529
62.214294 1.3027155
68.01873 1.3260838
74.50551 1.3236675
79.66582 1.3108757
87.33975 1.2901727
95.596756 1.2837099
103.7566 1.2653494
108.23993 1.2587525
117.06198 1.2472634
123.36588 1.2234986
131.98344 1.198978
138.79393 1.1928895
147.66331 1.1877393
157.28894 1.1726964
163.93594 1.143486
170.18393 1.1199406
179.2685 1.1023915
188.7957 1.0968069
195.90515 1.0926284
204.37366 1.0866798
211.34164 1.067762
217.01936 1.0492339
221.85931 1.0317667
226.4089 1.0219803
232.4376 1.012618
238.88997 1.0147378
246.79399 1.0109332
253.80478 0.99678856
260.93915 0.98270637
267.78513 0.9714851
272.98053 0.9576922
277.21387 0.9431162
281.7234 0.92726696
285.82294 0.90838075
290.76828 0.89100116
297.003 0.8810315
301.76337 0.8724707
306.59296 0.86009645
311.2078 0.84787667
317.7245 0.83302695
322.1608 0.8191796
328.91644 0.8061917
332.98462 0.7968351
338.58765 0.7851701
343.79996 0.7741855
349.24716 0.76299703
355.21387 0.7508973
358.1662 0.7432318
362.1045 0.7295737
363.94836 0.71131057
367.25705 0.6956385
369.95526 0.679881
373.3018 0.6633709
376.89313 0.6484108
380.325 0.6375266
384.84515 0.62244815
390.20148 0.6063856
392.5518 0.5960743
395.13287 0.57489854
396.42075 0.56018317
397.28558 0.54332155
395.70847 0.531729
393.13638 0.5204995
393.2625 0.5068475
393.0284 0.48976773
392.3087 0.47605556
391.44693 0.45964313
389.1512 0.44613785
387.82425 0.43283045
386.66522 0.4200066
385.00247 0.41022852
381.10123 0.39796358
379.27872 0.38817278
375.45294 0.3754575
373.52393 0.36390275
369.20654 0.35392722
365.9 0.33905855
360.8053 0.3213999
356.9654 0.30653465
353.6983 0.29721272
349.07016 0.28150627
345.48294 0.2687243
339.53748 0.25754425
333.60098 0.25021046
327.77203 0.23710363
322.44794 0.2243967
318.6465 0.21424565
313.54932 0.19901703
308.64227 0.1849636
302.07022 0.17216009
296.41547 0.1652347
292.26556 0.1632922
285.2293 0.1576722
280.38727 0.14593047
275.1221 0.13404623
269.41977 0.12196046
262.90256 0.10588411
256.5197 0.092784934
251.26775 0.08181257
247.00424 0.07511192
241.93991 0.06520758
236.83995 0.05818968
229.86253 0.0589364
224.1316 0.060445186
218.12491 0.062111836
212.02263 0.050948717
205.92363 0.04149979
200.59789 0.03263256
194.6755 0.028490512
187.81372 0.014970304
180.76799 0.0030401477
172.80762 -0.012693186
166.6739 -0.037072554
159.03366 -0.051476374
152.79803 -0.05528686
145.06198 -0.058238525
138.14531 -0.0684062
133.78781 -0.07063786
127.870255 -0.06607923
121.89787 -0.069321856
116.90906 -0.072285056
110.9386 -0.07618262
106.23643 -0.079561554
100.98121 -0.08371151
96.87129 -0.08727196
89.321205 -0.09467009
81.33681 -0.103995465
73.53046 -0.12877351
65.60214 -0.1444395
61.27967 -0.15470709
54.24799 -0.14258109
48.266605 -0.13392808
41.3098 -0.13221166
35.413677 -0.15438764
30.093868 -0.15705447
25.12547 -0.17791018
20.233286 -0.2215718
15.396654 -0.2929718
11.087325 -0.47567052
9.844145 -0.97881025
11.227486 -1.4799162
15.0282955 -1.9083208
19.127607 -2.134417
25.881977 -2.2479446
30.94911 -2.2827237
37.732677 -2.3655846
42.03263 -2.398828
48.15177 -2.36053
53.28409 -2.343366
60.926468 -2.3131652
66.840294 -2.293037
72.74843 -2.2811737
78.134605 -2.26821
82.94926 -2.2550912
90.338234 -2.2274654
94.94956 -2.2166271
98.774605 -2.2003124
106.47581 -2.1712415
111.90496 -2.162544
118.48648 -2.1809008
126.43212 -2.1780186
135.2855 -2.1685514
139.72397 -2.1642606
146.76411 -2.1505458
152.1394 -2.14096
159.44757 -2.1340165
166.03622 -2.1180222
172.3652 -2.10052
176.37018 -2.0939376
184.77913 -2.0863767
192.37384 -2.0819924
200.74774 -2.0755453
204.74625 -2.0703719
212.73904 -2.0606115
216.42445 -2.0530596
220.45403 -2.0486097
227.91852 -2.0451343
236.69754 -2.0368671
240.8447 -2.0315673
249.4465 -2.0201905
253.40497 -2.0158346
258.41592 -2.0077777
264.80237 -2.000687
272.08752 -1.9884448
279.1294 -1.9744638
285.7323 -1.9570737
289.3935 -1.9508849
293.4958 -1.9280847
299.69144 -1.9098465
303.17087 -1.9022406
307.57556 -1.8939015
312.0205 -1.8857368
319.11472 -1.8776089
324.73654 -1.8633401
330.33823 -1.848812
336.53494 -1.8374078
342.53253 -1.820622
348.07297 -1.804765
351.60306 -1.7935284
356.74152 -1.7710983
362.66263 -1.7537429
368.68405 -1.7369709
372.27097 -1.7244807
375.5871 -1.7116438
379.1462 -1.6992626
381.36865 -1.6857631
383.06793 -1.67432
384.19937 -1.660602
383.23062 -1.6458592
382.90656 -1.633607
383.24396 -1.617254
383.3878 -1.605972
383.24762 -1.5932939
383.16656 -1.5799195
383.15558 -1.5657138
384.7432 -1.5487295
384.3669 -1.5371908
384.5348 -1.5260496
383.73682 -1.5155152
383.1372 -1.4990486
381.80167 -1.4873613
381.9379 -1.4740798
379.6853 -1.4621894
377.41257 -1.4455615
374.13254 -1.4310611
369.22137 -1.4154598
364.79742 -1.3996689
361.04828 -1.383789
356.505 -1.3676944
352.5061 -1.3473191
347.8518 -1.3295715
343.00546 -1.3140347
339.38977 -1.3081738
332.77658 -1.2903875
328.55606 -1.2771746
323.73465 -1.2662916
320.19876 -1.2594838
313.23016 -1.2455921
307.2605 -1.2321326
303.57727 -1.226835
298.3693 -1.2134389
292.54187 -1.1986711
287.74063 -1.1846676
282.95624 -1.1701297
277.45428 -1.161715
270.79962 -1.1469938
266.28564 -1.1364204
261.70343 -1.1228052
258.07922 -1.1160455
250.3441 -1.1008818
246.48137 -1.0929066
242.0821 -1.0834713
238.19695 -1.0781704
231.35274 -1.0686061
223.8936 -1.0553515
215.09235 -1.0427985
209.91101 -1.038013
205.93985 -1.0323243
199.57504 -1.0248754
190.88806 -1.0217005
183.87595 -1.0111072
176.46858 -0.9930267
169.66576 -0.9791624
163.45213 -0.9701105
157.5873 -0.96568024
150.1109 -0.94730073
142.32043 -0.9272863
136.14827 -0.91153103
129.71127 -0.90952855
121.72752 -0.92075443
114.53819 -0.91684175
107.34336 -0.91239107
99.18087 -0.89947736
93.41856 -0.8913126
87.632324 -0.88210887
79.840576 -0.8826647
74.3003 -0.8734451
66.33336 -0.8703938
59.1277 -0.85677576
51.98637 -0.8393304
45.019665 -0.7889351
38.495827 -0.7663638
30.74843 -0.73851913
25.230556 -0.6719966
17.800455 -0.5945559
9.95221 -0.4940577
4.6723433 0.2768821
6.3894086 1.763618
12.397543 2.004025
18.2197 2.0385535
23.938019 1.9783475
29.456512 1.9608696
33.301266 1.9229292
38.92618 1.8897359
43.94556 1.9239106
49.08423 1.913184
54.371975 1.9121553
60.693825 1.9101275
67.09715 1.9123122
73.40801 1.910634
82.12771 1.9299037
86.33257 1.9277267
90.79043 1.9329754
97.74308 1.9389012
106.017845 1.9391005
113.88713 1.9406489
119.62993 1.9488955
126.95968 1.951303
133.76082 1.9574251
141.62859 1.9630735
149.88249 1.9691117
156.05516 1.980312
161.38509 1.9933037
165.51396 2.015255
170.73471 2.028238
176.44054 2.042372
182.16199 2.0555804
187.67535 2.065656
194.82333 2.0794103
201.2633 2.0957594
207.19005 2.1007338
211.58585 2.112602
215.18625 2.125618
220.28873 2.1350954
226.71893 2.1446562
235.15062 2.1562216
241.9788 2.1678774
248.93867 2.173196
255.88571 2.1782115
262.59763 2.1882606
269.90436 2.2021182
274.52322 2.215753
278.3371 2.227898
283.99728 2.2436712
288.9374 2.2578897
295.452 2.2660618
299.87347 2.2733016
304.64075 2.2855525
310.1434 2.2946954
314.00482 2.3037555
319.61304 2.3138447
323.54138 2.322456
327.89658 2.332153
332.8702 2.3361034
337.50397 2.344773
342.26233 2.3547695
347.03888 2.361442
350.43655 2.36997
354.87115 2.3752594
358.89682 2.3888462
362.16998 2.4070182
365.3193 2.4220831
368.55106 2.4369216
371.3401 2.4494047
374.15018 2.4603977
376.77838 2.4702618
380.05078 2.4854062
382.4934 2.4981248
384.24072 2.5099833
387.5232 2.5237372
391.34232 2.5364594
394.4129 2.551038
396.63278 2.5630498
397.39554 2.5823126
397.76767 2.5957565
396.5238 2.6088526
395.3379 2.6203997
395.19083 2.6324644
393.55148 2.6452806
392.2133 2.6625526
390.86343 2.6806037
388.70303 2.6978714
386.64963 2.7153845
385.44528 2.7287304
381.9199 2.7383204
378.3919 2.7521791
374.93692 2.7679203
371.78192 2.7824748
369.64532 2.7982023
364.8118 2.813099
361.49402 2.8298476
359.93286 2.843601
357.54236 2.8561103
353.26694 2.869636
347.98953 2.881537
343.00732 2.8897212
337.34116 2.8969882
332.37634 2.905987
326.33286 2.9194067
319.60275 2.9306822
315.6027 2.941596
307.6406 2.9588616
299.72922 2.974253
293.09158 2.9815083
285.7418 2.9915628
279.0519 3.0023952
273.71555 3.0106664
265.86414 3.0177073
258.3774 3.0298162
251.89294 3.0392897
246.34586 3.0532858
239.22539 3.0674548
234.0077 3.082854
228.65997 3.094628
222.89107 3.098767
216.57089 3.0975163
211.6119 3.1093996
206.26472 3.126817
201.4829 -3.1399424
196.51527 -3.129135
190.08746 -3.1149316
183.90715 -3.1024523
178.00798 -3.0899057
171.88622 -3.0763505
167.18344 -3.073105
162.44382 -3.0542161
156.3939 -3.0378916
149.83086 -3.0249546
143.09473 -3.0070403
136.95918 -2.99921
132.87971 -2.9948075
128.30057 -2.9895284
123.310036 -2.9751122
116.65064 -2.9655113
109.57129 -2.9632778
102.71463 -2.9512334
96.596634 -2.9390144
90.79879 -2.937133
84.45868 -2.9336483
77.64679 -2.9282877
70.59903 -2.921141
63.563007 -2.9124362
59.447403 -2.8962567
51.702538 -2.8786335
45.72372 -2.8432581
38.982365 -2.8167849
31.784534 -2.7989516
24.609509 -2.7477949
18.628254 -2.7161448
12.708091 -2.6097145
7.9010024 -2.3811438
2.8700733 -2.1199617
2.8700733 -2.1199617
