Mouse
12
262.24066 2.0822678
262.06494 2.0652215
264.1804 2.0395777
265.56384 2.0159738
265.68408 1.9991432
266.0053 1.973938
266.86578 1.9522921
267.26993 1.9356151
267.74817 1.9189931
268.3001 1.9024348
267.97476 1.8871058
268.6677 1.8706398
270.39334 1.8532286
270.97366 1.8334495
271.9018 1.8173323
272.67334 1.7977585
272.77875 1.7826451
275.32474 1.7547306
276.42697 1.7356232
277.6293 1.7166746
280.79028 1.6934603
281.91525 1.6644242
282.48892 1.64647
284.21097 1.6319036
285.99255 1.6175158
288.75046 1.5928122
290.69003 1.5789032
291.68512 1.5651621
294.83823 1.538083
296.99402 1.5248418
299.32574 1.5051235
301.772 1.4857175
305.32465 1.4669713
307.86896 1.4514906
309.36194 1.4390372
311.04758 1.4235235
311.65967 1.4108276
313.47974 1.3955888
314.38986 1.3799279
315.17316 1.3674666
316.43933 1.3488951
317.34366 1.3365992
318.5411 1.3213305
320.77753 1.3069952
322.11746 1.2920092
323.2411 1.280112
324.70947 1.2653592
325.93463 1.2536545
327.2041 1.2420391
328.24976 1.2237546
329.76288 1.2027599
330.2943 1.1903708
330.33777 1.1740681
331.27682 1.1522443
332.01373 1.1400121
333.22992 1.1251247
333.6239 1.1090168
335.9145 1.0890331
337.38052 1.0745261
337.556 1.0612841
338.6574 1.0495325
339.45477 1.0338246
340.66455 1.0222335
341.91974 1.010726
342.37924 0.99772435
344.00662 0.979916
344.922 0.96062356
345.60324 0.94782174
347.33057 0.9264129
348.16226 0.9137768
348.88867 0.8971766
351.11865 0.88026685
351.27808 0.86204004
352.21948 0.8417144
351.8439 0.8176337
350.9893 0.79957557
349.54056 0.7874961
349.62573 0.7632241
349.06387 0.74900216
348.0639 0.7244895
347.044 0.7079708
345.6214 0.68505657
344.6669 0.67239773
342.73257 0.6509657
341.92798 0.6381149
341.9915 0.6234944
340.48938 0.612242
339.85605 0.59922767
339.28055 0.58616704
337.92322 0.5746688
336.72015 0.5523746
335.84106 0.5365753
335.54486 0.5232824
334.3363 0.50474745
334.1824 0.491376
333.20074 0.47937524
332.26666 0.46057552
331.87936 0.44440052
331.57907 0.428192
329.9382 0.4171628
329.7848 0.40084374
328.97424 0.3788782
327.9752 0.3539579
327.5524 0.3414446
327.18103 0.32890096
326.55154 0.31342041
326.2955 0.30081356
325.13275 0.28906307
324.97714 0.27638766
323.90848 0.2645069
322.39188 0.24654232
321.4391 0.23447427
320.31436 0.21929115
319.26395 0.20400459
318.28867 0.18862072
317.21838 0.17004071
316.56604 0.15758702
313.69943 0.13969703
311.92767 0.12109451
310.16455 0.099078804
309.79446 0.08622999
308.47833 0.073590145
308.15106 0.057407543
306.90552 0.04132898
305.76666 0.028393047
304.67938 0.0153625915
303.6442 0.002241049
300.73254 -0.02434137
298.9403 -0.044570535
296.48474 -0.07535178
294.91156 -0.092769325
292.32605 -0.10734503
290.91946 -0.12517048
288.6165 -0.14365771
286.57712 -0.16587934
285.2971 -0.18086545
282.31805 -0.20083705
281.18936 -0.21619591
278.65057 -0.24030867
277.6943 -0.25601387
273.78802 -0.28630182
273.03455 -0.30242497
270.4698 -0.3326418
269.32736 -0.3538278
267.19147 -0.38489228
265.9567 -0.40306818
264.72562 -0.4298468
263.71072 -0.44837692
262.34787 -0.47216353
259.37787 -0.49985567
256.9747 -0.5228448
255.23079 -0.54960316
253.67207 -0.57671
253.95049 -0.5996579
251.9312 -0.6294871
250.93045 -0.6573283
250.75981 -0.6884579
250.27565 -0.71095616
249.9186 -0.73353016
250.34317 -0.76470995
249.58261 -0.78448045
249.64151 -0.8071423
249.97 -0.841086
250.34857 -0.8636488
250.22295 -0.8892278
251.05435 -0.91724527
251.86047 -0.9395125
253.30182 -0.9726202
253.57756 -0.99231905
253.74872 -1.0207399
254.264 -1.0403199
254.78033 -1.06858
255.0696 -1.0914257
255.93411 -1.1107005
256.9535 -1.1385387
258.04822 -1.1574854
258.47256 -1.1834086
259.42545 -1.2056242
260.50534 -1.2276664
262.03738 -1.2579632
263.70316 -1.2758977
265.1808 -1.2972285
265.56055 -1.3210189
267.28986 -1.3419207
271.09158 -1.36407
273.85666 -1.3885133
276.78207 -1.4124539
278.87186 -1.4353983
280.9954 -1.4615259
282.5784 -1.4763691
285.14212 -1.4948193
286.8626 -1.5092527
287.64328 -1.5233468
290.4201 -1.5444747
292.34222 -1.5583332
295.32263 -1.5753899
297.36777 -1.5888106
298.49924 -1.6054988
298.66476 -1.618884
299.88187 -1.6320473
302.38452 -1.6547502
302.7462 -1.6679165
305.37326 -1.686838
305.99246 -1.7030692
307.83 -1.7219628
309.44434 -1.7342556
311.6431 -1.7558972
312.40402 -1.7684827
313.42438 -1.7841254
314.29556 -1.7965642
315.93622 -1.8181599
316.93933 -1.8303968
317.9896 -1.8425547
319.36807 -1.8576366
320.8185 -1.8725855
322.0301 -1.8844457
323.2866 -1.8962152
323.644 -1.908914
325.4497 -1.9331251
326.88892 -1.9445676
327.82205 -1.9598811
329.3602 -1.9711183
330.0233 -1.9834615
331.9845 -2.0039864
333.2126 -2.018866
334.06863 -2.0309548
334.08295 -2.0443413
334.15714 -2.0577245
334.29114 -2.0710993
335.3562 -2.0829957
334.73828 -2.0978045
334.3762 -2.119332
334.47437 -2.1367655
334.12424 -2.1516857
334.97522 -2.1715755
336.1929 -2.1872072
336.47495 -2.2086315
336.91113 -2.23001
338.59167 -2.2411575
338.76285 -2.2559123
338.24335 -2.2725534
338.57126 -2.2872968
338.89896 -2.3061755
337.93365 -2.3248804
337.08728 -2.3436856
337.78677 -2.366739
338.6206 -2.385511
339.57315 -2.4041839
340.55228 -2.4186025
340.95184 -2.4351623
341.5824 -2.4558003
343.59595 -2.4717736
344.29416 -2.488095
344.2805 -2.5026178
344.56888 -2.5211902
344.7206 -2.5356913
344.11578 -2.559034
343.07565 -2.574412
342.11716 -2.58988
340.89484 -2.6014106
340.5821 -2.6145034
338.9656 -2.6287367
336.46683 -2.648324
335.4774 -2.6602378
332.742 -2.6762214
330.52844 -2.6897404
328.4407 -2.7102451
327.70175 -2.7226095
325.30695 -2.739459
324.6872 -2.7520015
323.18915 -2.7634509
322.31155 -2.779014
320.9146 -2.7906682
319.2303 -2.805377
317.30136 -2.8232286
316.07214 -2.8352482
314.88895 -2.8473601
313.75226 -2.8595614
312.13562 -2.8780255
311.1175 -2.8904386
310.14758 -2.9029315
309.00378 -2.9186544
308.1441 -2.9313145
307.92963 -2.9510493
307.19717 -2.963835
306.51517 -2.9766796
305.73413 -2.9928126
304.90247 -3.0122747
304.41248 -3.0253055
302.87796 -3.0413198
300.26346 -3.0638509
298.85886 -3.083608
297.65472 -3.0968294
296.42395 -3.120272
295.36566 -3.1337395
293.39392 3.1256392
292.4854 3.1119099
290.63333 3.0979483
288.8981 3.0803547
286.25647 3.0622783
284.6099 3.0477107
282.14084 3.0290692
277.78894 3.0091615
275.52744 2.9897344
273.2026 2.9736
269.96713 2.9565136
267.01538 2.9353497
265.1601 2.9145744
262.45157 2.8925798
262.5006 2.8768723
261.93307 2.8564494
262.131 2.840732
261.12775 2.8153796
258.4169 2.7871816
256.10522 2.7671123
253.36362 2.741524
252.6139 2.7186666
251.0951 2.6939673
250.17003 2.674362
250.22603 2.6564887
249.4862 2.636697
248.84468 2.6167955
249.02078 2.5844147
248.90291 2.5554528
249.48883 2.537661
249.1177 2.5120194
247.69711 2.4927204
248.3959 2.4693816
249.10608 2.4405322
250.105 2.4175165
252.64847 2.3944802
253.93553 2.3775709
255.29185 2.3552973
256.08374 2.3304462
257.64102 2.314125
258.60242 2.2951155
259.65652 2.2762535
258.62207 2.2594635
258.4446 2.2401354
256.77444 2.225502
256.7671 2.206029
255.95859 2.1747377
256.20505 2.155236
256.54874 2.1357794
256.13498 2.118408
258.53653 2.1037474
259.13583 2.0845692
261.18515 2.0670383
261.18515 2.0670383
