Stilus
10
264.8273 1.8911542
262.306 1.9470735
260.21777 1.9895854
258.36475 2.0183496
257.19308 2.0385497
256.531 2.057472
258.32074 2.089244
259.02008 2.1150339
258.3982 2.1478353
259.5609 2.1820853
259.33572 2.2072299
256.512 2.2300413
254.82578 2.2594776
254.20537 2.2890801
257.12167 2.3135276
258.48563 2.3407679
258.61 2.3731496
257.60382 2.406558
255.88914 2.4317658
253.4574 2.4554305
252.14244 2.4723473
254.28848 2.488935
255.21364 2.5270011
255.68147 2.5623505
256.04828 2.5818758
256.51077 2.6014216
256.46518 2.6329234
257.9612 2.6547792
258.78485 2.6824589
259.0583 2.7148898
259.94592 2.7469854
259.9254 2.7677083
262.07123 2.8002977
266.4417 2.821954
271.3567 2.847207
273.83182 2.8718357
274.96426 2.8993454
274.74158 2.9223478
276.05472 2.948445
278.45752 2.9656215
281.7192 2.9872968
283.5054 3.0026178
286.4798 3.0321884
288.15686 3.047613
290.7598 3.076146
294.12958 3.1006477
297.88333 3.1278563
299.8659 3.1413646
301.90005 -3.1285086
304.35385 -3.1023748
305.2932 -3.089317
305.85318 -3.072271
306.39343 -3.050338
306.78506 -3.0373144
307.229 -3.0243142
308.25806 -2.9987507
308.9731 -2.9834704
309.67194 -2.9698954
310.4259 -2.9564123
311.92593 -2.9322917
312.7998 -2.9195228
314.6549 -2.8947668
315.90942 -2.8794694
317.243 -2.8642335
318.3622 -2.8521416
319.5302 -2.8401103
321.97955 -2.8165386
323.2897 -2.8047204
325.05835 -2.7807097
325.16354 -2.7651994
324.90973 -2.750625
325.30307 -2.7376807
325.12912 -2.7113442
325.71094 -2.6931937
326.61505 -2.6730657
327.61508 -2.6537037
328.90945 -2.6383972
330.02567 -2.626114
328.2189 -2.6085806
327.68857 -2.5931988
327.52148 -2.5641575
329.22687 -2.549361
331.23495 -2.5350993
332.82794 -2.508961
333.8004 -2.4855576
335.04803 -2.4712856
336.14185 -2.4550076
338.30722 -2.4356003
340.17386 -2.4170113
341.3385 -2.4032469
341.95114 -2.379877
340.45255 -2.3633702
340.4604 -2.3467155
343.1986 -2.3298635
346.2546 -2.3108602
347.9007 -2.2987525
348.93536 -2.2846503
349.36862 -2.2584078
347.5305 -2.2369196
344.8546 -2.217426
341.70343 -2.2051091
339.76337 -2.1886299
337.9764 -2.170779
337.39288 -2.1575108
336.03455 -2.1294298
335.49606 -2.1154106
334.8885 -2.0947855
334.68137 -2.0754867
333.8065 -2.0499268
333.1939 -2.0350914
332.11584 -2.0196633
331.19717 -2.0067794
329.73703 -1.982276
329.90128 -1.9623629
330.34213 -1.9389315
329.8554 -1.9264876
329.3728 -1.9044662
326.84778 -1.88141
325.63766 -1.8696165
323.8613 -1.8512633
321.79395 -1.8280208
319.86667 -1.8040185
318.11795 -1.7796221
317.30145 -1.7671095
315.03568 -1.7460942
314.74396 -1.7261215
314.0165 -1.7046683
313.2493 -1.685053
312.62292 -1.6660122
310.4458 -1.6505107
309.0891 -1.6346574
307.60553 -1.621516
305.60852 -1.6003056
303.5063 -1.5864483
299.4621 -1.5666054
296.60037 -1.5404553
293.76218 -1.5257086
290.22604 -1.4984123
285.98517 -1.4696708
284.40683 -1.4547536
282.89597 -1.4397091
280.10675 -1.4095787
278.3776 -1.3831775
276.47156 -1.3625036
273.57935 -1.3313304
271.6242 -1.3142409
268.00623 -1.2796798
264.2539 -1.2509007
260.77206 -1.2190824
259.01505 -1.1905895
260.14926 -1.1673527
259.8252 -1.141658
258.2218 -1.1055517
255.31181 -1.0765797
252.02303 -1.0514189
249.46667 -1.0140133
249.41551 -0.9757515
250.0435 -0.9579242
250.92686 -0.92104983
250.0695 -0.88657933
249.76833 -0.8450804
249.4914 -0.8222174
248.63046 -0.79677635
249.95338 -0.7565089
253.0808 -0.72888637
254.32655 -0.69866097
253.09308 -0.67713493
251.55542 -0.65175426
251.373 -0.61891913
251.94739 -0.58720267
253.4454 -0.56659496
256.51825 -0.54770595
258.75925 -0.51674676
259.78732 -0.4841019
260.19296 -0.45301196
260.2788 -0.4357283
261.89355 -0.40261215
265.95767 -0.37284675
268.7852 -0.33712992
269.3261 -0.31674206
270.51672 -0.29682747
271.44586 -0.2797713
274.63907 -0.25260967
276.12314 -0.22885127
276.76102 -0.20622088
275.85477 -0.18473539
277.12625 -0.1529183
277.5079 -0.13708997
280.06458 -0.11692373
283.93137 -0.094967164
286.77145 -0.066250734
288.19302 -0.04577207
289.25412 -0.028263533
290.90686 -0.010094339
291.89774 0.0036671646
295.0117 0.027401542
297.16223 0.04387707
299.47552 0.062847696
300.83893 0.07931327
302.19553 0.09298814
302.90875 0.10861997
305.14755 0.12173871
309.30322 0.14365077
311.49792 0.1679292
313.10913 0.18313554
314.99722 0.19744503
316.8298 0.20992185
319.6212 0.2312766
320.98914 0.2487276
322.51608 0.26673117
325.38373 0.2866177
327.73584 0.31003967
329.6922 0.32805598
331.24826 0.34158948
332.1086 0.3574978
332.62128 0.37623352
334.0209 0.39643896
334.6673 0.4216701
334.55814 0.44229594
333.1475 0.46095365
334.0072 0.48517838
335.19705 0.51078165
336.09256 0.5231737
336.60217 0.53607273
338.2158 0.56098616
339.19812 0.5871043
340.6061 0.5985705
343.35098 0.6214767
346.67105 0.6395702
348.2289 0.6550347
351.1383 0.67033815
352.0219 0.68926376
353.57703 0.7050462
355.25354 0.7265165
357.05255 0.7448129
358.24707 0.7650643
358.8821 0.78283525
358.24136 0.80445117
355.70743 0.81701046
354.271 0.8286309
352.84113 0.8468317
350.53482 0.87009174
349.18457 0.8899843
347.7464 0.9125257
346.56488 0.93251026
346.7979 0.9499921
346.63974 0.97072566
346.6286 0.9915214
346.15445 1.0110122
344.99973 1.0261794
343.89035 1.0385429
341.01962 1.0530145
338.56723 1.0658765
336.06363 1.079524
333.74112 1.0926936
333.1604 1.1144894
333.27853 1.1346365
332.6166 1.1534479
332.36472 1.1702764
332.00378 1.1879011
331.66983 1.2066479
330.88766 1.2250513
329.4364 1.2468946
328.23428 1.268036
325.55197 1.2845563
324.2439 1.2985986
323.43115 1.3151615
322.5778 1.3304467
321.22913 1.3482227
318.00226 1.3652287
316.1591 1.3781023
311.41223 1.394252
306.4523 1.4112513
303.23016 1.4320309
300.2442 1.4574314
298.54083 1.4802449
298.20306 1.4937204
297.65775 1.5229944
296.74014 1.5371091
294.3359 1.5604198
292.57648 1.5741868
290.61227 1.5880064
287.53497 1.6089665
285.26227 1.6329157
281.90906 1.6662854
280.38913 1.6840042
278.90768 1.7001041
278.61386 1.7182674
275.65662 1.7428417
272.18903 1.7740467
270.50864 1.7932274
269.2987 1.8103342
269.55313 1.8293492
269.84433 1.8473034
269.1194 1.864498
267.50977 1.8947349
267.50977 1.8947349
