Finger
26
127.2361 1.9444357
134.90083 1.878812
140.20923 1.8502712
144.46262 1.820381
148.86414 1.7989738
153.20471 1.7776182
156.93283 1.7661444
161.67465 1.7540578
165.43944 1.74371
173.35023 1.7357451
181.10684 1.7230382
187.85258 1.7121587
194.0101 1.7076434
200.71591 1.703044
206.75937 1.6942878
211.72961 1.6913745
216.68883 1.688602
221.61351 1.6859723
227.58522 1.6829373
232.25728 1.6772715
237.31905 1.6698574
242.81244 1.659347
247.59712 1.6301081
250.2476 1.5983539
250.36879 1.5815147
249.58585 1.5543659
246.74644 1.5297513
240.96678 1.5114079
234.45357 1.4927
230.62903 1.482694
222.97772 1.466202
215.22984 1.4530196
210.47063 1.4494933
205.64017 1.4466293
200.55351 1.4434631
196.4019 1.4407564
191.67874 1.4375333
187.49904 1.4345442
178.60004 1.4277097
169.68474 1.4201359
164.91458 1.4157434
160.80411 1.4117465
152.95251 1.4035069
148.9953 1.3990201
145.19539 1.3887364
139.34395 1.3723902
132.62836 1.3621994
126.07756 1.336342
122.43676 1.3151444
121.84363 1.2769067
124.7786 1.2265595
130.85945 1.1860546
139.34624 1.148659
149.96335 1.1353126
156.12186 1.1265297
162.30568 1.1175799
167.8312 1.1070162
174.86339 1.1014787
181.09512 1.0943047
187.56102 1.0879325
193.80235 1.0817131
198.84077 1.0771159
208.94463 1.0667092
214.86742 1.0648088
220.2023 1.0586356
225.17384 1.0557128
230.15056 1.0529122
235.87444 1.0511203
241.37364 1.0462544
246.36925 1.0438149
255.93336 1.0339593
264.57867 1.0305257
269.57776 1.0286288
277.28284 1.0243558
285.98676 1.0150024
295.65012 1.0073779
303.5925 0.99672186
311.75018 0.98701626
318.09573 0.97965187
324.50842 0.97234845
331.7811 0.96170324
339.65063 0.9491523
346.17776 0.937783
351.66718 0.92727846
357.97388 0.91678333
362.6074 0.90920764
367.4042 0.89793575
369.98682 0.8892241
372.58752 0.8806652
372.00537 0.86263067
371.52634 0.8437123
369.97693 0.8281715
368.2119 0.8134937
365.42862 0.7986161
362.57587 0.78617805
359.08115 0.77243584
356.19742 0.75693613
352.2801 0.7440818
348.23785 0.73138505
344.26883 0.71844476
340.9964 0.70739853
335.72977 0.69351584
331.92682 0.6843898
327.38864 0.6721344
322.8826 0.65946287
318.91663 0.64845467
314.66168 0.63575864
310.11353 0.6266767
304.37045 0.61604655
299.1124 0.6039901
294.08636 0.5910598
289.10995 0.5776759
284.72592 0.5668111
280.78253 0.55793273
276.46954 0.5464765
272.9809 0.532342
270.33646 0.5172604
271.81763 0.48903835
275.4193 0.46885654
278.4596 0.44833407
282.69742 0.43237194
287.05508 0.41482088
292.05603 0.40271008
296.90414 0.3893406
302.01395 0.37800318
307.22208 0.36779252
312.18372 0.355676
317.39014 0.34542114
322.79074 0.3369047
328.38086 0.33018434
333.72864 0.32153997
338.14966 0.3117386
342.5303 0.30380794
346.7742 0.2969585
352.291 0.28993583
357.70337 0.28180093
362.25317 0.2752993
367.4484 0.26566687
373.0339 0.25671738
378.51584 0.24953835
383.48273 0.23952761
387.18573 0.23086758
391.05896 0.21842413
392.38834 0.20689543
392.3753 0.19394673
390.75897 0.18431251
387.12885 0.1739927
381.16238 0.16009301
377.56854 0.15087919
369.80457 0.13772641
365.3008 0.12836118
357.6462 0.114261605
350.5198 0.10512767
342.066 0.093043886
337.1994 0.08847115
332.8457 0.0836974
327.83838 0.07869899
323.45697 0.07356621
315.34183 0.068338454
306.5218 0.06377353
301.5093 0.061514575
296.42902 0.059193127
291.44736 0.054346118
286.3331 0.05173752
280.38956 0.04937461
274.23334 0.045744244
266.4577 0.043326076
259.15628 0.03785157
253.13649 0.034808688
246.10698 0.03065866
238.42581 0.024469413
230.40854 0.020975769
223.06628 0.015902855
217.0578 0.011739238
210.04689 0.0038972518
204.34236 -8.584371E-4
198.05754 -0.0073153763
192.05629 -0.016615257
186.82611 -0.022431452
181.15329 -0.02858427
176.20311 -0.036584962
171.26312 -0.043479875
166.33235 -0.05522313
159.88765 -0.065353826
154.22896 -0.074250385
150.16858 -0.08961608
148.7011 -0.12245526
148.9946 -0.15025581
150.96477 -0.18764973
153.66724 -0.21749309
156.78221 -0.23943275
164.41496 -0.27353987
171.76572 -0.3009342
177.32208 -0.3140058
182.65427 -0.32883936
188.14017 -0.34312004
196.66635 -0.36356565
204.38307 -0.38045675
212.26566 -0.39633098
217.81152 -0.4067544
223.34805 -0.41660392
229.99672 -0.43034157
237.05049 -0.4445064
241.8285 -0.45496863
245.43875 -0.46638367
247.35684 -0.48155877
245.1208 -0.51225084
242.11198 -0.5335101
237.32854 -0.55546534
232.07439 -0.57572484
227.2495 -0.59910357
222.2765 -0.61558074
217.56079 -0.63099545
212.94139 -0.64233285
207.71959 -0.65515596
202.86931 -0.66606337
196.93752 -0.676874
191.797 -0.68506986
186.16676 -0.6904392
181.7853 -0.69594336
175.28552 -0.7047439
168.77193 -0.71420926
163.58656 -0.7240637
158.0151 -0.7384518
152.9591 -0.743826
147.80478 -0.7557606
143.5272 -0.76475346
138.77399 -0.77774227
139.07544 -0.82285565
142.77412 -0.85785306
148.92363 -0.8930298
155.20638 -0.92520404
159.48618 -0.9391618
163.71025 -0.9563347
168.52408 -0.96917814
173.12383 -0.9817363
178.05605 -0.99882853
182.15558 -1.0067755
188.61803 -1.0221092
192.56546 -1.0285488
200.3015 -1.0401354
204.77034 -1.0428293
209.6619 -1.0507394
213.63313 -1.0559806
219.93437 -1.0608022
227.41403 -1.0649937
234.96942 -1.0682585
239.69447 -1.0742923
248.31717 -1.0793594
253.27379 -1.0845745
261.02042 -1.0872749
267.63486 -1.0883523
273.8753 -1.0920464
281.07886 -1.0966306
290.18927 -1.1018714
293.85623 -1.1074557
300.05093 -1.1109834
305.94797 -1.1162348
312.69196 -1.1232077
319.90967 -1.1277887
324.36624 -1.1336296
331.47772 -1.1375941
337.0138 -1.1445972
342.3514 -1.1516647
347.8577 -1.1587061
353.35083 -1.1654915
358.89435 -1.1721094
364.43958 -1.1785104
369.60126 -1.1871973
373.5189 -1.1914268
376.96475 -1.197915
381.35443 -1.2185651
384.0505 -1.2377199
385.0479 -1.254379
385.35272 -1.268833
385.6021 -1.2846447
384.66214 -1.2953396
383.39526 -1.3072832
381.87424 -1.3224752
378.89172 -1.3347404
374.23917 -1.3529978
370.0118 -1.3676676
366.09457 -1.3793741
359.93164 -1.3957585
353.2433 -1.4090579
348.40656 -1.4190768
343.79037 -1.4258285
337.42117 -1.4373153
332.8139 -1.4451913
327.69922 -1.4531863
323.38132 -1.460935
318.1925 -1.4654508
313.04242 -1.4701266
308.7937 -1.4776858
302.55704 -1.4856993
296.6867 -1.4907308
289.3987 -1.5025815
282.9732 -1.5116462
277.85605 -1.5186526
273.76285 -1.5251775
269.38193 -1.5382975
267.26407 -1.5577166
266.25092 -1.5789785
268.02582 -1.5939512
270.43216 -1.6086065
273.48978 -1.6233199
278.58057 -1.6362747
286.07672 -1.6590174
291.42984 -1.6711707
297.54324 -1.6825827
303.97787 -1.6934589
309.706 -1.7041973
316.21246 -1.7142386
321.77557 -1.7250491
327.66653 -1.7361447
332.08545 -1.7469062
337.91254 -1.7550881
343.1948 -1.762201
349.03906 -1.7731463
354.7634 -1.7813759
360.72125 -1.7920331
366.3895 -1.8017873
371.6792 -1.8105711
378.06848 -1.8224087
381.98123 -1.8306049
386.38266 -1.8429716
389.7395 -1.8545189
391.4577 -1.8692026
391.93277 -1.8815671
390.03076 -1.8972342
386.34903 -1.9168997
383.9691 -1.9302723
380.37347 -1.9422686
376.4641 -1.9520113
370.86093 -1.9646624
365.9765 -1.9731793
359.93738 -1.9833581
353.54153 -1.99129
348.74063 -1.9974544
343.55188 -2.0043309
337.21097 -2.013053
332.6656 -2.0171545
328.7138 -2.021951
323.84973 -2.0267391
317.21194 -2.036068
312.12274 -2.0442708
306.65262 -2.0471208
299.1992 -2.0551794
294.6462 -2.059485
289.07703 -2.062925
281.4745 -2.0723548
275.38422 -2.0773363
270.17316 -2.0826726
262.60315 -2.0913572
258.6342 -2.095695
253.66483 -2.1012695
249.09373 -2.107396
242.46921 -2.114075
237.07747 -2.1229115
231.09201 -2.130183
223.25824 -2.141606
217.9963 -2.1462693
213.47379 -2.1543903
206.30531 -2.1597064
200.4264 -2.1673706
193.76198 -2.1719775
184.09174 -2.1817145
175.50928 -2.1935642
169.03583 -2.2009284
163.69864 -2.2078917
156.65282 -2.2113864
149.12051 -2.2219872
143.48299 -2.2278543
138.18047 -2.2461987
133.49913 -2.2648444
127.63327 -2.2828653
129.09291 -2.3329766
133.12665 -2.3562255
138.09322 -2.3791912
142.60649 -2.3995314
149.47096 -2.4165156
156.8688 -2.4328132
162.56772 -2.4464738
169.092 -2.4555507
178.4056 -2.4692533
182.96085 -2.4751387
189.54443 -2.4822695
196.66556 -2.495813
203.89868 -2.505662
210.67497 -2.5160758
216.34018 -2.52923
222.04771 -2.5376475
227.09348 -2.5462594
231.78786 -2.5599144
236.25485 -2.572297
237.90138 -2.603186
237.19534 -2.6227233
235.40363 -2.6474261
233.5311 -2.6625214
231.70694 -2.677906
229.08754 -2.7013226
226.39594 -2.7164505
221.74365 -2.7302396
217.66 -2.742112
210.77216 -2.7590754
204.18144 -2.7739162
197.85944 -2.791012
190.97871 -2.8072836
183.8791 -2.8223436
177.77347 -2.8364506
171.87402 -2.8484793
163.59003 -2.8634632
158.35876 -2.8704288
153.62059 -2.8812246
148.20049 -2.891433
143.63809 -2.8995857
138.52771 -2.9152431
136.63152 -2.9469306
140.98967 -2.9746234
146.47745 -3.0016334
151.15555 -3.0193238
156.89061 -3.0366318
160.67831 -3.0516102
166.47144 -3.0667934
171.33598 -3.0789378
176.99205 -3.0866501
182.19275 -3.0952327
187.8699 -3.1019583
193.10063 -3.1082103
199.05087 -3.1142306
204.76009 -3.1198752
209.9867 -3.125175
214.9719 -3.1302047
220.93498 -3.1395574
225.95227 3.1391604
231.93877 3.134915
237.943 3.1266842
243.94725 3.1229546
248.68698 3.119291
253.70158 3.1157923
258.99658 3.1124601
264.02206 3.1092286
270.06754 3.103622
275.83762 3.0997407
281.1907 3.0934236
286.9944 3.0874262
292.43033 3.0781658
298.6174 3.0694203
303.38022 3.0639498
307.5832 3.057277
311.9824 3.0564551
316.26855 3.0516384
321.29752 3.0464401
326.06476 3.0416777
330.7233 3.0347424
335.5777 3.0284982
340.26236 3.025187
347.64154 3.0139337
352.0126 3.006892
358.6395 2.9953444
365.33603 2.9841704
370.71997 2.9783437
376.14514 2.9726293
380.6098 2.9666018
387.09042 2.957143
392.21643 2.9482062
395.2511 2.9371066
397.0826 2.9274755
398.17398 2.915216
398.2512 2.9046636
394.24722 2.8943763
390.97833 2.8846524
387.07562 2.87367
382.39426 2.8594425
378.38312 2.8487191
374.4307 2.8399904
370.99167 2.8314347
366.85315 2.8220441
362.9641 2.8126884
359.30667 2.806269
354.19315 2.7982361
348.90277 2.7897677
343.62192 2.7809877
339.12387 2.7728713
333.61884 2.7657585
328.97684 2.7601845
324.3434 2.7544487
319.0254 2.7476425
313.48816 2.740289
307.9683 2.7326713
302.45065 2.724752
297.71027 2.7176902
292.10193 2.7120292
287.17172 2.7079475
282.85428 2.705583
278.35202 2.6980336
274.01364 2.6904974
270.24286 2.683727
265.7703 2.675417
261.5094 2.6672015
257.77087 2.6597397
256.1396 2.6307092
257.12527 2.614467
258.61395 2.597157
260.92096 2.5827253
263.9277 2.5647655
267.5031 2.5498095
269.941 2.5378652
275.81277 2.5262277
280.35214 2.5157442
286.30576 2.5049198
290.29828 2.4979258
296.30038 2.4878435
300.33035 2.4812932
306.39056 2.471825
312.29572 2.4623582
317.17563 2.454436
322.53998 2.443997
327.80527 2.4343748
332.72156 2.4263644
337.4993 2.419123
343.69266 2.411893
350.59903 2.402734
355.44913 2.3961246
359.57355 2.3878317
363.73395 2.3796933
369.34808 2.37163
373.3739 2.3643794
377.16177 2.3542228
380.44806 2.3456554
382.8906 2.335806
385.43362 2.3259263
387.3991 2.3141353
388.4927 2.2985895
387.558 2.2831223
387.27768 2.266821
386.09146 2.2555459
383.47195 2.2418802
381.0206 2.2294626
377.66663 2.2179017
375.13782 2.2089274
371.59625 2.1959631
367.273 2.1877418
362.82776 2.1787424
357.86145 2.1697345
352.42603 2.162232
347.16058 2.1551042
341.08002 2.1493576
335.15298 2.1440308
328.96484 2.137235
322.9127 2.1308234
315.6891 2.1255796
307.78827 2.1195545
299.86066 2.1131806
292.71555 2.1071305
286.12866 2.0974483
279.89413 2.0928607
273.07892 2.0861325
266.28232 2.0790663
260.84024 2.0731318
254.07382 2.0653834
245.62508 2.0550814
238.21497 2.0454142
231.15405 2.0355954
225.63055 2.027462
219.13261 2.017337
212.47295 2.0062764
206.14961 2.0005555
199.08562 1.9892545
191.19678 1.9733578
183.70958 1.9599047
177.29509 1.9502832
171.17398 1.9393903
165.3511 1.931947
159.2098 1.9230616
153.79303 1.9118153
148.00441 1.8918839
142.39685 1.881753
136.90625 1.8669108
119.787056 1.8215837
113.1414 1.7887914
113.1414 1.7887914
