Finger
15
257.37268 1.5843787
256.54 1.6093134
255.78958 1.6293985
255.2587 1.6456565
253.8046 1.67056
252.37393 1.6910012
251.16246 1.7157619
249.61191 1.7516344
248.44153 1.7695693
246.50117 1.787815
243.03722 1.8171005
239.72215 1.8465544
235.3917 1.873943
231.74913 1.8969578
228.23198 1.9291561
223.90355 1.9654545
219.93985 1.9932619
215.94536 2.0271134
211.12323 2.0650306
206.96663 2.0981114
203.18407 2.1262312
199.75183 2.1547985
197.52504 2.175262
193.76985 2.207127
191.09995 2.235349
186.59859 2.2647905
185.42847 2.2977495
182.76466 2.3190413
181.73267 2.3456044
179.61847 2.3667228
176.9357 2.3988776
175.05098 2.4348133
173.5765 2.4649208
171.88934 2.4867177
170.15752 2.5099623
169.44438 2.5465872
168.98273 2.5820768
168.52405 2.6164722
169.94733 2.6534684
172.63623 2.688388
175.40175 2.7202976
179.09514 2.7611837
182.35287 2.784666
185.30693 2.8078642
190.49547 2.8392947
195.10175 2.8679764
199.6375 2.9002438
204.36345 2.9310143
209.25348 2.9602935
212.71336 2.9822989
216.30736 2.9995074
221.5127 3.0251145
227.05629 3.0457113
232.03476 3.0573041
237.20052 3.083634
241.11893 3.1085458
246.69649 3.1353142
250.10342 -3.1282332
252.82516 -3.1081903
255.32614 -3.0897102
258.68405 -3.0679061
262.0774 -3.0490694
264.876 -3.028068
267.14752 -3.0132084
271.7943 -2.9968348
274.58325 -2.9835467
278.53787 -2.964006
281.38693 -2.94845
285.35834 -2.9290688
288.39673 -2.9092765
290.89658 -2.8940501
293.75198 -2.878518
295.455 -2.8640058
298.91678 -2.8456905
302.12283 -2.8253536
305.3163 -2.8045657
307.9107 -2.7906058
309.6949 -2.7751951
312.0482 -2.7560196
313.81226 -2.7423983
315.7851 -2.7278392
318.31293 -2.7101107
320.74615 -2.693918
322.62762 -2.681923
323.98203 -2.6667612
325.75085 -2.649772
326.45145 -2.633068
327.08264 -2.6123817
328.2287 -2.5999248
329.21338 -2.5800161
328.80246 -2.5590155
327.14996 -2.5327413
325.39978 -2.5139344
324.7487 -2.484761
326.16113 -2.4703069
325.82132 -2.4520278
324.91946 -2.4231086
323.10092 -2.4006817
319.49338 -2.3808494
316.75134 -2.3637588
315.1735 -2.3462248
313.1851 -2.3258681
311.24994 -2.3096895
309.01447 -2.2885883
307.63538 -2.2719262
305.50977 -2.252312
303.95752 -2.2354028
301.3057 -2.2130964
298.5517 -2.1949582
296.47943 -2.179316
294.48508 -2.1634793
292.65454 -2.1478984
290.87433 -2.1320062
289.4725 -2.1176527
289.07346 -2.101886
287.4015 -2.0848694
286.447 -2.064409
284.09442 -2.0410874
282.21472 -2.0278108
280.95807 -2.0103443
278.9906 -1.9950994
278.24872 -1.9802287
276.67584 -1.9669242
274.34775 -1.9461153
273.49567 -1.927815
271.85794 -1.9112982
269.90314 -1.8902283
267.02014 -1.8688061
265.15607 -1.8449932
263.59763 -1.8231225
262.3485 -1.8039404
261.2404 -1.7853487
259.08548 -1.7642738
258.14056 -1.7446024
257.3349 -1.7257587
255.5186 -1.7040871
254.88971 -1.6842116
254.44948 -1.667846
254.08606 -1.6518373
253.73639 -1.6325873
253.43755 -1.609049
253.30136 -1.5905124
252.25531 -1.5664549
251.3597 -1.541757
251.59448 -1.5187443
251.98004 -1.4948511
252.33867 -1.478032
252.83803 -1.4587909
253.42383 -1.4398355
254.15211 -1.4196283
255.1249 -1.3963706
256.2324 -1.373345
257.47516 -1.3505182
258.61108 -1.3316921
260.08667 -1.3094325
261.42432 -1.2909411
262.84888 -1.2726635
264.35605 -1.2546377
265.8544 -1.23784
267.9174 -1.2162467
269.75043 -1.1983236
271.60745 -1.1811987
273.15784 -1.1675999
275.02933 -1.1519346
277.69223 -1.1394181
279.9231 -1.1224169
283.12656 -1.1057855
285.65616 -1.0898615
288.87338 -1.076174
291.28168 -1.0610557
293.29852 -1.0488868
296.89594 -1.028189
299.8234 -1.0122072
302.0799 -1.000367
304.80426 -0.9865831
306.66025 -0.97168934
308.7843 -0.95605516
311.47388 -0.93847996
313.65836 -0.9237321
315.9037 -0.909217
318.05667 -0.8905196
320.22757 -0.8724208
321.92142 -0.8566461
323.1816 -0.8428164
325.05597 -0.8272421
326.7009 -0.8128427
327.0388 -0.7949959
327.87183 -0.77513623
328.5212 -0.7480926
328.5653 -0.7201194
329.61676 -0.7004873
330.4396 -0.6749781
331.47858 -0.64956427
331.69962 -0.6302864
332.2907 -0.6068676
332.51245 -0.59181595
332.13007 -0.5781406
331.80164 -0.560877
330.45578 -0.5427801
330.03848 -0.52880484
329.0673 -0.51649433
327.03403 -0.49909508
326.014 -0.48681667
325.03906 -0.46766573
324.44266 -0.4513913
322.12814 -0.43495226
320.38037 -0.42305863
318.0902 -0.40677285
316.13675 -0.3921817
313.22803 -0.37782228
310.20563 -0.36167195
307.46603 -0.34701526
304.5287 -0.329566
302.95126 -0.3139878
300.46112 -0.29887587
298.12173 -0.28444666
296.0417 -0.27217987
294.0224 -0.25993973
290.60217 -0.24181132
288.69748 -0.22918496
287.8109 -0.21558383
286.58942 -0.19516759
285.82462 -0.1811334
283.9686 -0.16418342
282.134 -0.14554399
280.44714 -0.12801436
278.0567 -0.110400856
276.4404 -0.09643219
274.02682 -0.07962696
269.7581 -0.061297283
264.41742 -0.0432826
259.4485 -0.02556736
255.18187 -0.002558543
251.2085 0.013370825
247.52292 0.033749927
242.71498 0.05168947
238.93501 0.07305938
235.27104 0.09129463
229.81425 0.11131962
225.67589 0.12856548
220.98679 0.14314571
216.67984 0.16847192
213.00798 0.18618886
208.72548 0.2075781
204.04991 0.23500648
201.09694 0.25811484
198.30965 0.2827922
194.97263 0.30695465
191.89536 0.3262545
188.1782 0.34985146
185.87999 0.38206342
183.68303 0.41110316
180.79764 0.45413005
179.0431 0.48508468
178.74226 0.51785725
177.16913 0.5524739
177.53369 0.5799096
177.0446 0.6158681
176.82487 0.64478695
176.75574 0.6882493
177.78589 0.7142518
179.25362 0.74443996
180.74165 0.78119576
181.66115 0.8155257
183.3306 0.84611267
185.67113 0.87263834
187.7871 0.9013021
190.06204 0.92189646
192.45578 0.9473703
195.51819 0.97040486
198.8363 0.9993608
202.34128 1.0278566
205.53964 1.0494308
209.51515 1.0711899
212.75946 1.0953988
216.60504 1.1218444
218.26329 1.1463337
220.59003 1.1732979
223.07368 1.1996807
226.17653 1.2298301
228.80914 1.2533964
231.7478 1.277879
235.06253 1.3035342
238.7552 1.330037
242.3806 1.3542354
244.67168 1.3779378
247.66154 1.4017068
248.96748 1.4258728
250.29521 1.4462346
251.55617 1.4645193
251.37025 1.480863
251.90742 1.504476
253.03302 1.5278283
256.0643 1.5671426
256.0643 1.5671426
