Mouse
11
181.80093 2.376494
183.17851 2.3531787
186.84128 2.3191686
188.54712 2.2894602
191.05403 2.264348
194.63727 2.2294974
197.21494 2.2130723
199.25993 2.193009
201.64542 2.1664643
204.71077 2.1446717
207.68346 2.1128073
210.97878 2.0924597
213.40367 2.0645297
215.09853 2.0393388
216.92769 2.0145574
219.70985 1.9985188
220.83441 1.9764007
222.62259 1.9486704
223.98712 1.9271289
227.34406 1.9029652
228.92517 1.8821725
232.23811 1.8550788
234.74992 1.8298528
238.38066 1.8042018
240.41786 1.7851281
242.54106 1.7663815
242.77957 1.7494184
243.08778 1.7324935
244.455 1.715026
244.77893 1.6942228
244.31873 1.6779746
243.66933 1.6494081
244.17087 1.6164178
243.99396 1.5959454
244.91943 1.5754328
244.9473 1.555019
245.15765 1.5264657
245.36748 1.5101789
245.98175 1.4777101
246.4968 1.4575124
246.98094 1.44142
247.5288 1.4253945
246.33002 1.4041327
245.24367 1.3826729
244.06496 1.3650395
242.2124 1.3422995
241.20966 1.3242682
240.28596 1.3060925
237.52246 1.2854311
235.1664 1.2602385
231.3639 1.241287
227.64726 1.2217095
224.95361 1.2030947
221.96451 1.188208
219.02596 1.1729183
215.74004 1.1614611
212.89409 1.1453643
210.53442 1.1245422
208.26808 1.1032577
203.93301 1.0702724
201.04898 1.045244
198.62733 1.0264294
195.97151 1.0001178
194.2825 0.9759989
191.67055 0.941166
189.65686 0.92022204
186.94655 0.8955082
185.76294 0.8694394
185.3738 0.8390265
183.74294 0.8086919
182.9872 0.78173625
181.6382 0.75834817
181.13336 0.7309226
181.65564 0.69204485
181.48174 0.6645229
180.85254 0.6325239
180.40968 0.6003347
180.69452 0.57268596
180.08803 0.5356491
180.69463 0.50813544
182.30522 0.4660251
183.73877 0.43192574
187.77124 0.3872858
190.62402 0.35308582
193.38544 0.3313756
196.23543 0.31028628
199.17017 0.28980958
202.62831 0.25910646
207.24489 0.22836313
210.49669 0.21017823
214.42558 0.18250477
218.67017 0.16036443
222.02751 0.13970162
227.34648 0.11424532
232.80598 0.08996784
237.46777 0.07129873
244.10867 0.044736024
247.99084 0.03192922
253.87169 0.007550379
257.87286 -0.008078452
261.9602 -0.02704248
267.18497 -0.048986383
269.40662 -0.06345301
273.7566 -0.080754995
277.0948 -0.0942705
281.81305 -0.117665425
286.40765 -0.13336346
290.23187 -0.15247974
291.85257 -0.1655062
295.05176 -0.18779173
296.80457 -0.20040302
299.0329 -0.21940158
299.9289 -0.23241875
302.336 -0.25096983
304.5811 -0.26605675
307.17316 -0.28404745
308.31805 -0.29650152
310.4355 -0.31806824
312.36386 -0.33631414
314.39493 -0.35433024
317.25937 -0.37798196
318.75723 -0.38964516
320.29807 -0.40119773
321.36887 -0.41673654
322.93686 -0.43498033
324.6427 -0.44615442
325.48798 -0.46543646
326.8754 -0.48047927
328.89725 -0.50486195
329.6085 -0.52107453
330.06146 -0.5413665
331.28918 -0.5532698
330.8761 -0.5683203
331.0901 -0.5859257
330.58368 -0.6052197
330.43008 -0.620341
330.94666 -0.63790464
328.76062 -0.654293
326.82864 -0.6665975
323.88657 -0.68966913
322.6353 -0.7090955
320.17844 -0.72400534
317.79382 -0.73914236
315.40845 -0.763468
313.21176 -0.7836344
311.12103 -0.7995324
308.59286 -0.8317438
306.0842 -0.8506346
303.93808 -0.8791035
302.95837 -0.89348334
300.81512 -0.91319424
299.18555 -0.9258191
298.41147 -0.9405604
296.8866 -0.9534306
296.4954 -0.9730399
295.38144 -0.99084353
295.5275 -1.0152459
294.29364 -1.0285863
294.34094 -1.0483978
294.11224 -1.0635777
293.48032 -1.0817808
292.05518 -1.0985036
291.1537 -1.112301
288.9755 -1.127817
287.2837 -1.1403971
285.2337 -1.1563284
282.48746 -1.1790122
280.98444 -1.1921695
278.2399 -1.2075391
276.5028 -1.2244428
274.22568 -1.2369256
271.67795 -1.2531079
269.2027 -1.2695923
268.04324 -1.2838439
265.97574 -1.2972041
263.44934 -1.3181078
262.244 -1.3365697
259.32254 -1.3694386
257.84174 -1.3998433
257.19147 -1.4151698
254.95827 -1.4494418
254.30168 -1.4728645
253.64445 -1.5042588
253.40993 -1.5200092
253.17627 -1.5436797
253.0994 -1.5594786
254.08572 -1.5752655
254.15726 -1.5949395
255.42117 -1.622246
255.6581 -1.6378719
255.9573 -1.653465
256.4186 -1.672899
256.97638 -1.692256
258.62015 -1.7109795
259.2093 -1.7262602
261.0153 -1.744593
261.9262 -1.7633959
263.6998 -1.7775588
265.5256 -1.7915297
266.66498 -1.8098259
268.60834 -1.823413
269.90146 -1.8413513
271.95782 -1.854542
273.10464 -1.8686032
275.87485 -1.8883326
278.09564 -1.9008746
280.09787 -1.9211408
282.5769 -1.9444101
284.4399 -1.9607766
286.3781 -1.9769257
288.80106 -1.9960126
290.8993 -2.0116706
293.9546 -2.0332084
295.76068 -2.045313
297.669 -2.0647786
299.6887 -2.0839891
301.31128 -2.100076
302.49365 -2.1131594
303.7274 -2.126139
306.09277 -2.1445186
307.73053 -2.1644232
309.1634 -2.1769574
310.41266 -2.193867
311.15396 -2.2080579
311.77176 -2.2266738
312.4972 -2.24521
314.49005 -2.2730248
316.2341 -2.2891808
316.64743 -2.3049276
317.82144 -2.322932
319.8443 -2.3342006
319.76697 -2.3563104
321.23163 -2.3739207
322.11404 -2.3936367
323.78745 -2.4109328
324.8013 -2.4260306
325.245 -2.4433818
325.93686 -2.4649956
326.78027 -2.486508
326.16458 -2.504269
327.28253 -2.5256393
328.54892 -2.5468547
329.96198 -2.567898
332.04608 -2.5861895
332.00992 -2.6037512
331.58014 -2.6239278
331.36877 -2.6374044
329.8647 -2.652141
329.32266 -2.6683972
328.4144 -2.6806266
328.0255 -2.696991
325.49 -2.7136335
324.76505 -2.7261176
323.70013 -2.7414973
321.78558 -2.755809
320.30188 -2.7673795
318.50818 -2.781992
316.1128 -2.802721
313.85526 -2.8237574
310.7216 -2.8339746
308.2869 -2.8484502
306.19418 -2.8600132
301.42477 -2.8795571
297.0153 -2.896453
294.1239 -2.9079962
290.83902 -2.926475
288.0523 -2.9385595
285.1206 -2.9543219
280.12082 -2.9727092
276.208 -2.9922986
273.65976 -3.005666
269.17636 -3.0183759
266.7259 -3.0323377
262.1538 -3.0534263
259.83728 -3.0680835
254.52548 -3.0862331
251.29977 -3.10544
248.16914 -3.1251388
244.13557 -3.1412518
241.18568 3.1212053
238.30243 3.1041658
235.49007 3.0867143
232.75114 3.0688465
228.28873 3.041038
224.6356 3.0259626
220.45818 2.9963071
215.97673 2.9792106
212.72565 2.9576128
209.37434 2.9400303
205.87424 2.9266222
201.6689 2.9067986
198.2648 2.8922937
194.4734 2.8660147
191.19228 2.8502555
187.62587 2.8221767
183.8739 2.7981453
180.9625 2.7628174
178.28415 2.7263815
175.41441 2.6940124
172.2741 2.6657488
169.7626 2.6313052
168.31396 2.5989547
166.50227 2.5711157
164.8224 2.542687
165.48479 2.515906
165.29459 2.4772055
166.88297 2.446223
167.96642 2.4203064
169.89638 2.3987377
171.9036 2.377663
173.98537 2.3570836
176.86098 2.3330784
179.8352 2.3098543
182.15039 2.2910037
185.17587 2.2767563
185.17587 2.2767563
