Mouse
17
231.41359 1.5127912
234.67151 1.4965152
235.99808 1.4799263
239.48567 1.4602698
244.0548 1.4417144
248.41988 1.4318111
254.10005 1.4150488
260.6654 1.4034594
266.10373 1.3954726
271.37814 1.3914295
276.04642 1.3797566
281.7307 1.3691866
286.6802 1.3548924
291.68628 1.341086
296.50702 1.3310214
299.41916 1.3196305
303.3353 1.3093153
306.5902 1.2952472
309.9045 1.2814773
313.57596 1.2649573
314.80347 1.2528403
317.3475 1.238859
319.0119 1.2240407
320.39337 1.2122989
321.81863 1.2006595
323.1117 1.182227
322.80707 1.1684117
322.56415 1.154573
322.3158 1.1337823
322.22772 1.119908
321.30807 1.1046338
320.04352 1.085059
317.15408 1.0622833
315.15393 1.0477885
312.70987 1.0358583
309.45743 1.022061
306.58038 1.0124725
303.73206 1.0027032
300.07623 0.990929
296.1944 0.97418064
293.46338 0.9637034
289.13715 0.949024
285.89526 0.9408744
282.27197 0.9226263
279.70538 0.91114223
279.8308 0.8932756
283.63052 0.87679297
286.2055 0.8660495
288.81296 0.8554989
292.78305 0.84002817
295.46783 0.8299469
298.86517 0.8176016
302.30704 0.8055357
305.09158 0.79608
310.02853 0.7799442
312.189 0.7686562
315.07663 0.75983065
318.03995 0.74672204
323.95685 0.72994775
326.28873 0.7194889
330.8252 0.7075367
334.6408 0.6978252
339.40277 0.68231463
342.51654 0.67495036
346.4343 0.6659318
349.5884 0.65886295
353.74847 0.6462435
357.96356 0.6339193
361.1942 0.6273598
363.85922 0.6186816
366.80048 0.60633373
369.53058 0.5979414
373.6824 0.58075994
376.4901 0.57271004
380.27286 0.55389315
384.01505 0.5448296
385.90897 0.532809
386.49323 0.51995105
384.3362 0.49929994
382.851 0.4865834
380.99698 0.47730303
379.1731 0.4620355
376.1049 0.44537443
374.3991 0.4357327
370.58536 0.4197469
366.34354 0.4070151
361.77972 0.3914348
358.04422 0.3806572
352.69934 0.36539045
349.4152 0.3567436
345.21774 0.34892097
341.04193 0.34090626
335.29385 0.3280296
332.12665 0.31856814
328.03723 0.30985218
321.18207 0.29384172
316.88672 0.28148115
310.18494 0.2642789
305.76282 0.2478993
302.86142 0.23671578
299.99866 0.22531737
295.98724 0.21111572
293.01797 0.19586048
290.11832 0.1802966
288.44168 0.16727509
285.52524 0.14771949
282.84933 0.13127473
280.3674 0.11806387
279.6293 0.09320243
279.28543 0.078941844
280.87314 0.057083137
283.67062 0.042401355
285.50208 0.024606206
290.4227 0.006970634
295.43063 -0.0100722
299.55017 -0.029968036
304.83456 -0.052431416
307.06607 -0.06509902
310.5041 -0.08375407
312.85498 -0.09596024
316.24603 -0.10764179
317.69354 -0.119821794
319.18774 -0.13188955
321.17178 -0.15308757
321.97214 -0.16843586
322.6668 -0.18065742
323.40945 -0.19282466
322.44806 -0.20923299
316.47708 -0.22619152
313.2751 -0.23838767
307.93536 -0.24930009
303.85834 -0.26292822
299.5674 -0.27371335
294.35275 -0.28576514
286.3162 -0.3013287
282.80133 -0.30890334
279.61612 -0.32006672
275.52118 -0.33266708
272.07635 -0.3409422
268.99463 -0.35292184
265.01862 -0.36652485
261.65338 -0.37557155
257.762 -0.38990548
253.00623 -0.40623188
247.91151 -0.41950122
244.19022 -0.43532196
240.99893 -0.44608378
238.27937 -0.460899
234.26665 -0.4742151
231.18063 -0.48596466
229.08954 -0.50570023
228.45639 -0.52738047
229.30638 -0.5506143
231.11977 -0.571316
234.97873 -0.5963776
237.2484 -0.6103276
241.92233 -0.6374292
245.54047 -0.65706784
248.62598 -0.67299175
251.91371 -0.68293387
255.22568 -0.6926189
259.2079 -0.7050005
263.88687 -0.7198621
272.11823 -0.7374628
276.29297 -0.7433113
281.15872 -0.7515903
284.62933 -0.7594589
290.22617 -0.76970696
293.72772 -0.7819314
299.40018 -0.7961678
302.9655 -0.8030436
306.58255 -0.81437063
310.97357 -0.8276132
313.9305 -0.83623475
316.91034 -0.8446948
319.35757 -0.8597736
320.5974 -0.8794064
321.9598 -0.8988805
321.85657 -0.9144097
322.03772 -0.9342908
320.48703 -0.94618267
319.22827 -0.9625526
316.112 -0.9825342
313.91 -0.993135
311.74374 -1.0038843
309.08737 -1.0175308
305.46716 -1.037029
303.45157 -1.0483773
300.5027 -1.0656815
298.11526 -1.0803595
294.90442 -1.0937189
292.64218 -1.1088974
290.88162 -1.121208
289.1657 -1.1336666
286.6772 -1.1526291
285.9955 -1.1668307
284.44702 -1.1797615
284.4413 -1.198694
288.29395 -1.2224195
292.00458 -1.2379221
297.04666 -1.2508861
301.184 -1.2624106
305.3603 -1.2736213
308.61472 -1.2836133
315.21313 -1.3029735
319.26883 -1.3161798
327.02878 -1.3349495
331.43765 -1.344342
337.6153 -1.3576566
341.11322 -1.3658676
346.40213 -1.3778719
349.77243 -1.3884826
356.95523 -1.4035667
362.39377 -1.4144856
368.86368 -1.425474
373.2611 -1.4380176
375.73044 -1.449627
379.24377 -1.4613723
380.6268 -1.477616
382.18777 -1.491129
382.8202 -1.5043569
382.41925 -1.522622
382.1773 -1.538304
382.06827 -1.548768
381.9758 -1.5697082
382.0164 -1.5854149
382.0958 -1.5958825
381.25464 -1.6090592
381.4286 -1.6195387
380.64615 -1.6301628
379.0549 -1.6462775
377.38492 -1.6572465
375.76077 -1.6683116
374.29282 -1.6821272
368.9285 -1.6974037
365.3559 -1.7069316
361.67316 -1.7139114
357.32532 -1.7269874
354.0258 -1.7399063
350.42944 -1.7474535
346.2437 -1.7613645
341.14758 -1.7762092
337.65103 -1.7844244
334.1777 -1.792811
330.7284 -1.8013731
326.33243 -1.8108413
322.93558 -1.8198019
317.6319 -1.8305597
314.02927 -1.836909
310.4396 -1.8434055
305.2202 -1.8550092
301.66827 -1.8619092
298.42633 -1.8721763
293.95865 -1.8804739
290.1438 -1.8955741
286.68066 -1.9033322
283.57068 -1.9146038
280.49753 -1.9261237
279.1177 -1.9432995
279.67197 -1.9579229
280.2858 -1.9724854
281.87375 -1.9855471
282.5996 -1.9999278
284.28717 -2.0127225
286.46124 -2.0285008
288.25116 -2.0409496
290.55048 -2.0562916
293.39832 -2.0743794
295.3494 -2.0862417
298.8619 -2.1066222
301.9693 -2.1237078
304.62485 -2.1376762
308.4404 -2.1568224
310.67047 -2.1675496
312.11517 -2.1799512
312.7949 -2.194098
313.53696 -2.2081804
313.54623 -2.2241275
313.63522 -2.2400694
314.5788 -2.2539866
314.81686 -2.2698572
314.37958 -2.2877848
312.6312 -2.3055284
310.35245 -2.31656
305.9721 -2.3298662
303.0827 -2.3389494
298.79663 -2.3529022
295.2705 -2.3648367
292.48053 -2.3745906
288.3053 -2.3846703
284.89502 -2.397429
281.5323 -2.4104946
277.3775 -2.4164157
272.5751 -2.4252772
268.55588 -2.4368749
265.21365 -2.445922
261.12094 -2.452772
255.94398 -2.4714034
250.67365 -2.4852064
246.6559 -2.4931054
243.45668 -2.5037193
239.7003 -2.5179932
235.75006 -2.526813
232.6416 -2.5383797
230.396 -2.5526774
226.81577 -2.5685601
223.6195 -2.5911071
220.69371 -2.6041844
218.67307 -2.6198988
215.74568 -2.6440122
215.64027 -2.6647406
218.30598 -2.6812906
221.89677 -2.6892984
227.30858 -2.7008345
230.9326 -2.708224
234.56883 -2.7153852
241.47658 -2.7328532
250.30316 -2.7523992
253.63634 -2.7620313
260.37057 -2.7805512
263.76993 -2.789455
266.85452 -2.80166
272.5026 -2.8206053
276.33612 -2.8366165
280.23856 -2.8521857
284.9015 -2.871653
288.23886 -2.8820415
292.09018 -2.8996713
300.68854 -2.9237852
305.1533 -2.9337254
308.471 -2.9459178
311.47437 -2.9641619
315.72665 -2.979428
318.91574 -2.9969263
319.22507 -3.012878
318.62186 -3.0284414
316.20523 -3.0402966
312.66522 -3.0584188
307.30106 -3.073282
303.11783 -3.0822556
297.9609 -3.0913112
293.75378 -3.1076272
290.64578 -3.1210315
288.59113 -3.134747
286.59152 3.1345289
281.7289 3.109555
278.9892 3.0877135
277.23785 3.0729175
274.81934 3.0467541
273.46594 3.0242176
273.96317 3.009717
273.5285 2.994739
274.30472 2.9767065
274.9896 2.9623573
276.1224 2.9409742
277.16208 2.923295
280.70358 2.9004905
283.62128 2.8884788
287.10916 2.8699899
290.40875 2.855251
293.47534 2.8441007
300.04486 2.8298664
306.9888 2.823459
312.04965 2.815293
316.51657 2.8033676
323.24896 2.7909896
330.0288 2.7791188
334.6263 2.7683263
340.18918 2.7589283
342.62668 2.7491877
346.4082 2.7380588
349.8302 2.7297878
353.27567 2.7216778
359.32797 2.704751
363.7462 2.6982763
367.71576 2.6883261
371.2754 2.6809993
373.96225 2.672606
376.2486 2.6607516
378.5872 2.649042
377.58807 2.6264431
376.9807 2.6132886
374.5529 2.6032937
371.64264 2.5954654
368.75552 2.587514
364.51306 2.5802965
361.13306 2.574401
355.24908 2.5638142
346.9153 2.54807
340.3129 2.5349221
335.40106 2.5247228
331.33524 2.515993
327.29526 2.5070472
323.28214 2.4978783
320.09164 2.4903784
316.91953 2.4827278
313.76633 2.474923
310.63266 2.46696
305.8341 2.4501095
302.76367 2.4416845
298.85428 2.4261923
295.8466 2.4173236
293.46628 2.4009295
289.716 2.3795295
288.9357 2.3624594
286.8139 2.3501787
284.76562 2.3327515
282.19397 2.3074634
281.0211 2.2921383
279.91476 2.2766883
278.24005 2.2583487
277.4452 2.2375576
277.57016 2.2144878
278.42538 2.1943727
278.5699 2.1764266
280.19077 2.159496
281.89105 2.142765
283.66925 2.126239
285.52396 2.1099236
287.82373 2.0890775
290.33145 2.076268
293.3605 2.066683
296.8848 2.0602722
301.30685 2.05247
305.2915 2.0419798
307.52658 2.0273826
310.25546 2.0159123
313.9321 2.0033042
316.3369 1.9893935
319.1973 1.9785748
322.6324 1.9638923
323.5397 1.9460642
323.96506 1.9323133
322.572 1.9207143
321.2227 1.9090161
316.75546 1.8972677
314.5446 1.8862419
309.5116 1.8779653
305.1646 1.8653197
302.10706 1.854571
297.85345 1.8412752
295.5889 1.8258781
292.4241 1.8110582
287.37573 1.7974708
284.33762 1.7819161
280.00635 1.7597151
274.19608 1.723043
271.63712 1.709604
265.78995 1.6861215
261.18402 1.6650624
257.84738 1.6507128
253.56734 1.6362472
250.24835 1.6131043
245.08804 1.5935833
241.02512 1.5732207
238.06537 1.5522472
236.17441 1.5351555
233.41028 1.5132879
233.41028 1.5132879
