Finger
17
136.4626 2.817039
139.72346 2.7536082
141.36595 2.726102
143.74797 2.7027335
146.48509 2.6796093
148.75757 2.652767
151.6549 2.6313033
156.14557 2.6165361
160.05965 2.6009128
164.1985 2.5813553
170.97946 2.5648334
175.29213 2.5481255
179.77115 2.5312703
184.42833 2.5142684
189.48569 2.495653
193.6079 2.4846282
197.64589 2.4747498
204.35056 2.456973
209.56847 2.4416876
214.48825 2.429003
219.80037 2.4150448
224.75899 2.4036715
228.93594 2.3966029
235.5775 2.3834772
239.92334 2.3718388
244.2884 2.3593569
249.25395 2.3450954
253.53873 2.3341353
259.10333 2.3231027
263.61264 2.3129387
267.79715 2.3030481
273.10733 2.291731
277.63937 2.277476
282.2276 2.2636771
286.85425 2.2503603
289.68118 2.2346473
292.76492 2.2190883
295.67355 2.205351
298.05515 2.18756
300.69226 2.169712
301.66846 2.1506848
302.36545 2.1304066
303.932 2.1079786
304.19928 2.0884526
304.38837 2.0693195
305.81015 2.044659
305.56534 2.026851
305.30405 2.0099516
305.35587 1.9946707
304.25293 1.9783564
303.32556 1.9626786
302.28598 1.9453373
300.49838 1.9299006
297.38245 1.9087702
293.23337 1.8885262
290.8416 1.8767686
288.42416 1.8613604
285.1053 1.8465298
280.3251 1.8246952
277.0572 1.8073801
275.1064 1.7930382
272.3457 1.7773631
270.1321 1.759383
267.48325 1.7423261
264.95126 1.7240632
262.9948 1.7068578
261.15582 1.6885483
259.5243 1.6660349
259.08124 1.6460392
257.76883 1.6278814
256.5335 1.6086504
256.39105 1.5887489
256.34988 1.5697333
256.40857 1.5493714
256.5879 1.5277072
257.80167 1.5115247
259.14145 1.4925307
260.55017 1.4746721
260.9823 1.4588045
261.59344 1.4396601
263.2402 1.4223888
264.8937 1.4069452
266.73312 1.3891565
269.40924 1.3720392
272.1938 1.3590668
275.15274 1.3460639
278.03625 1.3313335
280.26575 1.3177152
282.28802 1.30449
285.19907 1.2813636
288.4782 1.2648573
290.70782 1.252008
292.33206 1.2384356
294.60587 1.2167541
297.10834 1.1946268
298.88538 1.1798499
300.83093 1.1644459
302.8108 1.1495098
302.97647 1.1341767
304.02603 1.117609
305.4092 1.1011151
306.00873 1.0796702
307.17188 1.0640209
307.39233 1.0494577
307.55017 1.0343168
305.69666 1.0080975
304.46786 0.98953366
301.49637 0.96342206
299.3261 0.94608474
296.26077 0.9259489
293.47256 0.90932167
290.15997 0.8960027
286.0167 0.87529546
281.99432 0.8539725
278.98492 0.8445331
275.2785 0.83250946
271.03845 0.81818056
266.6803 0.8027642
262.39035 0.79221106
258.72122 0.7836069
254.50392 0.7724742
250.31178 0.76093644
245.03633 0.7488754
239.49316 0.73618984
234.65341 0.7261004
230.39503 0.71828306
225.64209 0.70744497
220.90361 0.69613653
215.53821 0.6807293
210.23344 0.66454357
205.00069 0.6475345
200.40582 0.63365805
195.85687 0.6191381
191.3549 0.6039346
184.95796 0.58200186
180.25824 0.5726076
175.89134 0.5548758
171.59026 0.536258
167.6825 0.5223921
162.7707 0.5044115
158.66937 0.48297423
152.8501 0.45156094
147.919 0.4155399
145.3482 0.39183766
143.69115 0.3629124
142.18913 0.33398867
145.24522 0.29133257
148.72949 0.24943249
153.64117 0.21996497
158.9215 0.19450228
164.43639 0.1743701
169.89058 0.1519034
175.55309 0.13541405
181.31908 0.12459148
186.24069 0.11147199
191.08429 0.10240987
196.77898 0.09433448
202.58841 0.08258519
208.45958 0.074605666
214.35298 0.067877784
220.22324 0.057814647
226.1327 0.051058386
232.08865 0.045436844
238.00676 0.03665031
242.95145 0.031056993
247.77689 0.026417404
252.01555 0.014464216
256.95023 0.006027535
262.99103 -0.008587094
269.03232 -0.019563729
275.1321 -0.033672497
281.27475 -0.047135703
286.4711 -0.060236152
292.73727 -0.07328217
298.016 -0.08543527
303.33835 -0.09651478
308.80533 -0.11101387
313.26364 -0.12234524
317.84418 -0.13355717
323.02527 -0.14574678
326.06876 -0.15803972
330.75308 -0.17137557
335.85696 -0.18873301
339.79288 -0.1990492
343.76923 -0.21190363
347.75165 -0.22383834
350.78992 -0.23591107
353.544 -0.24626632
355.9462 -0.25904638
358.1762 -0.27136916
361.06293 -0.28117487
362.392 -0.29186404
364.0399 -0.3065712
365.36276 -0.3178099
367.0163 -0.33123216
368.50314 -0.3427711
369.6627 -0.35922125
370.593 -0.37330884
370.77927 -0.38757277
370.46478 -0.39961624
370.46216 -0.41722158
369.0151 -0.43086442
366.17136 -0.45249325
363.9071 -0.47099802
361.32422 -0.48707026
357.26678 -0.50010633
354.94647 -0.512746
349.97043 -0.52798283
345.89746 -0.54095155
341.384 -0.55300194
334.85416 -0.5721664
329.84695 -0.58853334
324.0622 -0.604969
320.4357 -0.6158993
314.4995 -0.6340146
310.6494 -0.64315826
305.07205 -0.65693164
300.36212 -0.66908187
294.1331 -0.6859416
289.67908 -0.6940968
282.75052 -0.70999855
277.56305 -0.7213711
272.4356 -0.7331003
267.47104 -0.7448501
262.98734 -0.75545377
258.11716 -0.7636
253.85155 -0.77327806
250.15765 -0.78214765
245.92145 -0.7935997
241.7332 -0.80538887
237.56842 -0.8176424
232.77773 -0.83345276
228.69888 -0.84668815
224.12814 -0.8631728
220.7938 -0.8810142
217.02943 -0.90231574
213.47098 -0.9237136
210.40585 -0.94324666
207.06201 -0.9658643
204.1553 -0.9867746
201.75604 -1.014327
200.71538 -1.0402265
199.98515 -1.0668641
200.71518 -1.1025587
200.83899 -1.1261312
201.68275 -1.1526451
204.80557 -1.1779583
207.64346 -1.2089263
210.6687 -1.2320169
214.37431 -1.2596712
217.49367 -1.2787982
220.72232 -1.3000759
223.85832 -1.3243175
228.31927 -1.356134
232.39969 -1.377491
235.60847 -1.3974353
238.74773 -1.4209154
242.15166 -1.439725
246.40167 -1.4664476
249.8328 -1.4919665
251.62599 -1.5163943
253.36891 -1.5404348
253.26651 -1.560146
253.25554 -1.5759842
251.35999 -1.5998744
249.80255 -1.6240221
247.2068 -1.648865
244.65509 -1.6702112
241.0342 -1.688765
236.64417 -1.7126576
232.80115 -1.7402205
229.76512 -1.7646208
226.4654 -1.7953936
222.45128 -1.8216783
219.54253 -1.8444878
215.94148 -1.8679807
211.77025 -1.8988401
208.99768 -1.9265627
206.70355 -1.9514489
204.27481 -1.9801493
201.83412 -2.0120485
201.48184 -2.0443444
200.61917 -2.0764794
199.95715 -2.1019077
200.69339 -2.1281788
201.01543 -2.157402
202.62515 -2.1873171
205.35579 -2.2139974
208.21861 -2.2398977
212.6139 -2.2656238
215.85712 -2.2834604
219.90196 -2.2976794
224.59074 -2.3089218
228.84918 -2.321611
231.5974 -2.3342426
235.081 -2.349604
238.47371 -2.3639162
242.18338 -2.3788893
246.43033 -2.3952312
250.24652 -2.4092443
254.73448 -2.4249752
258.52924 -2.4376912
263.74313 -2.4543574
266.98557 -2.4642842
270.90033 -2.4758525
274.8492 -2.4870865
279.62192 -2.500119
283.6493 -2.5106814
287.693 -2.5209112
291.84506 -2.531046
295.8619 -2.540515
299.17117 -2.5480804
304.8212 -2.5605335
308.3428 -2.568015
312.5474 -2.5766819
317.46826 -2.5864758
321.87753 -2.5949492
325.8836 -2.6024125
329.66434 -2.6092603
332.61853 -2.6179564
338.11676 -2.6307116
341.6465 -2.6428385
345.35028 -2.6571846
348.48288 -2.6667511
350.33588 -2.681682
352.64948 -2.7006066
355.58405 -2.7229373
356.7554 -2.7367673
359.0607 -2.757585
359.64578 -2.776107
359.7715 -2.7910953
359.2587 -2.804807
358.8657 -2.8165538
358.2481 -2.830697
357.9979 -2.842198
357.2403 -2.8590057
356.14273 -2.869821
355.0885 -2.8806872
353.59293 -2.89703
352.1903 -2.9135349
350.1179 -2.9268
346.93118 -2.9424539
344.42245 -2.9528344
342.4858 -2.963662
338.07162 -2.9784575
334.19296 -2.989432
329.51434 -3.0025837
324.5616 -3.0182877
317.24445 -3.0321138
312.84622 -3.043445
307.797 -3.0539913
301.4362 -3.0663424
295.9427 -3.078503
290.77936 -3.0884762
285.61273 -3.1007159
278.26572 -3.1130412
272.66888 -3.1207933
268.41565 -3.1287491
263.65063 -3.1360972
259.41104 3.1394742
254.31847 3.1280887
249.24493 3.1203134
244.41922 3.1111786
239.63786 3.1017613
234.73334 3.0924065
229.64302 3.0804203
224.28406 3.067793
219.33255 3.0524101
215.53542 3.04152
211.0116 3.0298421
207.04097 3.017969
202.33969 3.0051184
197.84203 2.9866784
193.23122 2.972468
188.68727 2.957592
182.40424 2.934413
176.2416 2.9096153
172.82968 2.8930373
168.49948 2.8742328
163.75566 2.8599424
159.6545 2.8394167
156.14627 2.8256805
152.25494 2.817315
138.71877 2.7478893
133.44061 2.7125888
133.44061 2.7125888
