Stilus
27
7.138191 0.8897257
17.310482 1.933383
34.079086 2.1248658
41.17551 2.134358
48.982185 2.1551893
54.601612 2.1467974
60.408863 2.1338782
69.278435 2.121089
76.84835 2.106688
82.60281 2.0825257
90.56074 2.0808861
99.486824 2.0767002
105.34756 2.059279
113.350266 2.0417953
120.9613 2.0375557
127.5378 2.0358326
135.74426 2.029156
143.6476 2.026327
151.70685 2.0149689
158.285 2.0107675
164.19348 2.0191572
172.24866 2.0224566
181.87926 2.021182
186.54335 2.0209663
195.04123 2.0169642
201.0383 2.0191653
205.88356 2.0145338
211.70508 2.0067003
215.34885 1.9988334
220.30902 1.9935507
228.75755 1.9902089
235.75894 1.9896212
241.00673 1.9901267
248.76404 1.9861274
257.38394 1.9829493
262.17038 1.9791965
266.4954 1.9763118
270.26855 1.9712815
278.7641 1.9700513
283.12817 1.9702363
291.01422 1.9634748
299.15814 1.95943
305.32553 1.9546984
313.2641 1.9513412
319.177 1.9473037
328.0552 1.9431547
332.27853 1.9406205
338.20538 1.9346172
343.51392 1.9240872
348.97543 1.9168005
354.5772 1.9081243
359.79053 1.8971796
364.60858 1.8847725
369.41516 1.8720462
373.2819 1.8576274
374.42282 1.8366604
374.2343 1.824371
374.21765 1.8133198
374.1983 1.8017192
372.8719 1.7860681
370.90753 1.7707231
366.81235 1.756325
361.81583 1.7420852
354.3099 1.7314179
347.5425 1.7229595
340.266 1.7143496
335.67374 1.7073671
328.75656 1.6984148
320.32806 1.6892152
315.86362 1.6841304
311.63208 1.6791674
303.36325 1.6721921
298.9713 1.667054
290.8008 1.6524696
282.44772 1.6371399
275.09766 1.6316558
268.23798 1.62573
263.60562 1.6153296
258.67783 1.5940415
256.35577 1.577658
256.36725 1.5591086
258.22546 1.5388983
260.47403 1.5161726
266.51877 1.4995356
272.39084 1.4928317
276.78473 1.4868467
280.9573 1.4809302
288.55307 1.4693979
294.627 1.4579585
299.00146 1.4494394
303.89218 1.4448409
308.53787 1.4369235
316.99622 1.4278103
323.65726 1.4213502
330.2469 1.415941
335.275 1.4115266
339.921 1.4055061
344.59534 1.3986322
351.75534 1.3877733
356.40082 1.3812345
363.26645 1.3673168
367.63455 1.3538141
369.96686 1.3413218
373.3103 1.3269554
374.01733 1.3115666
374.12427 1.297791
369.147 1.2793844
362.60474 1.2651746
357.0381 1.2565451
352.85242 1.2497057
345.64236 1.2366486
340.57413 1.2314775
334.927 1.2255199
330.16678 1.2203292
325.8209 1.2187166
320.2385 1.2143186
315.43808 1.2099829
310.7825 1.2077643
305.60538 1.2037475
300.70813 1.1985745
295.6708 1.1955475
291.36957 1.1934156
287.14413 1.1903194
279.41486 1.1946553
274.34396 1.1951071
268.92947 1.1951934
264.48056 1.1937381
256.02176 1.1921458
250.54857 1.1888629
244.74005 1.1837226
238.12418 1.176917
230.76619 1.1636286
222.35895 1.1606976
215.31337 1.1629862
209.39444 1.159732
202.54521 1.1518393
197.54594 1.1460966
192.65347 1.138759
188.04413 1.1290082
183.99196 1.124592
178.35594 1.1249939
170.8182 1.1265861
165.63008 1.1223048
160.2646 1.1159232
155.0314 1.111802
149.99324 1.1046373
142.83253 1.0871627
137.60527 1.0896431
130.04837 1.0851796
122.96448 1.0848662
115.204056 1.0688274
107.300606 1.0679849
102.66688 1.0683854
93.70611 1.084431
86.077614 1.0894314
77.72004 1.0932539
68.77297 1.0914215
63.073322 1.0847592
56.27316 1.0958258
49.77395 1.1188906
43.62321 1.0822451
37.040466 1.048548
30.472494 1.0273592
25.243841 1.0416638
16.585154 1.0142797
8.424967 0.69108826
5.6093163 0.20388387
6.4475083 -0.7994891
10.362846 -1.1998191
14.324016 -1.3242664
19.061035 -1.4394245
23.753908 -1.465487
28.350948 -1.4826114
33.7233 -1.4966881
38.664837 -1.5320399
44.657154 -1.5372425
49.62678 -1.5607332
53.84247 -1.5615212
60.89453 -1.5954005
68.91694 -1.6175177
72.943 -1.6187376
81.773636 -1.6380218
86.05858 -1.6431077
90.09254 -1.6429168
97.21302 -1.6556023
105.45035 -1.6774694
110.252594 -1.6818699
114.531456 -1.6800172
122.57124 -1.6810217
126.551125 -1.6775419
135.18712 -1.6706991
139.46797 -1.6676229
144.24689 -1.6695222
149.32448 -1.6728903
154.75157 -1.6822336
159.82352 -1.6849564
164.4595 -1.6948403
171.37215 -1.7066437
179.71625 -1.7171545
188.05283 -1.7266879
196.43483 -1.7354581
200.68915 -1.7408189
208.28262 -1.755165
213.15439 -1.7569499
218.39359 -1.7604892
222.78497 -1.762497
227.05853 -1.7665645
231.05687 -1.7643554
238.515 -1.7656302
245.69456 -1.772282
249.67172 -1.7701265
258.45734 -1.7672027
262.92184 -1.7705017
267.04843 -1.7712094
271.37766 -1.7755027
277.0459 -1.7759143
281.9753 -1.7821674
289.4502 -1.7872221
296.2128 -1.7925628
303.45013 -1.7973261
310.9324 -1.8016565
318.6477 -1.8088267
323.7732 -1.8177501
330.14124 -1.823044
334.7873 -1.8256295
341.68924 -1.8309431
347.85858 -1.8382243
353.91873 -1.8451346
358.46738 -1.8562363
361.57687 -1.865844
365.27487 -1.8799604
368.37012 -1.8950216
371.72684 -1.9048705
373.81006 -1.9205724
374.54742 -1.9335251
375.60004 -1.9473181
369.8535 -1.9648404
363.1231 -1.976526
356.20285 -1.9879515
350.51367 -1.995156
343.27597 -1.9993879
339.24777 -2.0037155
334.14682 -2.0082524
329.7316 -2.0137403
325.47418 -2.016551
320.98334 -2.023247
315.38544 -2.031893
309.32706 -2.0416472
300.68225 -2.0563378
295.9022 -2.0619206
291.19684 -2.0696957
284.88135 -2.0818152
280.04108 -2.0874264
273.17206 -2.0933115
265.2761 -2.101785
257.942 -2.114036
254.47273 -2.122289
250.5675 -2.13662
245.43074 -2.1548395
242.17435 -2.1768777
239.96497 -2.197962
241.54146 -2.2191424
243.93127 -2.2334933
249.04787 -2.2481115
255.93816 -2.2565749
262.23578 -2.2665014
268.15103 -2.2783022
272.797 -2.2952323
276.31528 -2.3095057
282.94247 -2.3205764
290.61368 -2.3287737
297.37784 -2.3338482
301.7786 -2.3390658
310.31146 -2.344168
314.5455 -2.3488288
319.88208 -2.3558302
328.12222 -2.356068
335.88858 -2.3623745
341.7388 -2.3700938
347.42526 -2.3779585
351.94708 -2.390188
355.53482 -2.3995743
360.05322 -2.4110196
363.75873 -2.4201095
367.17453 -2.4282641
367.6827 -2.4481928
365.2908 -2.4577093
362.7307 -2.4664147
357.78027 -2.4838865
351.96506 -2.496089
342.53937 -2.5046437
335.4269 -2.518462
328.36588 -2.5329018
324.02463 -2.5414226
319.33603 -2.5474765
312.88028 -2.5497365
305.87088 -2.5489547
300.78864 -2.549864
290.3565 -2.558826
282.4116 -2.5696566
278.5315 -2.5779405
270.48105 -2.5906727
263.258 -2.591716
254.58372 -2.5891843
248.54749 -2.5920131
242.33241 -2.600477
232.90756 -2.6161168
225.49484 -2.6378992
217.06723 -2.6439927
207.48204 -2.6408026
200.88683 -2.6475594
194.33728 -2.6550033
188.53069 -2.6684473
182.62683 -2.6829908
175.35399 -2.6928222
168.08438 -2.7000422
161.393 -2.7009606
155.40298 -2.704092
149.21739 -2.7141187
144.33475 -2.7215652
132.20381 -2.7466698
124.82115 -2.7650676
117.774414 -2.7779443
111.661896 -2.795576
105.987206 -2.8061242
101.264465 -2.8131917
92.67639 -2.8184752
88.56379 -2.8148215
83.28659 -2.815534
77.94885 -2.8192427
72.60649 -2.8314233
61.94822 -2.882215
54.71723 -2.9452465
46.293232 -3.0182586
42.0912 -3.0538611
37.9551 -3.0972817
31.035027 3.067279
25.54553 2.9332545
19.774221 2.7773483
15.321621 2.550101
13.279331 2.1243434
16.806297 1.7500376
22.676504 1.7588313
29.08639 1.9229586
36.074615 2.0318003
43.330856 2.1044602
50.44182 2.2088284
56.32277 2.264689
63.248936 2.2970338
69.62375 2.3402343
76.16763 2.3626807
81.75101 2.3784518
87.892654 2.385892
93.918976 2.3991108
99.63584 2.410866
109.26938 2.4188933
115.82723 2.42279
119.655235 2.4371543
125.88812 2.4399471
134.157 2.4347596
140.56967 2.4182243
147.37343 2.4047332
156.08649 2.3930066
163.73436 2.3945823
170.70708 2.3867934
176.83168 2.3877234
183.25798 2.3827531
190.38971 2.3883536
198.72662 2.387779
204.69353 2.3868513
211.06203 2.3892674
218.12971 2.396289
224.00035 2.4059303
230.8988 2.4102373
238.03004 2.4145536
242.7386 2.4195821
250.30371 2.4207735
255.87111 2.4242866
263.3238 2.4277205
269.9226 2.4265473
275.93585 2.4289865
280.31204 2.434034
285.96948 2.4418275
292.5017 2.447193
299.20084 2.4539773
305.7102 2.4537897
311.67203 2.457202
319.30576 2.461126
326.45578 2.4659438
331.93253 2.474418
337.8178 2.4805949
345.08823 2.4831133
351.6583 2.486801
357.7944 2.495626
362.61295 2.5056062
367.15622 2.5173423
371.08582 2.525664
372.77692 2.537963
374.02878 2.55311
375.27835 2.5712626
373.21082 2.5861433
369.31177 2.5992606
364.14203 2.6123624
360.9157 2.6210299
355.1933 2.6334522
350.95267 2.6436117
345.0499 2.6508157
339.8855 2.6593475
333.99338 2.6635764
326.65546 2.665692
319.20297 2.6713185
310.6305 2.6817427
303.52826 2.6920984
297.2484 2.7050972
290.20322 2.7165496
284.02844 2.7152495
276.4112 2.7217133
267.4923 2.734515
259.72806 2.7434938
254.84816 2.7567167
250.63995 2.767547
246.92763 2.7828848
244.35336 2.7997196
243.05588 2.8281145
242.73656 2.8460104
242.34593 2.8661168
244.89998 2.8868785
250.2875 2.9130087
255.44504 2.9305594
261.10602 2.9430149
266.8296 2.9503534
272.35568 2.961767
278.70673 2.9732046
286.38187 2.9819865
292.50803 2.985357
300.20255 2.9893932
305.13095 2.9918702
313.02863 2.995675
320.92508 2.9992902
327.83157 3.002308
333.759 3.0047972
338.57364 3.0153878
343.25754 3.023276
350.40662 3.0332897
358.13898 3.0494328
364.66306 3.0654263
369.26227 3.0717878
373.41663 3.0752642
375.51227 3.0909717
370.69934 3.1071606
363.5623 3.1202443
355.48898 3.133831
349.28775 -3.1323218
341.80984 -3.114863
334.76654 -3.104423
329.87396 -3.0985363
324.88416 -3.0947232
319.91098 -3.093317
312.95102 -3.0922425
307.9739 -3.0914443
302.23108 -3.0879226
296.26898 -3.0860837
290.24805 -3.084931
285.06918 -3.0839005
280.0809 -3.082872
272.14536 -3.0774786
267.18558 -3.0762868
262.1941 -3.0750415
257.21808 -3.0737522
252.24268 -3.072412
247.27922 -3.071021
243.25165 -3.0698507
235.26767 -3.0674117
226.58514 -3.06014
221.73656 -3.0538318
216.78957 -3.0518239
211.78137 -3.049695
207.58038 -3.0478299
200.6327 -3.0445728
193.6684 -3.0410724
185.71562 -3.0367525
180.97255 -3.0339942
176.8101 -3.031451
168.72752 -3.0321114
161.66164 -3.033525
153.61473 -3.034385
145.69017 -3.0285294
137.60722 -3.0291677
130.6658 -3.0231678
123.63128 -3.0245368
116.67402 -3.0175219
109.60331 -3.0186636
102.66414 -3.0103083
96.40061 -3.0121837
89.57352 -3.0135148
83.41738 -3.0040047
77.579666 -3.006588
72.378204 -2.9968197
67.45909 -2.98618
62.564934 -2.9900885
57.2537 -2.993579
50.094845 -3.0083034
44.222492 -3.0134149
38.15273 -3.0247815
33.837864 -3.039538
27.784267 -3.0533688
21.932217 -3.075484
16.787159 -3.055178
11.914066 -3.103843
6.7230306 -3.0746613
0.8937845 2.4793725
6.6740704 0.23419224
11.168001 0.13912739
17.141794 0.09047373
23.173937 0.023716819
30.048431 -0.008064055
37.060528 -0.03910419
44.35959 -0.07318572
48.541702 -0.09173093
56.28257 -0.09690874
63.281403 -0.09847966
71.44325 -0.11534314
75.66279 -0.13553153
83.74979 -0.13703829
87.854416 -0.14207892
97.11206 -0.15722066
102.24019 -0.1593473
107.31168 -0.16110544
115.24677 -0.15187946
123.23116 -0.14824629
131.46634 -0.15439098
139.67378 -0.1597392
147.55566 -0.15261914
151.544 -0.14857227
155.53857 -0.14472938
162.4316 -0.13854708
170.33014 -0.13208382
178.24934 -0.12618355
182.24652 -0.1234017
190.1409 -0.11825369
194.13615 -0.115809016
202.05107 -0.11125325
207.01132 -0.10857683
212.00569 -0.10600926
219.88422 -0.10219739
223.9109 -0.10035327
230.86247 -0.09732178
237.82156 -0.09446533
245.75752 -0.09140621
249.75276 -0.08994002
253.73946 -0.088523164
257.73462 -0.08714745
265.85727 -0.09123665
272.35086 -0.09350884
277.62744 -0.09172656
284.79346 -0.08941227
288.89365 -0.09085191
296.8516 -0.089150146
304.81845 -0.08681413
311.01968 -0.08507896
318.76495 -0.08300692
322.9693 -0.08192391
327.05917 -0.0808972
332.8436 -0.07717674
339.52982 -0.07201736
346.33536 -0.0648164
353.16507 -0.055683926
357.98575 -0.04943142
361.94257 -0.04327997
368.93765 -0.026867375
373.67285 -0.02050973
379.55786 -0.01303176
381.0239 8.883984E-4
381.07996 0.017175352
389.50812 0.023453891
395.00754 0.033717394
397.38153 0.043605603
398.68503 0.05852234
394.2876 0.06420206
389.7306 0.072055615
385.67896 0.078623764
381.8442 0.084688395
375.2503 0.09686729
371.35336 0.100619495
366.49692 0.104686014
360.45224 0.10985841
354.60898 0.11451222
348.91766 0.12215693
345.14294 0.12870586
339.4861 0.13744433
334.69894 0.14243822
329.0657 0.15103376
323.43472 0.15917203
319.67572 0.16500473
315.0646 0.17387888
310.35388 0.17981704
305.07956 0.19175364
297.7783 0.2046051
292.5154 0.22154735
287.35446 0.23633483
281.24207 0.24893057
273.83072 0.2603718
266.14655 0.26807183
262.45575 0.27509394
255.13441 0.2881071
249.93274 0.30172434
245.14336 0.32067466
241.18916 0.3392343
245.94589 0.36192304
251.82903 0.37853253
259.09247 0.3964842
264.1541 0.40492857
274.369 0.4175675
282.56424 0.420188
289.9837 0.42006066
297.36795 0.42651147
304.2691 0.43501264
311.45953 0.44825432
317.99487 0.46014717
322.09836 0.4702163
328.76904 0.47118652
335.85217 0.47980663
343.16452 0.48910812
349.92038 0.49500164
354.72165 0.5069251
359.30258 0.5183161
363.27698 0.53179044
365.8367 0.5435658
367.07275 0.5543039
368.02826 0.568644
367.86575 0.58191913
365.14154 0.59972167
361.90933 0.61630464
358.21085 0.6305256
354.89792 0.6415489
350.90817 0.65006876
346.02826 0.657183
338.32724 0.6673253
334.08588 0.67074007
328.92188 0.67542595
323.4679 0.67721087
318.7905 0.6808222
314.41132 0.6838938
305.14554 0.6918004
301.06613 0.6975999
296.61124 0.70582175
292.349 0.71378374
287.29752 0.72110426
281.52148 0.7248628
271.4573 0.72587585
265.07376 0.72627664
258.49368 0.72764915
251.37355 0.7316253
245.78273 0.73605055
239.5764 0.74077815
234.73672 0.7481173
230.26537 0.7543158
226.13506 0.7654579
222.41238 0.7754232
217.64339 0.79057837
212.23105 0.79820114
205.93504 0.80885655
200.05484 0.81052804
190.17146 0.81182235
184.51053 0.812626
178.35983 0.81647235
172.37613 0.8257718
167.09084 0.84273493
162.27711 0.85757154
157.97038 0.869752
152.68474 0.88317376
148.32536 0.8965236
142.80707 0.9048768
136.99371 0.9203628
130.3907 0.93662244
124.15974 0.9501354
119.037704 0.96330714
109.56369 0.98060656
103.091194 1.0000281
97.20052 1.0186739
88.730675 1.0354118
79.65011 1.0486964
70.62016 1.0728558
63.204514 1.0810521
53.627644 1.1119169
49.138103 1.1123353
40.648754 1.0914013
32.06523 1.0669628
24.41344 1.0207144
20.354849 0.971246
16.211859 0.843915
13.25185 0.6577754
8.817443 -0.10005265
10.314217 -0.60398567
13.199892 -0.9673583
16.342554 -1.1433622
23.76532 -1.2941134
28.585426 -1.3416928
34.15109 -1.3795395
41.077934 -1.4120928
45.87893 -1.4507773
50.128117 -1.4609939
54.113758 -1.4691104
59.78694 -1.4787881
65.83013 -1.4763987
72.592 -1.4714335
78.17385 -1.474829
83.15058 -1.4805889
93.202126 -1.4606988
99.38472 -1.4473598
104.82611 -1.4346663
110.68281 -1.4327041
115.997826 -1.4304357
121.09741 -1.4280066
125.98266 -1.4236032
130.41086 -1.4151418
135.50377 -1.4135709
141.49901 -1.4059669
147.7649 -1.3992673
153.95914 -1.3931861
160.26506 -1.3874831
165.5365 -1.381127
171.04964 -1.3754747
177.0964 -1.3706722
183.3499 -1.3665093
189.58891 -1.3626314
194.2079 -1.3570693
198.56636 -1.3514746
203.5924 -1.347001
209.89594 -1.3440543
216.40314 -1.3367972
223.67728 -1.3353584
230.21944 -1.3287742
235.79846 -1.3258859
241.83768 -1.3236334
248.16148 -1.321733
254.46112 -1.3199339
260.77084 -1.3182193
266.36972 -1.3158673
271.67477 -1.3134166
276.0647 -1.3100935
281.40845 -1.3078107
286.70605 -1.3056463
292.09482 -1.3034993
296.22 -1.3038069
301.562 -1.3017918
306.62198 -1.3029964
311.79068 -1.3033491
316.1129 -1.3013678
325.62698 -1.2966839
330.9147 -1.294969
336.30966 -1.2932941
340.9159 -1.2910876
345.33853 -1.2887079
351.66223 -1.2816933
357.27975 -1.267074
362.05704 -1.2530624
365.3941 -1.236616
367.74765 -1.2186471
368.3155 -1.2042627
366.21323 -1.1879057
361.36676 -1.1697463
355.35968 -1.1525892
351.18796 -1.1441821
345.70264 -1.1305807
341.42133 -1.1246656
335.66956 -1.1189201
330.16962 -1.1116785
324.3854 -1.106291
319.3702 -1.1009719
314.78467 -1.0945224
309.35605 -1.0881453
303.05524 -1.0781946
296.45026 -1.0700418
290.31085 -1.0584309
286.4941 -1.0469
282.6653 -1.0349519
278.90665 -1.0227406
273.81174 -1.0113422
268.73676 -0.9994725
263.77255 -0.98732656
259.34286 -0.97600853
256.4555 -0.9648512
253.08328 -0.94950646
251.42165 -0.9250169
252.99149 -0.9024357
257.04834 -0.8750004
263.5673 -0.85592204
270.27667 -0.83466023
273.68427 -0.82493037
278.53885 -0.81664634
283.4191 -0.8086375
288.33194 -0.80088216
293.9528 -0.79579693
300.1378 -0.79257536
305.75052 -0.7878272
311.60727 -0.78387433
320.1132 -0.7750803
327.90787 -0.7688709
332.55225 -0.7648555
339.4973 -0.7574867
345.96298 -0.7478073
351.24948 -0.73777455
356.24704 -0.72509533
359.99527 -0.7159063
364.4323 -0.70897055
368.85397 -0.7022764
371.81024 -0.6895709
369.91882 -0.6704091
365.82468 -0.6549065
360.4285 -0.6385483
354.32623 -0.6283868
346.31995 -0.6221855
338.43484 -0.6098627
332.00662 -0.5977778
323.40668 -0.5860446
314.3355 -0.58123463
306.32224 -0.58285123
295.94537 -0.578768
285.34912 -0.5666058
279.32297 -0.559221
272.44235 -0.553398
265.93985 -0.54956746
260.16684 -0.5498149
254.28471 -0.54997075
248.77135 -0.5496144
243.49326 -0.54827875
232.22078 -0.54279125
226.3706 -0.5428189
219.91635 -0.54454595
213.35326 -0.5413496
207.37819 -0.54018265
196.59914 -0.5375389
192.12196 -0.53925997
182.70734 -0.53824896
172.42743 -0.52860916
166.05737 -0.51851326
159.19539 -0.50669825
153.03958 -0.49172673
147.50395 -0.47890177
142.89653 -0.4775937
134.87071 -0.47509938
127.76151 -0.46873114
118.77613 -0.45029154
110.18929 -0.4406012
102.51342 -0.41140646
93.7531 -0.3826382
88.844406 -0.3676784
79.8442 -0.35392866
71.938156 -0.37620065
63.869705 -0.39662382
56.059795 -0.43121725
47.68304 -0.49570096
41.74422 -0.51882297
35.511 -0.55397487
29.786535 -0.55579525
23.513868 -0.5102918
23.513868 -0.5102918
