Finger
34
14.516234 -1.467408
10.203357 -1.4234356
3.6752248 -1.1509372
2.5541716 0.94400907
7.990695 1.3821949
13.173477 1.4568259
18.147333 1.4881481
25.315718 1.5510685
33.121483 1.5255493
40.31709 1.5336288
47.09515 1.555702
53.29635 1.5614262
58.29639 1.5793623
64.10021 1.5785867
69.01235 1.5925058
74.28836 1.5909638
79.2882 1.5896919
84.28455 1.5885717
90.05909 1.5874318
95.27753 1.5865206
102.030655 1.5854797
108.26396 1.5846343
114.04805 1.5839325
119.24946 1.5833595
125.24809 1.5827577
131.03096 1.5822299
137.83902 1.581665
146.02441 1.574216
152.22757 1.5740767
158.21417 1.5739526
163.96146 1.5677506
169.967 1.5619819
175.21057 1.5622457
181.98004 1.5625638
187.19777 1.5627933
193.20972 1.5589219
198.99127 1.5532286
204.22478 1.5487875
210.04008 1.5409292
215.3235 1.5360016
221.34807 1.5324337
227.20685 1.5255017
232.45251 1.5213654
238.29326 1.5183814
244.59009 1.5123187
250.63158 1.5089904
256.6796 1.50655
262.59497 1.5011144
267.8546 1.4980222
273.80203 1.4922898
279.12866 1.4866114
285.2744 1.4814013
291.32944 1.4735719
296.67966 1.4685764
302.682 1.4639461
308.0488 1.4587063
313.33658 1.4516013
319.65863 1.4439167
325.77542 1.4354901
331.3359 1.4307775
336.90775 1.4241098
341.5105 1.4225663
346.53094 1.4106847
352.22748 1.4015183
357.85406 1.3926301
362.07272 1.3824025
366.8852 1.3735175
370.99554 1.3638759
375.9255 1.3535061
380.16425 1.3420413
383.84903 1.3335266
387.14856 1.3223019
391.12057 1.3086162
391.91718 1.2964011
388.67114 1.2806549
383.6324 1.2631285
380.63553 1.25186
376.7899 1.2405251
371.78308 1.230196
366.53506 1.2217858
361.24796 1.213505
355.522 1.2019501
350.0026 1.1953564
346.28415 1.1911206
341.77945 1.1858556
337.63858 1.1835487
333.7199 1.1792914
326.89865 1.1739767
318.8947 1.1702476
313.93234 1.167007
307.9976 1.1622955
300.85733 1.1586566
294.7394 1.1538867
288.91895 1.1487396
282.34528 1.1421525
275.5746 1.1348976
270.43478 1.1301137
263.53403 1.1252193
257.71832 1.1186891
251.88074 1.1118584
246.12033 1.1047043
240.271 1.0972035
234.46776 1.0893313
228.72458 1.0810652
222.94363 1.0723654
217.2184 1.063211
211.49907 1.0535583
205.77646 1.0433627
200.02834 1.033532
193.83809 1.0264877
187.67831 1.0190455
182.21675 1.0134594
176.08235 1.0050919
169.96211 0.99612427
163.8514 0.9864668
157.75423 0.97604966
151.67058 0.9647735
145.1744 0.9570164
138.55446 0.9497682
131.93808 0.94179845
125.53807 0.9441291
119.09665 0.9360297
113.1321 0.93005615
107.22114 0.92628276
100.944115 0.9264031
95.15327 0.92003405
90.15378 0.91962594
84.37954 0.91196036
77.81615 0.89523757
71.39827 0.89517605
64.52709 0.88486695
57.253258 0.8754916
49.418667 0.90095323
41.01456 0.89388514
33.686314 0.8706611
26.820353 0.8396504
20.124073 0.8224967
11.663099 0.7280639
5.0332623 0.3587657
3.3015444 -1.3491306
9.862561 -1.993541
17.314632 -2.0684767
23.462873 -2.1209896
29.832615 -2.1475484
35.662086 -2.1415582
42.879864 -2.144382
49.399002 -2.1551328
55.025597 -2.1526499
61.584927 -2.1602943
68.77191 -2.1600652
75.27604 -2.1505303
81.06168 -2.1477423
87.63328 -2.153464
92.628555 -2.1567495
98.27721 -2.1552284
104.90073 -2.1475565
111.467415 -2.1520777
118.14283 -2.1454384
124.61961 -2.140377
131.13313 -2.1445732
137.8176 -2.139252
143.24335 -2.1333988
150.17668 -2.134217
158.22241 -2.1319544
166.28464 -2.1299016
173.21202 -2.126563
180.97739 -2.124594
187.70453 -2.121348
194.77579 -2.112193
200.27411 -2.1073298
206.85313 -2.1041896
214.41135 -2.0996473
221.32333 -2.091911
228.16237 -2.0882206
233.94417 -2.0815353
240.82886 -2.0750363
246.57864 -2.0668135
253.21233 -2.0571465
260.3525 -2.0513341
267.37595 -2.0451996
273.32614 -2.0380466
280.04532 -2.0299985
286.7858 -2.022333
294.2116 -2.0138342
300.9909 -2.0068717
307.72638 -2.0002098
314.21555 -1.9915454
320.60956 -1.9826391
326.3071 -1.9750243
331.81674 -1.967932
337.78934 -1.9580112
343.08643 -1.9479239
348.32227 -1.938902
353.2946 -1.9280553
358.5039 -1.9190652
363.80865 -1.9108628
367.93112 -1.9017793
371.43445 -1.8950855
375.81393 -1.8802865
378.5289 -1.866981
380.8774 -1.8516796
382.2584 -1.8343343
383.028 -1.8203801
382.7438 -1.8065193
381.4983 -1.7925181
379.38724 -1.7794317
375.8996 -1.7673461
370.97083 -1.7572987
362.81326 -1.7442591
356.2342 -1.7332364
351.63358 -1.7267569
344.82135 -1.7122998
339.41962 -1.7050846
332.28287 -1.6965653
325.70978 -1.6897758
319.67612 -1.6850805
315.30377 -1.6802967
309.2418 -1.6733679
303.88177 -1.668616
296.81946 -1.6607592
289.60022 -1.6526335
283.24026 -1.6466817
275.3459 -1.641587
267.25018 -1.636243
260.91904 -1.6301625
254.87593 -1.6276463
248.99576 -1.6217923
243.7478 -1.6179347
237.94257 -1.6148838
230.85152 -1.6075789
224.59695 -1.6006925
217.78566 -1.5960217
208.7694 -1.5923259
202.76033 -1.5842206
197.7464 -1.5783724
193.5242 -1.5733767
187.53102 -1.5628074
182.53215 -1.5625887
176.76697 -1.5623211
171.53835 -1.5620626
165.7674 -1.5617586
161.5576 -1.5615231
156.5607 -1.5612271
150.77905 -1.5608602
145.5627 -1.5605041
139.78311 -1.5600785
134.56322 -1.5596627
128.80199 -1.5591648
124.57719 -1.5587703
118.59943 -1.5581641
113.60174 -1.5576084
109.59099 -1.5571257
104.5966 -1.5564728
99.60038 -1.5557543
93.606346 -1.554791
89.38315 -1.562653
84.6106 -1.5648941
80.60702 -1.564601
74.618126 -1.5774885
70.61327 -1.5778681
64.64707 -1.5785208
60.637066 -1.5790316
56.408154 -1.5796491
50.655315 -1.5958593
46.46899 -1.6195581
41.72431 -1.6306739
35.82956 -1.6685147
31.060612 -1.6835777
26.867352 -1.7012734
22.902258 -1.7240281
16.049908 -1.7903539
10.894788 -1.9960217
7.205871 -2.4376767
5.603253 2.9430103
8.384098 2.2852235
12.588067 2.0223637
18.86318 1.9791548
22.944746 1.949797
28.889635 1.9054338
33.96154 1.8847136
39.98353 1.8822907
45.56396 1.8887808
50.01216 1.9019632
56.63813 1.9173625
61.087822 1.9259676
68.127335 1.9504068
75.57481 1.9823316
82.68856 1.9976622
88.47981 2.005112
93.37868 2.0162344
100.82773 2.0331092
106.75072 2.039359
112.55598 2.0430462
118.826416 2.0538528
124.66281 2.0565717
131.3427 2.0553842
136.80643 2.0569518
141.738 2.05849
147.71594 2.0658631
152.97777 2.0712938
159.16623 2.0769737
164.98459 2.0781682
172.64317 2.0865536
177.73642 2.0912879
182.7503 2.0937977
190.76337 2.1050522
198.99 2.1156344
204.48967 2.12222
212.73842 2.1314418
220.46944 2.136161
225.5831 2.138778
232.3325 2.1444454
239.27603 2.1506724
247.5573 2.1576328
255.32686 2.1609251
263.08368 2.164012
269.2741 2.1664402
277.43378 2.171465
283.68582 2.1755762
291.71042 2.1805906
298.82867 2.1848097
305.0743 2.1883473
310.54822 2.1936343
316.54004 2.1989932
323.74802 2.2047236
328.2906 2.210675
333.48132 2.2177298
338.08737 2.225949
344.1367 2.234453
350.19846 2.242659
355.5141 2.2523541
360.27603 2.263096
364.72733 2.2734578
368.2432 2.2805037
371.25925 2.2899096
373.90704 2.2979612
376.85526 2.3106515
378.17462 2.3222384
379.81107 2.3344774
378.80112 2.3566146
378.16263 2.3741517
377.03787 2.3888018
376.23288 2.4024544
373.6312 2.4141529
370.4913 2.4278033
366.86362 2.4397204
362.07025 2.4555268
359.05316 2.4658554
354.40533 2.4737296
349.27432 2.479972
341.81445 2.488052
336.6567 2.495538
330.3839 2.503481
326.31088 2.5101614
321.74402 2.5179272
317.619 2.5252476
310.66873 2.5318322
303.6393 2.5359478
296.39093 2.5403996
289.82764 2.544626
283.86414 2.5486386
276.9472 2.5535138
269.0414 2.559399
262.12708 2.5648437
256.7804 2.5664456
250.46292 2.5689511
244.92943 2.5738397
238.55997 2.576719
232.207 2.5797422
223.08124 2.5858092
217.57666 2.5917332
211.26816 2.5954697
205.41574 2.5953474
196.77234 2.5968304
190.88539 2.5995634
185.87518 2.6014507
177.97908 2.6002913
169.8768 2.5971837
161.60593 2.6041453
155.04997 2.6089973
148.71361 2.6151137
142.4014 2.6217394
136.0761 2.6290205
129.76425 2.6369987
121.15479 2.6423454
115.23241 2.6366434
108.725204 2.6455343
102.92428 2.6480055
97.159775 2.650659
91.89009 2.648258
86.84542 2.652709
82.17904 2.6520948
74.203316 2.650054
68.2745 2.6411004
63.378693 2.6390603
56.78525 2.635478
51.101955 2.6353528
45.866997 2.6280622
38.78859 2.6247437
33.63833 2.5931962
28.350159 2.561539
23.905443 2.4878361
18.80369 2.3916547
14.818832 2.2880514
11.127713 2.11111
7.7136264 1.7808192
6.047867 0.73305213
10.153575 0.15313195
15.107443 -0.12933554
19.568317 -0.177093
25.034925 -0.25125775
29.42474 -0.28345796
33.96688 -0.30925626
40.437645 -0.33271778
46.151016 -0.35875675
51.321545 -0.36266914
57.290478 -0.3793732
62.742916 -0.38273153
68.40651 -0.39303234
72.95957 -0.4002381
79.63519 -0.40565202
85.33968 -0.41240886
91.26151 -0.42117804
99.6337 -0.4342323
106.056175 -0.44023928
112.91727 -0.46057907
118.031784 -0.46747032
124.08684 -0.4788447
129.03027 -0.4852324
134.6541 -0.48839274
140.26201 -0.4994625
145.90399 -0.50181824
151.52972 -0.5116029
157.44489 -0.5174982
164.80484 -0.52188766
170.46959 -0.529875
175.59253 -0.53334427
184.81355 -0.54224855
190.80984 -0.55004436
197.55475 -0.5553378
203.23853 -0.56113476
208.36546 -0.56327534
213.89662 -0.5683093
222.64494 -0.57524645
229.74586 -0.5811286
235.13441 -0.5865207
242.22676 -0.5918037
250.51859 -0.5982965
259.9515 -0.60517085
267.20346 -0.61012024
274.76132 -0.6176043
280.9172 -0.6238688
286.68668 -0.6296467
293.70755 -0.6377231
299.44202 -0.6411116
305.62738 -0.6463906
311.71448 -0.650925
318.0517 -0.656344
323.02954 -0.66055155
330.63245 -0.6660406
337.3427 -0.6722096
341.40573 -0.67772835
348.29752 -0.6875584
352.39053 -0.6927538
357.76852 -0.7020709
361.64407 -0.7083034
365.61884 -0.7188306
369.9409 -0.7280345
372.67792 -0.7362359
375.51874 -0.74454594
376.6046 -0.7584431
376.4821 -0.7772142
375.79425 -0.7978773
375.26666 -0.8185575
374.0212 -0.83003956
371.49734 -0.8456033
369.01648 -0.85410637
364.46008 -0.8685767
360.75293 -0.8808109
357.46228 -0.8920417
352.95242 -0.90345454
349.70004 -0.9106746
344.4733 -0.92082584
340.46692 -0.92662865
335.81647 -0.93118185
330.56357 -0.9374017
323.0059 -0.94318324
318.13004 -0.94833034
312.5493 -0.951262
305.03012 -0.9577342
300.11554 -0.9629721
293.3125 -0.9671303
286.80685 -0.969301
281.23587 -0.96862686
275.016 -0.9741213
268.46417 -0.97877884
261.14194 -0.9842658
252.83487 -0.9908837
245.91284 -0.9967472
239.53467 -0.99943846
234.55153 -0.99942887
227.94754 -1.0073111
222.0174 -1.0133351
214.22498 -1.0217726
205.99771 -1.0313942
198.84717 -1.0404246
192.03517 -1.0496747
185.84636 -1.0555156
178.91298 -1.0654482
172.11852 -1.0768105
164.9523 -1.0808915
155.27635 -1.0913692
146.75783 -1.0995743
141.56853 -1.1062847
132.94608 -1.1222883
125.631256 -1.1294479
117.37373 -1.1433083
111.380356 -1.1483777
106.48062 -1.1587675
99.81159 -1.1621258
95.337456 -1.1647463
88.65936 -1.1690277
84.189514 -1.1723508
77.522964 -1.1778609
73.359314 -1.1723208
66.75734 -1.175864
62.588203 -1.169123
58.33794 -1.1567439
53.16157 -1.1549952
47.55027 -1.1256557
42.03898 -1.1096953
38.019062 -1.0864998
32.191307 -1.0333769
28.2646 -0.99117804
23.052698 -0.8915477
19.205402 -0.7925241
16.035976 -0.57202494
14.268754 -0.33337706
13.54685 0.09701105
15.427924 0.35201105
18.126965 0.54714686
21.328075 0.6877719
27.464087 0.7408297
34.51958 0.7457177
41.575626 0.74853367
49.761112 0.732857
56.332615 0.7235213
62.211662 0.70929456
68.41967 0.7034607
73.439766 0.6994387
79.33581 0.69016945
85.604095 0.68271554
92.59736 0.68074584
99.1574 0.67892706
104.95359 0.67130166
110.72812 0.6612301
116.52148 0.64739496
122.42707 0.6310393
128.08748 0.61110026
132.7723 0.595653
136.83022 0.5844169
141.54076 0.57092595
146.72174 0.5625613
152.25383 0.54928195
157.4126 0.5422589
161.58548 0.5340222
167.26842 0.5209317
172.21255 0.51275504
178.29494 0.50482017
183.66556 0.501244
188.92056 0.49768636
194.33939 0.49457082
199.67897 0.49150115
207.2763 0.4883592
212.60039 0.48560444
218.85283 0.48092508
224.16891 0.4784726
229.54364 0.47621337
235.78899 0.47209728
240.80264 0.46724942
244.8304 0.4635243
249.73613 0.4581856
254.62627 0.45309567
259.6015 0.4480521
264.3407 0.4436334
269.4698 0.4386992
274.53845 0.43406203
280.79517 0.4237576
286.2513 0.4151761
291.75778 0.40687183
297.25964 0.39890975
302.8 0.39120978
307.78867 0.38803843
312.40356 0.38200745
317.27762 0.37584347
323.7688 0.37622648
329.06494 0.37150538
334.93634 0.36788002
339.10117 0.3663048
343.07745 0.36186245
347.5085 0.3570402
353.3776 0.3508519
358.98306 0.34514284
363.36 0.3408154
368.17545 0.33618054
372.8962 0.32958928
377.21594 0.32012042
381.76477 0.3099956
386.19058 0.30169135
389.6838 0.2933764
393.73172 0.28437302
395.2487 0.26910153
394.88675 0.25595152
393.79868 0.24517083
392.7064 0.23379558
388.81903 0.22491075
384.75775 0.21606013
378.35403 0.20692815
373.6077 0.19860576
369.14948 0.19490425
363.48233 0.18467718
358.67258 0.17545485
352.37247 0.16536435
347.75726 0.16029882
339.97177 0.14684618
333.46454 0.13759923
328.44324 0.13288239
323.1542 0.12645453
317.68304 0.12221
312.4728 0.11714668
307.42725 0.11000119
302.00238 0.10457841
295.96808 0.0972788
288.784 0.09199524
282.3566 0.08417742
274.4313 0.078545555
268.16882 0.07664595
260.2754 0.07127537
255.21452 0.068766244
248.16698 0.063609056
243.34618 0.06074138
236.03183 0.05739423
227.19368 0.05180698
221.98058 0.052014284
216.9589 0.048607826
212.1412 0.04606745
207.91563 0.045912348
203.8753 0.04191698
199.84659 0.0388723
190.81863 0.034305584
181.81372 0.03050658
173.8042 0.02179124
168.52682 0.015120036
162.5309 0.015677875
155.55444 0.016381074
151.05945 0.01686856
144.01546 0.017693708
137.78076 0.018494453
131.82065 0.01933076
126.583084 0.020130705
120.59888 0.02112975
114.809105 0.022195486
108.61113 0.023462314
102.84559 0.024777876
97.61188 0.026106702
91.63391 0.027810263
85.87039 0.029677385
81.69686 0.043433208
75.810074 0.07034861
69.94333 0.09371086
64.103645 0.1179598
60.119385 0.12581748
55.941746 0.135269
50.12016 0.15109509
45.572617 0.16630638
41.14694 0.18438913
36.467995 0.2083745
31.484728 0.24196652
26.666834 0.28681946
22.54558 0.2945347
17.940462 0.3734288
14.288851 0.4757887
8.691496 0.8526382
6.545252 1.5817256
8.4110155 2.24991
12.850675 2.6072204
17.539644 2.7591941
23.189781 2.8554745
28.789927 2.912256
33.890533 2.947254
39.582436 2.9754822
45.515705 2.997299
51.625923 3.0144758
58.377563 3.029244
65.30638 3.0412064
72.28579 3.050927
79.46243 3.059135
86.21737 3.0656085
93.17576 3.0712926
99.15824 3.0755405
106.09072 3.089296
112.029945 3.100999
117.17497 3.1180446
123.139565 3.129015
128.89699 3.137329
134.11192 -3.1382399
140.11842 -3.1312523
146.92123 -3.1249294
152.92342 -3.1190479
158.17488 -3.10851
164.20949 -3.1023343
170.01999 -3.0977948
175.2772 -3.0934021
181.13678 -3.085092
188.17871 -3.0807564
194.21887 -3.0774958
199.5373 -3.0702784
205.3724 -3.0663512
213.19333 -3.0644164
217.49286 -3.0613365
221.55214 -3.0592415
227.83107 -3.0561852
235.3735 -3.054668
242.77216 -3.0499766
249.86678 -3.047678
257.90686 -3.046723
262.96353 -3.0447354
268.7409 -3.0439656
272.98837 -3.044626
280.11157 -3.04076
288.20074 -3.0393085
295.57187 -3.0357957
302.48587 -3.0316417
308.71475 -3.0265982
314.21088 -3.0197449
320.22394 -3.0150359
325.75037 -3.008603
331.10434 -3.0016322
337.2962 -2.9930735
345.59286 -2.9759514
350.45142 -2.9660995
355.24362 -2.951368
358.60388 -2.9361289
361.39096 -2.9235768
364.2073 -2.9049544
365.36102 -2.8921976
365.65814 -2.8783185
361.72015 -2.858189
358.07233 -2.8435242
354.73474 -2.828854
350.9226 -2.8163183
345.90137 -2.8052998
340.66345 -2.796129
337.24536 -2.789324
331.43097 -2.7828674
326.03308 -2.7766523
320.44174 -2.7699776
314.8454 -2.7630408
308.92245 -2.7588925
302.96136 -2.7545235
297.05417 -2.7500455
290.2405 -2.7440705
283.01907 -2.7410135
276.90735 -2.7355793
269.9899 -2.7317357
263.98877 -2.7268853
258.09863 -2.721061
252.24913 -2.7150216
246.41127 -2.7086995
239.31189 -2.7031531
235.06738 -2.6993873
227.89429 -2.694188
221.83585 -2.691052
215.5784 -2.6872919
206.3697 -2.6816976
201.73248 -2.6813014
196.34676 -2.6791232
191.62202 -2.6726675
184.54169 -2.6714096
178.48486 -2.6667426
170.88538 -2.6636374
166.27763 -2.6558344
159.1125 -2.6535668
153.25258 -2.6421916
145.60577 -2.6274097
139.61902 -2.6131446
132.04028 -2.5950944
127.3771 -2.5840335
122.825455 -2.577914
117.545494 -2.569591
113.51238 -2.5595508
106.80332 -2.5492973
100.89869 -2.5337799
94.871414 -2.5150237
88.91526 -2.4938025
82.75074 -2.471241
76.185036 -2.4529948
71.91351 -2.4368417
66.85062 -2.4112697
62.40467 -2.3904912
57.446518 -2.3565755
52.673008 -2.3189118
47.86483 -2.2708094
42.89259 -2.2412508
36.20718 -2.1840618
31.393501 -2.1301615
24.572609 -2.0658765
18.977293 -1.9765545
13.308023 -1.799544
9.310443 -1.2702153
13.945397 0.03718008
21.212175 0.26451102
21.212175 0.26451102
