Finger
21
5.99087 -1.1408939
2.5001001 0.050703283
4.992587 1.0470603
10.608098 1.3331914
16.60477 1.48045
21.343393 1.6303614
27.632118 1.7258272
32.985268 1.7381088
40.19249 1.7836173
46.920784 1.8351699
52.528496 1.8651466
58.35132 1.8908515
66.087 1.901726
71.5563 1.9197981
77.552765 1.9054033
83.86622 1.9044462
89.58376 1.917754
95.558395 1.936856
99.74582 1.9342026
105.400665 1.9417666
109.85494 1.9455408
116.904564 1.958564
123.44115 1.9652658
129.21727 1.9865407
135.80716 2.0052621
140.88464 2.0130963
147.35303 2.0287232
154.10388 2.0435562
160.83026 2.0570352
166.6005 2.0710163
173.03722 2.0787036
178.0924 2.0949926
183.7339 2.103184
188.54431 2.1164787
193.33513 2.1272595
199.90886 2.142145
206.20027 2.1557612
211.93832 2.167646
216.48676 2.1770117
221.7393 2.1853626
228.59917 2.19755
234.41875 2.2045639
241.22063 2.219966
245.57568 2.2281668
252.08244 2.2420213
256.30148 2.250168
260.79456 2.2608805
264.49988 2.2702608
268.91885 2.2782109
273.46573 2.2843707
277.88837 2.2909667
282.9869 2.2980883
288.09958 2.303696
294.35364 2.3120227
301.5157 2.319522
305.6815 2.3269548
310.04022 2.3324504
316.69238 2.3418913
321.25912 2.3464344
327.41263 2.3568268
331.25244 2.3641143
335.2232 2.3715637
340.05832 2.3823047
343.3358 2.3902545
347.05508 2.3963082
350.46902 2.4052606
354.15897 2.4146643
358.0139 2.4278986
361.82007 2.4369726
364.96786 2.4478493
368.39902 2.4590704
371.77798 2.47236
375.18423 2.4804509
378.43063 2.490431
381.2676 2.5017793
384.69675 2.5148017
387.01154 2.5286028
389.01578 2.544007
391.13055 2.555369
393.2653 2.570231
396.52585 2.5903778
399.9444 2.6066432
401.29254 2.6228309
401.1066 2.6406214
400.55988 2.6589596
399.8099 2.674894
397.94843 2.6899831
395.04944 2.7053564
392.96207 2.7168937
391.23062 2.7267885
388.55136 2.742737
385.25818 2.7511177
382.09857 2.7595894
377.77133 2.770521
374.36908 2.7792614
371.07437 2.7895477
367.52457 2.7981977
363.28055 2.808676
359.85217 2.8193316
355.37305 2.8306708
351.3172 2.8411534
347.5137 2.8535893
342.45154 2.8666358
336.77243 2.8803406
332.81766 2.890311
327.79675 2.8993998
321.9137 2.9104772
315.02158 2.9240851
309.97418 2.9345143
304.2838 2.9439845
298.86334 2.9539573
294.11548 2.9620986
288.67108 2.969226
283.12225 2.9792442
277.51147 2.9859576
270.20715 2.997629
265.95792 3.0029454
260.71396 3.0087855
255.42203 3.0168505
251.16493 3.0237603
245.88625 3.0325444
241.47296 3.038857
235.45882 3.048978
230.29626 3.0566664
225.08565 3.0669873
218.66124 3.0785754
213.81215 3.086403
209.74773 3.0913124
204.90843 3.0998871
199.5885 3.1125333
195.55112 3.1183412
190.77551 3.1269433
186.51053 3.1332886
181.52618 -3.1405084
176.77304 -3.1333964
172.54198 -3.127404
167.58536 -3.1165001
162.84502 -3.1081452
158.66599 -3.100962
153.75288 -3.088114
149.09428 -3.078217
144.92741 -3.0694814
140.09718 -3.0543919
135.23544 -3.0420496
130.36734 -3.0306108
125.41085 -3.0262055
118.46777 -3.01941
111.68443 -3.0029206
106.96897 -2.9967654
101.788574 -2.9893384
96.853516 -2.9815152
91.928085 -2.9728582
87.23225 -2.9636805
83.07813 -2.954682
78.19312 -2.9428537
73.53925 -2.9300916
69.39942 -2.9172657
64.54526 -2.9000716
60.54504 -2.883763
53.70252 -2.850007
49.185486 -2.8223248
45.279423 -2.7936676
40.363056 -2.7757661
35.751457 -2.725856
31.145418 -2.6954284
26.777996 -2.6584413
21.102169 -2.5685709
17.15031 -2.4869924
13.148073 -2.2239485
10.79222 -1.8263109
10.607055 -1.3940638
13.4080305 -1.0222771
18.007162 -0.82290864
23.64557 -0.75425947
30.039171 -0.7374064
36.053955 -0.7258385
42.0669 -0.73439425
48.441612 -0.7265397
54.58986 -0.74296653
61.81986 -0.7507744
69.020164 -0.7723306
73.966415 -0.7828649
81.559555 -0.7981911
87.420105 -0.80947155
92.59568 -0.8260085
97.984085 -0.8429767
103.19999 -0.8589229
107.54502 -0.8692047
112.95009 -0.8777238
117.50039 -0.8877095
122.80089 -0.89926946
128.2457 -0.9055143
132.95882 -0.9119481
138.57855 -0.9182983
143.56517 -0.9273006
148.33087 -0.9324175
153.98546 -0.93736786
159.96642 -0.9474345
164.56377 -0.95256126
169.6625 -0.96119136
174.26219 -0.97092694
178.34116 -0.9797587
184.31422 -0.9899839
190.01857 -1.0018466
195.619 -1.014047
200.79753 -1.0197725
205.70042 -1.0273405
211.36003 -1.0379629
216.53772 -1.0520065
221.77701 -1.0654436
227.03761 -1.0782185
232.33936 -1.0904258
237.67865 -1.1020964
243.04472 -1.1132443
249.1195 -1.1252165
254.7579 -1.1357609
260.2031 -1.1454644
265.67322 -1.1547717
271.1557 -1.1636872
276.68155 -1.1722833
282.23376 -1.1805519
287.78543 -1.1884743
293.351 -1.1960917
298.66385 -1.205785
304.17917 -1.2135608
309.54633 -1.2225883
313.90698 -1.2309699
318.5594 -1.2370025
322.96124 -1.2449911
327.3761 -1.2527572
330.8873 -1.2594211
335.33777 -1.2668126
339.80444 -1.2740085
344.06445 -1.2808235
348.59674 -1.2899153
352.86484 -1.2993097
357.1584 -1.3084549
362.16486 -1.321051
368.00546 -1.3331136
372.20578 -1.346876
376.36557 -1.3582321
379.52737 -1.3701135
385.24884 -1.3889512
389.3089 -1.4039102
394.1427 -1.4239442
396.66113 -1.4375073
398.64075 -1.4526145
400.31766 -1.4664171
402.47177 -1.4819589
404.04886 -1.494699
406.88412 -1.510012
408.3397 -1.522424
409.3609 -1.5372338
410.20804 -1.5512449
410.13904 -1.5640318
410.1404 -1.5780379
409.4805 -1.5908766
408.63312 -1.6030909
407.79883 -1.6154834
406.0616 -1.6279773
404.45633 -1.6422778
402.8548 -1.6557742
400.4138 -1.6713555
397.10376 -1.6873367
392.87738 -1.704016
390.4447 -1.7152334
385.4365 -1.7328506
382.15958 -1.7448717
377.6872 -1.7569772
373.06842 -1.7736201
369.76465 -1.7837816
363.5823 -1.7959291
359.22708 -1.8050872
354.36487 -1.8199794
350.04102 -1.8290216
343.2672 -1.8425694
335.50992 -1.8590579
330.58295 -1.872206
326.18457 -1.880379
321.98016 -1.8903159
317.6636 -1.9014368
312.32785 -1.9107119
307.32254 -1.920755
302.75882 -1.9297833
297.72134 -1.9397343
294.15552 -1.948075
289.26138 -1.9613616
284.21603 -1.9734024
280.0331 -1.9836628
274.53107 -1.992459
269.27652 -2.0012295
264.5497 -2.009449
260.24838 -2.017217
255.53815 -2.0260584
250.37733 -2.0361745
245.71684 -2.0457222
240.39728 -2.0571337
235.3155 -2.068586
231.61249 -2.0772953
227.46878 -2.08743
222.42311 -2.09517
216.56322 -2.1014469
211.4298 -2.1089272
205.77998 -2.1196978
200.59187 -2.1251945
195.70819 -2.1332831
189.5833 -2.141215
183.47794 -2.1496513
179.5829 -2.1572008
175.13565 -2.1603816
169.45503 -2.1632223
164.18947 -2.1701093
157.00116 -2.170657
150.22578 -2.175396
144.54472 -2.1793563
138.6929 -2.191269
133.13026 -2.200508
126.83825 -2.209659
121.3374 -2.220553
115.87875 -2.215598
110.08941 -2.2211263
103.70892 -2.2317314
97.10961 -2.2323492
90.75401 -2.2452526
84.77339 -2.2562191
79.6739 -2.2765257
74.35059 -2.280357
65.47976 -2.2809136
57.037148 -2.26978
51.131256 -2.28413
45.403442 -2.3062403
39.86431 -2.3391254
35.44988 -2.3723354
29.385832 -2.441401
24.394463 -2.495369
19.639198 -2.566437
14.873237 -2.7482738
11.489837 3.114519
10.629008 2.5346048
12.307446 2.149117
16.678482 1.7819515
23.051247 1.592461
27.370693 1.4886162
31.478508 1.4595184
37.971107 1.3788475
44.453297 1.3385638
48.845573 1.3171958
55.465096 1.2879331
63.020206 1.2732345
67.43823 1.2623248
73.50235 1.2600906
79.120285 1.2563725
85.444084 1.2558587
90.81932 1.2520059
96.41573 1.241182
100.93707 1.232929
107.81407 1.2186923
112.37647 1.2120954
118.02563 1.205109
123.417984 1.2044256
130.42668 1.1923947
135.11885 1.1902354
140.38904 1.1823387
145.457 1.1743884
150.3302 1.1662021
157.18698 1.1572306
162.29639 1.1508148
169.80453 1.1383924
175.12584 1.1272281
183.11713 1.1117548
188.93758 1.0974234
195.68097 1.0863361
202.42804 1.0760163
207.87871 1.0681899
215.99599 1.0572963
221.46292 1.0504266
227.64046 1.0406814
233.93637 1.0328807
238.8815 1.0246141
244.28201 1.014032
249.98611 1.0058236
254.80156 0.9980605
260.24194 0.9886787
265.98056 0.98155534
270.84064 0.97467244
275.52078 0.96424556
280.0333 0.95361996
285.16742 0.94496405
289.71512 0.9350409
294.9275 0.92270315
300.13904 0.9108143
305.41385 0.89932436
310.7413 0.88822156
315.50708 0.875966
319.64487 0.86538434
325.55975 0.8535987
331.49164 0.84117186
334.9199 0.83426684
339.0283 0.8253348
342.7826 0.81458974
346.79068 0.80657
350.94235 0.79430616
354.4613 0.7842514
358.0173 0.77439004
362.53293 0.7594463
365.31857 0.74753624
369.07367 0.7344913
372.38135 0.7202115
376.07547 0.7072698
378.78162 0.6951248
381.30927 0.6820172
384.04782 0.6695863
385.41495 0.6557491
386.809 0.6428473
388.9578 0.6275177
390.8764 0.6118047
392.05005 0.5954715
393.2317 0.5804105
395.58524 0.5675003
397.06003 0.5532528
398.74274 0.53601205
400.91745 0.51551694
402.85602 0.49862158
402.94067 0.48721296
403.4001 0.47059157
403.40753 0.45811594
403.28955 0.4448183
403.03613 0.4318032
402.2354 0.4214336
399.47717 0.40575695
396.09232 0.39028975
394.34155 0.38115075
390.8748 0.37093213
388.23834 0.3604504
385.2556 0.34887135
381.759 0.33793572
378.17157 0.32765728
374.6907 0.3167152
371.33847 0.30627668
366.9246 0.29512194
363.01862 0.2868532
357.92825 0.27655905
353.45264 0.26544067
348.56067 0.25445813
344.65356 0.24539688
339.85098 0.23446184
335.02487 0.2249717
330.00232 0.21601029
322.9199 0.20189986
318.19617 0.19206214
312.55447 0.18257888
305.7867 0.17008866
301.1751 0.1592179
294.49988 0.14570998
289.1235 0.13793626
282.7778 0.13033369
277.58447 0.12557384
271.57623 0.12005047
266.07538 0.11209296
260.10684 0.10603395
254.62674 0.09742106
248.70982 0.091679454
243.28966 0.08450171
238.10365 0.07471092
232.96802 0.06674472
227.06593 0.05633329
220.979 0.04772286
214.85521 0.036242366
208.79497 0.02656341
202.71893 0.0136870425
197.48965 0.0027827343
191.74445 -0.0115394965
186.5566 -0.022538805
180.6196 -0.035690006
174.95557 -0.04827912
169.81612 -0.060230844
164.15608 -0.069752656
159.02701 -0.07830765
153.20511 -0.09283831
147.60179 -0.10478337
142.51892 -0.11559023
136.00647 -0.13429868
127.31379 -0.15325205
120.39557 -0.16213408
110.794235 -0.17632586
106.63104 -0.18328676
99.53299 -0.19652258
94.8909 -0.20627184
90.73836 -0.21585761
86.35349 -0.22700578
82.048645 -0.22970986
76.389885 -0.24374202
72.04609 -0.24444444
66.96231 -0.24800287
59.50711 -0.2319967
51.950832 -0.22204845
43.610016 -0.17713743
37.12503 -0.14721768
31.886786 -0.10832317
25.298428 -0.041590855
15.367424 0.19011377
9.630176 0.4916764
9.630176 0.4916764
