Stilus
10
184.81548 2.802348
181.29845 2.7395318
180.07768 2.7112184
179.37128 2.6787736
179.01602 2.646156
178.99681 2.6138084
179.6368 2.5845106
179.9221 2.5513408
180.44594 2.5197244
180.05795 2.4822967
178.0478 2.445685
178.77916 2.3973374
182.05765 2.3531337
185.21477 2.307983
187.11043 2.2694674
190.0615 2.2250414
192.20738 2.1965091
194.1685 2.165195
197.55206 2.1355367
200.21692 2.1097448
202.74796 2.0897205
206.07538 2.0584393
208.25583 2.0367072
214.08304 2.006673
218.69063 1.9868741
224.58185 1.9568405
228.71066 1.9307792
230.11342 1.9050199
231.88881 1.8755926
235.53793 1.8405782
239.05803 1.8141602
243.9961 1.7922642
248.79767 1.7674752
253.48663 1.7363857
255.7292 1.7072507
256.85706 1.6791579
257.28442 1.6560618
257.95715 1.6394802
257.58102 1.61325
257.38818 1.5882587
259.35736 1.5620282
260.50375 1.5360597
259.7812 1.5129963
260.1985 1.4898915
258.15475 1.461322
255.18945 1.4353577
252.65279 1.4149529
250.47092 1.3893151
245.99443 1.36524
241.23172 1.3356503
238.5752 1.3113656
237.4986 1.2926652
236.84435 1.2738074
235.19995 1.2418741
230.85355 1.207817
225.88625 1.1793233
221.9685 1.1612344
216.87979 1.1459774
213.26163 1.1186875
209.8242 1.0898364
205.6298 1.0571986
202.32436 1.0357624
199.10036 1.0143939
196.61467 0.9944316
193.05824 0.9573101
190.3893 0.9147242
188.03207 0.87765133
184.16109 0.8441747
181.08142 0.81388706
178.88817 0.7865907
176.92284 0.7443195
175.75056 0.7182352
175.14963 0.6726666
174.51825 0.6289911
175.31409 0.5854687
178.0167 0.5331663
180.63722 0.5067033
185.38004 0.4743538
187.7923 0.44993785
192.80954 0.4089822
197.64842 0.36138365
200.64919 0.34407827
203.29695 0.31869823
206.86572 0.27844203
210.79678 0.2566459
215.29524 0.24159516
218.72466 0.21138038
224.06593 0.1700023
230.05835 0.13823499
234.35844 0.1063621
237.01836 0.08287967
241.53667 0.065093234
244.89207 0.046535615
247.8421 0.028212808
250.7999 0.0117695
253.81786 -0.004262795
256.88287 -0.023659956
259.19183 -0.038903993
264.49463 -0.061520334
270.05917 -0.089254335
272.8822 -0.11783942
276.90118 -0.14523794
278.64667 -0.16242494
281.46188 -0.17878726
283.40842 -0.1928916
287.52585 -0.21394324
291.20282 -0.2390418
295.3843 -0.26700735
297.67844 -0.2822292
300.0781 -0.29734656
302.41516 -0.31918
304.927 -0.34323266
306.37073 -0.35618454
308.08182 -0.3708249
309.91772 -0.38577387
311.5472 -0.39845482
313.61563 -0.41384122
314.57904 -0.43604544
316.23654 -0.46155387
316.94363 -0.47819212
317.92175 -0.49083605
319.62027 -0.5022361
321.2847 -0.51790375
322.16388 -0.5334024
323.23193 -0.5568653
325.92233 -0.5769883
326.67572 -0.5901781
328.1675 -0.6130399
327.77133 -0.6373555
325.44934 -0.6571104
323.68164 -0.67018485
322.12265 -0.69000876
322.28485 -0.70987403
322.40826 -0.7290708
321.53156 -0.7536444
319.44577 -0.77717024
317.35245 -0.80166745
314.50272 -0.8203596
312.67398 -0.84088266
310.38675 -0.8589588
307.46497 -0.87638485
303.66214 -0.89156157
299.9327 -0.90711236
297.67804 -0.9265661
296.17493 -0.9447848
294.91235 -0.96243364
291.8836 -0.97909147
288.98892 -0.99416614
286.85587 -1.0170965
284.99844 -1.0295249
282.9554 -1.0416584
281.37903 -1.0639919
278.7414 -1.0832025
275.78757 -1.0979176
272.87097 -1.1170405
270.2984 -1.1369641
267.13623 -1.1632655
265.37686 -1.1888862
263.10843 -1.2109613
259.18207 -1.2328813
255.74152 -1.2570843
252.7181 -1.2821162
250.09612 -1.3042078
248.33987 -1.3314679
247.1555 -1.3519696
246.1199 -1.3717732
245.18192 -1.3917296
244.18599 -1.415875
244.10793 -1.440661
244.6127 -1.4655797
244.05605 -1.4900036
244.64336 -1.5147449
246.37845 -1.5394781
248.26376 -1.5629067
249.27675 -1.5839317
250.3911 -1.6038266
251.7162 -1.631424
252.15071 -1.6551703
253.69739 -1.6854411
254.95 -1.7163817
255.56265 -1.7319099
258.5566 -1.7535396
261.6503 -1.7785825
265.33325 -1.8063868
269.25836 -1.8335885
272.62338 -1.8607163
274.15616 -1.8789037
276.03903 -1.8996619
278.30096 -1.9227029
280.50327 -1.9434977
283.03052 -1.965707
285.39276 -1.9851149
287.11676 -1.9985633
289.97705 -2.0197096
291.9763 -2.0470202
292.616 -2.0729935
294.23425 -2.0982094
296.55917 -2.1180277
297.4393 -2.135546
297.48547 -2.1589468
298.19485 -2.181707
300.34778 -2.197564
302.28217 -2.211895
305.44635 -2.2256503
307.72244 -2.2404718
309.52457 -2.2529287
312.64636 -2.270111
316.08173 -2.2829354
319.44412 -2.2997522
320.9661 -2.3131435
322.217 -2.327074
322.80527 -2.345128
322.79602 -2.3648233
320.92484 -2.3797483
319.6433 -2.405873
320.6525 -2.4222083
322.3756 -2.4386387
326.39764 -2.4574397
328.267 -2.4796627
328.26526 -2.49966
327.91956 -2.517827
326.04202 -2.5351808
324.3189 -2.5539875
324.80734 -2.5742333
325.55466 -2.5937846
324.19547 -2.618011
323.07593 -2.6309452
321.34976 -2.6424785
319.37668 -2.6674523
318.7152 -2.6891139
320.20258 -2.7103772
318.58688 -2.7312162
317.76196 -2.7514086
315.9705 -2.7763758
313.53342 -2.797277
311.57123 -2.8152921
309.48474 -2.8358405
307.29776 -2.847817
305.42664 -2.8599186
303.3712 -2.8716812
301.10153 -2.886824
299.34973 -2.906796
295.39453 -2.9234962
289.897 -2.9472215
284.62628 -2.9689286
280.56195 -2.9915726
278.48083 -3.012254
273.91052 -3.0367177
272.10794 -3.0581436
269.92438 -3.0797503
266.6295 -3.1014898
262.44135 -3.1303394
258.43124 3.1326761
253.23378 3.121665
246.83829 3.1080022
242.00447 3.0907729
238.07504 3.0688894
232.71252 3.0382268
229.34239 3.0135882
225.244 2.9843123
220.069 2.9610372
215.4785 2.9489098
211.09799 2.9387977
207.71153 2.9169576
203.63057 2.8959882
199.76654 2.8710537
195.89629 2.8436558
191.89456 2.8235707
188.17447 2.8003247
184.55197 2.7903354
184.55197 2.7903354
