Mouse
21
140.85959 1.853441
148.55891 1.8384216
152.42018 1.8314817
158.22502 1.8217078
164.04391 1.8126265
170.62128 1.7971104
174.52159 1.7919675
181.35757 1.7835001
185.06529 1.7736554
188.79024 1.7641983
193.51457 1.754161
197.27261 1.7454795
200.88182 1.7322139
205.6639 1.7235074
209.61824 1.7206045
213.43008 1.7131745
218.11227 1.7008445
221.95395 1.69404
225.69133 1.6830665
229.55864 1.6767856
234.06627 1.6532819
237.89923 1.6435181
241.75415 1.6340648
245.57793 1.6208429
249.48254 1.6120342
252.34874 1.5957057
252.27373 1.5758909
252.28505 1.5600353
248.31522 1.5518081
244.36272 1.5433141
240.39427 1.5386986
235.39691 1.5380169
230.4753 1.5286328
224.48076 1.5275061
219.48555 1.5265203
213.53943 1.5205982
209.54457 1.5196403
205.5499 1.5186453
198.61623 1.51178
194.68608 1.5054407
188.8446 1.4927973
184.93932 1.4857211
178.96175 1.4828722
175.07019 1.475176
169.09857 1.4717883
165.22285 1.4633723
159.37308 1.4530972
155.65498 1.4373189
150.00029 1.41878
146.37207 1.4011345
142.9822 1.3757278
139.26297 1.3631155
133.34581 1.3229281
130.53989 1.2856964
132.03336 1.2493478
135.23167 1.2259544
138.50056 1.2036536
143.68817 1.1876626
148.90994 1.1727895
155.07932 1.1615083
164.9278 1.1609746
173.34969 1.1506091
177.8177 1.1495163
182.69809 1.1434846
188.00658 1.1329389
193.33482 1.1229734
201.36081 1.1090163
206.73186 1.1003147
213.9307 1.0859098
219.34042 1.0782757
224.76233 1.0710093
229.3217 1.0619694
236.62782 1.0501187
243.45961 1.0425196
252.1881 1.0305383
256.82516 1.0231899
263.7025 1.0168735
268.89737 1.0069281
275.2621 1.0043542
279.10574 0.9961064
286.8613 0.9928457
293.7844 0.9878884
299.05188 0.9794518
309.33517 0.97059655
319.39532 0.9579531
324.9696 0.9549642
331.7107 0.9471646
338.85107 0.93316936
344.04898 0.9226169
350.07556 0.9141275
354.89612 0.9103611
360.9577 0.9023325
366.41672 0.89669806
371.8871 0.8912293
376.59424 0.88423944
381.95926 0.87540895
385.83087 0.8634686
388.442 0.85564137
394.4117 0.83838505
397.79608 0.82897335
399.04733 0.81819695
399.62262 0.8057592
400.25082 0.7898259
398.15207 0.7738653
395.3668 0.7666292
391.2284 0.755583
388.49646 0.74808866
381.68716 0.7325867
376.86383 0.7262723
370.6447 0.71954435
365.7537 0.7167247
360.86566 0.7138286
356.7391 0.709024
351.099 0.70779467
345.45944 0.7065252
340.58258 0.70331043
335.70932 0.70000225
330.07343 0.69854045
323.92844 0.6903121
316.39966 0.6813036
311.55255 0.6773955
304.68283 0.67027926
300.02142 0.6613603
292.58154 0.6508764
288.57364 0.64404815
284.20233 0.6292779
281.0521 0.6198658
275.39505 0.60339475
272.31552 0.5933833
268.46408 0.5717647
266.32086 0.55913377
263.70267 0.54305977
261.65805 0.5299716
260.52887 0.51478344
261.21774 0.49579954
265.125 0.47507888
274.51328 0.45350903
281.7687 0.4409967
285.46292 0.43489724
290.9154 0.42620766
296.38904 0.41783842
304.63663 0.40584984
309.23676 0.39946634
315.69736 0.3908425
319.39935 0.38607144
326.82443 0.3768541
331.47864 0.3713032
337.30472 0.35824782
342.24564 0.34662774
351.31253 0.32528016
357.3302 0.31371596
363.39407 0.30253628
366.92075 0.2966866
371.41782 0.29017615
376.61227 0.28052917
382.10986 0.27366698
386.39713 0.26518625
389.74454 0.25754413
392.38275 0.24262469
394.36075 0.23095085
395.9615 0.21446516
393.17142 0.20560704
386.5178 0.18545233
382.5002 0.17148079
376.42758 0.15542355
372.86087 0.14607036
369.1926 0.13385394
364.71066 0.12444799
359.3847 0.11789183
355.18045 0.11362458
349.8809 0.10672574
345.69415 0.10220575
341.51462 0.09757503
335.35126 0.09338251
331.276 0.09150294
320.94293 0.08808019
311.0856 0.08391255
306.77313 0.08162824
300.62567 0.07661839
296.48914 0.0709252
290.43393 0.06895473
286.31076 0.06294847
281.2586 0.060518373
277.1505 0.05418815
273.05386 0.047667712
265.97174 0.04141069
256.83942 0.027300311
251.77567 0.015931226
244.7458 0.004130523
239.74574 -0.0041255266
229.77835 -0.017361406
223.82385 -0.026761176
217.89023 -0.036673814
213.977 -0.046699908
210.0314 -0.052345008
205.09444 -0.058489706
201.1635 -0.06461469
196.1742 -0.06626041
191.25601 -0.07320857
186.26976 -0.07517194
182.2813 -0.076819964
173.39279 -0.086553805
163.48694 -0.0979569
159.31645 -0.100529715
153.39409 -0.11112224
149.41942 -0.114090905
144.45305 -0.11803142
138.62297 -0.13029222
132.67612 -0.1361678
126.88025 -0.1503961
123.08547 -0.1632983
123.01724 -0.2047357
126.07196 -0.24034953
133.6737 -0.28053677
144.68146 -0.2946083
150.04749 -0.29768735
156.66743 -0.30476093
162.03767 -0.30727586
169.92812 -0.3172532
174.67172 -0.32642743
179.42926 -0.33511585
186.16783 -0.35672083
192.98721 -0.37680778
199.11713 -0.38624763
205.12274 -0.40599862
211.30287 -0.41404474
216.58386 -0.4235227
224.53969 -0.43690175
228.96254 -0.44718686
234.29822 -0.46474108
239.24141 -0.47780403
245.10637 -0.4884148
249.64156 -0.49692562
252.44582 -0.5089661
254.4189 -0.5226958
253.00883 -0.54428875
251.1831 -0.5627533
246.67508 -0.5791598
243.89348 -0.591568
236.47615 -0.6127936
232.18228 -0.63118094
227.96986 -0.6502545
224.01067 -0.6637674
218.84528 -0.6706449
213.06503 -0.6741987
207.28766 -0.6779506
201.51335 -0.68191767
191.52112 -0.68392307
186.38887 -0.6925556
178.45296 -0.7003509
174.10867 -0.7063743
166.29898 -0.70692074
161.20741 -0.7176323
154.72359 -0.72852623
148.25975 -0.74037164
142.50452 -0.75841373
133.96794 -0.7883668
129.73735 -0.7993647
125.52353 -0.8111024
127.78241 -0.8383384
130.78389 -0.8587918
135.2458 -0.87734956
143.34323 -0.8969289
148.68524 -0.91685593
153.87723 -0.92630655
162.31815 -0.9497706
166.97958 -0.9623238
173.32404 -0.9806765
177.76135 -0.9838498
183.3279 -0.997434
187.23541 -1.0045362
193.70116 -1.0195674
198.49217 -1.0284685
205.0224 -1.0419134
208.98364 -1.0474397
216.05347 -1.0556148
220.02972 -1.0606167
226.24544 -1.065853
230.23244 -1.0704564
237.81467 -1.0735084
244.04453 -1.0780342
251.6318 -1.0806903
257.8691 -1.0847999
267.23276 -1.0906045
273.47992 -1.0942533
281.96652 -1.0978137
288.2205 -1.1011198
297.607 -1.105818
302.52756 -1.1102744
308.79254 -1.1131076
313.72253 -1.1172906
321.36258 -1.1254001
326.30798 -1.1292357
331.25806 -1.132957
335.30566 -1.1353137
339.84555 -1.1415203
343.48663 -1.1463672
348.4567 -1.149661
352.11105 -1.1543051
356.68936 -1.159976
360.36008 -1.1644089
364.18222 -1.1748807
367.6685 -1.187654
370.1376 -1.2077402
371.55258 -1.2206719
373.0292 -1.2335033
375.5147 -1.2470807
378.7773 -1.2721456
378.57852 -1.2830212
378.8461 -1.2997066
378.76086 -1.3105888
377.75153 -1.3208215
374.13486 -1.3376282
371.2806 -1.3468657
363.57468 -1.3533174
359.02753 -1.3590726
354.69833 -1.3622154
349.39377 -1.3648523
343.89127 -1.3704184
339.38095 -1.3767353
334.88455 -1.3832221
329.41898 -1.389339
324.9509 -1.3961982
319.5126 -1.4027264
315.07544 -1.4099902
311.49298 -1.421124
306.1096 -1.4283793
298.246 -1.4482822
292.8139 -1.4597539
288.4169 -1.4720007
282.90253 -1.4913639
280.61755 -1.5050082
278.33557 -1.5224618
275.14023 -1.5400872
270.03253 -1.5580271
267.01108 -1.5728637
265.0496 -1.5879713
264.18326 -1.6069609
264.41125 -1.6258596
266.65665 -1.6404252
270.86926 -1.6504465
277.2847 -1.6667005
281.56564 -1.675946
286.9786 -1.687979
292.4316 -1.6995648
300.04318 -1.7130957
306.71902 -1.7264587
313.28116 -1.7361032
322.19232 -1.7503864
326.67154 -1.757235
332.3399 -1.7662737
336.8534 -1.7727036
344.94345 -1.7856753
353.31552 -1.800808
357.16287 -1.8097975
362.00806 -1.8179172
366.87643 -1.825822
374.05933 -1.8457334
377.36578 -1.8570468
378.80792 -1.8697095
381.2624 -1.8814701
383.13916 -1.8963811
384.76764 -1.9086936
386.45395 -1.9209005
383.52582 -1.9376189
379.96222 -1.9497089
374.60706 -1.9640621
370.3828 -1.971729
366.70337 -1.9759862
360.28073 -1.9836452
356.62042 -1.9881455
349.32214 -1.9974284
343.86893 -2.004649
335.72406 -2.0159183
330.31882 -2.0237393
323.5943 -2.030427
320.01434 -2.035972
312.86392 -2.0402954
307.95554 -2.0447452
300.81766 -2.0494502
295.9224 -2.0542328
286.56335 -2.0595622
282.5639 -2.0630844
276.3332 -2.0669687
270.9847 -2.0692623
264.761 -2.0734615
259.41678 -2.0759912
250.96732 -2.0809584
246.12067 -2.087333
240.78636 -2.090366
235.45436 -2.0935361
231.49205 -2.0984201
227.53546 -2.103474
222.72667 -2.1110067
217.9311 -2.1188717
213.1496 -2.12709
206.69664 -2.1408646
198.62077 -2.161082
193.92009 -2.1711493
187.84746 -2.1804087
184.00131 -2.1883996
175.75551 -2.2008426
171.13968 -2.213335
163.74777 -2.2242844
159.1858 -2.238393
152.62268 -2.2472954
148.88753 -2.258878
143.1226 -2.264872
136.72073 -2.2657776
130.31898 -2.266772
125.97121 -2.2749462
129.19887 -2.3153627
131.94228 -2.3376586
135.45953 -2.3642414
139.06763 -2.3894618
142.01486 -2.408706
145.76947 -2.4316556
148.82593 -2.4491746
152.55357 -2.4608686
159.11092 -2.469949
164.8935 -2.474576
172.26042 -2.4860327
176.65253 -2.4908614
183.24792 -2.4976702
187.64929 -2.5019433
192.05394 -2.5060205
196.46162 -2.509915
203.6661 -2.5114608
208.07773 -2.5150225
213.3047 -2.5211723
217.96432 -2.530776
224.03372 -2.5388234
227.9003 -2.5451593
232.05402 -2.5572624
235.94597 -2.5630794
239.30508 -2.572219
242.68361 -2.5811048
245.558 -2.5932138
247.95786 -2.6085072
248.9426 -2.6339736
249.20198 -2.6573615
248.2572 -2.6734974
246.04173 -2.6916342
237.56831 -2.6977706
233.09706 -2.6981509
227.77565 -2.706479
222.88622 -2.7111201
219.2575 -2.703507
215.21248 -2.6998303
208.08101 -2.7048802
203.61052 -2.7054718
199.14012 -2.70609
194.25064 -2.7114053
187.63712 -2.724512
182.76817 -2.7306535
176.98764 -2.7349074
170.8216 -2.7448354
163.37163 -2.7588716
157.2504 -2.7705944
152.44083 -2.7794223
147.64392 -2.7888246
141.58434 -2.8031359
135.24237 -2.8257356
131.17966 -2.8476176
128.85222 -2.8825152
133.73643 -2.9229314
137.43665 -2.936348
141.16028 -2.949059
145.54614 -2.9758668
152.15245 -2.9964225
155.9736 -3.0064764
159.93805 -3.0098453
165.88792 -3.0145967
169.73567 -3.0234258
177.57254 -3.0343294
182.44316 -3.0427132
188.23413 -3.0564334
193.1362 -3.0637944
201.9715 -3.0771306
207.89922 -3.0837896
213.83566 -3.0900793
218.78114 -3.095821
227.73033 -3.1020157
231.72725 -3.1026988
236.65587 -3.1119652
242.62645 -3.1168175
246.6029 -3.1212733
252.58385 -3.125714
256.56967 -3.1298587
262.55396 -3.137744
266.552 -3.1415532
271.5593 3.1342664
278.58057 3.1272714
286.63724 3.1172059
292.6901 3.1108744
299.79184 3.1015892
303.87418 3.0955393
309.9647 3.089985
316.12286 3.0814865
322.23633 3.0764096
330.424 3.0689266
334.7243 3.0578754
341.05554 3.047659
346.22446 3.0432625
351.6103 3.0333369
356.156 3.0205934
360.49753 3.0136716
364.13962 3.0011036
366.69852 2.9910665
369.29382 2.9811695
371.92477 2.9714115
373.78745 2.9586809
376.49857 2.9492002
377.48654 2.9361985
375.82925 2.9189405
373.81445 2.9067318
370.8864 2.8937328
367.51093 2.8857868
364.15906 2.8776941
359.60016 2.8713825
355.33044 2.862202
348.6072 2.8566644
339.9795 2.8492234
335.16702 2.8448987
323.54678 2.8339
313.95453 2.8241756
305.97696 2.8191211
300.29224 2.812789
291.78885 2.802829
287.07782 2.797041
282.7217 2.787738
277.10123 2.7802348
273.72318 2.771651
268.50854 2.760099
264.25504 2.7495422
258.9897 2.728509
253.91756 2.7154157
250.70186 2.7051878
249.72171 2.6855922
248.83818 2.6658497
248.0523 2.6459744
246.99187 2.620462
248.14777 2.6044753
249.04451 2.5831149
252.2752 2.5629437
255.04404 2.54653
260.66614 2.5285916
265.78046 2.5144558
270.34933 2.5038216
274.94772 2.493542
280.36612 2.4857826
286.41754 2.4755669
291.09192 2.4663062
297.97275 2.458981
302.0535 2.4528825
307.55362 2.44653
312.3023 2.4383354
318.4817 2.4300575
324.0239 2.4244165
327.41507 2.4172163
333.64725 2.4097068
337.81213 2.4048548
343.3387 2.395825
348.20822 2.3891745
354.47192 2.3786137
357.9658 2.3724675
361.46115 2.3625283
364.9895 2.3566551
369.95453 2.3470922
374.95248 2.337783
378.56845 2.3286173
381.5925 2.3140025
383.20718 2.3030965
384.2073 2.290329
382.3409 2.2807364
380.50998 2.271051
377.9447 2.2629578
372.59076 2.253986
367.11307 2.2485816
363.83435 2.2417412
358.99997 2.2382097
353.555 2.2323542
350.31778 2.2250984
346.30194 2.219448
341.69885 2.2113233
335.13196 2.1999257
330.35583 2.1954794
324.1916 2.190185
319.67368 2.1810815
314.92667 2.1761322
309.06235 2.1656916
303.78558 2.1575944
299.9136 2.1501808
294.37863 2.1462498
289.69006 2.1403017
282.25375 2.131951
275.36423 2.126241
267.9633 2.1170552
261.4462 2.1053934
255.83363 2.091187
247.16666 2.0786848
240.30344 2.0613263
237.55666 2.0484564
231.72046 2.037229
225.01227 2.037312
219.6475 2.0394182
214.72554 2.0353668
210.2534 2.0353866
205.33514 2.031053
200.42093 2.0265071
195.07732 2.017119
188.00537 1.9998101
182.71463 1.9890083
177.84448 1.9827279
170.35843 1.9699341
164.58763 1.9649454
156.21616 1.9526004
148.80464 1.9364415
142.37659 1.9162002
137.60493 1.905528
131.90227 1.896499
125.90428 1.8791053
125.90428 1.8791053
