Finger
28
282.1789 2.3107595
281.38593 2.2833583
280.4684 2.261577
280.27646 2.243751
279.15805 2.2152448
280.01874 2.1918185
280.21188 2.1733148
281.6172 2.1506865
284.18042 2.13021
287.04535 2.1178503
291.0659 2.1023877
294.7995 2.0831597
298.7715 2.0711095
301.98276 2.0615516
305.3926 2.0482163
308.57895 2.0392509
311.07074 2.0191064
311.82486 2.0023434
313.01764 1.9827882
313.818 1.9643806
313.79068 1.9473839
312.3583 1.9325147
311.56503 1.916396
310.34442 1.9035509
307.85477 1.8898143
305.14392 1.8783807
301.90097 1.8661962
300.1906 1.852899
295.1061 1.8401756
291.08615 1.8295237
287.04837 1.8159765
283.2452 1.8045996
279.2406 1.7903693
274.61932 1.781819
270.22693 1.768425
265.30206 1.7515901
259.55145 1.7374377
253.82655 1.7212929
248.46315 1.6952083
243.88533 1.676127
240.73485 1.6559488
237.0068 1.6334313
233.73935 1.6114002
230.59047 1.5867844
227.55467 1.5657891
227.45999 1.5430392
227.63258 1.5229776
227.86398 1.5050962
229.87631 1.477248
231.80905 1.4527857
236.39201 1.4245133
240.40556 1.4073308
244.03836 1.3925977
251.22583 1.3694911
263.31024 1.333795
269.7101 1.318761
277.44183 1.3112012
288.7102 1.297107
293.68253 1.289955
297.8921 1.2771969
301.16205 1.2664939
304.30664 1.2556938
307.61044 1.2439198
310.83698 1.2334865
313.526 1.2183408
316.63132 1.201804
318.12772 1.1898257
319.94293 1.1759024
321.95688 1.1611543
321.4126 1.1438533
321.37836 1.1275609
319.79553 1.1099503
316.36386 1.0837054
314.74597 1.0665216
311.46082 1.0524662
308.21133 1.0370587
305.13718 1.018499
302.56277 1.004621
299.3395 0.9858031
296.55023 0.9714252
294.4558 0.95496416
292.3161 0.9371003
290.87152 0.9197241
290.02206 0.896009
289.45084 0.8765801
290.0636 0.8576573
290.04337 0.8369212
291.2233 0.8178512
293.75644 0.79832876
296.55258 0.7839307
299.58237 0.7692441
302.34424 0.7558854
305.99094 0.7447099
309.672 0.7338075
313.5788 0.72262836
317.7198 0.7111938
321.743 0.7004692
326.33667 0.68865997
330.2126 0.67903686
333.9276 0.67009014
337.24573 0.66231775
341.99112 0.6515421
346.78134 0.64104927
350.56946 0.6330104
354.01712 0.62588334
358.05893 0.6177478
362.16287 0.6097193
366.0412 0.60233736
369.57242 0.5957824
372.97797 0.589605
376.59387 0.58002
378.64673 0.56463915
378.88483 0.54955786
380.35867 0.53099906
381.23285 0.51454175
381.07562 0.5024253
380.4797 0.48578274
379.15012 0.46977186
377.3091 0.46006793
374.30005 0.44356918
371.35828 0.4265933
368.80557 0.41782433
365.88843 0.4064476
363.02057 0.39489657
360.57428 0.38571778
357.794 0.37382603
355.06375 0.36173984
350.1726 0.34878123
347.02386 0.3397608
342.24664 0.33056334
337.07126 0.31653047
331.0607 0.30676326
325.36438 0.2951923
318.8593 0.2817391
313.65576 0.26998168
310.49255 0.25914678
305.9618 0.2476236
300.30405 0.23129465
297.41714 0.21917129
294.91223 0.20662218
291.50607 0.19212902
288.63104 0.17654178
286.2088 0.15793566
286.03046 0.14213564
285.39117 0.12551598
284.9063 0.11121812
285.39896 0.093781374
284.9744 0.07632025
285.65204 0.059677005
287.32605 0.044337366
290.03918 0.026709184
293.94974 0.009333466
297.93033 -0.007526974
302.15402 -0.021211402
307.25824 -0.039836768
311.3412 -0.05219509
313.801 -0.066440634
316.09082 -0.07895345
318.45746 -0.09224079
318.85135 -0.104750164
320.40295 -0.11990578
320.96823 -0.13373066
321.60333 -0.14768642
320.99466 -0.16558294
320.44806 -0.17949903
317.3715 -0.19764592
313.34183 -0.21515363
309.41147 -0.22952257
304.40857 -0.24485455
300.6356 -0.25863147
296.3153 -0.2705408
292.86063 -0.2816089
289.581 -0.2920854
284.54492 -0.3047657
279.57507 -0.31697685
275.0074 -0.3271828
269.65338 -0.3378541
264.8658 -0.3512182
260.36438 -0.36270228
255.37222 -0.37433198
251.16663 -0.3884549
246.11543 -0.40235168
242.33841 -0.41799954
239.83565 -0.4352592
237.45961 -0.46379888
237.78723 -0.48614582
237.72084 -0.510882
238.49248 -0.53722644
241.01768 -0.55182314
243.9437 -0.5710093
246.20274 -0.5904413
248.38026 -0.60534394
250.70125 -0.6254327
253.83098 -0.64231044
256.25443 -0.6548467
259.16376 -0.6693299
261.83197 -0.6821075
265.77798 -0.69433624
269.749 -0.70614606
273.77042 -0.71767014
279.7089 -0.7324466
283.08716 -0.7442403
287.05856 -0.75535494
290.16464 -0.765404
293.04306 -0.7755736
296.185 -0.7863334
299.10434 -0.7960287
302.69238 -0.80756813
305.12396 -0.8196519
307.94308 -0.83255976
311.16754 -0.8462429
314.0967 -0.85867584
316.16476 -0.8767025
316.41315 -0.89572376
316.33698 -0.91260695
316.11423 -0.9279967
315.2062 -0.9492162
314.56934 -0.9673506
312.72556 -0.9830435
311.18954 -1.0023127
309.58533 -1.016579
307.3091 -1.0286647
304.2631 -1.0455221
302.2755 -1.0569806
299.99442 -1.0706189
297.60284 -1.0855262
295.19675 -1.1012173
292.5324 -1.1194962
290.75662 -1.1383474
289.7412 -1.1566178
288.40332 -1.1762177
289.3401 -1.1933631
290.24213 -1.2167172
292.56512 -1.2350972
294.91074 -1.2539523
298.28015 -1.2681946
301.2082 -1.2864141
305.84064 -1.3064818
309.3576 -1.3237264
313.48648 -1.3368405
317.7702 -1.3521924
322.10928 -1.371028
325.64975 -1.3833742
329.7634 -1.3939884
334.15146 -1.4063383
338.7323 -1.4205266
343.23636 -1.4321365
346.94095 -1.4420102
351.4149 -1.4551183
355.07486 -1.4672784
359.3929 -1.4803556
363.17175 -1.4920012
368.67737 -1.5064155
372.66843 -1.5185125
377.91382 -1.5337886
382.0104 -1.5452611
384.68875 -1.5565165
387.88776 -1.5714163
389.20013 -1.5874772
389.30847 -1.5996876
388.47556 -1.6119432
383.9594 -1.6255319
378.37762 -1.6428083
374.69962 -1.6542205
369.18863 -1.6690317
364.63675 -1.6812758
360.04382 -1.6917589
355.4352 -1.701137
349.89877 -1.7118604
344.5448 -1.7206424
340.02557 -1.7308372
336.1664 -1.7387114
332.56293 -1.7466719
327.20706 -1.7589022
323.6581 -1.7673085
320.13675 -1.7758806
314.90842 -1.7890546
310.79465 -1.7993352
307.2024 -1.8117073
301.4753 -1.8262172
297.90198 -1.8362806
293.45795 -1.8483179
289.8403 -1.8608536
286.71988 -1.8786911
282.9077 -1.9025548
281.33615 -1.9200462
280.18408 -1.9405729
279.25113 -1.9611135
279.1518 -1.9786892
279.10004 -1.9959667
280.34708 -2.0140707
280.8857 -2.0324552
283.4011 -2.051725
285.74414 -2.0672104
288.15356 -2.0824342
291.02353 -2.0997312
293.68774 -2.1150517
296.8463 -2.1323853
299.5339 -2.1464887
303.39917 -2.1658306
306.0869 -2.1786819
307.70895 -2.1918201
309.38068 -2.204806
307.6185 -2.233504
306.82175 -2.2512085
304.85806 -2.2696953
301.771 -2.2875788
297.71143 -2.3074615
294.70966 -2.3214152
291.23807 -2.3336818
288.3549 -2.3432844
284.09604 -2.357999
279.20642 -2.3757339
275.2382 -2.3908453
271.70657 -2.4048827
266.51862 -2.416501
262.16376 -2.4283054
258.15494 -2.440425
254.82108 -2.4498987
251.05348 -2.4682229
248.57256 -2.4808338
244.14577 -2.4976773
241.75745 -2.5109558
237.45673 -2.5288503
235.17639 -2.5427814
231.72066 -2.5571408
229.32803 -2.5731049
226.88289 -2.5902045
225.42007 -2.6095178
227.59993 -2.644227
230.15399 -2.6698005
232.44826 -2.6897864
236.15738 -2.707278
239.01758 -2.726569
241.93263 -2.7408597
245.99289 -2.7566237
249.07527 -2.7702577
253.03377 -2.7847846
258.01196 -2.8074837
262.2438 -2.8220246
267.02304 -2.839721
270.27625 -2.8511932
275.1925 -2.8678603
279.55197 -2.8759425
284.03714 -2.883876
287.9244 -2.891017
291.58145 -2.9004683
295.81168 -2.9117353
300.0412 -2.9249008
304.09836 -2.9412618
307.9134 -2.959719
312.03082 -2.9786131
317.03604 -3.0002997
319.4774 -3.0140386
322.73587 -3.034017
324.3244 -3.0469487
326.0273 -3.065894
326.62656 -3.084392
327.37674 -3.0998166
327.20636 -3.1150534
327.11185 -3.1303356
327.0938 3.1375525
326.15384 3.1221795
324.3284 3.1036427
322.18842 3.089148
320.0385 3.0749712
315.7657 3.0558896
311.8208 3.0403187
310.27182 3.023611
308.91995 3.0067887
306.66907 2.9893312
302.89908 2.9681132
301.6161 2.9505694
299.91742 2.9325218
299.26245 2.911478
299.42755 2.891839
299.80368 2.8740613
300.411 2.8547854
304.50696 2.8441534
308.55872 2.8345973
313.89822 2.8232582
320.53967 2.8104105
325.4152 2.8025224
331.42172 2.7896845
336.24075 2.7767334
341.29865 2.7667687
345.46432 2.755114
348.98755 2.7464666
354.04477 2.7343779
358.28134 2.7212396
359.97986 2.7108054
363.2583 2.6979318
366.71158 2.6894805
369.5676 2.675146
371.42834 2.6652925
373.33344 2.6554945
375.9323 2.6425688
377.0424 2.629032
379.22333 2.616271
379.3331 2.6007874
377.08325 2.5820503
375.5438 2.5636156
373.41296 2.54702
371.51218 2.5297656
367.86218 2.5110662
365.13605 2.5004935
362.33118 2.4912434
358.995 2.4806333
355.6567 2.4733133
351.92334 2.4649105
348.80414 2.457707
345.11264 2.4489567
341.12384 2.4392147
337.32974 2.4296563
334.1866 2.421512
329.83472 2.409878
325.6112 2.398168
321.73373 2.3870306
318.12228 2.3763034
314.04718 2.3682194
308.73355 2.36271
305.2713 2.3537755
300.27368 2.34408
297.5133 2.332096
285.99155 2.3068075
276.16162 2.2889202
276.16162 2.2889202
