Finger
13
264.17117 1.9605495
262.47653 1.9893675
261.4701 2.0171525
260.66595 2.0391338
259.2708 2.0601988
258.5874 2.0969944
257.51486 2.1276236
256.19342 2.154045
254.30936 2.186497
251.91705 2.2189987
252.01677 2.2448754
251.5359 2.2800992
251.65376 2.305978
251.5942 2.3305483
251.50993 2.3560336
251.41931 2.3804595
251.25601 2.4045086
252.12035 2.4305613
252.0428 2.455635
251.43942 2.4841692
252.65408 2.5173268
252.14507 2.5460658
252.415 2.5751977
252.5761 2.5965557
253.36365 2.622532
253.95935 2.6508272
256.20947 2.6851668
258.85495 2.7157116
260.2372 2.7442162
261.69037 2.7711992
263.35687 2.7980661
264.6443 2.8308673
266.6368 2.8575666
268.17123 2.8785765
271.52515 2.9046702
273.8845 2.9329703
276.49188 2.9599624
278.60962 2.9839773
281.59802 3.003539
284.70792 3.022783
288.18918 3.047902
290.67737 3.0693927
294.28503 3.0906053
297.03717 3.111292
299.91602 3.1316037
301.9085 -3.1316895
304.02255 -3.1120434
306.26944 -3.0925765
308.6141 -3.0734913
311.06808 -3.0547078
312.85507 -3.0359557
314.53522 -3.017328
316.32016 -2.9989734
318.22083 -2.9806309
320.21866 -2.96266
322.32153 -2.9448721
323.5415 -2.926773
324.8666 -2.908816
326.36206 -2.8902168
327.90775 -2.8724735
329.54755 -2.854986
331.29727 -2.837579
333.1329 -2.820481
335.0734 -2.8035026
336.38318 -2.7859256
337.38394 -2.767963
338.61826 -2.7509525
338.5911 -2.7374597
340.0782 -2.7258642
339.72906 -2.7067657
339.3553 -2.6898582
339.24924 -2.672621
339.35236 -2.6528697
338.74634 -2.6297975
338.2297 -2.6145685
338.04648 -2.599826
336.81567 -2.580871
336.60553 -2.5593772
336.24994 -2.5407383
336.199 -2.5217607
336.02344 -2.5008512
335.3663 -2.4832237
335.47754 -2.4682996
336.15945 -2.4511926
336.57346 -2.43633
336.8413 -2.4178545
336.9518 -2.3997374
338.36243 -2.3817513
338.8794 -2.3586004
339.078 -2.3398795
339.97018 -2.3194625
340.40594 -2.29377
340.89615 -2.273973
340.6506 -2.258893
340.15842 -2.2341552
340.89642 -2.2176468
341.135 -2.1989245
341.4952 -2.1801984
341.67795 -2.155343
342.0347 -2.14043
341.23877 -2.124659
341.02808 -2.107957
340.73865 -2.0947864
340.18115 -2.0788267
340.2482 -2.0620353
340.1595 -2.048867
338.9541 -2.0341578
337.65567 -2.0196288
336.50116 -1.9983466
336.51712 -1.985259
336.21008 -1.9705058
335.0899 -1.9523131
333.73898 -1.940358
332.90042 -1.9252498
331.2112 -1.9112018
329.5766 -1.8969098
328.0648 -1.8829969
326.8002 -1.870776
325.1373 -1.8537731
323.50946 -1.8359194
321.99036 -1.8179477
320.57553 -1.7998021
319.2703 -1.7815479
318.07236 -1.7631505
316.8102 -1.7414892
315.6703 -1.7190812
314.8693 -1.7009501
313.34473 -1.6816703
311.7268 -1.6628753
310.23862 -1.6439421
308.661 -1.6249076
306.39725 -1.6056873
304.24857 -1.5862291
302.21655 -1.5665666
300.30426 -1.5464768
298.5135 -1.5262274
296.846 -1.5057672
295.30414 -1.485088
293.88858 -1.4642388
292.60464 -1.443128
291.3057 -1.4252292
290.10016 -1.407193
288.98834 -1.3890382
287.18613 -1.3701633
285.29797 -1.3509227
282.74127 -1.3279026
281.1363 -1.3073534
279.82108 -1.2845248
277.46014 -1.2631896
275.9219 -1.2454867
274.72595 -1.2246944
273.66455 -1.2038497
273.38168 -1.1846528
271.5014 -1.1650455
270.78064 -1.1437383
270.0943 -1.1229951
268.0047 -1.0983119
266.95602 -1.0785888
264.66705 -1.0566778
263.7196 -1.0327545
263.6677 -1.0113561
262.7266 -0.9819508
261.3677 -0.9506542
260.10583 -0.91850895
259.3794 -0.8956889
259.45874 -0.8710145
258.8705 -0.8384472
258.62674 -0.8160748
258.50687 -0.7904934
258.60196 -0.75752825
258.2976 -0.73241943
257.99265 -0.70150673
257.8997 -0.6766976
258.75534 -0.64967704
259.79935 -0.6228382
260.77692 -0.60135424
260.8893 -0.5744057
262.1139 -0.5398241
262.7232 -0.51212096
264.2117 -0.4908646
265.81595 -0.46988
268.17044 -0.44553497
269.69684 -0.4224083
271.3722 -0.399497
272.87653 -0.37431154
274.83438 -0.35213092
276.4278 -0.3337625
278.84882 -0.30525517
281.15933 -0.28334233
283.20584 -0.2563448
284.43814 -0.22976801
287.20782 -0.20901784
291.91107 -0.18467206
296.78183 -0.16111115
299.8921 -0.135861
302.04498 -0.11816666
303.40918 -0.09832422
305.1963 -0.08401235
308.54358 -0.063669056
310.50595 -0.050356135
311.29327 -0.034209255
312.93823 -0.015540747
314.10757 0.0011085555
315.16998 0.02012803
317.13156 0.03826366
318.57495 0.05447281
320.0133 0.07552182
322.50262 0.09977535
324.3696 0.11843254
326.09488 0.13572104
327.63394 0.1510996
328.6131 0.16601779
329.29828 0.1780067
330.0303 0.18993993
331.21335 0.20769897
332.27805 0.22239229
333.18433 0.23411727
334.13818 0.2458008
335.56427 0.2622055
336.01456 0.27819046
335.99634 0.29679987
336.23196 0.30905575
336.77383 0.32352224
337.18768 0.33627704
337.9215 0.35127088
337.9926 0.37011132
336.15363 0.39465642
333.93832 0.41693375
333.57532 0.43062848
333.41922 0.4506993
333.39667 0.46412796
333.46143 0.484188
333.71848 0.49775353
335.61313 0.5146782
336.74188 0.52650714
337.9641 0.53848684
338.47766 0.5579711
339.7728 0.5695237
341.16245 0.5812081
342.0487 0.5956311
342.756 0.61301035
342.4245 0.6316174
342.5161 0.6467132
342.28162 0.6648823
343.0522 0.67805964
343.9231 0.6985587
344.98965 0.71122015
346.1047 0.724103
345.76962 0.7428194
346.28613 0.7588364
346.18216 0.77553153
346.19452 0.79797727
346.3766 0.82002646
346.68665 0.8399678
347.05234 0.85664374
347.61508 0.8765015
347.7021 0.8952652
347.62112 0.9137032
347.71167 0.93047905
346.2577 0.9434741
345.6797 0.95824254
344.7376 0.9749334
344.16635 0.98785096
343.35153 1.0021795
343.0182 1.0201843
342.51013 1.0396373
341.8882 1.0544611
341.53848 1.0682857
340.50778 1.0800116
339.4431 1.0922675
339.31915 1.1112105
338.64655 1.1233704
337.73096 1.1416476
336.23026 1.1530029
335.51 1.1653509
334.18802 1.1824907
334.06967 1.1987563
332.51584 1.2117047
332.45145 1.2278996
332.0109 1.2408545
331.2622 1.2591337
331.0109 1.2715752
331.02676 1.2904837
329.87018 1.3051732
328.34628 1.322805
326.92914 1.3405471
326.03833 1.3525087
324.7929 1.3705277
322.85367 1.3850826
320.19922 1.3993376
318.0748 1.4166718
316.33002 1.4323956
313.78873 1.4499191
312.02084 1.4659544
309.63727 1.4781426
306.3657 1.496683
304.8839 1.5095493
303.62067 1.525779
301.4128 1.5452685
299.53168 1.5584823
297.3206 1.5751888
293.60867 1.5956397
291.58163 1.6129647
289.03098 1.6306512
287.46268 1.651864
284.01166 1.6733851
280.61295 1.6932566
278.41412 1.7153138
276.23965 1.7354425
274.3528 1.758712
272.57617 1.7815504
269.81113 1.803537
267.3405 1.8281053
264.86575 1.8508614
262.7682 1.8770038
261.46646 1.8987508
259.70923 1.9255296
259.4593 1.9465048
258.62332 1.9700847
257.3452 2.0171006
257.3452 2.0171006
