Stilus
16
272.53323 2.2935839
272.11026 2.2504086
273.9899 2.215897
276.90668 2.1936226
282.50568 2.1784666
287.55518 2.1547134
292.21732 2.135176
295.37918 2.1244338
297.0779 2.0988371
300.30585 2.0773234
304.7529 2.0538383
309.15964 2.0319123
313.24167 2.0148277
314.567 1.9918634
313.99478 1.9779621
313.86044 1.9624835
312.82748 1.945858
311.5021 1.9235473
309.55997 1.906091
307.8743 1.8900062
306.34515 1.8745412
304.89105 1.8589368
303.5115 1.8431814
299.61447 1.8297042
294.24908 1.8141826
289.58932 1.8066163
283.3799 1.7901957
276.2679 1.7783471
268.41653 1.7655112
265.77814 1.7483706
257.8438 1.7259523
251.18565 1.706486
245.5528 1.6880178
240.0276 1.6697599
234.783 1.6522921
229.40819 1.6394131
225.59512 1.6150825
222.92119 1.590959
224.37526 1.5685706
225.42853 1.5487876
227.33379 1.5269159
232.38504 1.5041306
237.28879 1.4920554
243.75299 1.4718857
250.54175 1.4539726
256.26566 1.4403772
260.84906 1.4189743
263.76215 1.4035289
268.59464 1.3899488
273.8199 1.3841927
278.92093 1.3789995
285.0688 1.3653086
290.7268 1.3518379
296.9851 1.3392583
302.21082 1.3239009
304.39517 1.3111584
307.00467 1.2940056
309.71912 1.275559
311.21014 1.2601928
313.0935 1.2419692
315.0838 1.2239325
317.07028 1.2069967
320.3786 1.1890619
322.4425 1.1734208
325.03372 1.1548363
322.46533 1.1337026
317.88562 1.1040483
314.84872 1.0885742
310.989 1.0773077
306.71487 1.0660806
303.57343 1.0538666
298.6775 1.0372593
292.66534 1.0234506
286.9297 1.002986
281.66568 0.9910187
279.44382 0.970639
281.1855 0.9478691
283.72433 0.92374194
287.0929 0.89841956
288.4898 0.866513
290.16074 0.84421486
292.58353 0.82858056
294.90988 0.8157253
298.2699 0.8020077
301.3323 0.7915577
304.7024 0.78042287
308.2338 0.76914215
310.55847 0.7574838
313.78113 0.7434806
318.6761 0.72524923
324.8565 0.7085089
327.94382 0.70046914
330.96286 0.68888587
333.58075 0.67858654
336.72696 0.67107534
340.53925 0.6651337
345.3173 0.6551184
349.52084 0.63876975
352.81873 0.63184595
358.47485 0.62034523
363.1347 0.6028318
366.8355 0.59097576
369.07758 0.57556784
370.04312 0.5570093
373.53397 0.5387132
375.92343 0.523419
377.9225 0.5043514
378.06982 0.48844758
377.6285 0.4748099
376.12607 0.45970055
374.26364 0.44954497
370.70114 0.435626
366.48407 0.4236665
361.36554 0.41228282
356.51053 0.4002745
351.32727 0.38722464
345.1089 0.37343764
340.79614 0.36511743
336.3646 0.35742912
330.48215 0.342173
325.38965 0.3250994
320.61472 0.30970532
316.0116 0.2951606
309.45212 0.28061745
301.87924 0.26463163
296.88077 0.25014997
291.93207 0.23149198
287.48117 0.21647319
286.7707 0.19833982
284.7513 0.18001844
282.87238 0.16238493
281.86005 0.13875528
281.21564 0.12124892
281.52316 0.106704615
283.7841 0.07745684
285.65204 0.059677005
290.9457 0.041181553
295.97403 0.019454177
300.9112 -0.0033909925
304.01447 -0.02638586
308.26392 -0.048695084
310.70712 -0.06188454
313.1892 -0.083045095
315.8345 -0.104627386
317.63608 -0.12629728
318.50607 -0.14624386
317.44055 -0.16132659
316.18375 -0.17544131
311.4126 -0.19773285
306.5864 -0.21420781
300.45508 -0.2296566
294.8941 -0.24104019
289.33533 -0.24932772
285.94943 -0.25956795
280.39288 -0.27592835
276.74402 -0.28342223
273.08926 -0.29113993
267.34235 -0.31239593
261.29413 -0.3248034
256.68268 -0.3349783
252.99902 -0.3526475
249.30165 -0.37004903
244.8435 -0.39037198
239.40486 -0.40067324
235.71881 -0.40730643
230.22829 -0.41761842
226.42969 -0.4250747
224.44556 -0.45865923
223.72035 -0.48931268
223.84053 -0.5098957
224.68925 -0.54201823
226.08629 -0.57065594
230.77397 -0.59387183
237.45177 -0.6143949
240.59718 -0.6255992
243.7907 -0.6365516
247.38113 -0.649487
250.79173 -0.6606074
253.45715 -0.6726198
256.85953 -0.68294173
259.4087 -0.69493276
263.93796 -0.71527034
267.74863 -0.7274258
273.99344 -0.7416611
279.55026 -0.75156844
283.74548 -0.75811976
287.35785 -0.76584226
292.79538 -0.77957505
296.8606 -0.7886024
301.15408 -0.7980486
304.84134 -0.8052411
308.4405 -0.8119431
313.67264 -0.8233116
316.6249 -0.8319201
320.34866 -0.850784
323.7291 -0.8671956
326.08057 -0.8820738
326.57846 -0.90599287
327.50616 -0.9274307
325.563 -0.94579583
323.342 -0.96738887
319.99377 -0.9827435
317.23856 -0.99589986
315.02448 -1.0068402
310.95367 -1.0170182
306.66254 -1.0321755
302.776 -1.0421563
298.1141 -1.056007
294.5919 -1.068814
290.54944 -1.0815572
288.49384 -1.0934849
282.9688 -1.1101522
279.58444 -1.1249415
278.37833 -1.1426595
277.25156 -1.1605988
277.23288 -1.1792302
278.43784 -1.1973575
280.0181 -1.217403
282.5961 -1.2367724
283.222 -1.2552642
287.51303 -1.2812642
290.83252 -1.293343
296.2806 -1.3160597
303.79144 -1.3393825
307.25095 -1.3487318
312.24783 -1.3654028
317.59796 -1.3817168
323.51343 -1.3977973
330.7355 -1.4138414
337.76373 -1.435052
342.38446 -1.4508525
347.50003 -1.4678361
354.08417 -1.4811007
359.56375 -1.499171
364.26065 -1.5138787
369.2489 -1.5274531
373.05978 -1.5420032
375.21524 -1.5531583
377.1606 -1.5655335
378.1664 -1.5787194
377.25092 -1.5933015
372.97552 -1.6109304
369.91214 -1.6227919
368.02875 -1.6342754
362.67462 -1.654208
357.25626 -1.6723285
353.79846 -1.686832
350.61813 -1.7000295
345.1251 -1.7116146
338.5841 -1.7225484
331.32944 -1.738108
327.71414 -1.7461886
323.21176 -1.7557083
317.46225 -1.7775563
313.95667 -1.7864377
308.53256 -1.8002805
303.6422 -1.8141708
298.33646 -1.82902
294.315 -1.843113
291.28632 -1.8567857
287.4434 -1.8724279
285.10162 -1.8925349
283.28177 -1.9142057
282.74295 -1.9332073
282.1955 -1.9563984
282.06885 -1.9758208
283.66168 -1.9973203
283.7443 -2.0146554
285.05014 -2.0321321
286.19708 -2.053673
287.98224 -2.0669882
291.25964 -2.0873907
296.42642 -2.1056397
302.90576 -2.1159098
309.9804 -2.1285152
315.83917 -2.1460173
318.86926 -2.1548362
323.35953 -2.1688159
326.52795 -2.1882198
325.19177 -2.206303
322.81296 -2.2272651
320.5635 -2.2486286
318.69977 -2.26235
312.3666 -2.2717974
307.76962 -2.2792337
304.07886 -2.285324
296.74628 -2.2979164
290.82605 -2.3161778
286.45 -2.3303719
280.705 -2.3499918
275.08545 -2.370375
272.31247 -2.3809083
265.5356 -2.398112
259.8109 -2.415368
255.95836 -2.4371896
251.02536 -2.4620075
245.27968 -2.4848454
240.11227 -2.5007668
236.39925 -2.5205698
232.9615 -2.5415034
230.59393 -2.5645685
228.63432 -2.586101
224.669 -2.6064417
222.65506 -2.621901
220.35585 -2.6404388
223.4876 -2.6596162
227.70851 -2.6790926
231.06593 -2.6911926
235.97075 -2.706911
241.4157 -2.7173579
246.681 -2.7313988
250.89641 -2.7386937
256.6119 -2.7481678
262.8962 -2.7580693
268.44617 -2.7663977
273.2396 -2.7842436
277.09772 -2.8009262
280.86942 -2.8239176
286.96695 -2.8455398
291.9971 -2.8654993
296.72842 -2.8839927
300.85126 -2.9002898
305.2825 -2.9182732
309.94226 -2.9283292
314.01282 -2.9441195
317.8143 -2.9657335
319.93378 -2.9827356
320.2274 -3.001802
319.4472 -3.0203884
319.9061 -3.035351
316.51337 -3.0541935
313.05826 -3.0724342
309.71646 -3.0904467
307.46558 -3.1096241
304.3428 -3.1296043
300.635 3.1331172
296.42676 3.1168356
293.76233 3.0966175
291.09354 3.0768156
289.43756 3.0547001
288.0265 3.033295
287.55002 3.0121279
288.55185 2.9877415
289.45807 2.9687188
291.4087 2.951189
293.3383 2.9319394
295.84766 2.9128249
297.072 2.8957505
301.9368 2.8834403
305.4286 2.8687732
308.82776 2.8516622
312.19724 2.8381584
315.80426 2.8251579
320.9282 2.8116777
324.47302 2.801938
330.75366 2.7930334
335.5594 2.7788434
340.73688 2.7638474
346.59216 2.7480686
351.80063 2.7348313
355.9731 2.7245712
358.46838 2.7066548
361.0321 2.6916137
364.9151 2.6736312
367.41235 2.6627698
370.5578 2.652372
372.9261 2.640574
373.84464 2.6211445
373.39914 2.6073406
372.22873 2.5865881
371.22638 2.5658002
369.87515 2.5504847
367.97345 2.5304918
366.2343 2.513834
364.14465 2.49846
360.61984 2.4849994
356.87164 2.4759982
352.179 2.4654932
348.07785 2.4560049
343.47086 2.444984
339.10464 2.434164
335.11542 2.4239404
331.36948 2.4140296
326.97757 2.4061322
322.7648 2.3942587
319.81323 2.3856726
316.90826 2.3769953
313.86325 2.3643322
309.9914 2.3541663
306.09796 2.347212
300.9163 2.3408897
296.9587 2.3344312
292.28857 2.3232074
288.67334 2.3148568
282.79715 2.3058572
278.92288 2.2924771
278.92288 2.2924771
