Mouse
16
143.57443 2.6948376
150.26228 2.679204
156.9837 2.6649058
162.38223 2.654321
170.12126 2.6317222
174.7037 2.6201193
179.81819 2.6043196
183.27534 2.583673
187.64616 2.5667098
192.89967 2.5534117
197.36139 2.537957
200.47374 2.5243614
203.62202 2.511184
207.40587 2.4945517
213.88692 2.4703436
217.80469 2.4552226
221.12686 2.4440954
225.88564 2.4328167
228.50943 2.4195275
233.99754 2.4059339
238.11368 2.3931837
240.8534 2.3810139
245.0421 2.3690448
249.26471 2.3574798
253.53749 2.3407238
257.11374 2.332687
262.223 2.3142586
266.6707 2.2990294
270.32843 2.2919421
275.6245 2.2751732
280.22354 2.2613075
284.096 2.2500975
288.78867 2.2370443
292.73572 2.2264879
296.91513 2.2114968
299.17886 2.1934671
300.97083 2.172981
302.60498 2.1573226
304.31253 2.1418364
304.18985 2.1226754
303.67227 2.1006691
303.40912 2.0859613
302.73322 2.068333
301.72934 2.0551012
299.88785 2.0432966
298.98483 2.0298612
297.234 2.0177968
296.0157 2.0011044
294.0826 1.9780508
292.5213 1.9654948
291.93475 1.9515289
289.7587 1.9323035
289.30832 1.9181482
288.5906 1.9006768
287.3198 1.8875054
285.8021 1.87088
284.64532 1.857455
282.04276 1.8380511
281.01288 1.8243217
278.82855 1.8078616
276.9412 1.7946696
274.12488 1.7820613
271.353 1.7691934
267.6442 1.7567502
265.77908 1.7389567
263.16257 1.7252429
261.44913 1.7069337
259.9437 1.6922097
259.3856 1.6730741
258.01157 1.6580471
257.62402 1.6387116
257.38348 1.6232058
257.205 1.6076747
257.05368 1.584347
257.05414 1.5571146
257.17117 1.5376729
257.3347 1.5221368
258.624 1.5030135
259.9222 1.4879196
261.37863 1.4691715
262.8079 1.4544153
264.29373 1.4398218
265.98196 1.4216746
267.11166 1.3957562
269.00906 1.3781
269.80365 1.3635483
271.8515 1.3463056
273.74155 1.3328727
274.7118 1.3187217
277.5029 1.2951906
278.618 1.2813753
281.03955 1.265339
282.58344 1.2484634
285.765 1.2374036
287.7844 1.2177013
289.91388 1.1982812
293.45758 1.1773022
295.81 1.158568
298.2646 1.1401358
299.95648 1.1280179
300.79388 1.1145773
301.68533 1.1012138
302.63034 1.0879314
302.74927 1.0731618
302.18387 1.0493937
302.47495 1.0346327
301.98022 1.0181698
299.8848 0.9980633
297.3545 0.9804709
294.9178 0.9625821
292.80423 0.94917023
289.34592 0.93629694
286.7348 0.92521864
283.55002 0.916731
281.0025 0.90524584
276.93695 0.8890265
273.71298 0.87467784
270.6558 0.86520076
268.28036 0.8526942
265.2812 0.8427732
262.24576 0.8272395
257.86136 0.81148833
254.2581 0.7979501
251.40991 0.7868417
247.19745 0.7697027
243.7443 0.7549712
238.26 0.7364493
232.76898 0.72312313
229.38423 0.7129338
224.73701 0.6956477
221.41917 0.6846743
217.34799 0.6762377
211.44894 0.65633655
206.63571 0.64986
202.63269 0.6401155
197.25264 0.6288694
193.29329 0.61822057
187.96515 0.60579354
183.22815 0.5971705
176.56743 0.58180827
170.79695 0.5621098
165.6146 0.5462184
161.84526 0.5315183
156.74976 0.5137204
152.58806 0.4916214
149.8494 0.47123808
145.84058 0.4469142
142.83606 0.41836894
141.25826 0.39249137
139.77716 0.36604738
138.39587 0.3390563
141.5395 0.31632906
146.95772 0.29716006
150.78696 0.28939256
154.34955 0.27578732
159.16643 0.26723313
166.64682 0.2487678
173.20605 0.23322102
176.65884 0.21697259
184.27577 0.20232691
189.77788 0.18564928
196.31546 0.16905417
199.93942 0.15582733
206.42874 0.13620655
211.99963 0.118342705
217.6347 0.10139874
221.33646 0.086084396
227.08334 0.07064998
230.9434 0.060788635
236.72943 0.042382114
242.64975 0.033099383
246.59059 0.024456292
253.52498 0.008007542
259.51865 -0.0037373495
264.5335 -0.011227205
270.58273 -0.02206495
276.6965 -0.036039732
280.77213 -0.04264504
287.96002 -0.05548724
293.13132 -0.06475998
297.25742 -0.07060325
301.6369 -0.08620332
308.1796 -0.10392489
311.5999 -0.11569412
315.0625 -0.12720622
318.56592 -0.13846658
321.12 -0.14994437
324.70282 -0.16074513
328.3227 -0.17130893
330.01147 -0.18273598
333.7056 -0.19288954
336.45395 -0.20341843
339.23898 -0.2137756
342.50955 -0.22965647
345.38474 -0.23961565
348.5418 -0.25218976
351.75296 -0.2645362
353.78235 -0.27471042
356.41495 -0.29015303
358.83194 -0.3027077
360.0446 -0.3133125
362.88535 -0.32819295
364.52774 -0.3411776
366.92923 -0.35915622
369.0809 -0.37437615
370.56235 -0.38442305
371.93286 -0.4003866
371.67694 -0.41239512
371.4747 -0.42441848
371.3262 -0.4364532
368.9957 -0.44840398
365.823 -0.46171972
363.15042 -0.47155747
359.6275 -0.48282796
354.39185 -0.49699742
350.97476 -0.5087991
346.24274 -0.519763
342.06097 -0.5335502
338.28165 -0.5436129
335.38824 -0.5523336
331.67462 -0.56280994
327.15866 -0.5751808
322.69415 -0.58789605
319.37344 -0.5948424
316.63574 -0.6045374
312.53485 -0.6136306
306.83838 -0.6267678
303.60773 -0.6344954
298.79666 -0.6463988
295.61346 -0.65454894
292.45032 -0.66287595
287.74466 -0.67570823
284.63458 -0.68449783
280.01187 -0.6980466
276.9594 -0.70732933
270.92847 -0.72651803
267.9517 -0.73643446
264.26868 -0.7491425
260.6662 -0.75678366
257.07935 -0.76463854
252.08064 -0.77825373
247.13054 -0.7924171
240.81818 -0.8072841
235.9751 -0.82272285
230.52347 -0.8420313
227.22435 -0.85844743
223.86565 -0.8690509
219.89706 -0.883481
215.35454 -0.9020712
212.89774 -0.9168133
209.0893 -0.9328836
206.15083 -0.95236915
203.85786 -0.96835726
201.6182 -0.98470485
199.43361 -1.0014151
197.30592 -1.0184907
195.23701 -1.0359333
194.8746 -1.0702759
194.74272 -1.1047058
193.8802 -1.1254559
194.0136 -1.1485046
196.48138 -1.1707776
199.24725 -1.2036695
203.16727 -1.2372463
206.95781 -1.2588546
211.51605 -1.2855622
214.99667 -1.3144265
219.11223 -1.3334582
224.06622 -1.3571076
233.52602 -1.3964677
238.83926 -1.4175009
243.21559 -1.4368945
246.68678 -1.4551301
249.24254 -1.4724615
252.64317 -1.5015931
252.39813 -1.5174038
253.21559 -1.5333896
253.09756 -1.5491834
253.03888 -1.5689398
253.06306 -1.5847468
252.15092 -1.6006649
250.30415 -1.6168776
249.58646 -1.6370754
248.88666 -1.6533785
248.45895 -1.6777794
247.92543 -1.6942525
245.47917 -1.7119291
243.11116 -1.7299556
241.80803 -1.7476003
238.61906 -1.7670517
236.49962 -1.7861152
233.26369 -1.8023436
229.6233 -1.8285373
226.1455 -1.8555557
222.23091 -1.8748332
219.03514 -1.889013
215.8847 -1.9036096
212.88757 -1.933485
210.0858 -1.9641854
207.99033 -1.9893225
205.60118 -2.010563
204.64813 -2.034492
202.52353 -2.0676217
202.72116 -2.0896719
203.87505 -2.109143
205.32716 -2.1392303
208.06139 -2.159484
209.48677 -2.1780157
211.79459 -2.1935265
214.74927 -2.21244
217.16696 -2.2271962
220.87975 -2.248717
224.04945 -2.2661
227.28497 -2.2829926
231.25056 -2.302633
233.20804 -2.3182595
235.9454 -2.3306935
238.7184 -2.3428404
243.66757 -2.3692298
247.2735 -2.3833406
251.66356 -2.399736
255.372 -2.4129653
262.9172 -2.4382932
267.52164 -2.4527988
271.4003 -2.464509
274.52933 -2.4736378
277.68076 -2.4825602
284.04767 -2.4998074
287.26178 -2.5081432
294.56387 -2.5262296
297.83908 -2.5339823
302.78455 -2.5452957
308.60153 -2.5580344
311.94736 -2.5650997
317.8389 -2.5771048
322.07434 -2.58541
328.04007 -2.5966763
331.46725 -2.6029315
339.22424 -2.616542
342.69128 -2.622393
349.17435 -2.636248
355.33325 -2.6458125
360.57492 -2.6599271
363.66687 -2.6674595
367.22467 -2.6785216
370.8265 -2.6893702
370.90454 -2.701427
372.85693 -2.715704
372.65143 -2.7301407
372.91153 -2.742117
372.47382 -2.7590466
371.5689 -2.7725353
372.01794 -2.784503
371.8482 -2.8015018
369.89 -2.8167944
367.71603 -2.8348365
366.528 -2.8452404
365.37988 -2.8557107
361.8063 -2.8700628
358.8221 -2.8793073
355.86905 -2.8887057
351.73727 -2.900335
346.68042 -2.9115834
341.66873 -2.9231632
335.72556 -2.9344754
331.00293 -2.9438167
327.29242 -2.953999
321.6481 -2.963318
316.85284 -2.9766097
313.25568 -2.987633
308.99927 -2.9920437
304.4665 -3.0030777
299.9719 -3.0144436
295.40372 -3.0295165
291.99783 -3.0419805
287.73096 -3.050973
283.40854 -3.063752
279.27017 -3.069778
274.08047 -3.0793867
269.96954 -3.0858595
265.8231 -3.0962896
260.74365 -3.1030838
255.67677 -3.1101475
249.62341 -3.1174
243.56932 -3.1291177
239.55037 -3.141432
233.56914 3.1289127
227.60446 3.119792
221.69337 3.1056726
217.77832 3.095835
213.88512 3.0856383
210.01495 3.0750647
204.25584 3.0584562
199.55128 3.0413928
194.90762 3.0235112
188.63426 2.9928129
184.17152 2.972678
178.99788 2.9450107
175.9191 2.9182668
168.65398 2.871739
165.6458 2.8478434
162.42528 2.828926
158.6513 2.8012357
155.00485 2.7722194
152.0327 2.750451
148.73622 2.733982
148.73622 2.733982
