Mouse
16
2.97679 1.7568521
6.947273 1.6501422
10.939283 1.6211554
15.934933 1.6053599
19.933022 1.5984253
23.931751 1.5938079
27.92903 1.5547069
31.958296 1.5254297
38.004425 1.5063028
45.145206 1.4720799
49.227955 1.459873
56.419365 1.4383745
60.518154 1.4307221
65.76092 1.411221
69.86988 1.4061873
76.30598 1.3802855
80.621346 1.3653214
86.14959 1.3430707
91.4757 1.3341113
98.02349 1.3187116
103.36661 1.3120395
110.78426 1.2735319
114.86209 1.2478822
119.61773 1.2347097
125.332954 1.2252693
130.47356 1.2068062
135.28654 1.1966096
143.10466 1.1729063
150.59065 1.1577351
155.46268 1.1503891
161.1817 1.1321969
167.849 1.1178777
173.65536 1.102067
180.38828 1.08986
184.911 1.0781869
190.8166 1.0650126
196.25996 1.0570577
200.8485 1.0470533
206.318 1.0399607
210.93901 1.0308074
214.72438 1.0196179
221.29472 1.0059855
227.90382 0.9931415
233.71799 0.97864366
239.01076 0.96829134
242.93504 0.9593907
246.87798 0.95077366
252.8254 0.9383536
258.21063 0.92960256
261.41763 0.9196284
266.84305 0.91153914
273.52707 0.898028
278.36884 0.89350545
282.30048 0.8819229
287.0344 0.8729048
291.79092 0.86417997
298.63654 0.8528745
302.77893 0.8472696
306.8541 0.83721465
313.1092 0.82939595
317.28958 0.82435495
321.43274 0.815048
327.71024 0.80368817
334.02844 0.79275674
338.26224 0.78430295
343.234 0.77401793
346.1057 0.7659392
353.28186 0.75432146
356.20734 0.7466315
360.56622 0.739249
364.9443 0.7320432
367.92926 0.7247766
371.6873 0.71585816
376.23508 0.7053922
380.8231 0.6951773
384.81784 0.6831945
388.8667 0.6714597
390.16196 0.65906125
393.11472 0.64368105
395.35065 0.63002086
396.26544 0.6159169
398.0834 0.60045844
399.16235 0.5865279
400.31836 0.57267505
401.87067 0.5554754
403.54092 0.53841317
403.59476 0.5239652
403.7328 0.509524
403.07532 0.49627447
402.48883 0.48298398
400.6468 0.47414201
398.38873 0.46297574
396.18094 0.4516836
394.0242 0.44026637
391.09222 0.4240739
389.46338 0.414713
386.30933 0.3957585
384.4095 0.38375664
381.99918 0.37502706
378.55447 0.35878778
376.2289 0.34976614
373.60144 0.33811018
370.07837 0.32715684
365.33984 0.3142433
362.2154 0.30544752
357.58243 0.29196736
353.5705 0.28357515
350.2771 0.27146807
344.84683 0.25781614
339.4829 0.24373007
335.39035 0.23142096
329.39786 0.22012769
324.42734 0.20777968
318.52686 0.1956579
311.69168 0.18366458
307.21906 0.17644162
302.93277 0.1722597
298.65192 0.16795781
292.24136 0.16126888
285.69254 0.15082154
281.29715 0.14241417
277.05734 0.13731766
271.70337 0.12889908
266.36945 0.12014271
260.06296 0.11145528
255.7667 0.10153792
251.58954 0.095240936
245.34334 0.08539408
241.193 0.0785466
232.92802 0.0641213
228.8147 0.056518655
223.71628 0.048855465
219.63077 0.040649466
215.59506 0.036768936
211.53235 0.028015528
207.48648 0.018920025
202.4585 0.009510315
194.44936 -3.8357012E-4
190.45238 -0.0056423065
186.46088 -0.011126343
182.46114 -0.011370256
177.47598 -0.017324816
173.4766 -0.01772427
166.4992 -0.024474543
162.50043 -0.025076931
156.53162 -0.032424595
152.53378 -0.03327474
146.53723 -0.03463693
142.5788 -0.042618006
135.63396 -0.05218307
130.64104 -0.054179356
121.71747 -0.06638751
115.805435 -0.07844103
108.82834 -0.08348133
104.8428 -0.08666264
97.87094 -0.09285328
93.88891 -0.09680348
89.90847 -0.10110353
85.92984 -0.10580186
79.965904 -0.11372566
75.9931 -0.11969891
70.039696 -0.12992871
65.08507 -0.13988227
59.149586 -0.15402585
55.20035 -0.16514322
49.291855 -0.1851552
44.38686 -0.20589471
37.561985 -0.24400365
33.69433 -0.27268773
29.861565 -0.3087715
26.079079 -0.35539868
22.372385 -0.41765204
17.917316 -0.531086
13.839683 -0.7151003
9.741367 -0.9771321
7.0888405 -1.5073668
8.411793 -2.142405
12.702997 -2.550917
17.999279 -2.7376485
22.682165 -2.8243997
28.058609 -2.812256
32.850243 -2.7652037
39.929226 -2.7272625
47.05045 -2.6532438
56.59062 -2.6020188
61.636387 -2.5934837
70.35856 -2.5636065
75.961464 -2.548109
81.52161 -2.534873
86.87013 -2.5072756
92.277115 -2.4828956
97.73287 -2.4612257
103.87649 -2.4344907
114.257065 -2.3963716
121.2775 -2.3823776
129.0146 -2.3534005
133.96811 -2.3482256
139.64276 -2.338421
145.32979 -2.3293834
151.82352 -2.3072264
154.8103 -2.2898715
162.32327 -2.2579803
168.40883 -2.2362013
175.57677 -2.2045496
178.81569 -2.1913025
184.55568 -2.1692472
189.54306 -2.1514127
195.43367 -2.1317642
199.68509 -2.1184425
209.1548 -2.0910554
215.25676 -2.0748892
218.76775 -2.0660574
223.17961 -2.0554097
227.61581 -2.045176
234.76086 -2.0296092
240.15504 -2.0185442
246.00237 -2.011649
252.76837 -2.0034099
257.31628 -1.9952632
264.62686 -1.9828126
269.61108 -1.9787847
275.51926 -1.9734759
280.12616 -1.9664811
287.90158 -1.9589757
291.6079 -1.9537838
297.1817 -1.9462389
301.839 -1.9401647
306.50708 -1.9342753
313.05963 -1.9263256
317.07138 -1.9149231
321.12332 -1.9038068
324.26556 -1.8939453
327.43872 -1.884274
330.04877 -1.8690073
334.37897 -1.8494409
336.1955 -1.8355471
340.01392 -1.8203443
341.9643 -1.8068424
347.66162 -1.7881497
352.6962 -1.7734063
356.82297 -1.7596054
360.2078 -1.7493405
364.44986 -1.7361027
367.91946 -1.7262707
372.41336 -1.7162331
377.6702 -1.7008308
381.26343 -1.6916682
382.68134 -1.6780672
384.16953 -1.6645691
386.6451 -1.648392
388.28552 -1.6351539
389.04733 -1.6247282
390.85034 -1.6142329
391.69653 -1.6039195
392.5436 -1.588558
393.49292 -1.5783489
393.5023 -1.5605595
393.58524 -1.5478561
393.73166 -1.5351601
392.94266 -1.5223527
391.22028 -1.5093392
389.56467 -1.496213
385.07812 -1.4797066
381.58698 -1.4657038
378.29233 -1.4488206
375.82632 -1.437285
373.41098 -1.4255985
371.36533 -1.4084423
369.07797 -1.3964328
365.86188 -1.3837684
363.68564 -1.3714277
361.56546 -1.3589402
358.52747 -1.3456866
353.8495 -1.3281269
350.70895 -1.3170825
347.61197 -1.30584
343.32547 -1.2964041
338.3929 -1.2830656
333.2268 -1.2722006
329.70486 -1.2657326
325.5543 -1.2552599
321.75418 -1.2514019
314.81766 -1.2373908
310.43097 -1.2290757
306.6652 -1.2247046
302.9054 -1.2202251
298.56476 -1.2113279
294.8238 -1.2065551
289.2253 -1.1991649
284.57242 -1.1927844
279.55786 -1.189508
274.92322 -1.1827402
271.22488 -1.1771598
266.2256 -1.1734252
261.6223 -1.1660291
257.55258 -1.163482
253.48456 -1.160853
248.90681 -1.1528467
244.34563 -1.144541
237.98958 -1.1323795
232.13834 -1.1253078
228.53523 -1.1177658
223.15594 -1.1059972
216.92125 -1.091532
212.49709 -1.0806816
208.099 -1.0693712
204.11342 -1.0642475
199.26218 -1.0564618
194.42361 -1.048288
189.59871 -1.0396976
185.64687 -1.0334294
181.70264 -1.0268887
176.91516 -1.0171001
172.14558 -1.0067681
167.69655 -1.0040956
162.40753 -0.9979573
155.45529 -0.9843619
151.5765 -0.9752531
146.31989 -0.96739966
142.46614 -0.9572472
135.02477 -0.94556326
128.40848 -0.93715847
124.00311 -0.9310573
120.20757 -0.9178656
116.434326 -0.90381634
109.872665 -0.89148706
106.14657 -0.87514085
100.38978 -0.86616033
96.0528 -0.8550482
89.57227 -0.83636624
84.54149 -0.8142878
80.27015 -0.798203
76.02191 -0.78031546
68.973366 -0.7592893
61.904984 -0.75630736
54.901928 -0.7268089
47.192795 -0.7021978
40.928204 -0.67205423
35.5265 -0.6144615
29.429413 -0.5539631
24.840853 -0.4804857
20.101799 -0.32830948
16.219124 -0.15361351
12.123587 0.12556578
10.341149 0.681975
12.879353 1.3334588
17.518333 1.5691901
23.851343 1.7381015
29.611563 1.8433737
34.652073 1.9235547
45.24111 1.9793106
52.352196 2.0039036
62.200134 2.001547
67.57905 1.997545
72.5538 1.9815665
77.936676 1.9794757
81.62274 1.9599996
86.08313 1.9638635
91.467896 1.963124
95.54824 1.9567885
100.56139 1.9472821
106.87703 1.9440447
110.96752 1.9392917
116.35232 1.9398477
122.47375 1.9555825
127.70176 1.9728585
135.19867 1.9895265
139.26152 1.984408
148.19527 1.9874266
155.3056 1.995345
163.75227 2.0055604
169.97871 2.014514
174.4209 2.0278428
178.00139 2.04305
181.62144 2.0576546
188.3912 2.0686946
193.82251 2.0769703
202.12596 2.0995953
206.74329 2.1089797
211.37804 2.1179535
217.20885 2.1177726
224.93692 2.1228845
231.50903 2.1358898
238.41422 2.142371
246.71283 2.1496692
251.97232 2.1597664
256.43097 2.1716473
260.1069 2.1853304
263.24402 2.1955552
266.408 2.2055383
270.19986 2.2182446
272.63113 2.2299473
275.88324 2.2391891
279.15833 2.2482147
281.6827 2.25928
285.00693 2.2678885
288.3518 2.276298
294.44092 2.2899928
299.91528 2.3006508
306.16165 2.308723
309.60098 2.316109
317.25452 2.328227
321.4299 2.3373923
326.3464 2.3441765
329.86328 2.350736
334.80826 2.3571525
339.06537 2.3654823
341.93143 2.3736773
346.23383 2.381631
349.14417 2.3895233
354.22498 2.3990333
359.33694 2.4082737
363.06714 2.4174917
368.34 2.4300814
372.7883 2.4368079
375.84424 2.443703
378.91776 2.4504867
385.11584 2.4637275
389.97537 2.476982
393.13174 2.4832575
395.89038 2.4949808
397.8981 2.5050492
402.6119 2.5228536
404.15842 2.534641
407.69162 2.552494
410.51187 2.568717
412.0613 2.585492
412.86816 2.6008923
413.77252 2.616229
414.7738 2.6314955
414.1123 2.6443908
412.63513 2.656197
411.67288 2.6659248
410.74973 2.675697
409.02194 2.695369
405.63364 2.7131612
400.66364 2.7348287
398.3279 2.7486632
394.03787 2.7687926
390.3739 2.778855
387.0046 2.7948496
383.4456 2.8053408
378.34564 2.8201907
375.1978 2.8286219
371.48254 2.8423316
368.1212 2.853709
361.10968 2.8710208
358.12872 2.880291
351.77725 2.8930967
346.9284 2.9014368
342.85025 2.9135208
338.06268 2.9223716
333.30234 2.9314756
328.57043 2.9408429
323.8682 2.9504828
314.0986 2.960669
306.8538 2.9629757
302.39273 2.9703887
297.9488 2.978023
291.39267 2.9882143
287.1373 2.9929695
279.7769 2.9998693
274.4126 3.0081186
268.945 3.0203855
261.53137 3.032332
254.15726 3.0449734
246.82617 3.058368
240.68532 3.0645766
234.62677 3.0668585
230.49484 3.0742157
224.37946 3.0813086
218.27599 3.0887988
211.18646 3.0965068
206.14793 3.1002595
202.11174 3.1043854
195.04994 3.113297
187.02644 3.1174316
183.02763 3.1169035
178.0292 3.1162102
173.00764 3.1212552
165.9788 3.1324449
156.97272 3.1382906
149.96411 -3.1383805
145.97086 -3.1314418
138.00725 -3.1163616
129.03456 -3.0911593
121.08954 -3.0710988
113.27917 -3.048511
107.521255 -3.0248015
99.71087 -3.0054905
93.91938 -2.9862726
89.969666 -2.9793947
81.100815 -2.961473
74.224655 -2.9445772
68.57034 -2.9131427
63.71031 -2.8953686
59.838898 -2.8790743
51.200542 -2.8334415
46.460815 -2.8007956
38.260567 -2.7801743
34.547947 -2.7392223
28.671192 -2.6893444
24.2724 -2.5992048
20.366175 -2.5398436
20.366175 -2.5398436
