Stilus
24
7.735024 -0.7810656
3.8963685 1.5876836
9.347348 1.9008467
14.130222 1.9535555
18.595236 1.9729608
23.32481 1.9433161
27.746881 1.9197907
34.713593 1.8776882
40.25618 1.8833286
45.272392 1.8679456
51.080124 1.8379221
57.629734 1.8069464
64.33813 1.7540642
70.03175 1.7211063
75.735115 1.6831255
81.69443 1.6749005
90.14368 1.6651121
95.09709 1.6601859
99.35833 1.6563426
104.25619 1.6451095
111.20928 1.6382035
119.93717 1.6416374
125.99659 1.6382253
131.98717 1.6351604
137.93549 1.626878
142.09363 1.623537
146.10883 1.6220863
154.05856 1.6194375
159.10751 1.6178927
167.07962 1.6156441
173.32344 1.6140274
179.21616 1.601452
185.24916 1.5863937
190.23782 1.580724
195.25879 1.5752985
199.72575 1.5699669
205.51587 1.5649275
210.55678 1.5602664
214.86694 1.5557808
221.86821 1.5473177
226.00914 1.5343626
231.09116 1.5264935
235.96326 1.5147175
240.23357 1.5104772
245.0682 1.5075855
249.37407 1.5046651
253.44232 1.5017785
259.39337 1.495644
263.5564 1.4968332
272.55884 1.4965785
278.4662 1.490915
283.54492 1.4853554
287.98743 1.4796913
294.07663 1.4683673
302.55777 1.4546618
306.94196 1.449496
312.07553 1.4425298
316.55936 1.4372039
324.0354 1.4278625
328.62473 1.4259288
334.00998 1.4192122
340.41632 1.4102087
346.61115 1.3995795
352.58722 1.3910172
358.34067 1.3823289
363.23285 1.3714204
368.15793 1.3602905
372.46906 1.3480402
375.45837 1.3372418
378.16476 1.3273926
381.05402 1.3109546
382.427 1.2977767
382.0494 1.2844733
381.35577 1.2723691
379.04886 1.2566676
374.08905 1.2376125
369.3244 1.2274061
365.66412 1.2209189
360.88376 1.2190307
355.845 1.2168225
350.25928 1.2086134
343.08258 1.1999187
335.00748 1.1961902
327.85263 1.1916466
321.8595 1.1900777
315.0535 1.1847568
310.49393 1.179731
305.26004 1.1761981
300.37244 1.1721463
293.21387 1.1664491
288.45673 1.1655178
279.95633 1.1640898
275.5592 1.1626836
270.4163 1.1615319
265.31763 1.1582922
261.0356 1.1552882
254.952 1.1490335
246.36804 1.150048
241.25655 1.1495895
236.13971 1.145736
231.15158 1.140705
226.33414 1.1345748
222.39561 1.1275449
218.57489 1.1192296
212.28897 1.115323
204.91298 1.1030817
200.01584 1.0962975
193.60968 1.0792266
186.34706 1.0643798
180.97026 1.0605179
174.68394 1.0518146
166.54106 1.0443968
162.40918 1.0386988
158.44614 1.0312717
150.2296 1.0196562
144.0942 1.0322742
137.01009 1.0373449
129.00587 1.0364662
124.4904 1.033891
120.024506 1.0311532
113.42293 1.0089662
107.95556 0.99891716
102.43676 0.9961268
95.67635 0.990777
87.76792 0.98257357
79.81312 0.97571164
75.27615 0.9677279
67.87459 0.96402085
60.09585 0.97542745
53.72892 0.98481315
45.899536 0.97606313
37.891483 0.960032
32.72595 0.8948539
25.738401 0.875953
19.666906 0.9316158
12.239031 0.962589
3.5056984 0.652182
1.9534365 -1.5733272
10.106681 -2.0026858
17.850733 -2.0480213
23.413456 -2.035211
31.017202 -2.121635
37.054787 -2.113299
42.22885 -2.124822
47.69021 -2.1213946
53.53563 -2.1202788
58.270897 -2.11522
62.7816 -2.1093917
69.87715 -2.132205
78.310616 -2.1658404
82.93054 -2.1614487
92.62825 -2.143219
98.3578 -2.1391702
104.16262 -2.137556
111.70072 -2.1395779
118.20721 -2.1516616
122.80043 -2.1492755
128.44118 -2.148609
134.49533 -2.1459177
139.76268 -2.1384785
148.67422 -2.132211
156.0742 -2.13256
163.83205 -2.1190813
167.66077 -2.1103957
176.04153 -2.101677
184.96506 -2.09842
189.56567 -2.098041
196.62839 -2.1093574
201.64493 -2.107156
207.16608 -2.1029055
212.72078 -2.0984533
218.04958 -2.0948298
223.3416 -2.0913894
227.80559 -2.0865903
236.26303 -2.0844753
240.74455 -2.0835397
246.72325 -2.079179
252.535 -2.0720446
257.62616 -2.0656483
262.4397 -2.0590246
268.51642 -2.0522635
275.42734 -2.039198
279.67126 -2.031535
284.10056 -2.0238109
287.97324 -2.017275
295.98584 -2.0118048
300.3123 -2.0086846
304.36404 -2.0060768
311.65207 -1.9917152
317.14365 -1.9839767
322.2616 -1.9795464
326.96204 -1.9741677
334.0312 -1.9627373
340.66922 -1.9484271
348.9824 -1.9381726
356.43134 -1.9301422
363.47906 -1.9228681
367.68555 -1.9186685
372.25607 -1.911372
376.1635 -1.9028544
381.09555 -1.889334
384.12836 -1.8788632
387.79694 -1.8580285
389.61945 -1.839324
388.95203 -1.8280135
387.879 -1.8172774
386.23114 -1.7997049
382.30142 -1.786759
376.1532 -1.7739959
368.2315 -1.7591894
363.80573 -1.7550534
358.0774 -1.7439606
351.30276 -1.7328726
346.85992 -1.7261869
342.60077 -1.7222285
337.49335 -1.7155911
332.9856 -1.7114857
327.68283 -1.7046278
323.3215 -1.697083
315.5626 -1.6786871
310.5551 -1.6707584
305.01947 -1.6618568
299.75082 -1.6541681
294.90152 -1.647981
286.36707 -1.6362829
282.239 -1.6301261
273.29684 -1.6174234
268.96982 -1.6107523
263.91962 -1.6076941
258.87122 -1.6007156
253.9063 -1.5935905
249.82254 -1.5898321
243.78647 -1.5810385
235.87419 -1.5729134
231.02068 -1.5686346
226.05025 -1.5685872
220.0442 -1.5685269
214.79062 -1.5684713
207.56447 -1.5648924
199.91624 -1.5548011
195.12843 -1.5491009
189.14859 -1.5431135
183.13611 -1.540797
177.88062 -1.5399104
169.95485 -1.5325893
165.26091 -1.5254548
160.31783 -1.517818
154.38168 -1.5092984
148.42522 -1.5068272
143.15005 -1.5044665
137.53339 -1.4944724
132.61476 -1.4782833
126.863174 -1.4582665
121.040886 -1.4445494
115.15238 -1.4359518
110.035706 -1.4388025
105.08694 -1.4325476
101.00957 -1.4193376
96.22825 -1.4011773
88.391266 -1.383262
79.57792 -1.3622018
74.74633 -1.3621771
70.434135 -1.3602166
64.30182 -1.3595431
56.50346 -1.3480085
51.23378 -1.3446934
45.425735 -1.3323708
40.351612 -1.3271471
36.049202 -1.3252851
27.976698 -1.2997441
23.833435 -1.294925
19.336792 -1.2647043
14.965321 -1.1949526
10.004355 -1.1048787
4.737132 -0.7408095
2.9407332 0.36284202
7.0561814 1.6066924
15.263168 1.735122
22.731085 1.8148698
29.991796 1.8232245
36.47656 1.8271887
44.351562 1.8973576
50.31931 1.9204797
58.979744 1.9390624
64.69293 1.9214599
69.82673 1.9135978
74.413025 1.9166278
79.70856 1.9429529
86.72111 1.9889666
93.57432 2.026857
99.576744 2.05305
106.09837 2.0529933
113.257164 2.0596988
120.8146 2.0711842
127.04838 2.0912826
132.0367 2.1112187
137.3328 2.1326764
143.25473 2.1458693
151.24866 2.1450882
157.68697 2.135544
163.7151 2.1250155
168.38986 2.116452
174.6169 2.119932
182.67879 2.1185958
189.56406 2.120255
195.90643 2.1192007
202.3489 2.1170242
208.4124 2.1162448
217.8871 2.1260283
225.22705 2.128018
230.82147 2.1281574
238.57294 2.132621
247.16298 2.1346397
255.9759 2.1416981
261.53876 2.1542873
266.6833 2.1639369
273.29013 2.168635
279.22736 2.1681564
286.94363 2.1751444
293.0927 2.1814263
299.74664 2.1901197
305.89642 2.196993
313.50858 2.2020247
318.28635 2.2105103
322.94803 2.2176092
326.6989 2.2257524
331.21063 2.2372072
335.2105 2.243934
340.56882 2.2530046
345.8353 2.2591746
350.09082 2.2687526
358.17258 2.2749126
363.0604 2.2849927
368.02225 2.2963269
371.57742 2.303037
375.20355 2.3176527
377.34723 2.333401
376.73373 2.354337
375.85992 2.3680818
372.60568 2.381921
367.99033 2.395219
363.77084 2.4078474
359.30878 2.4217274
352.62067 2.4315693
348.3692 2.4370558
343.48044 2.4402766
336.37164 2.4475741
327.95728 2.458855
323.88522 2.4645462
319.8261 2.470379
314.00598 2.47708
305.17813 2.4834976
298.18207 2.4865067
290.11942 2.494456
282.20096 2.496473
273.77472 2.5008278
265.99463 2.5024114
258.9559 2.5050426
251.55803 2.4981048
245.99866 2.5027912
237.18784 2.5105526
228.67253 2.5171354
220.1221 2.5324078
211.98067 2.5401108
206.84381 2.542114
198.6881 2.548963
190.98 2.5596955
182.9137 2.569796
173.86548 2.5842788
165.61932 2.5958655
158.51315 2.5998793
150.59581 2.6069565
144.77995 2.607182
137.10187 2.6162465
129.39857 2.6264665
121.72017 2.6379554
113.98199 2.6479604
107.18267 2.6585803
99.55581 2.652621
94.131996 2.636924
89.2482 2.6322722
83.67669 2.6224146
76.85057 2.6277351
69.66572 2.6354144
63.831482 2.63154
58.155125 2.6384687
50.64288 2.6525073
43.47691 2.6689339
36.324066 2.6918662
30.75379 2.7126334
23.468426 2.6757357
16.178764 2.58528
10.1401205 2.4399908
6.84801 1.8694558
6.9229393 0.7656441
11.373085 0.15944654
15.364202 0.03577653
22.023722 -0.065833546
27.69924 -0.18844126
33.943714 -0.24354015
40.820473 -0.30333433
47.755096 -0.34566736
54.775166 -0.37725797
61.806973 -0.401623
70.14971 -0.42491612
79.59372 -0.4436238
84.50104 -0.45537457
89.425385 -0.46583354
99.640175 -0.49033955
105.297745 -0.49636486
110.484764 -0.5018594
115.60586 -0.49729994
120.9185 -0.49216914
126.65941 -0.49257955
132.29094 -0.50399405
141.92314 -0.52495086
151.75298 -0.5313043
162.7124 -0.5487744
172.26364 -0.5505776
176.33162 -0.5447686
184.62483 -0.5459353
193.22531 -0.5567992
202.53844 -0.5674959
211.35364 -0.580147
218.76859 -0.58802557
226.04083 -0.5904865
232.00368 -0.5901261
241.51917 -0.60240734
252.00366 -0.60866934
261.60587 -0.614551
271.70425 -0.6209687
278.2636 -0.6184247
285.31854 -0.61696583
290.6861 -0.61333925
298.96375 -0.61695707
306.0081 -0.62204605
312.69073 -0.6244281
320.84662 -0.6330172
325.8187 -0.6408437
333.7984 -0.6491187
341.25208 -0.66201866
347.14218 -0.67433244
353.683 -0.6849888
358.84427 -0.692633
363.86368 -0.7048694
367.286 -0.7157539
373.71304 -0.72832334
378.57877 -0.7416339
381.98688 -0.75132203
384.89743 -0.7593831
384.44263 -0.77493286
381.60052 -0.7896643
377.6062 -0.80136937
373.43167 -0.8129809
369.85486 -0.82325655
363.35065 -0.8356014
356.92496 -0.8429585
349.9301 -0.8501731
345.38632 -0.85456353
336.9857 -0.86053723
329.24893 -0.86929536
321.69763 -0.8778776
314.79108 -0.88441634
308.69202 -0.89327717
303.9877 -0.9060631
299.5356 -0.9155853
294.33307 -0.9275865
288.35806 -0.9379795
284.55716 -0.94882977
277.90067 -0.95922333
272.0229 -0.970934
264.35178 -0.9818222
257.31686 -0.9928661
252.46422 -0.99977165
246.04587 -1.0113355
240.6628 -1.0217406
234.02974 -1.0293572
227.37228 -1.0374372
220.8428 -1.0409266
211.77711 -1.0486594
204.58255 -1.0509776
199.45493 -1.0542954
190.602 -1.0632505
183.4187 -1.0664035
176.2373 -1.0698134
168.39297 -1.0713841
162.93355 -1.0722262
157.77678 -1.0760089
148.76576 -1.08918
138.24286 -1.0982966
133.46887 -1.0988014
128.99535 -1.0985055
123.41597 -1.1026592
118.68992 -1.1015023
110.680145 -1.1051164
103.499466 -1.113594
94.558624 -1.1141856
87.647224 -1.1134477
78.97067 -1.115538
71.894165 -1.1101317
64.98152 -1.1002107
58.878166 -1.0803996
52.140865 -1.0383946
44.866894 -0.9671619
39.870087 -0.8778862
35.664803 -0.81468946
30.79647 -0.7042117
26.236378 -0.5946587
23.169315 -0.38501272
21.643074 -0.1253818
22.676386 0.13438798
27.194813 0.2709833
32.879612 0.4244152
41.004272 0.48931342
45.76486 0.53688365
52.46608 0.5692001
56.986412 0.61812675
64.47618 0.62110233
71.24289 0.63949
77.70983 0.62173265
83.350555 0.59203243
89.854675 0.58018494
96.31689 0.5735375
103.83162 0.59251505
111.797356 0.59046936
119.83419 0.5856911
129.26285 0.5837238
137.51929 0.57895476
144.81741 0.57079434
152.3141 0.5625628
158.27768 0.5481913
165.80663 0.53287774
171.08322 0.52812755
176.05556 0.53139603
181.00255 0.5298444
188.27351 0.5293839
192.73927 0.5278632
197.20581 0.5264111
201.51518 0.5219602
205.54875 0.51629055
210.76202 0.51176614
215.61394 0.50446373
223.16997 0.50108373
231.25023 0.501715
239.29587 0.5023094
246.51984 0.4966304
253.14127 0.4869697
257.787 0.4774511
263.1317 0.4669704
269.16034 0.45571
277.0713 0.4486753
281.13712 0.4457155
289.31827 0.4408463
297.40472 0.43545434
301.94138 0.42847544
309.54523 0.419939
314.16794 0.4142415
319.1677 0.4107764
326.51083 0.40100154
332.95987 0.39280382
339.4036 0.38495016
343.37433 0.38026932
347.20303 0.37586528
351.1024 0.36620152
356.94305 0.35394955
361.2951 0.3407109
365.8244 0.325177
372.22205 0.30230978
375.5827 0.29373536
378.57004 0.28307593
382.011 0.2641926
385.84592 0.24809088
384.70334 0.23608069
384.71375 0.22483043
380.6568 0.21529101
376.88498 0.20662053
371.95355 0.19792794
368.12714 0.18866844
360.1377 0.17590597
354.1137 0.16461857
347.78653 0.15524289
341.31104 0.14643428
334.78296 0.13720484
327.18063 0.124982074
322.27783 0.12067829
317.7081 0.11377801
310.19797 0.10026999
301.19522 0.089164376
296.72412 0.083704144
291.56854 0.07828349
283.40393 0.06997973
278.6495 0.067599215
274.25003 0.061386608
269.13828 0.057763934
264.3692 0.055021442
260.0579 0.05208668
252.07811 0.053737104
247.366 0.054761764
243.11595 0.05572007
239.1083 0.05665497
231.13847 0.058610685
223.14923 0.060711615
215.18979 0.06296013
208.09952 0.055487297
200.99922 0.047493365
193.04788 0.04945111
184.27347 0.047813673
179.95042 0.03789555
171.86227 0.022196291
164.05118 0.021624457
159.89053 0.017703313
154.88412 0.011828281
150.14613 0.0055049188
145.88608 -0.0011358897
140.87746 -0.008338859
133.62453 -0.018321456
126.2009 -0.027319578
117.94309 -0.029232893
109.24401 -0.031561445
104.96379 -0.032848917
97.703354 -0.03529093
90.02038 -0.04941485
83.91406 -0.053013958
76.072235 -0.058484796
68.81623 -0.06465965
62.10753 -0.071655415
56.818512 -0.060709883
50.307037 -0.048681587
46.030186 -0.03751152
39.00265 -0.011528856
34.98399 0.008189524
28.050419 0.055241782
22.87866 0.1116032
18.939463 0.18840632
14.485338 0.31926152
8.762431 0.5455132
3.4930863 0.94239956
4.3440037 2.7079818
9.961521 3.0863962
15.946027 3.107122
22.212397 3.116849
29.960896 3.0898767
36.947575 3.0996623
42.932056 3.10551
48.91195 3.109923
54.946335 3.1000495
60.982925 3.083392
68.976166 3.090143
75.22358 3.0944192
80.170845 3.1098046
86.1597 3.112015
91.86613 3.1138527
99.8427 3.1160693
103.84279 3.1170528
107.84687 3.117964
115.79731 3.1282175
122.08298 3.128906
129.80374 3.1296608
137.79309 3.1376042
145.74605 -3.140468
152.05226 -3.1320639
158.0392 -3.1324248
164.75795 -3.1327987
172.75601 -3.1289885
180.74939 -3.1280482
188.05055 -3.1193323
194.06038 -3.1135268
200.55742 -3.1064994
208.88867 -3.097694
216.9591 -3.093446
224.23251 -3.0905473
230.0163 -3.0843778
237.22906 -3.0722492
245.32521 -3.0674818
253.43245 -3.0619729
260.48764 -3.0592184
266.71063 -3.0509043
273.181 -3.0446944
279.14145 -3.0467699
285.84702 -3.0490007
294.05225 -3.0422585
301.5676 -3.034784
306.69107 -3.0312357
311.56287 -3.0285249
318.57663 -3.0219705
324.7985 -3.0168278
330.6725 -3.0103168
336.70993 -3.0041304
342.78177 -2.9889276
348.67725 -2.9765782
353.51782 -2.9624515
358.3039 -2.948891
363.49902 -2.9337404
367.67264 -2.9183881
370.67935 -2.9015357
372.14166 -2.8886623
370.36853 -2.866568
370.47504 -2.854841
369.70404 -2.8427532
368.61914 -2.823975
367.4886 -2.8108025
363.53217 -2.790304
359.56525 -2.7743683
353.8645 -2.7613132
348.45947 -2.7520072
341.82544 -2.7471943
334.71295 -2.7440193
329.4846 -2.741453
321.21713 -2.7398374
316.25455 -2.7365665
311.38306 -2.7331758
307.16003 -2.7310245
300.9384 -2.732911
293.39532 -2.736577
283.56015 -2.737041
278.20343 -2.736575
273.20532 -2.7327375
268.51352 -2.7261717
260.0886 -2.7234714
251.60576 -2.7214584
243.46498 -2.715573
235.7263 -2.7064295
232.07854 -2.69911
225.5565 -2.6853642
219.51471 -2.6718113
212.43073 -2.654807
202.73692 -2.6504252
193.78752 -2.6491628
185.75581 -2.6503322
176.82118 -2.6489463
167.21027 -2.645255
162.57188 -2.6436703
153.6069 -2.64168
145.61604 -2.6427693
138.53606 -2.6417537
130.89957 -2.625166
124.04513 -2.6051192
115.464806 -2.5987322
110.04227 -2.5927918
105.17279 -2.5952442
97.91209 -2.5967195
89.7351 -2.5947754
81.04067 -2.5872116
73.00547 -2.5833633
67.285515 -2.6003745
60.707005 -2.597481
54.56345 -2.5719666
47.285225 -2.567425
40.494858 -2.5544806
34.21314 -2.5283194
29.401205 -2.5018325
22.993887 -2.5429068
15.086729 -2.6066163
6.6515946 -2.922012
5.723904 2.0745883
7.6914425 1.3747633
7.6914425 1.3747633
