Finger
32
4.256566 -2.1976376
8.376235 2.2467902
13.605513 2.0490298
18.936008 2.0212815
23.9293 1.9679376
28.8376 1.9429827
33.42774 1.9466153
38.787712 1.9471971
47.391586 1.948517
55.49574 1.9634616
63.10499 1.9649191
71.79009 1.974799
78.70587 1.978645
85.41897 1.9831002
93.025536 1.9824698
98.40694 1.9807702
104.898224 1.9850523
110.56026 1.9844885
114.9398 1.9845762
122.340866 1.9847621
128.96677 1.9873067
135.01369 1.9919372
142.38933 1.9917353
149.08987 1.9936475
156.20258 2.0012207
163.81305 2.000028
170.48943 2.0013685
178.13052 2.0002708
185.7387 1.9992571
192.40747 2.0004706
200.04553 1.999527
208.5444 1.996656
217.06992 1.9940147
221.22928 1.99168
229.24536 1.9844505
237.46628 1.9795374
245.478 1.9731677
252.7122 1.9696053
258.93875 1.9646837
264.87286 1.9594616
272.69598 1.9546438
278.71848 1.9507515
284.9572 1.9486399
290.98923 1.9450049
295.29712 1.9429104
299.50558 1.9410065
305.70972 1.9401392
312.38712 1.9352975
317.6191 1.9323797
324.50726 1.9276463
329.16345 1.9223778
333.65878 1.9174402
338.59308 1.912181
343.91827 1.9036107
349.5069 1.8950722
353.20923 1.8863719
357.59787 1.8786718
362.95987 1.8682164
367.63385 1.853711
370.1975 1.8383341
372.52777 1.8200201
372.48428 1.805558
369.27762 1.7889348
365.52798 1.777185
359.23096 1.7639699
353.3841 1.7527893
347.81912 1.7403753
343.36002 1.7337198
337.37418 1.7216203
330.85593 1.7123944
325.47858 1.7050669
318.46606 1.6990206
311.1455 1.6923363
306.67355 1.687565
298.63937 1.6805828
291.49838 1.6764357
285.04218 1.6717478
278.13074 1.667021
271.64685 1.6582983
265.4458 1.6517794
260.2435 1.6427147
252.22205 1.6291177
247.06296 1.614212
241.68184 1.5986
239.36414 1.5738704
240.18277 1.5529882
242.34183 1.5284828
245.67792 1.504562
251.82492 1.4862742
259.29953 1.4664536
265.74924 1.4529608
272.1795 1.4409909
278.65683 1.4295632
285.06668 1.4220654
292.59583 1.4120988
300.1635 1.402622
308.65936 1.3942599
313.14563 1.3870658
320.77075 1.378798
327.4172 1.3703254
333.96265 1.3644791
339.6635 1.3592731
344.31305 1.3544604
349.25818 1.35089
355.01605 1.342978
359.2601 1.3320129
363.828 1.3181144
365.86523 1.3076837
367.25684 1.2939651
367.5047 1.2771646
364.0354 1.260429
359.10147 1.2496314
352.7273 1.2406218
347.8252 1.2357876
342.34225 1.2302065
337.124 1.2278628
331.67996 1.2219964
326.0196 1.2156751
319.89285 1.2118999
312.86682 1.2096703
305.91226 1.2052078
299.79224 1.2009571
291.82404 1.1970793
283.97833 1.1906639
276.82294 1.1873782
268.66174 1.1831435
260.08463 1.1822032
250.97191 1.1766444
245.86281 1.1759601
241.60681 1.1731104
237.67067 1.167002
232.70982 1.1625564
225.67749 1.1579303
220.93634 1.1533285
216.61847 1.1504875
209.81053 1.1507386
203.66856 1.1480321
196.41545 1.1434922
186.64339 1.1421659
182.37422 1.1385148
175.34673 1.132561
169.8059 1.1302595
163.52628 1.1256553
157.2636 1.120724
151.02419 1.1154457
144.74829 1.1095719
138.4809 1.103177
130.43037 1.1063193
124.20508 1.099182
119.30034 1.0875776
114.0165 1.0814248
107.90962 1.0723497
101.82104 1.061475
95.66756 1.0491709
90.14463 1.0394995
83.46623 1.0340338
78.53322 1.0263464
71.64943 1.0171254
65.39595 0.9977794
59.295486 0.9712572
53.25898 0.93885595
44.39094 0.91408354
39.754482 0.8985092
35.25835 0.87140507
30.048054 0.8103186
24.286762 0.70628124
19.157806 0.5351494
14.963563 0.2544131
12.680632 -0.17615066
13.234456 -0.74631906
18.093998 -1.0824301
22.496584 -1.2313474
27.95996 -1.3364729
33.65409 -1.4068394
39.441296 -1.456597
45.414223 -1.4716698
51.381813 -1.483214
57.29046 -1.5097424
62.267326 -1.5146276
69.06314 -1.5056739
73.34357 -1.4958302
79.411674 -1.4889553
85.31469 -1.4738845
91.39478 -1.4667938
97.479614 -1.4630072
103.60087 -1.4523966
109.5451 -1.4474003
115.89985 -1.4368267
122.27564 -1.420965
128.52551 -1.4108123
134.86758 -1.3977327
141.12602 -1.3910936
147.40454 -1.3833724
153.8531 -1.3730646
160.15706 -1.36671
166.59015 -1.3578445
172.85725 -1.3539042
179.19728 -1.3488258
186.70688 -1.3414454
191.94849 -1.3384992
196.55861 -1.3335595
204.77708 -1.3282484
209.8384 -1.3244418
215.37627 -1.3177537
220.7881 -1.3135337
226.96068 -1.3117813
232.66948 -1.3092362
238.75462 -1.3073603
244.11069 -1.3047866
249.44702 -1.3023279
255.30066 -1.2964658
260.5878 -1.2952
266.70578 -1.2929584
272.32785 -1.2874111
277.65976 -1.2855384
284.79007 -1.2818582
291.81396 -1.2818857
300.33267 -1.2799047
309.86688 -1.2756401
316.95624 -1.2725548
323.5616 -1.2691603
330.18088 -1.2658854
336.14075 -1.2590308
342.15244 -1.2523615
348.78552 -1.2495848
354.93954 -1.2486959
360.8644 -1.2454201
366.32455 -1.2418144
371.55466 -1.2299218
372.26624 -1.216749
371.11404 -1.2040297
367.75052 -1.1829872
364.26782 -1.1634316
360.78632 -1.1509911
356.25107 -1.1383162
352.21924 -1.1244036
348.04834 -1.114663
342.79123 -1.1014299
335.7343 -1.0840445
332.31937 -1.0777063
328.4 -1.0678141
322.0757 -1.0569782
317.09207 -1.0480856
311.92953 -1.0385233
304.4344 -1.0239598
300.81357 -1.0166157
296.88278 -1.0084009
290.8414 -0.9984166
285.46033 -0.9904116
281.3917 -0.9851447
275.7341 -0.9768656
271.03528 -0.9695874
267.7434 -0.9611296
263.0832 -0.9533671
258.2252 -0.9399448
254.99753 -0.9306679
251.79958 -0.92117566
252.97772 -0.90083253
256.10654 -0.8855576
259.2994 -0.87062854
263.1495 -0.85803926
267.3316 -0.8469025
271.39935 -0.83557844
276.76865 -0.82379794
282.4857 -0.8135433
288.6402 -0.80508953
294.2445 -0.7951151
300.0183 -0.78605455
306.2262 -0.7785965
311.92734 -0.7706105
317.61493 -0.76550335
322.62158 -0.75924546
327.7566 -0.7536054
332.76923 -0.74772215
337.4835 -0.74200267
341.4165 -0.7362695
346.33292 -0.73043245
351.45554 -0.7219855
356.02487 -0.71444833
360.6151 -0.70709974
365.51678 -0.7025148
368.25146 -0.6898704
366.79022 -0.6759303
364.58194 -0.6639081
362.2015 -0.6509252
358.7087 -0.63803166
355.6463 -0.62632614
352.49878 -0.6187786
349.37408 -0.6111055
345.33035 -0.59933233
341.53067 -0.59237623
336.82733 -0.5832151
332.96423 -0.5764891
325.68124 -0.569109
319.61224 -0.56266445
313.6548 -0.5564377
306.67715 -0.55072284
299.86002 -0.54527813
292.99667 -0.539533
285.0272 -0.5325031
277.92255 -0.52588475
271.1053 -0.51919633
264.68665 -0.5125719
256.22653 -0.50331265
249.93849 -0.4989552
243.09193 -0.49671054
234.55603 -0.49217415
225.72162 -0.48688117
218.54333 -0.48352814
209.00269 -0.4763744
199.56526 -0.47144747
193.02696 -0.46527764
184.74867 -0.45754656
178.92706 -0.45484477
173.36293 -0.4576861
166.59685 -0.45620054
162.11299 -0.45604187
157.29831 -0.4513934
149.74918 -0.43885273
143.9669 -0.4347698
138.97961 -0.42579758
131.55673 -0.4115785
123.18166 -0.3971697
117.04586 -0.38219002
110.8316 -0.38299382
105.25197 -0.3838813
99.15719 -0.3869746
93.60476 -0.38809326
87.47148 -0.3920805
81.9013 -0.39379898
75.59141 -0.399861
69.19577 -0.39533317
63.237846 -0.3833482
56.389477 -0.35586062
48.463646 -0.3288163
40.33363 -0.26760143
33.760838 -0.22873956
29.186825 -0.18768202
23.814575 -0.10297858
17.872839 0.14305203
13.909253 0.5732698
13.203761 1.0479965
17.339052 1.5297704
20.598717 1.731459
23.713495 1.8877366
29.178528 2.0088942
34.742996 2.0979433
40.352345 2.1254778
49.74216 2.1695595
56.992138 2.193498
63.69222 2.2107172
68.78656 2.2318976
73.62731 2.2497458
81.928 2.277851
88.647675 2.283783
94.62771 2.2883513
101.61905 2.293009
109.88294 2.3091912
115.683014 2.312898
121.34865 2.3149097
129.0843 2.322847
134.68053 2.334717
142.45782 2.3408358
148.07379 2.3509512
154.41835 2.3557317
160.10417 2.364564
166.45052 2.36848
171.43338 2.372237
177.24547 2.3788948
183.99535 2.3856058
189.1513 2.3893907
196.96298 2.3916526
204.74994 2.3937469
212.47488 2.3956995
219.59871 2.4008486
225.46321 2.4051628
230.95169 2.4047644
235.94019 2.4067295
241.14749 2.4137566
248.1293 2.4184895
253.35844 2.4249513
260.35785 2.4291449
265.44275 2.4357471
270.55258 2.4420965
275.89655 2.4478567
282.3377 2.4530091
286.698 2.4564927
293.24173 2.4615154
299.78464 2.466298
305.43558 2.4694116
311.98972 2.4738555
318.55795 2.4781134
322.95316 2.4808505
329.52774 2.484828
334.72464 2.4892013
339.76968 2.4931262
345.02338 2.4975994
350.2351 2.5051825
355.02365 2.5116858
360.28513 2.5188413
364.31216 2.5233958
369.7119 2.5296504
373.17416 2.536147
374.66086 2.554197
374.97437 2.5675147
374.10388 2.5811074
373.26324 2.596146
372.0603 2.6067407
370.3416 2.6200137
367.72482 2.638135
365.03625 2.6516736
361.7712 2.6628475
357.7175 2.6726527
351.6877 2.6830313
345.88477 2.6908903
341.23483 2.6973605
332.1469 2.7075868
324.20602 2.7165878
317.6112 2.7244298
311.30164 2.7322674
305.47406 2.739817
299.2443 2.7482395
293.86478 2.7558253
285.2891 2.765863
276.4979 2.7755203
270.532 2.783943
264.3394 2.7902331
257.3429 2.7968013
253.16258 2.8092566
247.96059 2.825882
248.03383 2.844991
251.33406 2.8646605
255.30533 2.8852684
260.39047 2.90231
265.51886 2.9155703
271.69888 2.9320912
276.21185 2.942167
282.85153 2.954868
287.01877 2.963926
291.00046 2.9698865
297.71213 2.9779131
304.2974 2.9874098
310.14624 2.9968746
315.69537 3.0033107
320.72562 3.008637
326.41464 3.0171402
331.81128 3.027621
336.77982 3.0353181
342.51907 3.0435615
348.01837 3.053178
352.95526 3.0629642
357.64355 3.0751932
361.5933 3.0820065
362.44806 3.0945706
363.23605 3.1092596
363.1266 3.1205506
361.06403 3.1323721
354.4709 -3.1324298
350.3273 -3.120884
345.416 -3.1119244
340.67316 -3.105623
336.57407 -3.0986805
331.68936 -3.0920165
326.98947 -3.0857773
322.87302 -3.081363
317.9371 -3.0772777
313.19196 -3.0731044
308.2272 -3.0719993
302.2504 -3.070621
297.15512 -3.0666778
291.18866 -3.0644786
285.20343 -3.062857
279.22238 -3.0611668
273.25912 -3.0594077
267.2879 -3.0575676
261.50943 -3.0557063
256.35272 -3.0539742
250.37474 -3.0518768
244.57184 -3.049742
240.42342 -3.0481527
234.62868 -3.0458379
229.48567 -3.0436852
223.82935 -3.0412028
217.87755 -3.0384507
211.88544 -3.035523
205.93451 -3.032446
199.97746 -3.029181
194.0359 -3.0257235
188.09262 -3.0220451
182.14935 -3.0181248
174.18527 -3.0124488
168.25912 -3.0078733
162.1838 -3.009051
156.27248 -3.0040061
150.2035 -3.0051272
144.29362 -2.9995008
138.16466 -3.0004604
132.10307 -3.001581
126.07074 -3.000915
119.992 -3.0021734
113.927216 -3.0035243
107.85803 -3.0050423
101.800575 -3.0067024
96.483955 -3.0095437
91.37433 -3.013427
86.53949 -3.0178185
82.22103 -3.0234373
77.22673 -3.0190144
72.40009 -3.024705
68.18211 -3.0174377
63.220905 -3.0076382
58.38354 -3.0137403
54.188713 -3.0037823
49.095974 -3.0099404
44.226147 -3.0181453
39.81408 -3.0296767
34.87083 -3.042571
30.789433 -3.0619988
26.579895 -3.04936
20.710997 3.1150548
16.763996 3.0557525
10.560249 2.7990267
7.305126 2.4698334
6.6244764 1.4156024
10.035161 1.0185345
14.706072 0.79924464
19.744888 0.6881539
24.930866 0.62261075
30.168507 0.5801603
36.043392 0.5893712
41.59805 0.59467494
47.408653 0.58783907
52.392742 0.57578975
60.048256 0.58767277
66.238045 0.61225575
74.75915 0.63434625
81.60712 0.64522654
87.17462 0.64971685
93.3993 0.6570836
100.73648 0.66649276
108.81948 0.67537975
116.15113 0.682365
123.19953 0.6882925
129.62033 0.6876537
138.04025 0.6936475
146.47153 0.69895613
152.6163 0.7060543
161.53947 0.71582836
170.84198 0.7246622
177.31355 0.7300289
183.68793 0.7281088
190.74992 0.7302408
199.77008 0.7300007
209.50044 0.7318264
219.36816 0.734249
228.00514 0.7368698
233.80362 0.73742414
242.27094 0.7391099
248.65327 0.73746103
255.1062 0.7303625
261.58517 0.7236179
267.9759 0.7224576
273.70493 0.7186093
279.4031 0.71491
285.66876 0.71452314
291.5665 0.71057796
298.0685 0.7050874
305.2259 0.70233625
311.71567 0.6972514
318.09628 0.69282687
322.75763 0.6897682
327.713 0.685208
333.64053 0.6784421
339.5571 0.6719728
345.48224 0.6657371
350.8286 0.6574176
356.1851 0.6493772
361.58633 0.6415291
366.36923 0.6351972
370.4141 0.6271718
374.45554 0.61937124
375.9984 0.6010003
374.41248 0.5852047
371.9772 0.57029545
368.75818 0.55653733
364.78024 0.54406685
358.3174 0.52904385
354.099 0.5197329
350.0274 0.5107814
346.2757 0.5030406
342.56104 0.49553385
338.89313 0.48791996
334.96387 0.47988778
328.9504 0.46958292
320.2113 0.4554948
312.06293 0.4398377
303.2508 0.4243407
294.93033 0.41107804
289.20856 0.4001333
282.33102 0.38751528
276.76056 0.37625438
271.21835 0.36451876
267.00064 0.35452208
262.8521 0.3413059
260.90826 0.32570586
265.59067 0.29690492
270.47644 0.27987152
276.62708 0.26515788
283.64062 0.25116864
290.19785 0.24182722
295.96277 0.23355356
301.41208 0.22309941
306.98346 0.21501571
312.85162 0.21092115
318.50305 0.20391901
323.39917 0.19763704
328.5347 0.18894482
333.42477 0.18246932
338.94305 0.17647067
344.56393 0.16822957
349.48523 0.16239597
354.929 0.15703264
360.83636 0.15218292
367.77197 0.14601105
372.55457 0.1414139
376.9328 0.13440849
381.69604 0.122690976
384.39178 0.11108747
386.86334 0.09769192
388.46545 0.08640551
387.2786 0.07423257
384.24188 0.061280023
376.82327 0.044994406
372.44708 0.03419842
366.2971 0.018394878
360.43463 0.010348917
352.678 -6.906905E-4
348.46085 -0.006467521
343.68558 -0.012367512
338.74466 -0.018426834
333.74576 -0.022306712
328.79218 -0.028142557
323.8192 -0.032251466
318.88263 -0.03588623
313.9358 -0.039637297
309.04584 -0.04350084
304.0205 -0.046889823
299.0825 -0.051008537
294.16293 -0.0552476
289.1959 -0.056868017
284.26614 -0.060675133
278.2902 -0.06269653
273.37817 -0.0674875
267.39685 -0.07207628
261.46805 -0.07439821
256.55438 -0.079732366
250.7239 -0.08474131
243.96268 -0.08796795
237.75024 -0.09027274
231.78017 -0.092604525
225.79538 -0.09506637
218.81918 -0.098106794
212.03313 -0.10599549
205.2773 -0.10949767
199.06694 -0.11292808
193.12633 -0.1164173
187.98468 -0.11961656
182.265 -0.123389125
176.32918 -0.12756512
171.17099 -0.1314312
165.4645 -0.13599163
154.53152 -0.14567925
149.58118 -0.15053661
144.60126 -0.15576255
139.6922 -0.16128348
134.67267 -0.15983017
129.76875 -0.16592509
124.65762 -0.16466427
119.781044 -0.17143327
114.64444 -0.17034516
109.53833 -0.17088965
104.442276 -0.16958565
99.34406 -0.1681438
94.09273 -0.1560849
89.0389 -0.15378267
83.80854 -0.13934891
79.36857 -0.12166574
75.09888 -0.11526376
70.910385 -0.09367143
64.759796 -0.07142854
58.848976 -0.044701487
53.614014 -0.011691818
47.79509 0.011498516
42.65694 0.036315486
36.715202 0.06945582
30.99182 0.11470873
26.19802 0.17442475
22.108896 0.20711645
17.310175 0.26576343
11.644533 0.4011054
6.734321 0.7411219
4.554315 1.6295829
6.999352 2.610129
13.039534 3.0814927
17.756601 -3.1298196
22.117779 -3.0412664
27.11101 -2.9853702
31.610353 -2.9438019
36.952892 -2.8894446
41.529488 -2.8682702
46.679447 -2.8545675
51.56509 -2.8221016
56.74722 -2.8149683
61.633667 -2.7945178
66.83609 -2.7873125
71.89338 -2.7686226
77.42252 -2.754972
82.471664 -2.7406461
88.08166 -2.7304416
93.15351 -2.7190201
98.71853 -2.7111454
103.78255 -2.7018702
108.68579 -2.6925583
114.42385 -2.6879106
119.4119 -2.6800027
125.2004 -2.6763299
130.5167 -2.6641738
136.3468 -2.6614363
147.1735 -2.6522524
152.70383 -2.649522
158.57785 -2.6478002
164.42389 -2.6461716
170.52797 -2.6406615
176.43356 -2.639309
182.05196 -2.6312282
187.68883 -2.6297014
193.31584 -2.6223764
199.00238 -2.621167
204.58517 -2.6145103
210.25835 -2.6135712
215.91655 -2.6074057
221.51512 -2.6067502
227.19907 -2.6010742
232.84311 -2.6005769
238.50735 -2.5953245
244.02077 -2.5898142
250.41006 -2.586637
262.26785 -2.5787923
273.59283 -2.5747094
284.64667 -2.5660846
295.7063 -2.5581148
305.88727 -2.5489445
312.35434 -2.542598
319.73694 -2.5364654
326.57016 -2.5277944
332.49734 -2.5182397
337.808 -2.507592
342.38824 -2.4992933
345.59488 -2.491753
347.1929 -2.476751
346.3181 -2.4536507
345.03412 -2.434754
342.6109 -2.416993
338.8793 -2.398517
336.6103 -2.3849397
332.82358 -2.3691695
328.70264 -2.3525743
322.53903 -2.3331342
319.7124 -2.3238301
316.8465 -2.3141294
313.40753 -2.3068748
308.19748 -2.2929356
303.52045 -2.2803326
298.79797 -2.2708683
294.0599 -2.2622578
289.5095 -2.2540362
284.79712 -2.2448325
280.12006 -2.2353375
275.9437 -2.2277422
271.3263 -2.2176664
266.88763 -2.2079632
262.95746 -2.1955714
260.06808 -2.1799965
262.62286 -2.1571586
266.18472 -2.1359992
271.47388 -2.118324
276.30386 -2.103499
282.34448 -2.090932
286.47757 -2.082688
290.9587 -2.0769632
295.71088 -2.0690708
300.46744 -2.0633252
306.76663 -2.053237
312.0694 -2.0443583
317.41718 -2.0357435
322.79175 -2.0274086
328.1875 -2.019348
333.60327 -2.0115495
339.05658 -2.003976
343.388 -1.9949569
347.25998 -1.9899275
350.92758 -1.9790658
356.15366 -1.9696819
359.65637 -1.9513854
361.6484 -1.9339358
362.92722 -1.9146439
363.47824 -1.9002918
363.2431 -1.8885076
361.9403 -1.8763052
360.4761 -1.8631517
357.61633 -1.8531756
353.3495 -1.8419372
345.05292 -1.8283076
339.24493 -1.8207237
332.70264 -1.8133541
325.25717 -1.8064412
317.45255 -1.7992909
309.96515 -1.7949879
302.17096 -1.7898433
295.7835 -1.785241
291.15085 -1.7807785
285.82193 -1.7775617
280.53506 -1.7742597
275.24182 -1.7708217
269.96866 -1.7672658
264.8716 -1.7672476
259.5812 -1.7634548
254.46332 -1.7633367
250.2969 -1.7614876
244.76903 -1.7575371
238.37622 -1.7508987
231.3949 -1.7476333
226.56494 -1.7458137
222.17801 -1.7447402
217.14734 -1.7406257
210.55316 -1.7399954
204.60149 -1.7363303
197.1998 -1.7271614
192.35226 -1.7245747
187.87029 -1.7188853
183.03328 -1.7173107
176.39862 -1.7156812
170.47475 -1.7103873
164.37964 -1.7079331
155.31093 -1.7094997
148.16304 -1.7043537
141.05305 -1.7021664
135.72942 -1.6999269
127.17192 -1.7007453
122.15053 -1.7000072
116.908875 -1.7036028
111.819435 -1.7006726
106.81378 -1.6999869
102.1253 -1.7032082
97.83582 -1.7090502
93.1425 -1.7160647
88.209114 -1.724252
82.98644 -1.7339936
77.9214 -1.7317073
72.85642 -1.7326479
64.814125 -1.7373493
55.777397 -1.7463932
51.133663 -1.7574334
45.75113 -1.7574337
40.698345 -1.7625675
33.769653 -1.7944722
28.68688 -1.8349755
22.895344 -1.8582861
17.925356 -1.9413826
12.515852 -2.1161177
8.821238 -2.397847
6.71624 -2.8823905
11.08644 2.0891862
20.22767 1.7612779
20.22767 1.7612779
