Mouse
38
17.990479 2.192485
22.417933 2.1610835
28.243134 2.1507921
35.767063 2.1136894
42.45754 2.1011817
46.920666 2.0948253
51.385357 2.0895734
55.851246 2.0851614
61.680405 2.087624
67.50987 2.0896616
74.70541 2.09633
79.16947 2.0928364
84.13481 2.1000369
88.59782 2.0967283
95.29393 2.0923467
99.7589 2.0897524
104.224495 2.0873804
109.56231 2.0807126
114.02985 2.0788987
118.015915 2.0698113
124.72015 2.0679095
132.72159 2.052409
138.96915 2.0451643
146.11665 2.0354578
150.14336 2.0294733
158.64703 2.0241017
164.91904 2.0190713
173.43051 2.0146677
177.47421 2.0100775
182.85034 2.0083475
187.321 2.0089705
191.36903 2.0048337
196.74669 2.0033693
200.38527 1.9950011
204.44366 1.9914058
209.4192 1.986016
214.40059 1.9808764
219.38734 1.9759704
225.30037 1.969552
231.2222 1.9634622
237.53127 1.9615756
241.99176 1.962921
247.37657 1.9626682
251.456 1.9602681
257.76642 1.9586078
261.8482 1.9563664
265.93124 1.9541938
272.24405 1.9527626
278.5574 1.9513962
282.64322 1.9494239
288.95776 1.9481797
293.04526 1.9463222
297.1338 1.9445158
300.86124 1.939662
306.82068 1.9356512
312.78488 1.9317932
316.88065 1.930287
321.32886 1.931734
325.0742 1.9273885
331.04785 1.9238923
337.02542 1.9205201
341.72705 1.9155067
346.43704 1.9106296
351.15503 1.9058833
355.55753 1.8986028
359.34683 1.8950188
363.77664 1.8880345
367.57913 1.8846399
370.7796 1.8761787
373.4256 1.8627417
375.17676 1.8502295
374.0933 1.8399515
372.79486 1.8270218
371.80127 1.8166144
366.72525 1.8060442
361.91516 1.7978723
355.9376 1.7873479
351.39252 1.7814556
346.86 1.7754091
342.34045 1.7692028
338.62726 1.7593682
334.9475 1.7493166
330.31656 1.7395496
325.87753 1.732536
321.455 1.7253289
317.0496 1.7179213
313.51535 1.7067031
308.16354 1.6992561
302.71057 1.6882668
297.40308 1.6802193
293.21268 1.6749288
287.93848 1.6663712
281.6899 1.6578023
276.53943 1.6521686
271.39807 1.6463212
267.3349 1.6437201
262.20755 1.6375022
258.03088 1.6269346
252.885 1.6161994
248.76889 1.604882
247.66487 1.5888774
245.62485 1.5727416
243.64986 1.5563399
243.7405 1.53993
243.89671 1.5235367
249.10846 1.508445
254.16199 1.505744
259.36017 1.4954545
264.58472 1.4855704
271.82523 1.4767659
276.00003 1.4709122
280.18405 1.4652332
284.37686 1.4597216
289.68875 1.4513425
294.8947 1.4466293
300.23703 1.4387765
305.4597 1.4344407
310.68787 1.4302508
317.0561 1.423533
323.43808 1.4170799
327.69998 1.4129176
332.95438 1.4093466
338.37848 1.4029713
344.16776 1.391074
350.19562 1.3767685
355.31427 1.362369
359.0921 1.3531994
363.1255 1.3415381
366.23605 1.3294836
368.18103 1.319583
370.1617 1.3097875
372.44617 1.29751
372.5857 1.2864481
367.9902 1.2714401
364.12317 1.2595178
359.67828 1.2526133
356.1987 1.2464337
352.733 1.2401323
348.95212 1.2364106
345.17615 1.2326075
340.4634 1.227735
336.6992 1.2237389
332.94046 1.2196525
327.31308 1.2133471
323.21637 1.2119154
316.89624 1.2111745
311.86526 1.2085336
303.67725 1.2053562
299.94476 1.2005905
293.99207 1.1963775
290.2729 1.1913376
283.40527 1.1854659
279.70264 1.1800907
274.70035 1.1765248
269.70163 1.1728265
261.55478 1.1680219
255.64696 1.162421
247.00421 1.1516666
242.44553 1.1432736
236.5762 1.1366047
232.04968 1.1275401
228.0088 1.1239781
223.51012 1.1143118
219.4806 1.110368
215.90446 1.1021359
210.1076 1.0934832
206.09746 1.088877
200.74069 1.086161
196.26956 1.0856829
192.26727 1.0805826
187.79675 1.07995
180.21028 1.076322
174.86113 1.0728197
170.3917 1.0719188
164.56595 1.0733904
159.21878 1.0694456
153.87425 1.0652267
148.92332 1.0698429
144.4544 1.0686883
139.98569 1.0674598
136.0035 1.0597142
129.79741 1.0505437
125.332695 1.048525
120.5114 1.035019
116.05134 1.032242
110.73654 1.0245879
104.05265 1.0192713
98.750305 1.0099903
93.45742 0.99965715
87.6294 0.9976134
82.35034 0.9850911
77.91338 0.97810245
72.09104 0.97387624
67.09686 0.9773462
59.885883 0.97669023
53.50605 0.98632956
49.069477 0.9753448
44.64 0.9621782
39.643425 0.96657693
34.4132 0.93185335
30.019732 0.90586966
24.413345 0.93372047
20.023172 0.8951699
14.267104 0.8400513
8.612379 0.71161646
4.8051105 0.34484902
2.432331 -1.3544136
7.262464 -2.0701644
12.78947 -2.1952853
17.625166 -2.2799816
21.867224 -2.4242237
25.607597 -2.497552
31.669937 -2.5608478
35.588737 -2.5990303
41.782703 -2.632189
46.661797 -2.66574
52.481945 -2.6585712
56.95331 -2.6600924
61.864437 -2.6831973
66.33652 -2.6828432
72.60383 -2.663941
77.075554 -2.6647534
82.01047 -2.6546392
88.71699 -2.6564014
97.24787 -2.6444905
104.43125 -2.6382222
109.384476 -2.6318378
114.838104 -2.6184306
120.668236 -2.6175969
126.49843 -2.6168396
131.46455 -2.612334
135.42711 -2.620873
141.25699 -2.6200597
147.08693 -2.619311
153.28992 -2.6275296
158.62875 -2.63205
165.72348 -2.6421182
171.07178 -2.6458545
175.54167 -2.6466718
180.89267 -2.6500707
185.36311 -2.650743
189.83363 -2.6513836
196.53955 -2.65229
202.3631 -2.6508179
207.71642 -2.653671
213.07132 -2.6563807
219.77802 -2.6570387
225.6001 -2.6555955
230.07114 -2.65603
234.54222 -2.6564476
239.01335 -2.6568499
244.36992 -2.6591427
250.19131 -2.6577926
255.59834 -2.6512184
262.77606 -2.6485434
268.19785 -2.6424646
273.62915 -2.636627
280.43082 -2.629648
285.88156 -2.6243043
291.34018 -2.6191607
296.44852 -2.6095936
304.67026 -2.6026115
310.67755 -2.5954075
315.8499 -2.586814
321.3596 -2.5827901
327.9456 -2.5737438
333.17404 -2.5659344
342.02768 -2.5583165
347.29462 -2.5510576
351.1901 -2.5447676
354.27594 -2.537015
356.56476 -2.5277853
359.46793 -2.5164146
362.4168 -2.5052276
364.8081 -2.496409
364.85077 -2.4827044
366.5285 -2.472405
364.3685 -2.4535785
362.4526 -2.438424
360.62082 -2.4231122
358.2838 -2.413662
355.30756 -2.4061718
350.88138 -2.3946993
347.22897 -2.3849165
342.19653 -2.375004
337.91263 -2.3668714
329.41446 -2.3499742
323.788 -2.34113
320.29218 -2.3343413
314.7123 -2.3249633
310.57416 -2.315434
305.7238 -2.3078413
300.8916 -2.300004
296.0785 -2.2919118
291.94034 -2.286144
287.81213 -2.2802105
283.04868 -2.27141
279.71588 -2.262783
275.62955 -2.2562387
270.9287 -2.2466247
263.61993 -2.2300665
260.3918 -2.2202764
257.18927 -2.2102416
254.01329 -2.1999545
256.10123 -2.1844487
253.81888 -2.1715643
256.0178 -2.156288
260.4989 -2.1403596
266.22504 -2.1178265
269.99734 -2.1050303
274.31244 -2.0957491
278.65045 -2.0867562
283.49744 -2.0811229
287.8707 -2.0726388
293.217 -2.0704157
300.7995 -2.068021
306.14865 -2.0659726
313.73416 -2.063784
318.6155 -2.0591218
325.27536 -2.0517406
328.82678 -2.0461133
332.84232 -2.043285
336.40903 -2.0378737
342.67374 -2.0286753
348.0658 -2.0210552
352.57416 -2.0148835
356.6726 -2.0063288
359.88666 -1.9991204
363.62515 -1.9884057
366.0907 -1.9764835
368.22488 -1.9622148
366.7175 -1.952132
364.88623 -1.9394131
363.11456 -1.9265679
361.74072 -1.9162025
357.53766 -1.8996737
355.3162 -1.8899283
350.27243 -1.882668
345.24765 -1.875196
340.17825 -1.8767968
335.7623 -1.8747057
331.64642 -1.875438
327.23148 -1.873274
322.81808 -1.871051
318.40637 -1.8687662
311.79196 -1.8652179
306.4271 -1.863707
300.77722 -1.8589575
296.37482 -1.856323
291.97452 -1.8536092
284.41693 -1.8503485
280.02155 -1.8474249
273.70358 -1.8463826
268.34863 -1.844281
262.72867 -1.8384267
258.60666 -1.8387878
253.96167 -1.8315672
249.8391 -1.8318279
244.23953 -1.8252442
239.8667 -1.8213722
234.52795 -1.818397
228.95139 -1.8110456
219.26505 -1.8030934
213.94038 -1.7993765
207.42256 -1.7918439
203.08421 -1.7865539
196.58795 -1.7781813
192.26521 -1.7722856
186.96857 -1.767157
182.85043 -1.7660611
176.39134 -1.7559763
171.11177 -1.749868
165.839 -1.7433711
160.57368 -1.7364478
155.31657 -1.7290554
151.2094 -1.7266937
142.85098 -1.7146425
137.6217 -1.705468
131.41277 -1.6965168
127.3199 -1.6926639
121.12778 -1.6822964
116.94025 -1.6691054
110.781784 -1.6564547
106.712906 -1.650325
100.58441 -1.6352423
96.479576 -1.6172247
90.442505 -1.6092588
86.38825 -1.5879035
81.377014 -1.5766675
76.377396 -1.563959
72.39162 -1.5497673
68.46627 -1.5193291
64.47189 -1.5161372
60.544735 -1.4960345
55.559956 -1.4893128
50.677383 -1.4616114
46.703236 -1.4522785
42.733913 -1.4412106
37.940422 -1.3980314
34.00692 -1.3778098
30.09096 -1.3523122
26.2004 -1.319215
21.394037 -1.2610034
17.626682 -1.1917663
12.241526 -1.1924157
4.406663 -1.452011
2.555244 2.894737
7.851106 2.3429902
12.992108 2.1840894
19.995415 2.2446887
26.398539 2.2448945
33.435078 2.2683866
40.483654 2.2837045
45.381657 2.3071465
50.299736 2.3260133
55.23253 2.3415146
61.590626 2.3545113
67.247475 2.354653
74.318535 2.3547995
79.272354 2.3459666
85.645615 2.3384707
91.9997 2.3473816
98.360146 2.3551404
106.84542 2.3552241
111.796745 2.361592
120.994606 2.367026
126.65114 2.3665423
133.00969 2.3607314
140.78653 2.3554583
146.44337 2.3554866
151.3943 2.3601804
159.87952 2.359969
164.83333 2.3641453
171.90419 2.3638182
176.86046 2.3676028
181.8034 2.363403
188.16362 2.3594015
193.82045 2.359308
201.60194 2.3626952
207.25868 2.3625178
212.21387 2.3657024
217.87048 2.3654554
222.1303 2.371645
226.3983 2.3776011
232.08772 2.3831716
236.37054 2.3886683
241.3945 2.3967857
245.69417 2.4018364
249.9999 2.406713
256.46915 2.4137208
261.5391 2.42073
268.13596 2.432358
272.47607 2.4363484
277.4667 2.4374604
282.5775 2.4435208
289.10645 2.4489105
294.23596 2.4545317
299.37448 2.45996
303.89655 2.4677713
309.05563 2.472809
314.2223 2.4776814
320.1873 2.484309
324.7644 2.4912777
329.95786 2.495628
336.5571 2.4992418
340.95892 2.5015733
346.16653 2.5055654
350.5732 2.5077534
354.39197 2.5121644
359.0288 2.5181112
362.86328 2.52231
366.704 2.526421
370.5508 2.5304468
373.8338 2.5365865
377.13065 2.542619
380.44104 2.548547
384.59738 2.5558128
386.3007 2.568009
385.09525 2.5875058
383.17688 2.6057882
381.15027 2.6148121
379.155 2.623932
376.70584 2.635466
372.95285 2.6482375
368.83963 2.657609
365.2174 2.6647553
362.5063 2.6732929
358.92606 2.6807222
354.4673 2.6870656
350.02313 2.6935704
345.16818 2.7028615
336.29138 2.7101712
330.99106 2.7160954
325.2968 2.72502
319.23456 2.737138
315.83505 2.7462893
312.46262 2.7556386
307.821 2.7670186
300.4177 2.7752008
293.03552 2.7837958
287.21857 2.7984862
280.5196 2.8126326
270.07803 2.8228917
265.65356 2.8253233
259.9717 2.830309
252.39029 2.8331294
249.2909 2.8459823
252.69446 2.8706775
256.4942 2.8909218
259.8896 2.902195
266.46582 2.9120698
270.36246 2.915436
276.21295 2.920307
281.85648 2.9284406
286.7453 2.9321294
293.5959 2.937087
298.4934 2.9404888
302.41388 2.9431307
306.33636 2.9457054
311.24228 2.948832
314.98145 2.9543808
319.71368 2.9603648
324.63306 2.9631407
329.21103 2.9718156
334.1402 2.9743438
337.92197 2.9792323
343.53238 2.987801
350.15665 2.996508
353.83472 3.0037353
359.5139 3.011539
363.35358 3.0156956
367.84045 3.0281909
370.39368 3.0398376
373.99237 3.0515645
375.5702 3.0653028
377.21826 3.0789237
376.9889 3.0895135
376.7242 3.1054194
373.60178 3.1158288
368.52072 3.12633
364.4872 3.1343923
358.47797 -3.140545
354.48575 -3.134891
348.50525 -3.129037
343.53696 -3.1230328
335.63818 -3.1106746
328.75 -3.1008952
324.79605 -3.0973177
318.89853 -3.0902195
315.0142 -3.083227
309.14996 -3.0756364
303.30426 -3.0677528
298.3948 -3.0631745
293.5765 -3.0550485
286.69363 -3.049463
282.71085 -3.0481615
277.73303 -3.0464818
272.85455 -3.041093
261.0247 -3.0326688
251.79149 -3.028658
247.68958 -3.0267794
242.72318 -3.0244195
237.75818 -3.021961
230.80972 -3.0183415
225.9763 -3.0112295
218.04666 -3.0064602
211.25404 -2.9973054
207.29642 -2.994531
202.35172 -2.99091
196.42175 -2.9863248
187.5352 -2.978903
181.61703 -2.973552
170.78188 -2.9627793
162.91565 -2.9540453
156.04385 -2.945681
148.98358 -2.9431188
145.06425 -2.937682
139.19386 -2.928953
134.86646 -2.937189
130.95224 -2.930989
124.66869 -2.936616
120.35078 -2.9461212
115.25176 -2.9462063
110.94591 -2.9568908
106.83058 -2.9592156
99.58639 -2.9662173
93.50396 -2.965552
89.3911 -2.9687293
85.27923 -2.9722128
81.339264 -2.963923
75.08573 -2.9760175
70.97637 -2.9806252
64.89367 -2.981017
58.810974 -2.9814901
53.715836 -2.9850295
48.621513 -2.9893105
44.671925 -2.975727
40.563023 -2.9837604
34.480453 -2.985051
30.535732 -2.9646273
26.423645 -2.975232
21.508617 -2.9367275
17.611073 -2.8905048
13.772408 -2.818281
9.170106 -2.644172
5.2791014 -2.4478374
3.376123 -1.5882249
5.189172 -0.7082563
9.557151 -0.36099213
15.317738 -0.2221965
20.41558 -0.21600278
25.322075 -0.17366995
30.836226 -0.24152799
35.930984 -0.23526709
41.26681 -0.25415483
45.38976 -0.2533213
49.512733 -0.2526266
53.635727 -0.2520387
57.75874 -0.2515347
61.88176 -0.2510979
67.22549 -0.26143557
73.28241 -0.25345558
82.25572 -0.2377879
87.122986 -0.22426905
94.393295 -0.22843416
101.43974 -0.2224094
105.34491 -0.21403375
114.56437 -0.21440677
118.47584 -0.2072232
127.394585 -0.19252664
134.47205 -0.18227665
139.39215 -0.17577448
143.33223 -0.17089431
147.44435 -0.1729641
151.38623 -0.1684167
156.31773 -0.1630551
160.26599 -0.15900348
170.14722 -0.14969763
178.06174 -0.14299701
182.0218 -0.1398653
187.96507 -0.13541521
192.92049 -0.1319163
199.73729 -0.12234333
204.70082 -0.119362436
212.64604 -0.114882514
218.60757 -0.11173633
225.56526 -0.108276
230.53662 -0.105932236
235.50919 -0.103687435
242.47267 -0.10069942
250.43344 -0.09748804
257.4011 -0.094841056
262.28802 -0.08924031
267.26852 -0.08757304
273.24603 -0.085652545
277.2316 -0.08441822
283.12988 -0.07911199
291.10553 -0.07694014
295.09384 -0.075898245
302.07416 -0.07414114
305.99185 -0.06991374
312.90842 -0.06516296
317.83545 -0.060998958
323.7662 -0.056786317
328.7039 -0.05288563
332.5999 -0.046245027
336.51025 -0.039758477
340.43445 -0.033421203
344.37198 -0.027228607
348.32242 -0.021176247
352.28534 -0.015259843
356.25223 -0.0066683874
361.24487 0.0017284397
365.27362 0.012660409
368.34528 0.02341601
369.4956 0.0368813
370.71246 0.050260607
370.93494 0.06103076
371.20038 0.071786754
367.60715 0.08613415
362.80582 0.09281194
358.0211 0.09966853
353.04626 0.10107775
348.28253 0.10823958
342.31827 0.11013306
338.34277 0.111432455
334.3679 0.11276275
329.40012 0.114470765
324.43335 0.116231084
317.60168 0.121914454
313.63174 0.12346548
309.7889 0.12825908
303.9712 0.1340466
300.1446 0.13912955
292.5156 0.1496937
283.77493 0.15790817
279.98663 0.16368194
276.20792 0.1696139
271.63184 0.1799785
267.88086 0.18632421
262.57184 0.2017856
258.09113 0.21326055
254.39992 0.22043017
252.38828 0.23849523
248.99074 0.25009573
245.62762 0.26201552
241.61174 0.27936965
238.33754 0.292064
236.97163 0.3159174
238.90384 0.3397915
240.97 0.3632694
244.64825 0.379469
248.38878 0.39518476
252.7102 0.40522316
258.78156 0.42043808
263.66 0.42463323
268.5429 0.4286759
273.01236 0.42924863
277.48187 0.42980292
282.37015 0.43355823
289.92255 0.4405145
295.72498 0.4424811
301.52853 0.444372
307.3331 0.4461915
311.3741 0.44354504
316.27606 0.44668514
321.617 0.45252946
326.072 0.45953915
331.88577 0.4676961
338.6412 0.4808223
344.5099 0.48832008
349.5179 0.49692684
354.06808 0.50281847
357.75717 0.5099215
364.19177 0.51893955
367.9207 0.5256841
373.5446 0.53554785
375.6016 0.54470646
379.9168 0.55323493
382.88025 0.5607514
380.57562 0.5707916
378.30988 0.5809532
376.64194 0.5934404
374.46454 0.6038419
371.17886 0.6099609
367.9073 0.616189
364.6503 0.62252855
360.60004 0.6306137
355.97852 0.63662684
352.7701 0.64336765
348.97354 0.64795107
343.59766 0.65617007
339.6497 0.66515136
333.7012 0.67153263
328.39502 0.68051654
323.11627 0.68979484
319.39932 0.6953495
312.11017 0.70233774
306.89993 0.71248025
302.56757 0.71612036
298.8995 0.72238165
295.2435 0.72879833
289.4465 0.73744905
285.08524 0.7466458
280.79376 0.75109315
276.4696 0.7607915
272.19662 0.76560193
267.2135 0.7731725
261.54324 0.7783149
255.88019 0.783685
250.93022 0.78646916
245.98227 0.78936535
238.9212 0.79540193
232.56592 0.79871595
226.21333 0.8022162
218.44975 0.8060515
205.72472 0.8073292
197.96585 0.8117618
190.94124 0.8201421
183.8746 0.8214779
176.80832 0.8229205
169.74243 0.8244833
164.76964 0.8213689
159.79852 0.8180607
150.6375 0.8247451
144.25137 0.82158244
137.86682 0.8181268
133.68175 0.82973886
128.77153 0.83692855
122.38018 0.83383673
115.990135 0.8304042
108.92669 0.83332485
101.8643 0.8366505
94.80321 0.84047157
88.41069 0.83644795
79.27507 0.8512735
72.22084 0.85771865
67.34352 0.8735028
59.533295 0.8731676
54.54129 0.8682079
48.140976 0.8645044
43.15197 0.8572336
36.754513 0.850472
29.608896 0.77059263
25.430578 0.7124853
20.796469 0.59313077
16.248789 0.35345584
14.258002 0.043806236
13.66773 -0.24955902
16.72096 -0.833257
21.03828 -1.0622165
26.440813 -1.1729393
30.168219 -1.224333
33.957714 -1.2643433
37.790623 -1.2962803
46.517654 -1.3487518
52.387016 -1.3739773
59.26768 -1.3970754
63.211258 -1.4080135
69.13878 -1.4220783
74.08729 -1.4320781
80.16808 -1.430073
85.25941 -1.4266855
92.33046 -1.426855
97.281395 -1.4342277
103.50437 -1.4229766
107.462364 -1.4284588
113.543625 -1.4272369
117.646286 -1.4236887
121.75033 -1.4203795
125.85561 -1.4172862
135.05693 -1.4128413
139.1649 -1.4102663
145.2476 -1.4100728
150.5078 -1.4022721
157.74611 -1.397216
161.68747 -1.4014887
167.94142 -1.39577
172.23329 -1.3883793
177.51631 -1.3824092
184.76817 -1.3788713
190.06053 -1.3735597
194.17905 -1.3725463
198.29774 -1.3715751
203.39674 -1.3716209
209.87904 -1.3632659
216.16359 -1.3599312
220.28435 -1.3592929
225.5946 -1.3552777
230.6928 -1.3556783
235.0301 -1.3509978
239.37238 -1.346487
245.6677 -1.3439825
250.0172 -1.3397856
257.52148 -1.3346692
262.85178 -1.3317214
266.97482 -1.3316303
272.30734 -1.3288444
277.64188 -1.3261656
282.00885 -1.32272
286.3791 -1.3193797
291.72028 -1.3170034
296.09576 -1.313857
304.15195 -1.3038058
310.7336 -1.2995877
315.39633 -1.2938211
320.06924 -1.2882227
324.46927 -1.2857405
328.87122 -1.2833248
333.27505 -1.280973
337.97003 -1.275849
344.87997 -1.2698088
350.84885 -1.2631453
354.93115 -1.2549641
359.3561 -1.2443314
363.54468 -1.227857
365.84756 -1.2184792
367.24704 -1.2082561
369.61615 -1.1990969
371.08768 -1.1890538
372.5963 -1.1790909
372.30157 -1.1671095
368.50873 -1.1567886
364.34518 -1.1487551
360.2057 -1.1405364
354.70956 -1.1271801
349.2998 -1.1198075
345.70413 -1.1147643
341.66956 -1.1056919
338.0992 -1.1003855
334.5386 -1.094966
330.988 -1.0894301
325.6817 -1.0809004
321.27838 -1.0735775
316.41043 -1.0688179
312.90982 -1.062667
308.9305 -1.0591953
304.0852 -1.0540128
300.61407 -1.0474384
297.15622 -1.0407107
292.8533 -1.0320781
288.0535 -1.0261527
282.41248 -1.0181737
279.01578 -1.0106483
274.25455 -1.0040509
270.88846 -0.9961229
265.31973 -0.9869942
260.60376 -0.97962034
255.90247 -0.97197515
252.03885 -0.9663067
248.75807 -0.9571677
243.87717 -0.94300014
240.05743 -0.9365844
236.04834 -0.92403275
232.07771 -0.91104954
234.39658 -0.8915785
236.92976 -0.87844235
239.50294 -0.8655863
243.62495 -0.85840505
249.26707 -0.8567497
254.15604 -0.8525862
259.8004 -0.85112435
270.43054 -0.8511574
279.10107 -0.8542676
289.2117 -0.8568514
294.10025 -0.85325164
298.99246 -0.8497697
303.88818 -0.8463999
310.19913 -0.8428739
319.19904 -0.8301613
323.32495 -0.82083476
328.20444 -0.81384104
332.37802 -0.8049717
335.16293 -0.7963691
340.80066 -0.787888
344.34564 -0.77759486
348.62143 -0.76957685
355.096 -0.7559225
358.75058 -0.746362
367.53802 -0.72447026
371.52963 -0.7150016
374.55917 -0.708
377.72845 -0.6973804
380.30627 -0.68490565
379.34995 -0.67340386
378.62088 -0.6581387
375.5835 -0.6476065
373.18402 -0.639058
370.81216 -0.6303995
368.46844 -0.6216302
365.33585 -0.61432356
361.40207 -0.608469
357.481 -0.6024858
348.5786 -0.59569424
343.0249 -0.59258455
336.9198 -0.58690524
331.3759 -0.583539
326.38498 -0.582621
319.174 -0.5824994
313.90018 -0.5859412
305.30307 -0.5849747
299.76157 -0.5812177
291.166 -0.58006483
286.1762 -0.57895726
279.8031 -0.57676864
272.8893 -0.5714018
267.3642 -0.56690854
261.8447 -0.56222576
255.48306 -0.55941176
249.97325 -0.55434114
243.6177 -0.55118424
238.63943 -0.54925275
230.39821 -0.5406363
224.91412 -0.5345415
216.34464 -0.5311377
211.88289 -0.5325611
206.05212 -0.53233874
200.08086 -0.52095354
194.25104 -0.5203693
189.2899 -0.517125
184.33084 -0.51370615
179.37407 -0.5100983
173.06071 -0.5040341
164.51944 -0.4979711
160.05002 -0.49892998
155.58073 -0.49994394
147.52005 -0.49889457
141.29886 -0.50678223
135.08728 -0.5153959
129.25824 -0.51426715
124.79203 -0.51608044
119.83425 -0.51077825
115.36727 -0.51260453
105.56632 -0.5213968
100.23737 -0.5289411
93.72737 -0.5574211
85.36804 -0.57717365
80.926285 -0.5834339
75.10114 -0.58677256
70.665 -0.5945451
66.233696 -0.60335827
61.80827 -0.6134344
55.99447 -0.62103105
51.582367 -0.6346202
47.181572 -0.6507478
39.38038 -0.64202595
34.380383 -0.6418114
27.40077 -0.60487604
27.40077 -0.60487604
